1,200,1,4.7498,296,0.040445,0,0.97671,0,0,0,0,0,0,1.4449,0.18667,0,0,0,0,0
1,200,1,4.7498,296,0,0,0,0,0,0,0,0,0,0,0.18667,0,0,0,0,0
1,200,1,4.7498,296,0,0,0,0,0,0,0,0,0,0,1.3329,0,0,0,0,0
1,200,1,4.7498,296,0,0,0,0,0.72858,0,0,0,0,1.0167,0.18667,0,0,0,0,0.21374
1,200,1,4.7498,296,0,0,0,0,0,0.002111,0,0,0,1.5859,0.18667,0,0,0,0,0
1,200,1,4.7498,296,0.003485,0,0,0,0,0,0,0,0,1.0167,0.22358,0,0,0,0,0
1,200,1,4.7498,296,0,0,0,0,0,0,0,0,0,1.0834,0.18667,0,0,0,0,0.26124
1,200,1,4.7498,296,0.68758,0,0,0,0,0,0.075512,0,0,0,0.18667,0,0,0,0,0
1,200,1,4.7498,296,0,0,0,0.30688,0,0,0,0,0,1.2479,2.7225,0,0,0,0,0
1,200,1,4.7498,296,0.22928,0,0,0,0,0,0,0,0,4.212,0.18667,0,0,0,0,0
1,200,1,4.7498,296,0.0062152,0,0,6.3e-05,0,0,0,0,0,1.5859,0.18667,0,0,0,0,0
1,200,1,4.7498,296,0,0,0,0,3.6136,0.0032185,0,0,0,0,0.18667,0,0,0,0,0
1,200,1,4.7498,296,0,0,0,0,0.0055799,0,0,0,0,1.0834,0.18667,0,0,0,0,0
1,200,1,4.7498,296,0,0,0,1.7193,0,0,0,0,0,0,2.5353,0,0,0,0,0
1,200,1,4.7498,296,0,0,0,0,0,0,0,0.00682,0,1.0408,0.18667,0,0,0,0,0
1,200,1,4.7498,296,0,0,0,0,0,0,0,0,0,0.44682,1.6999,0,0,0,0,0
1,200,1,4.7498,296,0,0,0,0.000966,0,0,0,0,0,0.18086,0.18667,0,0,0,0,0
1,200,1,4.7498,296,0,0,0,0,0,0,0,0,0,0.72035,0.18667,0,0,0,0,0
1,200,1,4.7498,296,0,0,0,2.1617,0,0,0,0,0,1.057,0.35238,0,0,0,0,0
1,200,1,4.7498,296,0.00036,0,0,0,0,0.00078163,0.76622,0,0,0,1.4513,0,0,0,0,0
1,200,1,4.7498,296,0,0,0,0,0,0,0,0,0,0,0.18667,0,0,0,0,0
1,200,1,4.7498,296,0,0,0,0.89958,0,0,0,0,0,0.55196,0.33927,0,0,0,0,0
2,201,1,4.8277,300.86,0,0,0,0,0,0,0,0,0,0,0.18667,0,0,0,0,0
2,201,1,4.8277,300.86,0,0,0,0,3.5297,0.99999,0,0,0,0.056957,0.18667,0,0,0,0,0
2,201,1,4.8277,300.86,0,0,0,0,0,0,0,0,0,0,3.3067,0,0,0,0,0
2,201,1,4.8277,300.86,0,0,0,0,0,0.039567,0,0,0,0,0.18667,0,0,0,0,0
2,201,1,4.8277,300.86,0,0,0,0.0079985,0,0,0,0,0,0,0.18667,0,0,0,0,0
2,201,1,4.8277,300.86,0,0,0,0,0,0,0,0,0,0,4.481,0,0,0,0,0
2,201,1,4.8277,300.86,0,0,0,0.092259,0,0,0,0,0,0,0.18667,0,0,0,0,0
2,201,1,4.8277,300.86,0,0,0,0.001214,0,2.0956,0,0,0,1.0167,0.18667,0,0,0,0,0
2,201,1,4.8277,300.86,0.052186,0,0,1.1939,0,0,0,0,0,0,0.18667,0,0,0,0,0
2,201,1,4.8277,300.86,0,0,0,0.71957,0,0.99999,0,0,0,1.5859,0.55577,0,0,0,0,0
3,202,1.27,4.8468,302.05,0.008333,0,0,0,0,0,0,0,0,0,0.42559,0,0,0,0,0
3,202,1.27,4.8468,302.05,0.028574,0,0,0.4312,0.38636,0,0,0,0,0,0.76655,0,0,0,0,0.12117
3,202,1.27,4.8468,302.05,0,0,0,0,0,0.005223,0,0,0,0.44575,1.2592,0,0,0,0,0.16964
3,202,1.27,4.8468,302.05,1.2164,0,0,0.001463,0,0,0,0,0,0.056957,0.86716,0,0,0,0,0.2181
3,202,1.27,4.8468,302.05,0.016613,0,0,0.002407,0,0,0.010505,0,0,0.18355,0.34266,0,0,0,0,0
3,202,1.27,4.8468,302.05,0,0,0,0,0,0,0,0,0,0.056957,0.35688,0,0,0,0,0
3,202,1.27,4.8468,302.05,0.861,0,0,0.008332,0,0,0,0,0,0.21027,0.18667,0,0,0,0,0.12117
3,202,1.27,4.8468,302.05,0,0,0,0,0.19732,0,0.16424,0,0,0,0.18667,0,0,0,0,0.012117
3,202,1.27,4.8468,302.05,0,0,3.5394,0,0,0,0,0,0,0.4212,0.18667,0,0,0,0,0.55738
3,202,1.27,4.8468,302.05,0,0,0,0,0.002508,0,0,0,0,0.39237,0.92485,0,0,0,0,0.12117
3,202,1.27,4.8468,302.05,0.002784,0,0,0,0,0,0,0,0,0,1.2884,0,0,0,0,0.60584
3,202,1.27,4.8468,302.05,0.002998,0,0,0.050847,0,0,0,0,0,1.7864,0.18667,0,0,0,0,0.072701
3,202,1.27,4.8468,302.05,0,0,0,0.8442,0,0,0.16424,0,0,0,0.93382,0,0,0,0,0.70278
3,202,1.27,4.8468,302.05,0.008333,0,0,1.6397,0.016666,0,0,0,0,1.0076,0.18667,0,0,0,0,0.12117
3,202,1.27,4.8468,302.05,0,0,0,0,0,0,0.010505,0,0,0.76777,0.18667,0,0,0,0,0.16964
3,202,1.27,4.8468,302.05,0.69229,0,0,0,0.003932,0,0.16424,0,0,0,2.7334,0,0,0,0,0.36351
3,202,1.27,4.8468,302.05,2.2086,0,0,0,0,0,0,0,0,0.18355,0.18667,0,0,0,0,0.16964
3,202,1.27,4.8468,302.05,1.0188,0,0,0,0,0,0,0,0,0,0.18667,0,0,0,0,0.16964
3,202,1.27,4.8468,302.05,0.003416,0,0,0,0,0.013405,0,0,0,1.1034,0.18667,0,0,0,0,0.32716
3,202,1.27,4.8468,302.05,0,0,0,0,0,0,0,0,0,1.0167,0.18667,0,0,0,0,0
3,202,1.27,4.8468,302.05,0,0,0,0.008332,0,0,0.16424,0,0,1.1822,0.34069,0,0,0,0,0.32716
3,202,1.27,4.8468,302.05,0.008333,0,0,0.003355,0,0,0,0,0,0.056957,0.18667,0,0,0,0,0.16964
3,202,1.27,4.8468,302.05,0.00644,0,0,0,2.4469,0,0.16424,0,0,0.68445,0.34503,0,0,0,0,0.16964
3,202,1.27,4.8468,302.05,0.008335,0,0,0,0,0,0,0,0,0.55196,0.18667,0,0,0,0,0.26657
3,202,1.27,4.8468,302.05,0.0094073,0,0,0,0,0,0,0,0,0.44575,0.18667,0,0,0,0,0.072701
3,202,1.27,4.8468,302.05,0.008333,0,0,0,0,0,0,0,0,4.212,0.18667,0,0,0,0,0.32716
3,202,1.27,4.8468,302.05,0,0,0,0.36085,0,0,0,0,0,0,0.18667,0,0,0,0,0.2181
3,202,1.27,4.8468,302.05,0,0,0,0,0,0,0.075512,0,0,1.0139,0.18667,0,0,0,0,0.36351
3,202,1.27,4.8468,302.05,0.008333,0,0,0.008333,0,0,0.84533,0,0,0.27721,0.18667,0,0,0,0,0.75125
3,202,1.27,4.8468,302.05,0.001009,0,0,0,0,0.007836,0,0,0,0,0.54798,0,0,0,0,0.12117
3,202,1.27,4.8468,302.05,0.008335,0,0,0.008333,0,0,0,0,0,0,0.18667,0,0,0,0,0.2181
3,202,1.27,4.8468,302.05,0.125,0,0,0,0,0,0.16424,0,0,0.39237,3.3369,0,0,0,0,0.012117
3,202,1.27,4.8468,302.05,0,0,0,0.0006155,0,0,0,0,0,2.6253,0.18667,0,0,0,0,0.12117
3,202,1.27,4.8468,302.05,0.056642,0,0,0.010579,0,0,0,0,0,1.5859,0.18667,0,0,0,0,1.0421
3,202,1.27,4.8468,302.05,0.0068531,0,0,0.014635,0.23879,0,0,0,0,0.68445,0.86628,0,0,0,0,0.2181
3,202,1.27,4.8468,302.05,0.013822,0,0,0.021555,0,0,0,0,0,0.27721,0.18667,0,0,0,0,0.12117
3,202,1.27,4.8468,302.05,0.225,0,0,1.1897,1.1033,0,0,0,0,1.2479,0.18667,0,0,0,0,0.12117
3,202,1.27,4.8468,302.05,0.01247,0,0,0.008339,0.56938,0,0,0,0,0.44682,0.70126,0,0,0,0,0.79971
3,202,1.27,4.8468,302.05,0.29942,0,0,0.27136,0,0,0.85532,0,0,1.1822,2.0457,0,0,0,0,0.12117
3,202,1.27,4.8468,302.05,0,0,0,0,0,0,0,0,0,0.4212,0.18667,0,0,0,0,0.26657
3,202,1.27,4.8468,302.05,0.008333,0,0,0,0,0,0,0,0,0.68445,3.1118,0,0,0,0,0.12117
3,202,1.27,4.8468,302.05,0,0,0,0,0,0,0,0,0,1.0139,0.18667,0,0,0,0,0.55738
3,202,1.27,4.8468,302.05,0.24326,0,0,2.3977,0,0,0,0,0,0,0.83155,0,0,0,0,0.79971
3,202,1.27,4.8468,302.05,0,0,0,0.014399,0,0,0,0,0,0.76777,2.6226,0,0,0,0,0.12117
3,202,1.27,4.8468,302.05,0.85786,0,0,0.64533,0.34359,0,0,0,0,1.1034,0.35737,0,0,0,0,0.32716
3,202,1.27,4.8468,302.05,0.01121,0,0,0.008333,0.00052,0,0,0,0,1.5079,0.41588,0,0,0,0,0.072701
3,202,1.27,4.8468,302.05,0,0,0,0,0,0,0,0,0,0,0.18667,0,0,0,0,0.012117
3,202,1.27,4.8468,302.05,0,0,0,0.040109,0,0,0,0,0,0,0.18667,0,0,0,0,0.072701
3,202,1.27,4.8468,302.05,0,0,0,2.6071,0,0,0,0,0,0,0.34385,0,0,0,0,0.12117
3,202,1.27,4.8468,302.05,0.70008,0,0,0,0,0,0.94509,0,0,1.7864,0.18667,0,0,0,0,0.012117
3,202,1.27,4.8468,302.05,0.00062,0,0,0.008333,0,0,0,0,0,0.73557,1.4391,0,0,0,0,0
3,202,1.27,4.8468,302.05,0.008333,0,0,0,0,0,0,0,0,0,0.18667,0,0,0,0,0.26657
3,202,1.27,4.8468,302.05,0.00833,0,0,0,0,0,0.16424,0,0,1.057,0.18667,0,0,0,0,0
3,202,1.27,4.8468,302.05,0,0,0,0,0.081134,0.045969,0,0,0,0,0.59267,0,0,0,0,0.012117
3,202,1.27,4.8468,302.05,0.011899,0,0,0.34308,0,0.015838,0.84533,0,0,0,0.18667,0,0,0,0,0.012117
3,202,1.27,4.8468,302.05,0,0,0,1.2742,0,0,0.13695,0,0,1.4449,0.45538,0,0,0,0,0.072701
3,202,1.27,4.8468,302.05,0,0.005239,0,0,0,0,0,0,0,0,1.0356,0,0,0,0,0.072701
3,202,1.27,4.8468,302.05,0,0,0,1.168,0.034341,0,0,0,0,0,0.18667,0,0,0,0,0.2181
3,202,1.27,4.8468,302.05,6.3e-05,0,0,0.84115,0,0,0,0,0,0.18086,0.18667,0,0,0,0,0.36351
3,202,1.27,4.8468,302.05,0,0,0,0.004143,0,0,0,0,0,0,0.34397,0,0,0,0,0.36351
3,202,1.27,4.8468,302.05,0,0,0,0,0,0,0.84533,0,0,1.2479,0.95751,0,0,0,0,0.12117
3,202,1.27,4.8468,302.05,0,0,0,0.064615,0,0,0,0,0,0.8932,0.86986,0,0,0,0,0.2181
3,202,1.27,4.8468,302.05,0.00829,0,0,0,0,0.00021684,0.16424,0,0,0,0.18667,0,0,0,0,0.012117
3,202,1.27,4.8468,302.05,0,0,0,0,0,0,0,0,0,0,0.18667,0,0,0,0,0.12117
3,202,1.27,4.8468,302.05,0.88377,0,0,0.007148,0,0,0,0,0,1.2479,0.33589,0,0,0,0,0.012117
3,202,1.27,4.8468,302.05,0.000716,0,0,0,0,0,0.16424,0,0,0,0.33634,0,0,0,0,0.12117
3,202,1.27,4.8468,302.05,0,0,0,0,0,0,0,0,0,1.164,1.9365,0,0,0,0,0
3,202,1.27,4.8468,302.05,1.0188,0,0,0,0,0,0,0,0,0,1.6724,0,0,0,0,0.36351
3,202,1.27,4.8468,302.05,0,0,0,0.11967,0,0,0,0,0,0,0.18667,0,0,0,0,0
3,202,1.27,4.8468,302.05,0,0,0,0.82492,0,0,0,0,0,1.0245,0.18667,0,0,0,0,0.072701
3,202,1.27,4.8468,302.05,0,0,0,0,0,0,0,0,0,0.21027,1.8754,0,0,0,0,0.012117
3,202,1.27,4.8468,302.05,0,0,0,0.008333,0,0,0,0,0,1.057,0.22358,0,0,0,0,0.16964
3,202,1.27,4.8468,302.05,0.37067,0,0,0.8489,0,0,0,0,0,0.73557,0.34267,0,0,0,0,0.26657
3,202,1.27,4.8468,302.05,0,0,0,0,0.003346,0,0,0,0,1.0245,0.35372,0,0,0,0,0.12117
3,202,1.27,4.8468,302.05,0,0,0,0,0,0,0,0,0,0.8932,1.2592,0,0,0,0,0.12117
3,202,1.27,4.8468,302.05,0.042211,0,0,0,0,0.008139,0,0,0,0.14685,0.18667,0,0,0,0,0.012117
3,202,1.27,4.8468,302.05,0,0,0,0.005239,0,0,0.16424,0,0,0.8932,0.34398,0,0,0,0,0.072701
3,202,1.27,4.8468,302.05,0,0,0.0082615,0.069155,0,0,0,0,0,0.18355,1.263,0,0,0,0,0.70278
3,202,1.27,4.8468,302.05,0.48772,0,0,0,0,0,0,0,0,0,0.45538,0,0,0,0,0.12117
3,202,1.27,4.8468,302.05,0.8592,0,0,1.7153,0.0033505,0,0.16424,0,0,1.261,0.18667,0,0,0,0,0.16964
3,202,1.27,4.8468,302.05,0,0,0,1.5034,0,0,0,0,0,0,0.22358,0,0,0,0,0.12117
3,202,1.27,4.8468,302.05,0,0,0,0.36085,0,0,0.13695,0,0,1.0834,0.18667,0,0,0,0,0.12117
3,202,1.27,4.8468,302.05,0.92649,0,0,0.00328,0,0,0,0,0,1.057,0.18667,0,0,0,0,0.12117
3,202,1.27,4.8468,302.05,0,0,0,0,0,0,0,0,0,0,0.18667,0,0,0,0,0.12117
3,202,1.27,4.8468,302.05,0,0,0,0.006456,0,0,0.85532,0,0,1.9819,0.18667,0,0,0,0,0.16964
3,202,1.27,4.8468,302.05,1.0057,0,0,0.040109,0,0,0.75485,0,0,1.261,0.33085,0,0,0,0,0.012117
3,202,1.27,4.8468,302.05,0.006701,0,0,0.37124,0,0,0,0,0,1.0076,0.18667,0,0,0,0,0.16964
3,202,1.27,4.8468,302.05,0,0,0,0,0.00021,0,0,0,0,1.5079,0.18667,0,0,0,0,0.012117
3,202,1.27,4.8468,302.05,0.000716,0,0.08657,0,0,0,0,0,0,0.4212,0.18667,0,0,0,0,0.12117
3,202,1.27,4.8468,302.05,0,0,0,0,0.002139,0,0,0,0,0.4212,0.18667,0,0,0,0,0.12117
3,202,1.27,4.8468,302.05,0,0,0,0,0,0,0,0,0,0.65812,0.3452,0,0,0,0,0.2181
3,202,1.27,4.8468,302.05,0.045025,0,0,0.83487,0.114,0,0.16424,0,0,1.0076,0.18667,0,0,0,0,0.70278
3,202,1.27,4.8468,302.05,0.0059417,0,0,0.01069,0,0,0,0,0,0,0.18667,0,0,0,0,0.26657
3,202,1.27,4.8468,302.05,0.87177,0,0.14028,0.92111,0,0,0,0,0,1.5859,0.18667,0,0,0,0,0.12117
3,202,1.27,4.8468,302.05,0.0076281,0,0,0,0.00524,0,0.16424,0,0,1.0167,0.18667,0,0,0,0,0.012117
3,202,1.27,4.8468,302.05,0,0,0,0,0,0,0,0,0,1.5859,0.18667,0,0,0,0,0.012117
3,202,1.27,4.8468,302.05,0,0,0,0.60858,0,0,0.16424,0,0,1.808,0.18667,0,0,0,0,0.072701
3,202,1.27,4.8468,302.05,0.002868,0,0,0.0063069,0.002741,0,0.16424,0,0,1.261,0.18667,0,0,0,0,0.072701
3,202,1.27,4.8468,302.05,0.0021305,0,0,0,0.017462,0,0,0,0,0,0.18667,0,0,0,0,0.16964
3,202,1.27,4.8468,302.05,0,0,0,0.007148,0,0,0,0,0,0.76342,0.33634,0,0,0,0,0.16964
3,202,1.27,4.8468,302.05,0.008333,0,0,0.011932,0.55615,0,0,0,0,0,0.18667,0,0,0,0,0.26657
3,202,1.27,4.8468,302.05,0,0,0,1.5295,0,0,0,0,0,0.91947,1.7467,0,0,0,0,0.2181
3,202,1.27,4.8468,302.05,0,0,0,0,0,0,0.16424,0,0,0.056957,0.18667,0,0,0,0,0.16964
3,202,1.27,4.8468,302.05,0,0,0,0,0,0,0.16424,0,0,0.8932,0.18667,0,0,0,0,0.36351
3,202,1.27,4.8468,302.05,0.004345,0,0,0.00524,0,0,0.96795,0,0,1.0834,0.18667,0,0,0,0,0.16964
3,202,1.27,4.8468,302.05,0.87149,0,0,0.13889,0,0,0,0,0,0,0.18667,0,0,0,0,0.50891
3,202,1.27,4.8468,302.05,0,0,0,0.83487,0.023742,0,0.16424,0,0,0,0.71492,0,0,0,0,0
3,202,1.27,4.8468,302.05,0.31802,0,0,0,0,0,0,0,0,1.1822,0.18667,0,0,0,0,0.12117
3,202,1.27,4.8468,302.05,0,0,0,0.55865,0,0,0,0,0,1.0245,0.18667,0,0,0,0,0.26657
3,202,1.27,4.8468,302.05,0,0,0,0,0,0,0,0,0,0,0.18667,0,0,0,0,0.16964
3,202,1.27,4.8468,302.05,0,0,0,0.0078464,0,0,0,0,0,0.76342,0.22358,0,0,0,0,0.072701
3,202,1.27,4.8468,302.05,0,0,0,0,0,0,0,0,0,1.057,0.18667,0,0,0,0,0.012117
3,202,1.27,4.8468,302.05,0,0,0,0,0.00524,0,0,0,0,0,0.18667,0,0,0,0,0.072701
3,202,1.27,4.8468,302.05,0.028574,0,0,2.4356,0,0,0.13695,0,0,1.0167,0.35688,0,0,0,0,0
3,202,1.27,4.8468,302.05,0.008333,0,0,0,0,0,0,0,0,0,0.18667,0,0,0,0,0.50891
3,202,1.27,4.8468,302.05,0.021622,0,0,0,0,0,0.075512,0,0,0,2.9179,0,0,0,0,0.12117
3,202,1.27,4.8468,302.05,0.86102,0,0,0,0,0,0,0,0,0.65812,0.18667,0,0,0,0,0.41197
3,202,1.27,4.8468,302.05,0.88011,0,0,0.68386,0,0,0,0,0,0.27721,0.18667,0,0,0,0,0.012117
3,202,1.27,4.8468,302.05,0,0,0,0.84085,0,0,0,0,0,0,0.18667,0,0,0,0,0.12117
3,202,1.27,4.8468,302.05,0.28257,0,0,0.012768,0,0,0,0,0,3.8737,0.18667,0,0,0,0,0.072701
3,202,1.27,4.8468,302.05,0.84954,0,0,0,0,0,0,0,0,0,0.18667,0,0,0,0,0.12117
3,202,1.27,4.8468,302.05,2.1168,0,0,0,0,0,0,0,0,0,1.4444,0,0,0,0,0.012117
3,202,1.27,4.8468,302.05,4.3405,0,0,0,0,0,0.16424,0,0,0,0.18667,0,0,0,0,0.072701
3,202,1.27,4.8468,302.05,0,0,0,0.003295,0,0,0,0,0,0.65812,1.9936,0,0,0,0,0.072701
3,202,1.27,4.8468,302.05,0,0,0,0,0,0,0,0,0,0,0.55577,0,0,0,0,0.2181
3,202,1.27,4.8468,302.05,0,0,0,0,0,0,0.0029097,0,0,1.808,2.8072,0,0,0,0,0.16964
3,202,1.27,4.8468,302.05,0.13111,0,0,0.020303,0,0,0,0,0,0,3.2576,0,0,0,0,0.072701
3,202,1.27,4.8468,302.05,0,0,0,0,0,0,0,0,0,0.4212,0.18667,0,0,0,0,0.072701
3,202,1.27,4.8468,302.05,0.008336,0,0,0.85691,0,0,0,0,0,0,0.18667,0,0,0,0,0.072701
3,202,1.27,4.8468,302.05,0,0,0.51213,0,0.000124,0,0,0,0,0.14685,2.022,0,0,0,0,0.46044
3,202,1.27,4.8468,302.05,0.006456,0,0,0,0,0,0.84533,0,0,0,0.18667,0,0,0,0,0.50891
3,202,1.27,4.8468,302.05,0,0,0,0.008333,0,0,0.16424,0,0,0,0.18667,0,0,0,0,0.75125
3,202,1.27,4.8468,302.05,0.013822,0,0,0.78271,0.0060244,0,0.16424,0,0,0,0.18667,0,0,0,0,0.012117
3,202,1.27,4.8468,302.05,1.0814,0,2.7497,0.38446,0,0,0,0,0,0,0.18667,0,0,0,0,0.36351
3,202,1.27,4.8468,302.05,0.004345,0,0,0,0,0,0.85532,0,0,0,1.9329,0,0,0,0,0.012117
3,202,1.27,4.8468,302.05,0,0,0,0.018097,0,0,0,0,0,0,0.43851,0,0,0,0,0.12117
3,202,1.27,4.8468,302.05,0.00043,0,0,1.5295,0,0,0,0,0,1.808,0.18667,0,0,0,0,0.65431
3,202,1.27,4.8468,302.05,0,0,0,1.0975,0,0,0,0,0,1.2479,0.18667,0,0,0,0,0.2181
3,202,1.27,4.8468,302.05,0.008335,0,0,0.82372,1.4533,0,0.16424,0,0,1.0076,0.18667,0,0,0,0,0.12117
3,202,1.27,4.8468,302.05,0,0,0,0,0.65051,0,0.84533,0,0,0.76342,0.87059,0,0,0,0,0
3,202,1.27,4.8468,302.05,0,0,0,0,0.002508,0,0,0,0,0.21027,0.18667,0,0,0,0,0.12117
3,202,1.27,4.8468,302.05,0.0097027,0,0,0,0.097042,0,0,0,0,1.2479,0.18667,0,0,0,0,0.12117
3,202,1.27,4.8468,302.05,0,0,0,0,0,0,0,0,0,1.4449,0.18667,0,0,0,0,0.55738
3,202,1.27,4.8468,302.05,0.88303,0,0,0.00524,0,0.010721,0,0,0,0,2.7334,0,0,0,0,0.12117
3,202,1.27,4.8468,302.05,0.001397,0,0,0.0062156,0,0,0,0,0,1.5859,0.18667,0,0,0,0,0.2181
3,202,1.27,4.8468,302.05,0.003468,0,0,0,0,0,0,0,0,1.7864,1.1382,0,0,0,0,0.2181
3,202,1.27,4.8468,302.05,0,0,0,0.008799,0,0,0,0,0,0.63421,3.65,0,0,0,0,0.16964
3,202,1.27,4.8468,302.05,0.013505,0,0,0.00524,0.8017,0.009319,0,0,0,0.76342,0.18667,0,0,0,0,0.32716
3,202,1.27,4.8468,302.05,0.001397,0,0,0,0,0,0,0,0,0,0.18667,0,0,0,0,0
3,202,1.27,4.8468,302.05,0.018858,0,0,0,0,1.802,0,0,0,0.73557,0.33626,0,0,0,0,0.072701
3,202,1.27,4.8468,302.05,0.083378,0,0,0,0,0,0,0,0,1.261,0.18667,0,0,0,0,0
3,202,1.27,4.8468,302.05,0,0,0,0.16546,0,0,0,0,0,0,0.18667,0,0,0,0,0.072701
3,202,1.27,4.8468,302.05,0,0,0,0.017518,0,0,0,0,0,0,0.18667,0,0,0,0,0.012117
3,202,1.27,4.8468,302.05,0.008333,0,3.5652,0,0,0,0.075512,0,0,0.39237,0.18667,0,0,0,0,0.12117
3,202,1.27,4.8468,302.05,0,0,0,0.007102,0,3.8831,0,0,0,0.18086,0.3452,0,0,0,0,0.072701
3,202,1.27,4.8468,302.05,0,0,0,0.047866,0,0,0,0,0,0,0.33632,0,0,0,0,0
3,202,1.27,4.8468,302.05,0,0,0,0,2.6651,0,0,0,0,0.91947,0.18667,0,0,0,0,0.12117
3,202,1.27,4.8468,302.05,0.02681,0,0,0.013878,0,0,0,0,0,0,0.18667,0,0,0,0,0.16964
3,202,1.27,4.8468,302.05,0,0,0.019623,0.007102,0,0,0,0,0,0,0.18667,0,0,0,0,0.26657
3,202,1.27,4.8468,302.05,0.00524,0,0,1.9718,0.000368,0,0,0,0,0.27721,0.18667,0,0,0,0,0
3,202,1.27,4.8468,302.05,0.010122,0,0,0.36085,0,0,0.94509,0,0,0,0.18667,0,0,0,0,0.12117
3,202,1.27,4.8468,302.05,0.010521,0,0,0.50612,0,0,0.02739,0,0,1.0139,1.2286,0,0,0,0,0.36351
3,202,1.27,4.8468,302.05,0.024172,0,0,0,0,0,0.16424,0,0,1.0139,0.34385,0,0,0,0,0.36351
3,202,1.27,4.8468,302.05,0,0,0,0,0.002508,0,0,0,0,0,0.18667,0,0,0,0,0.16964
3,202,1.27,4.8468,302.05,0,0,0,0,0,0,0,0,0,1.164,0.18667,0,0,0,0,0.012117
3,202,1.27,4.8468,302.05,0.021011,0,0,0.0095455,0,0,0,3.433,0,0,0.34071,0,0,0,0,0.072701
3,202,1.27,4.8468,302.05,0.025246,0,0,0,0,0,0,0,0,1.808,0.18667,0,0,0,0,0
3,202,1.27,4.8468,302.05,0.003822,0,0,0,0,0,0,0,0,0.27721,0.18667,0,0,0,0,0.12117
3,202,1.27,4.8468,302.05,0.38402,0,0,0,0,0,0,0,0,0.72035,0.18667,0,0,0,0,0.12117
3,202,1.27,4.8468,302.05,0.008333,0,0,0,1.6047,0.63366,0,0,0,0,0.18667,0,0,0,0,0.012117
3,202,1.27,4.8468,302.05,1.0814,0,0,0,0.04048,0,0,0,0,0.14685,1.8398,0,0,0,0,0.012117
3,202,1.27,4.8468,302.05,0,0,0,0,0,0,0,0,0,1.5851,0.18667,0,0,0,0,0
3,202,1.27,4.8468,302.05,0.00524,0,0,0,0,0,0,0,0,0,0.18667,0,0,0,0,0.12117
3,202,1.27,4.8468,302.05,0.007148,0,0,0.15245,0,0,0,0,0,0,0.22358,0,0,0,0,0.32716
3,202,1.27,4.8468,302.05,0,0,0,0,0,0,0,0,0,0,0.18667,0,0,0,0,0.12117
3,202,1.27,4.8468,302.05,0.002011,0,0,0,0,0,0.16424,0,0,0,0.18667,0,0,0,0,0.072701
3,202,1.27,4.8468,302.05,0.0076281,0,0,0.00524,0,0,0,0,0,1.5079,2.0457,0,0,0,0,0.2181
3,202,1.27,4.8468,302.05,0,0,0,0,0,0,0,0,0,0.18355,0.33356,0,0,0,0,0.26657
3,202,1.27,4.8468,302.05,8.1e-05,0,0,0.007148,0,0,0,0,1.6635,0,0.63213,0,0,0,0,0.12117
3,202,1.27,4.8468,302.05,0.008321,0,0,0.000376,0,0,0,0,0,0,1.8398,0,0,0,0,0.16964
3,202,1.27,4.8468,302.05,0.00524,0,0.022297,0.90575,0.013156,0.44941,0,0,0,0.76777,0.344,0,0,0,0,0.41197
3,202,1.27,4.8468,302.05,0,0,0,0.85311,0.00014,0,0,0,0,1.261,0.18667,0,0,0,0,0.12117
3,202,1.27,4.8468,302.05,0,0,0,0.008332,0,0.23683,0.16424,0,0,1.5859,0.18667,0,0,0,0,0.12117
3,202,1.27,4.8468,302.05,0.008333,0,0,0.001326,0,0,0.94509,0,0,0,0.38211,0,0,0,0,0.12117
3,202,1.27,4.8468,302.05,0.037954,0,0,0.007102,0,0,0,0,0,0.27721,2.7468,0,0,0,0,0.36351
3,202,1.27,4.8468,302.05,0.008333,0,0,0.008333,0,0,0.0029097,0,0,1.0139,0.18667,0,0,0,0,0.16964
3,202,1.27,4.8468,302.05,0.000765,0,0,0,1.9688,0,0,0,0,1.0834,0.18667,0,0,0,0,0.41197
3,202,1.27,4.8468,302.05,0,0,0,0.008333,0.64118,0,0,0,0,0,1.5754,0,0,0,0,0.012117
3,202,1.27,4.8468,302.05,0.021622,0,0,0.10066,0,0,0,0,0,0.91947,0.18667,0,0,0,0,0.26657
3,202,1.27,4.8468,302.05,0,0,0,0,0.005245,0,0,0,0,0.65812,0.85328,0,0,0,0,0.12117
3,202,1.27,4.8468,302.05,0,0,0,1.2332,2.4868,0,0,0,0,0,0.18667,0,0,0,0,0.072701
3,202,1.27,4.8468,302.05,0,0,0,0.003538,0,0,0,0,0,1.0834,0.59267,0,0,0,0,0.55738
3,202,1.27,4.8468,302.05,0.036631,0,0,0.008333,0,0,0.16424,0,0,0.72035,0.18667,0,0,0,0,0
3,202,1.27,4.8468,302.05,0,0,0,0,0,0,0,0,0,0.73557,0.18667,0,0,0,0,0.2181
3,202,1.27,4.8468,302.05,0,0,0,2.0869,0,0,0.16424,0,0,0,0.18667,0,0,0,0,0.072701
3,202,1.27,4.8468,302.05,0.63873,0,0,0,0,0,0.16424,0,0,1.1034,0.18667,0,0,0,0,0.50891
3,202,1.27,4.8468,302.05,0.01412,0,0,0.43821,0,0,0,0,0,0.18355,0.22358,0,0,0,0,0.79971
3,202,1.27,4.8468,302.05,0,0,0,0.13889,0.005395,0.0019932,0,0,0,0,1.8107,0,0,0,0,0.12117
3,202,1.27,4.8468,302.05,0.008333,0,0,0,0.005256,0.021012,0,0,0,4.212,0.18667,0,0,0,0,0.16964
3,202,1.27,4.8468,302.05,0.1708,0,0,0.017933,0,0,0,0,0,0,0.18667,0,0,0,0,0.072701
3,202,1.27,4.8468,302.05,0.6141,0,0,0.0094835,0,0,0,0,0,1.0834,0.86738,0,0,0,0,1.0421
3,202,1.27,4.8468,302.05,0.1349,0,0,0.10587,0.0080535,0,0.16424,0,0,1.057,0.18667,0,0,0,0,0.2181
3,202,1.27,4.8468,302.05,0,0,0,0,0,0,0.16424,0,0,1.0167,0.18667,0,0,0,0,0.89665
3,202,1.27,4.8468,302.05,3.7936,0,0,0,0,0,0,0,0,0,0.3516,0,0,0,0,0.072701
3,202,1.27,4.8468,302.05,0.25425,0,0,0.85691,0,0.011956,0,0,0,1.0167,0.33632,0,0,0,0,0.16964
3,202,1.27,4.8468,302.05,0.0262,0,0,0,0,0,0,0,0,0.44682,2.8072,0,0,0,0,0.2181
3,202,1.27,4.8468,302.05,0.003821,0,0,0.4312,0,0,0.76622,0,0,1.808,0.18667,0,0,0,0,0.16964
3,202,1.27,4.8468,302.05,0.13527,0,0,0.024954,0,1.0371,0,0,0,0,0.18667,0,0,0,0,0.12117
3,202,1.27,4.8468,302.05,0,0,0,0,0,0,0,0,0,0.63421,1.7467,0,0,0,0,0.16964
3,202,1.27,4.8468,302.05,0,0,0,0.0067817,0,0,0.16424,0,0,0,0.18667,0,0,0,0,0.12117
3,202,1.27,4.8468,302.05,0.008333,0,0,0.00328,0,0,0,0,0,0,0.18667,0,0,0,0,0.75125
3,202,1.27,4.8468,302.05,0,0,0,0,0,0,0,0,0,0,0.18667,0,0,0,0,0.16964
3,202,1.27,4.8468,302.05,0.026388,0,0,0.008333,0,0,0,0,0,0,0.18667,0,0,0,0,0.16964
3,202,1.27,4.8468,302.05,0,0,0,0.007221,0,0.031743,0,0,0,1.2479,0.18667,0,0,0,0,0.012117
3,202,1.27,4.8468,302.05,0.007148,0,0,0.018455,0,0,0.16424,0,0,0,0.35508,0,0,0,0,0.12117
3,202,1.27,4.8468,302.05,0,0,0,0,0,0,0,0,0,0.55196,0.18667,0,0,0,0,0.072701
3,202,1.27,4.8468,302.05,0,0,0.018389,0.013294,0.001397,0,0,0,0,0,2.9685,0,0,0,0,0.072701
3,202,1.27,4.8468,302.05,0,0,0,0,0.40512,0,0.94509,0,0,1.2479,0.18667,0,0,0,0,0.072701
3,202,1.27,4.8468,302.05,0,0,0,0,0,0.0066048,0.16424,1.118,0,0.27721,0.34789,0,0,0,0,0.16964
3,202,1.27,4.8468,302.05,0.93905,0,0,0.093998,0,0,0,0,0,0,0.18667,0,0,0,0,0.12117
3,202,1.27,4.8468,302.05,0.87747,0,0.046158,0,0,0,0,0,0,0.8932,0.33927,0,0,0,0,0.16964
3,202,1.27,4.8468,302.05,0.34858,0,0,0.003416,0,0,0,0,0,0,1.8754,0,0,0,0,0.12117
3,202,1.27,4.8468,302.05,1.3083,0,0,0.57501,0,0,0,0,0,1.0167,0.85328,0,0,0,0,0.012117
3,202,1.27,4.8468,302.05,0,0,0,0.018455,0,0,0,0,0,1.808,0.3343,0,0,0,0,0.12117
3,202,1.27,4.8468,302.05,0.008333,0,0,0.018201,0,0,0.76622,0,0,1.0834,0.90931,0,0,0,0,0.12117
3,202,1.27,4.8468,302.05,0,0,0,0,0,0,0,0,0,0,0.18667,0,0,0,0,0.12117
3,202,1.27,4.8468,302.05,0.008333,0,0,0.09096,0,0,0,0,0,0,0.18667,0,0,0,0,0
3,202,1.27,4.8468,302.05,0.88171,0,0,0.15245,0.40408,0,0,0,0,0.76342,0.33589,0,0,0,0,0.2181
3,202,1.27,4.8468,302.05,1.6651,0,0,0,0,0,0,0,0,0.14685,0.18667,0,0,0,0,0.2181
3,202,1.27,4.8468,302.05,1.2814,0,0,0,0.25582,0,0.16424,0,0,1.0167,0.18667,0,0,0,0,0.072701
3,202,1.27,4.8468,302.05,0.0012765,0,0,0.004143,0,0,0,0,0,1.5851,0.18667,0,0,0,0,0.072701
3,202,1.27,4.8468,302.05,0.003295,0,0,0,0,0,0.50998,0,0,0.55196,0.18667,0,0,0,0,0.012117
3,202,1.27,4.8468,302.05,0,0,0,0,0,0,0,0,0,3.8254,0.34266,0,0,0,0,0.012117
3,202,1.27,4.8468,302.05,0,0,0,0,0,0,0.76622,0,0,1.7327,0.18667,0,0,0,0,0.16964
3,202,1.27,4.8468,302.05,0,0,0,2.2788,0,0,0,0,0,0.14685,0.18667,0,0,0,0,0.50891
3,202,1.27,4.8468,302.05,0,0,0,0,0,0,0,0,0,1.5851,0.22358,0,0,0,0,0.12117
3,202,1.27,4.8468,302.05,0,0,0,0.01774,0,0,0.75485,0,0,0.18086,0.35321,0,0,0,0,0.012117
3,202,1.27,4.8468,302.05,0,0,0,0,0,0,0,0,0,1.261,1.1542,0,0,0,0,0.12117
3,202,1.27,4.8468,302.05,0.005769,0,0,0.15561,0,0,0,0,0,0.39237,0.37122,0,0,0,0,0.012117
3,202,1.27,4.8468,302.05,0,0,0,0.003355,0,0,0.16424,0,0,0.72035,0.18667,0,0,0,0,0.16964
3,202,1.27,4.8468,302.05,0.008333,0,0,0,0.52692,0,0,0,0,0.91947,0.18667,0,0,0,0,0.072701
3,202,1.27,4.8468,302.05,2.1168,0,0,0,0,0,0,0,0,0.39237,1.1542,0,0,0,0,0.36351
3,202,1.27,4.8468,302.05,0,0,0,0,0,0,0,0,0,1.9819,0.40813,0,0,0,0,0.26657
3,202,1.27,4.8468,302.05,0,0,0,0,0,0,0.16424,0,0,3.8254,0.34266,0,0,0,0,0.072701
3,202,1.27,4.8468,302.05,0.000156,0,0,0,0,0.86802,0,0,0,0,1.3308,0,0,0,0,0.072701
3,202,1.27,4.8468,302.05,0.008333,0,0,0,0,0.012487,0.94509,0,0,1.9819,0.18667,0,0,0,0,0.79971
3,202,1.27,4.8468,302.05,0,0,0,0,0,0.00078163,0,0,0,1.0245,0.18667,0,0,0,0,0.012117
3,202,1.27,4.8468,302.05,0,0,0,0.50235,0,0,0.50998,0,0,1.0076,0.52439,0,0,0,0,0.012117
3,202,1.27,4.8468,302.05,0.3515,0,0,0.00524,0,0,0.16424,0,0,0,0.18667,0,0,0,0,0.26657
3,202,1.27,4.8468,302.05,0.0059107,0,0,0,0,0,0,0,0,0,2.4226,0,0,0,0,0.012117
3,202,1.27,4.8468,302.05,0.8724,0,0,0.008333,0,0,0,0,0,0,1.8107,0,0,0,0,0.16964
3,202,1.27,4.8468,302.05,0.005239,0,0,0,0,0,0.16424,0,0,0.21027,0.18667,0,0,0,0,0.072701
3,202,1.27,4.8468,302.05,0.50695,0,0.000351,0.008488,0,0,0,0,0,0,0.34267,0,0,0,0,0.2181
3,202,1.27,4.8468,302.05,0.022494,0,0,0,0,0,0,0,0,1.057,0.18667,0,0,0,0,0.26657
3,202,1.27,4.8468,302.05,1.3481,0,0,0,0,0,0,0,0,0,0.33263,0,0,0,0,0.12117
3,202,1.27,4.8468,302.05,0,0,0,0.064615,0.00021,0,0.16424,0,0,1.0076,0.18667,0,0,0,0,0.012117
3,202,1.27,4.8468,302.05,0,0,0,0,0,0,0,0,0,0.14685,0.18667,0,0,0,0,0.012117
3,202,1.27,4.8468,302.05,1.9375,0,0,0.00328,0,0,0,0,0,0,0.18667,0,0,0,0,0.12117
3,202,1.27,4.8468,302.05,0.0067817,0,0,0.83603,0,0,0,0,0,0,0.33263,0,0,0,0,0.16964
3,202,1.27,4.8468,302.05,0.85744,0,0,0,0,0,0,0.78938,0,1.7327,0.18667,0,0,0,0,0.16964
3,202,1.27,4.8468,302.05,0.0012765,0,0,0,0.019245,0,0,0,0,0,4.4486,0,0,0,0,0.16964
3,202,1.27,4.8468,302.05,0.15054,0,0,0.8887,0,0,0,2.4675,0,0.27721,0.18667,0,0,0,0,0.12117
3,202,1.27,4.8468,302.05,0,0,0,0.000234,0,0,0,0,0,0,0.18667,0,0,0,0,0.12117
3,202,1.27,4.8468,302.05,0,0,0,0,0.005304,0,0,0,0,1.1034,0.18667,0,0,0,0,0.60584
3,202,1.27,4.8468,302.05,0.33988,0,0,0.008333,0,0,0,0,0,1.261,0.18667,0,0,0,0,0.16964
3,202,1.27,4.8468,302.05,0.0059107,0,0,0.82536,0,0,0.05145,0,0,0.63421,1.5754,0,0,0,0,0
3,202,1.27,4.8468,302.05,0,0,0,0.096272,0.003485,0,0,0,0,0,0.18667,0,0,0,0,0.79971
3,202,1.27,4.8468,302.05,0,0,0,0.008542,0,0,0,0,0,3.8254,0.34519,0,0,0,0,0.12117
3,202,1.27,4.8468,302.05,0,0,0,2.5495,0,0,0,0,0,1.057,0.18667,0,0,0,0,0.072701
3,202,1.27,4.8468,302.05,0.0071663,0,0,0,0,0,0,0,0,1.4449,0.18667,0,0,0,0,0.41197
3,202,1.27,4.8468,302.05,0.15547,0,0,0.217,0,0,0,0,0,0.27721,0.18667,0,0,0,0,0
3,202,1.27,4.8468,302.05,0.17797,0,0,0,0,0,0,0,0,1.1822,1.4588,0,0,0,0,0.072701
3,202,1.27,4.8468,302.05,0.029564,0,0,1.3778,0.60124,0,0,0,0,0.76342,0.34266,0,0,0,0,0.012117
3,202,1.27,4.8468,302.05,0.010107,0,0,0.082237,0,0.045969,0,0.80859,0,0.91947,1.6408,0,0,0,0,0.012117
3,202,1.27,4.8468,302.05,0.86917,0,0,0,0,0,0,0,0,1.0076,2.0457,0,0,0,0,0.36351
3,202,1.27,4.8468,302.05,0,0,0,0.00524,0,0,0,0,0,0,0.86986,0,0,0,0,0.12117
3,202,1.27,4.8468,302.05,0,0,0,0.019294,0,0,0,0,0,1.1034,0.18667,0,0,0,0,0.26657
3,202,1.27,4.8468,302.05,1.2554,0,0,0,0,0,0,0,0,0.4212,0.87059,0,0,0,0,0.072701
3,202,1.27,4.8468,302.05,0.037655,0,0,0.007102,0.00062,0,0,0,0,1.0245,0.18667,0,0,0,0,0.072701
3,202,1.27,4.8468,302.05,0,0,0,0,0,0,0.75485,0,0,0.73557,0.95751,0,0,0,0,0.012117
3,202,1.27,4.8468,302.05,0,0,0,0.008333,0,0,0,0,0,0.72035,0.18667,0,0,0,0,0
3,202,1.27,4.8468,302.05,0,0,0,0,0.001326,0,0,0,0,1.808,0.18667,0,0,0,0,0.26657
3,202,1.27,4.8468,302.05,0,0,0,0,0,0,0,0,0,0.18086,0.18667,0,0,0,0,0.072701
3,202,1.27,4.8468,302.05,0.0083909,0,0,0.83603,0,0,0,0,0,0,3.3369,0,0,0,0,0.072701
3,202,1.27,4.8468,302.05,0.01247,0,0,0,0.075304,0.00026475,0,0,0,1.0245,0.33927,0,0,0,0,0.012117
3,202,1.27,4.8468,302.05,0,0,0,0,0.005421,0,0.85532,0,0,2.6253,0.66136,0,0,0,0,0.072701
3,202,1.27,4.8468,302.05,2.6756,0,0,0.008333,0.14718,0,0,0,0,0.39237,0.18667,0,0,0,0,0.072701
3,202,1.27,4.8468,302.05,0,0,0,0.11307,0,0,0,0,2.2943,1.5851,0.18667,0,0,0,0,0.12117
3,202,1.27,4.8468,302.05,0,0,0,0,0,0,0,0,0,1.808,0.95751,0,0,0,0,0.16964
3,202,1.27,4.8468,302.05,0.225,0,0,0,0,0.15984,0,0,0,1.1822,0.18667,0,0,0,0,0.072701
3,202,1.27,4.8468,302.05,0,0,0,0,0,0,0,0,0,0,0.18667,0,0,0,0,0.072701
3,202,1.27,4.8468,302.05,0.0076281,0,0,0.0062156,0,0,0.075512,0,0,0,0.18667,0,0,0,0,0.072701
3,202,1.27,4.8468,302.05,0.6299,0,0,0,0,0,0,0,0,1.808,0.18667,0,0,0,0,0.072701
3,202,1.27,4.8468,302.05,0.042877,0,0,0,0,3.5064,0.16424,0,0,0.21027,0.18667,0,0,0,0,0.12117
3,202,1.27,4.8468,302.05,0.042211,0,0,0.008333,0.003538,0,0,0,0,4.212,0.18667,0,0,0,0,0.2181
3,202,1.27,4.8468,302.05,0.008333,0,0,0.00524,0,0,0.16424,0,0,1.261,0.34986,0,0,0,0,0
3,202,1.27,4.8468,302.05,0,0,0,0,0,0,0.53887,0,0,0,0.344,0,0,0,0,0.012117
3,202,1.27,4.8468,302.05,0.20137,0,0.0003825,0,0,0,0,0,0,0.39237,1.2592,0,0,0,0,0.12117
3,202,1.27,4.8468,302.05,0.001205,0,0,0.010579,0.030771,0,0,0,0,0.44682,0.18667,0,0,0,0,0.16964
3,202,1.27,4.8468,302.05,0.86868,0,0,0,0,0,0,0,0,1.5859,0.18667,0,0,0,0,0.2181
3,202,1.27,4.8468,302.05,0,0,0,0.00524,0.075304,0,0,0,0,0,0.18667,0,0,0,0,0.16964
3,202,1.27,4.8468,302.05,0,0,0,0,0,0,0.16424,0,0,0.44682,0.18667,0,0,0,0,0.012117
3,202,1.27,4.8468,302.05,0,0,0,0,0,0,0,0,0,0.27721,0.18667,0,0,0,0,0.16964
3,202,1.27,4.8468,302.05,0,0,0,0,0.10745,0,0,0,0,0,0.3516,0,0,0,0,0.12117
3,202,1.27,4.8468,302.05,0.1708,0,0,0,0,0,0,0,0,0.55196,0.33632,0,0,0,0,0.2181
3,202,1.27,4.8468,302.05,0,0,0,0,0,0,0,0,0,0.76342,0.34986,0,0,0,0,0.12117
3,202,1.27,4.8468,302.05,0,0,0,0.37124,0,0,0,0,0,3.4087,0.18667,0,0,0,0,0.2181
3,202,1.27,4.8468,302.05,1.8855,0,0,0.017026,0,0,0.16424,0,0,0,0.18667,0,0,0,0,0.36351
3,202,1.27,4.8468,302.05,0,0,0.001406,0,2.4144,0.20083,0,0,0,0,0.43851,0,0,0,0,0.12117
3,202,1.27,4.8468,302.05,0,0,0,0.002407,0,0,0.16424,0,0,0.72035,0.6212,0,0,0,0,0.26657
3,202,1.27,4.8468,302.05,1.2814,0,0,0,0,0,0,0,0,0,0.18667,0,0,0,0,0.2181
3,202,1.27,4.8468,302.05,0.86102,0,0,0,0,0,0.02739,0,0,0,0.18667,0,0,0,0,0.12117
3,202,1.27,4.8468,302.05,0.008333,0,0,0.055199,0,0,0,0,0,0.68445,0.22358,0,0,0,0,0.072701
3,202,1.27,4.8468,302.05,0,0,0,0,0,0,0,0,0,0.39237,0.33626,0,0,0,0,0.16964
3,202,1.27,4.8468,302.05,0,0,0,0.008333,0,0,0,0,0,0.21027,0.18667,0,0,0,0,0.16964
3,202,1.27,4.8468,302.05,0.16655,0,0,0,0,0,0.16424,0,0,0,0.18667,0,0,0,0,0
3,202,1.27,4.8468,302.05,0.008321,0,0,0.028271,0,0,0,0,0,0,0.18667,0,0,0,0,0.012117
3,202,1.27,4.8468,302.05,0,0,0,0,0,0.0039712,0,0,0,1.5851,0.34266,0,0,0,0,0.12117
3,202,1.27,4.8468,302.05,0.0081579,0,0,2.6071,0,0,0,0,0,0,0.55577,0,0,0,0,0.012117
3,202,1.27,4.8468,302.05,2.2249,0,0,0.00043,0.005438,0,0,0,0,0,0.18667,0,0,0,0,0.2181
3,202,1.27,4.8468,302.05,0,0,0,0,0,0.13811,0,0,0,2.6253,0.29739,0,0,0,0,0.072701
3,202,1.27,4.8468,302.05,0.008333,0,0,0.003821,0.002508,0,0,0,0,1.0139,0.67417,0,0,0,0,0.65431
3,202,1.27,4.8468,302.05,0.0168,0,0,0,0,0.13159,0,0,0,0.73557,0.18667,0,0,0,0,0.36351
3,202,1.27,4.8468,302.05,0.010107,0,3.0051,0,0,0,0.75485,0,0,0,0.18667,0,0,0,0,0.012117
3,202,1.27,4.8468,302.05,0,0,0,0,0,0,0,0,0,0,0.18667,0,0,0,0,0.89665
3,202,1.27,4.8468,302.05,0,0,0,0.082237,0,0,0,0,0,0,0.18667,0,0,0,0,0.16964
3,202,1.27,4.8468,302.05,0.0081579,0,0,0,0.005329,0,0,0,0,0.8932,0.46726,0,0,0,0,0.012117
3,202,1.27,4.8468,302.05,0.003465,0,0,0.0012795,0,0,0,0,0,1.0139,0.18667,0,0,0,0,0
3,202,1.27,4.8468,302.05,0.057232,0,0,0.54358,0,0,0,0,0,0,0.18667,0,0,0,0,0.26657
3,202,1.27,4.8468,302.05,0.48772,0,0,0.85415,0,0,0.16424,0,0,0.39237,0.34092,0,0,0,0,0
3,202,1.27,4.8468,302.05,0.001669,0,0,0,0,0,0,0,0,1.0245,1.9936,0,0,0,0,0.41197
3,202,1.27,4.8468,302.05,0.037655,0,0,0.008333,0,0,0,0,0,0.18355,2.022,0,0,0,0,0.46044
3,202,1.27,4.8468,302.05,0.003468,0,0,0.002485,0,2.5939,0,0,0,0,0.39068,0,0,0,0,0.12117
3,202,1.27,4.8468,302.05,0.018424,0,0,0,0,0,0,0,0,0,2.3406,0,0,0,0,0.12117
3,202,1.27,4.8468,302.05,0.63873,0,0,0,0,0,0,0,0,0.27721,0.18667,0,0,0,0,0.50891
3,202,1.27,4.8468,302.05,0,0,0,0.0067551,0,0,0,0,0,0,0.18667,0,0,0,0,0.41197
3,202,1.27,4.8468,302.05,0,0,0,0,0,0,0.16424,0,0,1.0167,0.18667,0,0,0,0,0
3,202,1.27,4.8468,302.05,0.008333,0,0,0,0.016621,0,0,0,0,1.0167,0.38292,0,0,0,0,1.0421
3,202,1.27,4.8468,302.05,2.2834,0,0,0.83603,0,0.00090266,0,0,0,0.76342,0.18667,0,0,0,0,0.16964
3,202,1.27,4.8468,302.05,0.013221,0,0.13946,1.5295,0,0,0,0,0,1.1034,0.18667,0,0,0,0,0.072701
3,202,1.27,4.8468,302.05,0.008333,0,0,0.62689,0,0,0,0,0,0,0.54798,0,0,0,0,0.072701
3,202,1.27,4.8468,302.05,0.0062436,0,0,0.10403,0.016666,0,0,0,0,0,0.18667,0,0,0,0,0.12117
3,202,1.27,4.8468,302.05,0,0,0,0.00524,0,0,0,0,0,0,3.3067,0,0,0,0,0.012117
3,202,1.27,4.8468,302.05,0,0,0,0,0,0,0,0,0,0.91947,0.34288,0,0,0,0,0.072701
3,202,1.27,4.8468,302.05,0.0168,0,0,0,0.063421,0,0,0,0,0,0.23333,0,0,0,0,0.46044
3,202,1.27,4.8468,302.05,0.87149,0,0,0,0.00524,0,0.16424,0,0,1.0139,0.18667,0,0,0,0,0.46044
3,202,1.27,4.8468,302.05,0,0,0,0,0,0,0,0,0,1.7327,0.90931,0,0,0,0,0.2181
3,202,1.27,4.8468,302.05,0,0,0,0.004345,0,0.031743,0.53887,0,0,0.14685,0.18667,0,0,0,0,0.012117
3,202,1.27,4.8468,302.05,0.011139,0,0,0.0078464,0,0,0,0,0,0,0.18667,0,0,0,0,3.8774
3,202,1.27,4.8468,302.05,1.6525,0,0,0.12569,0.0055445,0,0,0,0,0,0.70126,0,0,0,0,0.012117
3,202,1.27,4.8468,302.05,0,0,0,0.00524,0,0,0,0,0,1.0167,0.18667,0,0,0,0,0.2181
3,202,1.27,4.8468,302.05,0.043184,0,0,0,0.1033,0,0,0,0,0,0.18667,0,0,0,0,0.072701
3,202,1.27,4.8468,302.05,2.825,0,0,0,0,0.28797,0,0,0,0,0.18667,0,0,0,0,0.072701
3,202,1.27,4.8468,302.05,0.72246,0,0,0,0,0,0,0,0,0,0.18667,0,0,0,0,0.16964
3,202,1.27,4.8468,302.05,0,0,0,0,0,0,0,0,0,1.5859,0.18667,0,0,0,0,0.072701
3,202,1.27,4.8468,302.05,0.23871,0,0,0,0,0,0,0,0,0,0.63213,0,0,0,0,0.12117
3,202,1.27,4.8468,302.05,2.483,0,0,0.003821,0,0,0.16424,0,0,0,0.34384,0,0,0,0,0.2181
3,202,1.27,4.8468,302.05,0.050833,0,0,0.019075,0,0,0.16424,0,0,0,0.18667,0,0,0,0,0.012117
3,202,1.27,4.8468,302.05,8.1e-05,0,0,0,0,0,0.16424,0,0,0,2.6226,0,0,0,0,0.2181
3,202,1.27,4.8468,302.05,0.47651,0,0,0,0,0,0.16424,0,0,0.68445,0.29739,0,0,0,0,0.12117
3,202,1.27,4.8468,302.05,0.0055384,0,0,0.089937,0,0,0,0,0,0,0.18667,0,0,0,0,0.2181
3,202,1.27,4.8468,302.05,0.0081579,0,0,0.000124,0,0,0,0,0,1.0167,0.43851,0,0,0,0,0.12117
3,202,1.27,4.8468,302.05,0,0,0,0.008333,0,0.0015973,0,0,0,1.261,2.8966,0,0,0,0,0.32716
3,202,1.27,4.8468,302.05,0,0,0,0.020303,0,0,0,0,0,1.0834,1.4444,0,0,0,0,0.072701
3,202,1.27,4.8468,302.05,0.01146,0,0,0,0,0,1.0602,0,0,0,2.4339,0,0,0,0,0.12117
3,202,1.27,4.8468,302.05,0,0,0,0,0,0,0,0,0,3.8737,0.18667,0,0,0,0,0.26657
3,202,1.27,4.8468,302.05,0.14035,0,0,0,0,0,0,0,0,0,0.18667,0,0,0,0,0.2181
3,202,1.27,4.8468,302.05,8.1e-05,0,0,0,0,0,0,0,0,3.8737,0.18667,0,0,0,0,0.26657
3,202,1.27,4.8468,302.05,0.027174,0,0,0,0,0.28063,0,0,0,1.7864,0.22358,0,0,0,0,0.41197
3,202,1.27,4.8468,302.05,0,0,0,0.20597,0.114,0,0.16424,0,0,0.4212,0.18667,0,0,0,0,0.16964
3,202,1.27,4.8468,302.05,0,0,0,0,0,0.014991,0,0,0,1.2479,0.18667,0,0,0,0,0.072701
3,202,1.27,4.8468,302.05,0.86102,0,0,0,0.029186,0,0,0,0,1.5859,0.18667,0,0,0,0,0.12117
3,202,1.27,4.8468,302.05,0,0,0,0.1539,0,0,0,0,0,0.056957,1.6724,0,0,0,0,0.16964
3,202,1.27,4.8468,302.05,0.008333,0,0,0.017933,0,0,0.75485,0,0,0,0.45538,0,0,0,0,0.072701
3,202,1.27,4.8468,302.05,0.02612,0,0.16499,0,0,0,0,0,0,0,0.18667,0,0,0,0,0.2181
3,202,1.27,4.8468,302.05,0.90472,0,0,0,0.0060244,0,0,0,0,1.261,2.1428,0,0,0,0,0.072701
3,202,1.27,4.8468,302.05,0,0,0,0,0,0,0,0,0,1.5079,0.18667,0,0,0,0,0.2181
3,202,1.27,4.8468,302.05,0.0055804,0,0,0,0,0,0.16424,0,0,1.7327,0.18667,0,0,0,0,0
3,202,1.27,4.8468,302.05,0.008333,0,0,0,3.3111,0,0.16424,0,0,0,0.18667,0,0,0,0,0.072701
3,202,1.27,4.8468,302.05,0.23871,0,0,0.003416,0.016155,0.006606,0,0,0,0,0.18667,0,0,0,0,0.2181
3,202,1.27,4.8468,302.05,0.93905,0,0,0,0,0,0,0,0,1.5079,0.38292,0,0,0,0,0.012117
3,202,1.27,4.8468,302.05,0,0,0,0,0,0,0.16424,0,0,1.5851,0.18667,0,0,0,0,0
3,202,1.27,4.8468,302.05,0.19931,0,0,0,0.13247,0,0,0,0,0,0.34384,0,0,0,0,0.12117
3,202,1.27,4.8468,302.05,0,0,0,0.00524,0,0,0,0,0,0,0.18667,0,0,0,0,0.2181
3,202,1.27,4.8468,302.05,0,0,0,0.019351,0,0,0,0,0,1.0834,1.3604,0,0,0,0,0.16964
3,202,1.27,4.8468,302.05,0,0,0,0.009303,0.000368,0,0.13695,0,0,0,1.8107,0,0,0,0,0.70278
3,202,1.27,4.8468,302.05,0,0,0,0.008333,0,0,0.16424,0,0,0,1.3308,0,0,0,0,0.36351
3,202,1.27,4.8468,302.05,0.88377,0,0,0.00524,0.0097611,0,0,0,0,0,3.3067,0,0,0,0,0.012117
3,202,1.27,4.8468,302.05,0,0,0,0.060221,0,0,0.16424,0,0,0,0.18667,0,0,0,0,0.2181
3,202,1.27,4.8468,302.05,0.0067817,0,0,0,0,0,0,0,0,1.0076,0.38211,0,0,0,0,0.50891
3,202,1.27,4.8468,302.05,0,0,0,0,0,0,0.94509,0,0,0,0.18667,0,0,0,0,0.072701
3,202,1.27,4.8468,302.05,1.2164,0,0,0,0,0,0,0,0,0,0.18667,0,0,0,0,0.26657
3,202,1.27,4.8468,302.05,0.008333,0,0,0,0.86456,0,0,0,0,0,1.2592,0,0,0,0,0.12117
3,202,1.27,4.8468,302.05,0.016613,0,0,0.017786,0.003346,0,0,0,0,0.91947,0.34267,0,0,0,0,0.16964
3,202,1.27,4.8468,302.05,0.008333,0,0,0,0,0,0,0,0,0.44682,0.18667,0,0,0,0,0.012117
3,202,1.27,4.8468,302.05,0,0,0,2.1098,0,0,0,0,0,1.0076,0.18667,0,0,0,0,0.012117
3,202,1.27,4.8468,302.05,0.34858,0,0,0.32585,0,0.010512,0.16424,0,0,0.65812,0.88861,0,0,0,0,1.0421
3,202,1.27,4.8468,302.05,0,0,0,0,0,0.0018444,0,0,0,0.39237,0.18667,0,0,0,0,3.8774
3,202,1.27,4.8468,302.05,0.0099708,0,0,0.0084635,0,0,0,0,0,4.212,0.18667,0,0,0,0,0.072701
3,202,1.27,4.8468,302.05,0,0,0,0.50235,0,0,0,0,0,0,0.18667,0,0,0,0,0.79971
3,202,1.27,4.8468,302.05,0.008336,0,0,0,0,0,0.16424,0,0,0.44682,0.80726,0,0,0,0,0.12117
3,202,1.27,4.8468,302.05,0.86935,0,0,1.5034,0,0,0,0,0,0.056957,0.22358,0,0,0,0,0.12117
3,202,1.27,4.8468,302.05,0.57152,0,0,0.00524,0.034341,0,0,0,0,0,0.35688,0,0,0,0,0.26657
3,202,1.27,4.8468,302.05,0.0076281,0,0,3.4215,0.25582,0,0,0,0,0.76777,0.18667,0,0,0,0,0.12117
3,202,1.27,4.8468,302.05,0,0,0,0,0,0,0,0,0,0.76777,2.3546,0,0,0,0,0.12117
3,202,1.27,4.8468,302.05,0.0168,0,0,0,0,0,0,0,0,0.18086,0.18667,0,0,0,0,0.012117
3,202,1.27,4.8468,302.05,0.86102,0,0,0.010118,1.1479,0.20083,0,0,0,0,0.18667,0,0,0,0,0.072701
3,202,1.27,4.8468,302.05,1.2164,0,0,0,0,0,0,0,0,1.1822,0.18667,0,0,0,0,0.072701
3,202,1.27,4.8468,302.05,0,0,0,0,0,0,0.010505,0.7931,0,1.057,1.8398,0,0,0,0,0.12117
3,202,1.27,4.8468,302.05,0.89567,0,0,0,0,0,0,0,0,1.0076,0.18667,0,0,0,0,0.75125
3,202,1.27,4.8468,302.05,1.2814,0,0,0,1.0589,0,0,0,0,1.5079,0.18667,0,0,0,0,0.16964
3,202,1.27,4.8468,302.05,0.88377,0,0,0.10403,2.4691,0,0,0,0,0,0.34071,0,0,0,0,0
3,202,1.27,4.8468,302.05,0.18253,0,0,0,0,0,0.95611,0,0,0.21027,0.18667,0,0,0,0,0.70278
3,202,1.27,4.8468,302.05,0,0,0,0.001669,0,0,0,0,0,0,0.34071,0,0,0,0,0.12117
3,202,1.27,4.8468,302.05,0,0,0,0,0,0,0,0,0,0,0.18667,0,0,0,0,0.072701
3,202,1.27,4.8468,302.05,0,0,0,1.4228,0,0,0,0,0,1.7864,0.18667,0,0,0,0,0.12117
3,202,1.27,4.8468,302.05,0.008333,0,0,0.018696,0.023742,0,0.13695,0,0,0,0.18667,0,0,0,0,0
3,202,1.27,4.8468,302.05,0.008567,0,0,0,0.000368,0,0.13695,0,0,1.0167,3.2155,0,0,0,0,0.26657
3,202,1.27,4.8468,302.05,0.72246,0,0,0.1403,0,0,1.0602,0,0,0.63421,0.18667,0,0,0,0,0.012117
3,202,1.27,4.8468,302.05,0,0,0,0.0057999,0,0,0,0,0,4.212,0.18667,0,0,0,0,0.072701
3,202,1.27,4.8468,302.05,0,0,0,0.055199,0,0,0,0,0,0.73557,0.18667,0,0,0,0,0.60584
3,202,1.27,4.8468,302.05,0.88049,0,0,0,0,0.0027405,0.94509,0,0,0.18355,0.33634,0,0,0,0,0.072701
3,202,1.27,4.8468,302.05,0,0,0,0,0,0,0.50998,0,0,0,0.18667,0,0,0,0,0.12117
3,202,1.27,4.8468,302.05,0.3515,0,0,0,0,0,0,0,0,1.057,0.18667,0,0,0,0,0.2181
3,202,1.27,4.8468,302.05,0.70008,0,0,0.008333,0,0,0.16424,0,0,0,0.18667,0,0,0,0,0.12117
3,202,1.27,4.8468,302.05,0,0,0,0,0,0,0,0,0,0,0.44504,0,0,0,0,0.012117
3,202,1.27,4.8468,302.05,0.000126,0,0,0.047866,0.10583,0,0,0,0,0,0.18667,0,0,0,0,0.16964
3,202,1.27,4.8468,302.05,2.6559,0,0,0,0,0,0,0,0,0.63421,0.18667,0,0,0,0,0.012117
3,202,1.27,4.8468,302.05,0.009098,0,0,0,0,0,0,0,0,0.44682,0.344,0,0,0,0,0.2181
3,202,1.27,4.8468,302.05,0.79124,0,0,0,0,0.71775,0,0,0,1.1034,0.18667,0,0,0,0,0.12117
3,202,1.27,4.8468,302.05,2.1529,0,0,0,0,0,0.75485,0,0,1.0076,0.18667,0,0,0,0,0.16964
3,202,1.27,4.8468,302.05,0,0,0,0,0,0,0.53887,0,0,1.7864,0.22358,0,0,0,0,0.12117
3,202,1.27,4.8468,302.05,0.010663,0,0,0.008333,0,0,0,0,0,1.1822,0.18667,0,0,0,0,0.12117
3,202,1.27,4.8468,302.05,0.004143,0,0,0.27136,0,0,0,0,0,0.8932,0.18667,0,0,0,0,0.12117
3,202,1.27,4.8468,302.05,0.000156,0,0,0,0,0,0,0,0,0.14685,0.18667,0,0,0,0,0.16964
3,202,1.27,4.8468,302.05,0.0262,0,0,0,0,0.14207,0,0,0,0.44682,0.18667,0,0,0,0,0.32716
3,202,1.27,4.8468,302.05,1.1984,0,0,0,0,0,0.16424,0,0,0,0.18667,0,0,0,0,0.072701
3,202,1.27,4.8468,302.05,0.008333,0,0,0,0,0.00078163,0,0,0,1.4449,0.34267,0,0,0,0,0.12117
3,202,1.27,4.8468,302.05,0.87552,0,0,0.006456,2.0701,0,0,0,0,0,0.18667,0,0,0,0,0.072701
3,202,1.27,4.8468,302.05,0,0,0,0.44838,0,0,0,0,0,0,0.18667,0,0,0,0,0.46044
3,202,1.27,4.8468,302.05,0.011627,0,0,0,0,0,1.1102,0,0,0.14685,0.51886,0,0,0,0,0.12117
3,202,1.27,4.8468,302.05,0.29942,0,0,0.005303,0,0,0,0,0,0,0.18667,0,0,0,0,0.072701
3,202,1.27,4.8468,302.05,0,0,0,0,0,0,0,0,0,1.1034,0.18667,0,0,0,0,0.16964
3,202,1.27,4.8468,302.05,0.10632,0,0,0.078836,0,0,0,0,0,0,0.18667,0,0,0,0,0.16964
3,202,1.27,4.8468,302.05,7.8e-05,0,0,0.008333,0,0,0,0,0,0.55196,1.4444,0,0,0,0,0.012117
3,202,1.27,4.8468,302.05,0.20137,0,0.35259,3.3459,0,0,0,0,0,0,0.18667,0,0,0,0,0.012117
3,202,1.27,4.8468,302.05,0,0,0,0.0055384,0,0,0,0,0,0,0.33149,0,0,0,0,0.12117
3,202,1.27,4.8468,302.05,0,0,0,0.003346,0,0,0,0,0,0,1.263,0,0,0,0,0.012117
3,202,1.27,4.8468,302.05,0,0,0,0.020892,0,0,0,0,0,4.212,0.18667,0,0,0,0,0.16964
3,202,1.27,4.8468,302.05,0.00676,0,0,0,0.14718,0,0,0,0,1.0245,1.8398,0,0,0,0,0.12117
3,202,1.27,4.8468,302.05,0.008333,0,0,0.005239,0,0,0,0,0,0.63421,0.18667,0,0,0,0,0.2181
3,202,1.27,4.8468,302.05,0,0,0,0.005239,0,0,0,0,0,0,0.45538,0,0,0,0,0.12117
3,202,1.27,4.8468,302.05,0.85735,0,0,0.85036,0.000124,0,0.75485,0,0,0,0.90931,0,0,0,0,0.072701
3,202,1.27,4.8468,302.05,0.6284,0,0,0.003416,0,0,0,0,0,1.0139,0.59267,0,0,0,0,0.16964
3,202,1.27,4.8468,302.05,0.008333,0,0,0,0,0.031743,0,0,0,0,0.33238,0,0,0,0,0.12117
3,202,1.27,4.8468,302.05,0,0,0,0,0,0,0,0,0,1.5859,1.4513,0,0,0,0,0.12117
3,202,1.27,4.8468,302.05,2.0247,0,0,0.000133,0,0,0,0,0,0,0.33927,0,0,0,0,0.2181
3,202,1.27,4.8468,302.05,0.13111,0,0,0,0,0,0,0,0,0,0.18667,0,0,0,0,0.16964
3,202,1.27,4.8468,302.05,0,0,0,0.008333,0.28859,9.8334e-05,0,0,0,1.5859,1.7467,0,0,0,0,0.36351
3,202,1.27,4.8468,302.05,0.0071766,0,0,0.50235,2.7789,0.14207,0,0,0,0,0.18667,0,0,0,0,0.50891
3,202,1.27,4.8468,302.05,0,0,0,0.006456,0,0,0,0,0,1.261,0.34266,0,0,0,0,0.26657
3,202,1.27,4.8468,302.05,0.0062716,0,0,0,0,0.91248,0,0,0,1.5859,0.63213,0,0,0,0,0.12117
3,202,1.27,4.8468,302.05,0.6141,0,0.62477,0,0,0,0,0,0,1.057,0.18667,0,0,0,0,0.012117
3,202,1.27,4.8468,302.05,3.8816,0,0,0.008333,0,0,0,0,0,0.27721,0.18667,0,0,0,0,0.012117
3,202,1.27,4.8468,302.05,0,0,0,0.064615,0,0,0,0,0,0.056957,4.3035,0,0,0,0,0.32716
3,202,1.27,4.8468,302.05,0.86316,0,0,0.87943,0,0,0,0,0,0.27721,0.18667,0,0,0,0,0.12117
3,202,1.27,4.8468,302.05,0.065653,0,0,0,0,0,0,0,0,0,1.2592,0,0,0,0,0.072701
3,202,1.27,4.8468,302.05,0.63873,0,0,0,0,0,0,0,0,1.0245,2.3406,0,0,0,0,0.32716
3,202,1.27,4.8468,302.05,0.90472,0,0,0.008108,0,0,0,0,0,0,0.33927,0,0,0,0,0.012117
3,202,1.27,4.8468,302.05,0.0076281,0,0,0.007328,0,0,0,0,0,0,0.18667,0,0,0,0,0.012117
3,202,1.27,4.8468,302.05,0.083378,0,0,0,0,0,0.0029097,0,0,1.057,0.18667,0,0,0,0,0.072701
3,202,1.27,4.8468,302.05,0.14035,0,0,0.00062,0,0,0,0,0,1.0076,0.18667,0,0,0,0,0.012117
3,202,1.27,4.8468,302.05,0.00524,0,0,0,0,0,0,0,0,0,0.18667,0,0,0,0,0.16964
3,202,1.27,4.8468,302.05,0,0,0,0.008365,0,0,0,0,0,0,0.52439,0,0,0,0,0.072701
3,202,1.27,4.8468,302.05,0.083378,0,0,0.217,0,0,0,0,0,0,0.18667,0,0,0,0,0.2181
3,202,1.27,4.8468,302.05,0,0,0,0,0.16874,0,0,0,0,0,2.2905,0,0,0,0,0.41197
3,202,1.27,4.8468,302.05,2.0247,0,0,0,0,0,0,0,0,0,0.18667,0,0,0,0,0.2181
3,202,1.27,4.8468,302.05,0.85735,0,0,0,0,0.0019932,0,0,0,0.21027,0.38211,0,0,0,0,0.012117
3,202,1.27,4.8468,302.05,0.86917,0,0,0.01774,0,0,0.94509,0,0,0.18355,0.76655,0,0,0,0,0.36351
3,202,1.27,4.8468,302.05,0.87399,0,0.56498,0,0,0,0,0,0,0.8932,0.18667,0,0,0,0,0.16964
3,202,1.27,4.8468,302.05,0.70008,0,0,0,0,0,0,0,0,0,0.18667,0,0,0,0,0.65431
3,202,1.27,4.8468,302.05,1.4812,0,0,0.00884,0,0,0,0,0,0.68445,0.42559,0,0,0,0,0.2181
3,202,1.27,4.8468,302.05,0.17797,0,0,0,0,0.0039712,0,0,0,1.0834,0.18667,0,0,0,0,0.072701
3,202,1.27,4.8468,302.05,0,0,0,0.033386,0.71099,0,0,0,0,0.21027,1.5006,0,0,0,0,0.55738
3,202,1.27,4.8468,302.05,0.047734,0,0,0,0,0,0.76622,0,0,0.21027,0.18667,0,0,0,0,0.32716
3,202,1.27,4.8468,302.05,0,0,0,0,0,0,0,0,0,0.27721,0.35462,0,0,0,0,0.12117
3,202,1.27,4.8468,302.05,0.026388,0,0,0.28821,0,0,0.0029097,0,0,0,3.36,0,0,0,0,0.072701
3,202,1.27,4.8468,302.05,1.2314,0,0,0.8887,0,0,0,0,0,0,0.18667,0,0,0,0,0.2181
3,202,1.27,4.8468,302.05,0.40654,0,0,0,0.00524,0.006606,0,0,0,0.18086,0.34441,0,0,0,0,0
3,202,1.27,4.8468,302.05,0.0062436,0,0,0.00524,0,0,0.02739,0,0,0.65812,0.18667,0,0,0,0,0.072701
3,202,1.27,4.8468,302.05,0.008333,0,0,3.638,0,0,0,0,0,0,0.18667,0,0,0,0,0.072701
3,202,1.27,4.8468,302.05,0,0,0,0.0081579,0,0,0,0,0,0.4212,0.18667,0,0,0,0,0.012117
3,202,1.27,4.8468,302.05,0.01153,0,0,0.034257,0,1.4323,0,0.78755,0,0,0.18667,0,0,0,0,0.12117
3,202,1.27,4.8468,302.05,0,0,0,0.85691,0,0,0,0,0,0,2.8966,0,0,0,0,0.12117
3,202,1.27,4.8468,302.05,0.20137,0,0,0,0,0,0.02739,0,0,1.057,0.33865,0,0,0,0,0.12117
3,202,1.27,4.8468,302.05,0.95363,0,0,0,0,0,0,0,0,0,0.18667,0,0,0,0,0.36351
3,202,1.27,4.8468,302.05,0.019213,0,0,0,0.0033505,0,0,0,0,1.7327,0.51886,0,0,0,0,0.12117
3,202,1.27,4.8468,302.05,0,0,0,0,0,0,0,0,0,0.72035,0.18667,0,0,0,0,0.072701
3,202,1.27,4.8468,302.05,0.011899,0,0,0.050847,0,0,0,0,0,0.4212,0.18667,0,0,0,0,0.16964
3,202,1.27,4.8468,302.05,0.014052,0,0,0.024254,0.00524,0,0.075512,0,0,0.4212,0.18667,0,0,0,0,3.8774
4,203,1,45.302,2823.2,0.014813,0,0,0.008333,9.567,0,0.16424,0,0,0,0.18667,8.6433,0,0,0,0
4,203,1,45.302,2823.2,0.068182,0,0,0.83835,4.4317,0.20083,0,0,0,1.0167,0.18667,1.4806,0,0,0,0
4,203,1,45.302,2823.2,0.000126,0,0,0.65369,6.1699,0,0,0,0,0,18.739,2.4736,0,0,0,0
4,203,1,45.302,2823.2,19.49,0,0,0,0,0,0,0,0,1.0245,12.6,6.8528,0,0,0,0
4,203,1,45.302,2823.2,0,0,0,0.01117,0,0,30.85,0,0,8.0476,0.35737,2.7424,0,0,0,0
4,203,1,45.302,2823.2,0.0083909,0,0,0.001397,0,0,16.115,0,0,1.164,9.9675,3.2942,0,0,0,0
4,203,1,45.302,2823.2,0.050833,0,0,8.472,0,0,0,1.5949,0,16.378,7.0517,7.6141,0,0,0,0
4,203,1,45.302,2823.2,2.9213,0,0,0.00036,0,0,0,0,0,0.4212,31.047,0.67707,0,0,0,0
4,203,1,45.302,2823.2,7.0198,0,0,0.15561,0,0,0.16424,0,0,0,0.33749,3.2764,0,0,0,0
4,203,1,45.302,2823.2,0,0,0,0,3.6401,0,11.152,0,0,0.21027,0.18667,2.4736,0,0,0,0
4,203,1,45.302,2823.2,0,0,0,2.8372,0.34359,0,0,0,0,0,35.951,0.4038,0,0,0,0
4,203,1,45.302,2823.2,0.16899,0,0,0,0.00328,0.013405,0,0,0,3.8254,2.9179,27.051,0,0,0,0
4,203,1,45.302,2823.2,1.5123,0,0,0.83095,0,0,0,0,0,0,12.6,3.3711,0,0,0,0
4,203,1,45.302,2823.2,0,0,0,0,1.6979,0,0.50998,0,0,0,0.18667,0.53311,0,0,0,0
4,203,1,45.302,2823.2,0,0,0,0,0,0.029859,0,0,0,0,0.18667,6.5099,0,0,0,0
4,203,1,45.302,2823.2,0.86243,0,0.063067,7.8082,0,0,0,0,0,1.057,0.33263,0.67707,0,0,0,0
4,203,1,45.302,2823.2,0.00524,0,0.35259,0.093998,0,0,0,0,0,1.1034,0.70126,1.7539,0,0,0,0
4,203,1,45.302,2823.2,0,0,0,0.005769,0,0,25.012,0,0,1.0139,0.18667,14.979,0,0,0,0
4,203,1,45.302,2823.2,0,0,0,2.9435,0,0,0,0,0,8.4961,22.311,1.4806,0,0,0,0
4,203,1,45.302,2823.2,4.9022,0,0,9.8733,2.7177,0.0018444,0,0,0,0.39237,0.18667,2.7424,0,0,0,0
4,203,1,45.302,2823.2,0.008333,0,0,0,0,0,0,0,0,0,0.18667,0.16388,0,0,0,0
4,203,1,45.302,2823.2,0.0059107,0,0,0.005303,0,0,19.658,0,0,7.8617,13.73,0.67707,0,0,0,0
4,203,1,45.302,2823.2,3.1709,0,0,0,0,0,0,0,0,0,0.92485,0.75718,0,0,0,0
4,203,1,45.302,2823.2,13.31,0,0,2.9435,0,0,0,0,0,0,0.35508,4.2869,0,0,0,0
4,203,1,45.302,2823.2,0,0,0,4.6231,0,0,0,0,0,0.21027,10.665,1.9125,0,0,0,0
4,203,1,45.302,2823.2,0.008333,0,0,0,0,0.006606,0.16424,0,0,3.8254,0.18667,5.7211,0,0,0,0
4,203,1,45.302,2823.2,0.3792,0,0,0,0,0,0.075512,0,0,0.76777,0.35074,0.30865,0,0,0,0
4,203,1,45.302,2823.2,0,0,0,0.008341,0,0,0,0,0,4.212,0.71492,5.9248,0,0,0,0
4,203,1,45.302,2823.2,1.4027,0,0,0.008333,0.004345,0,0,0,0,1.261,0.18667,5.9248,0,0,0,0
4,203,1,45.302,2823.2,0.010107,0,0,0,6.1699,0,7.3822,0,0,5.6716,0.18667,0.30865,0,0,0,0
4,203,1,45.302,2823.2,1.3481,0,0,0,0,0,0.53887,0,0,1.4449,0.18667,0.53311,0,0,0,0
4,203,1,45.302,2823.2,1.2164,0,0,0.008333,0,0,0.16424,0,0,1.164,0.38292,10.844,0,0,0,0
4,203,1,45.302,2823.2,2.9213,0,0,4.7597,0,0,0.16424,0,0,0,0.18667,2.4736,0,0,0,0
4,203,1,45.302,2823.2,0,0,0,0,0.046449,0,0.16424,0,0,0.21027,35.951,4.7488,0,0,0,0
4,203,1,45.302,2823.2,0.001192,0,0,5.9117,0.016667,0,0.85532,0,0,1.057,0.18667,3.5393,0,0,0,0
4,203,1,45.302,2823.2,0,0,0,0.005303,0,0,0,0,0,0.65812,0.33263,2.2821,0,0,0,0
5,204,1,47.092,2934.7,0,0,0,0.00328,0,0,0,0,0,7.6506,15.34,10.047,0,0,0,0
5,204,1,47.092,2934.7,0.46053,0,0,0.001463,0.016654,0,0,0,0,0.73557,1.3329,1.0354,0,0,0,0
5,204,1,47.092,2934.7,0,0,3.4237,25.387,0,0,0,0,0,0,14.249,1.6514,0,0,0,0
5,204,1,47.092,2934.7,0.84954,0,0,0.008332,0,0,0,0,0,5.7231,1.9337,6.4958,0,0,0,0
5,204,1,47.092,2934.7,0.91712,0,0,0.020303,0,0,0,0,0,0.44575,27.825,0.085689,0,0,0,0
5,204,1,47.092,2934.7,0,0,0,0.018304,0,2.7864,0,0,0,0,0.18667,0.085689,0,0,0,0
5,204,1,47.092,2934.7,0.00524,0,0,0,0,0,0,0,0,0.44682,12.927,1.6514,0,0,0,0
5,204,1,47.092,2934.7,0,0,0,8.472,0,0,0.16424,0,0,2.6253,9.0127,0.2197,0,0,0,0
5,204,1,47.092,2934.7,7.9328,0,0,0.001436,0,0,0,0,0,21.917,0.40813,11.335,0,0,0,0
5,204,1,47.092,2934.7,0,0,0,0,6.6251,0,0,1.9784,0,16.378,0.18667,6.4721,0,0,0,0
5,204,1,47.092,2934.7,4.5961,0,0,0,0,0,0,0,0,1.5859,0.84122,6.4958,0,0,0,0
5,204,1,47.092,2934.7,0.85744,0,0,0,0,0,9.6539,0,0,1.0245,20.24,0.99739,0,0,0,0
5,204,1,47.092,2934.7,0.008335,0,0,0.82492,0,3.5064,0,0,0,1.1034,0.18667,6.4721,0,0,0,0
5,204,1,47.092,2934.7,0,0,0,0.008397,0,0,0,0,0,1.1822,0.18667,0.42382,0,0,0,0
5,204,1,47.092,2934.7,0,0,0,0,0,0,0,0,0,0.91947,0.18667,3.2372,0,0,0,0
5,204,1,47.092,2934.7,0,0,0,0.0057999,0,0,0.16424,0,0,0,24.112,0.2197,0,0,0,0
6,205,2.102,45.703,2848.2,0.008335,0,0,0.008333,0,0,0,0,0,5.6716,5.4517,0,0,0,0,0
6,205,2.102,45.703,2848.2,0.008333,0,0,0.008332,0,0,0,0,0,0.056957,13.73,0,0,0,0,0
6,205,2.102,45.703,2848.2,0.861,0,0,0.005239,0.097042,0,0,0,0,9.1202,0.33589,0,0,0,0,0
6,205,2.102,45.703,2848.2,0,0,0,0.008675,0,0,0,0,0,1.1822,7.6991,0,0,0,0,0
6,205,2.102,45.703,2848.2,0,0,0,0,0,0,0,0,0,0,9.0127,0,0,0,0,0
6,205,2.102,45.703,2848.2,0,0,0,9.4015,11.136,0,0,0,0,1.0139,0.95751,0,0,0,0,0
6,205,2.102,45.703,2848.2,0,0,0,0.078836,0,0,0,0,0,1.808,8.3756,0,0,0,0,0
6,205,2.102,45.703,2848.2,0,0,0.34991,0.008333,0,0,12.064,0,0,0,0.18667,0,0,0,0,0
6,205,2.102,45.703,2848.2,0,0,0,4.9047,0,0,19.804,0,0,3.8254,0.18667,0,0,0,0,0
6,205,2.102,45.703,2848.2,17.641,0,5.2531,6.3e-05,0,0,0,0,0,0,16.454,0,0,0,0,0
6,205,2.102,45.703,2848.2,0,0,0,0,0,0,0,0,0,0.63421,0.18667,0,0,0,0,0
6,205,2.102,45.703,2848.2,0,0,0.17222,4.7015,0,0,5.3738,0,0,3.8737,11.612,0,0,0,0,0
6,205,2.102,45.703,2848.2,0.024839,0,0.010841,0,0,0,0.010505,0,0,1.5859,0.34267,0,0,0,0,0
6,205,2.102,45.703,2848.2,0,0,0,7.8532,0,0.006606,0,0,0,7.8617,0.18667,0,0,0,0,0
6,205,2.102,45.703,2848.2,0.87011,0,18.457,0,0,0,8.637,0.70832,0,0,0.18667,0,0,0,0,0
6,205,2.102,45.703,2848.2,16.017,0,0,0.013631,7.4244,0,0,0,0,1.7864,4.6158,0,0,0,0,0
6,205,2.102,45.703,2848.2,0,0,0,0,0,0,0,0,0,8.0476,5.5621,0,0,0,0,0
6,205,2.102,45.703,2848.2,0.011575,0,0,0,0,0,0,0,0,5.6716,1.4513,0,0,0,0,0
6,205,2.102,45.703,2848.2,0,0,0,0.82536,0,0,0,0,0,8.4961,12.757,0,0,0,0,0
6,205,2.102,45.703,2848.2,0.00062,0,0,0,0,0,0.50998,0,0,1.164,30.71,0,0,0,0,0
6,205,2.102,45.703,2848.2,0.008333,0,0,0.00524,9.6697,0,0,0,0,0,8.0593,0,0,0,0,0
6,205,2.102,45.703,2848.2,0.010401,0,0,0.015351,10.038,0,0,0,0,0.76777,11.622,0,0,0,0,0
6,205,2.102,45.703,2848.2,0.013822,0,0,3.3935,0,0,0,0,0,0,0.3343,0,0,0,0,0
6,205,2.102,45.703,2848.2,0,0,0,0,0,0,0,0,0,8.5959,0.18667,0,0,0,0,0
6,205,2.102,45.703,2848.2,0.039077,0,0,0,0,0,0,0,0,0.18086,3.2579,0,0,0,0,0
6,205,2.102,45.703,2848.2,0.011015,0,0,1.0067,0,0,0,0,0,0,36.545,0,0,0,0,0
6,205,2.102,45.703,2848.2,0.8592,0,0,0,0,0,0,0,0,7.6506,3.6192,0,0,0,0,2.0566
6,205,2.102,45.703,2848.2,0.035877,0,0,0.008333,0,0,0,0,0,0.27721,0.18667,0,0,0,0,0
6,205,2.102,45.703,2848.2,0,0,0,0,0.016666,0,0,0,0,6.8425,0.18667,0,0,0,0,0
6,205,2.102,45.703,2848.2,0.85744,0.006521,0,0,0.39782,0.71775,0,0,0,5.7231,0.18667,0,0,0,0,0
6,205,2.102,45.703,2848.2,0,0,3.5652,0.040109,0,0,0.85532,0,0,3.8254,2.8966,0,0,0,0,0
6,205,2.102,45.703,2848.2,0.018858,0,0,0.008333,0,0,0,0,0,1.4449,2.8072,0,0,0,0,0.68554
6,205,2.102,45.703,2848.2,0.00644,0,0,0.50235,0.13774,0,0,0,0,0.44682,9.6013,0,0,0,0,0
6,205,2.102,45.703,2848.2,0.008333,0,0,0,0.11037,0.0086022,0.11746,0.99136,0,1.7864,23.254,0,0,0,0,0
6,205,2.102,45.703,2848.2,0.0059107,0,0,0.0062716,0,0,0,0,0,0,5.9814,0,0,0,0,0
6,205,2.102,45.703,2848.2,0.00524,0,0,10.218,0.0080535,0,0,0,0,0,0.97191,0,0,0,0,0
6,205,2.102,45.703,2848.2,0.0012765,0,0,3.8075,0,0,0,0,0,7.8617,5.9814,0,0,0,0,0
6,205,2.102,45.703,2848.2,0,0,0,0,0,0.073771,0,0,0,0,1.9933,0,0,0,0,0
6,205,2.102,45.703,2848.2,0.85735,0,0,3.7415,0,0,0,0,0,8.4961,1.1094,0,0,0,0,0
6,205,2.102,45.703,2848.2,0,0,0,0.034257,0,0,0.84533,0,0,0.4212,0.18667,0,0,0,0,0
6,205,2.102,45.703,2848.2,0,0,0,0.008542,0.19732,0,0,0,0,9.1622,0.33356,0,0,0,0,0
6,205,2.102,45.703,2848.2,0.00062,0,0,11.542,0,4.1191,0,0,0,0,0.33589,0,0,0,0,0
6,205,2.102,45.703,2848.2,1.4812,0,0,0.000251,0,0,0.010505,1.0491,0,0,0.18667,0,0,0,0,0
6,205,2.102,45.703,2848.2,0.95363,0,0,4.3497,0,0,0,0,0,16.378,2.022,0,0,0,0,0
6,205,2.102,45.703,2848.2,0,0,0,4.0136,0,0,0,0,0,1.057,9.4508,0,0,0,0,0
6,205,2.102,45.703,2848.2,10.534,0,0,0,0,0,33.926,0,0,0.27721,0.34071,0,0,0,0,0
6,205,2.102,45.703,2848.2,0,0,0,0,5.1809,0,14.118,0,0,1.5079,6.6904,0,0,0,0,0
6,205,2.102,45.703,2848.2,0,0,0,4.4098,0,0.11205,0,0,0,0.8932,0.18667,0,0,0,0,0
6,205,2.102,45.703,2848.2,0.0065058,0,0,2.0869,0,0,0,0,0,0.72035,27.831,0,0,0,0,0
6,205,2.102,45.703,2848.2,0,0,0,0.09808,0,7.5736,0,0,0,1.0076,8.7668,0,0,0,0,0
6,205,2.102,45.703,2848.2,0.0054615,0,0,0,0,0,0,0,0,5.7231,0.18667,0,0,0,0,0
6,205,2.102,45.703,2848.2,0.000716,0,0,0,0,0,0.16424,0,0,0.27721,0.18667,0,0,0,0,0
6,205,2.102,45.703,2848.2,0.19115,0,0,6.3e-05,0,0,15.929,0,0,0.76777,17.386,0,0,0,0,0
6,205,2.102,45.703,2848.2,0,0,0.20413,1.2332,0,0,0,0,0,0,0.18667,0,0,0,0,0
6,205,2.102,45.703,2848.2,0.007475,0,0,8.472,0,0,0,0,0,0,0.18667,0,0,0,0,0
6,205,2.102,45.703,2848.2,0.008333,0,0,0,1.9754,0,0,0,0,0,0.38292,0,0,0,0,0
6,205,2.102,45.703,2848.2,0.00524,0,0,0,0,0,0,0,0,8.5959,0.47944,0,0,0,0,0
6,205,2.102,45.703,2848.2,10.88,0,0,0.008488,0.13355,0,0,0,0,19.403,0.22358,0,0,0,0,0
6,205,2.102,45.703,2848.2,0.71403,0,0,0,0,0,0,0,0,0,0.34266,0,0,0,0,0
6,205,2.102,45.703,2848.2,10.88,0,0,0,0,0,0,0,0,0,2.2783,0,0,0,0,0.11426
6,205,2.102,45.703,2848.2,0.0055804,0,0,0,0,0,0,0,0,0,23.035,0,0,0,0,0
6,205,2.102,45.703,2848.2,0.011532,0,0.0065535,0.018696,0,0,8.637,0,0,3.8254,4.8239,0,0,0,0,0
6,205,2.102,45.703,2848.2,0.018858,0,2.6263,0,5.8631,0,0,0,0,0.8932,0.18667,0,0,0,0,0
6,205,2.102,45.703,2848.2,0,0,0,0,0,0,0,0,0,0.14685,3.2579,0,0,0,0,0
6,205,2.102,45.703,2848.2,0.002508,0,0,0,0,0,1.8509,0,0,5.7109,4.911,0,0,0,0,0
6,205,2.102,45.703,2848.2,0.028574,0,0,0,0,0,0,0,0,1.0834,10.325,0,0,0,0,0
6,205,2.102,45.703,2848.2,4.9022,0,0,0,0,0,0,0,0,0,0.18667,0,0,0,0,0
6,205,2.102,45.703,2848.2,0,0,0,4.6231,0.19732,0,0,0,0,5.7109,0.18667,0,0,0,0,3.8847
6,205,2.102,45.703,2848.2,0,0,0,0,0,0.00038703,0,0,0,3.8737,0.18667,0,0,0,0,0
6,205,2.102,45.703,2848.2,0.30924,0,0,0.0011985,0,0.029859,0,0,0,0,22.86,0,0,0,0,0
6,205,2.102,45.703,2848.2,0.20714,0,0,0.008333,0.068307,0,0,0,0,1.4449,2.7279,0,0,0,0,0
6,205,2.102,45.703,2848.2,0.010122,0,0,0,0,0,0.010505,0,0,0,0.18667,0,0,0,0,0
6,205,2.102,45.703,2848.2,0,0,0,0.009896,0,0,0,0,0,0,0.18667,0,0,0,0,0
6,205,2.102,45.703,2848.2,0,0,0,2.5495,0,0,0.16424,0,0,0,5.6787,0,0,0,0,0
6,205,2.102,45.703,2848.2,0.003295,0,0,0,1.0324,0,0,0.017972,0,0.73557,1.263,0,0,0,0,0
6,205,2.102,45.703,2848.2,0.00062,0,0,3.7415,0,0,0,0,0,1.1822,0.18667,0,0,0,0,0
6,205,2.102,45.703,2848.2,0,0,0,0.1403,0.005304,0,0,0,0,1.0245,1.2592,0,0,0,0,0
6,205,2.102,45.703,2848.2,0.86102,0,0,7.0195,0,0,0,0,0,1.0834,0.34069,0,0,0,0,0
6,205,2.102,45.703,2848.2,0,0,0.003666,0,0,0,0,0,0,21.917,0.22358,0,0,0,0,0
6,205,2.102,45.703,2848.2,0.036631,0,0,0.008108,0,0,0,0,0,1.5079,31.047,0,0,0,0,1.5996
6,205,2.102,45.703,2848.2,0,0,0,0,0.035722,0,0.13695,0,0,0.056957,0.18667,0,0,0,0,0
6,205,2.102,45.703,2848.2,0,0,0,0.84085,0,0,0,0,0,5.7231,16.205,0,0,0,0,0
6,205,2.102,45.703,2848.2,0,0,0,0,0,0,0,0,0,1.1034,0.18667,0,0,0,0,0
6,205,2.102,45.703,2848.2,1.3083,0,0,3.3459,0,0,0.84533,0,0,10.481,0.18667,0,0,0,0,0
6,205,2.102,45.703,2848.2,0,0,0,0,0,0,0,0,0,1.1034,2.1165,0,0,0,0,0
6,205,2.102,45.703,2848.2,0.005714,0,0,3.1191,0,0,0,0,0,3.8737,0.18667,0,0,0,0,0
6,205,2.102,45.703,2848.2,3.5654,0,0,0.82018,0,0,0,0,0,0.39237,3.2906,0,0,0,0,0
6,205,2.102,45.703,2848.2,0,0,2.0906,0.10587,3.6154,0,0,0,0,0.91947,16.651,0,0,0,0,0
6,205,2.102,45.703,2848.2,0,0,0,8.1117,0,0,0,0,0,7.8617,0.18667,0,0,0,0,0
6,205,2.102,45.703,2848.2,0.0097895,0,0,0,0,0,0.16424,0,0,0.21027,0.18667,0,0,0,0,0
6,205,2.102,45.703,2848.2,0,0,0,4.6231,0,0,0,0,0,9.1622,31.441,0,0,0,0,0
6,205,2.102,45.703,2848.2,3.2489,0,0.29954,5.4943,0,0,0,0,0,0.91947,2.4339,0,0,0,0,8.455
6,205,2.102,45.703,2848.2,0,0,0,6.1216,0,0,0,0.30202,0,5.7109,12.035,0,0,0,0,0
6,205,2.102,45.703,2848.2,2.6756,0,0,0.008333,0,0.026623,0,0,0,0.18355,0.18667,0,0,0,0,0
6,205,2.102,45.703,2848.2,0.86102,0,0,0,0,0,0,0,0,8.0476,0.18667,0,0,0,0,0.11426
6,205,2.102,45.703,2848.2,0,0,0,0,0,0,0,0,0,8.4961,2.4339,0,0,0,0,0
6,205,2.102,45.703,2848.2,0,0,0,0,0.000124,0,0,0,0,0,10.685,0,0,0,0,0
6,205,2.102,45.703,2848.2,5.6117,0,0,0.25334,0,0,0,0,0,0,0.18667,0,0,0,0,0
6,205,2.102,45.703,2848.2,0.0076281,0,0,0,0,0,0,0,0,16.378,4.6158,0,0,0,0,4.7988
6,205,2.102,45.703,2848.2,0.024839,0,0,0.44838,0,0,0,0,0,36.785,0.18667,0,0,0,0,0
6,205,2.102,45.703,2848.2,0,0,0,0,0,0,0,0,0,16.378,13.42,0,0,0,0,0
6,205,2.102,45.703,2848.2,0,0,0,0,0,0,0,0,0,1.5079,0.18667,0,0,0,0,1.5996
6,205,2.102,45.703,2848.2,0,0,0,0.011436,0,0,0,0,0,0,0.18667,0,0,0,0,0
6,205,2.102,45.703,2848.2,0,0,0,0,1.42,0,0.16424,0,0,0.91947,10.743,0,0,0,0,0
6,205,2.102,45.703,2848.2,10.142,0,0,0,0,0,0,0,0,8.0476,19.429,0,0,0,0,0
6,205,2.102,45.703,2848.2,0.008333,0,0,0,0,0.006606,26.724,0,0,1.9819,0.18667,0,0,0,0,0.11426
6,205,2.102,45.703,2848.2,0.99233,0,0,0.008332,0,0.008139,0,0,0,0.91947,5.5492,0,0,0,0,0
6,205,2.102,45.703,2848.2,0,0,7.8891,0.096272,0,0,0.16424,0.92719,0,21.917,10.743,0,0,0,0,0
6,205,2.102,45.703,2848.2,3.8816,0,8.6e-05,2.8372,0,0,0.16424,0,0,9.1202,1.6724,0,0,0,0,0
6,205,2.102,45.703,2848.2,0,0,0,11.361,0,0,0,0,0,1.1034,1.445,0,0,0,0,0
6,205,2.102,45.703,2848.2,0.008333,0,0,0,0,0,0,0,0,0.76342,0.34503,0,0,0,0,0
6,205,2.102,45.703,2848.2,4.3405,0,0,0,0.00855,0,0.075512,0,0,1.0076,5.5606,0,0,0,0,0
6,205,2.102,45.703,2848.2,0.85786,0,0,0,0,0,0,0,0,1.0139,28.053,0,0,0,0,0
6,205,2.102,45.703,2848.2,26.161,0,0,1.7802,0,0,0,0,0,0.63421,0.18667,0,0,0,0,0
6,205,2.102,45.703,2848.2,1.5123,0,0,0.01844,0,0.0001765,0.53887,0,0,0,0.18667,0,0,0,0,0
6,205,2.102,45.703,2848.2,22.009,0,0,0,0.01509,0.56566,0,0,0,5.7109,13.538,0,0,0,0,0
6,205,2.102,45.703,2848.2,0.0062716,0,0,0.008333,1.9463,0,0,0,0,0,0.33632,0,0,0,0,8.455
6,205,2.102,45.703,2848.2,0.8724,0,0,0,0,0,0,0,0,0,0.18667,0,0,0,0,0
6,205,2.102,45.703,2848.2,0.87552,0,0,0,0,0,0,0,0,0.18355,12.035,0,0,0,0,0
6,205,2.102,45.703,2848.2,0.42183,0,0,0,0.56938,0.0022856,0,0,0,0.63421,9.4508,0,0,0,0,0
6,205,2.102,45.703,2848.2,0,0,0,0.00644,0.016155,0,0,0,0,0,3.8662,0,0,0,0,0
6,205,2.102,45.703,2848.2,0.014052,0,0,7.95e-05,0,0.045969,0.010505,0,0,7.6506,7.5145,0,0,0,0,0
6,205,2.102,45.703,2848.2,3.5654,0,0,0,2.7789,0,0.11746,0,0,18.081,0.18667,0,0,0,0,0
6,205,2.102,45.703,2848.2,0.33212,0,0,3.8075,0,0,0,0,0,2.6253,9.0595,0,0,0,0,0
6,205,2.102,45.703,2848.2,0.1708,0,0,0,0,0,7.7419,0,0,0,18.235,0,0,0,0,0
6,205,2.102,45.703,2848.2,12.725,0,0,3.5872,0,0,0,0,0,4.212,2.9499,0,0,0,0,0
6,205,2.102,45.703,2848.2,0.87217,0,0,8.293,0,0,0,0,0,0,0.34986,0,0,0,0,0
6,205,2.102,45.703,2848.2,0.003295,0,1.8242,6.7785,3.2576,0,0,0,0,5.7109,0.18667,0,0,0,0,0
6,205,2.102,45.703,2848.2,0.003468,0,0,0.002868,0,0.10183,0.16424,0,0,0.44575,0.18667,0,0,0,0,0.11426
6,205,2.102,45.703,2848.2,0.11856,0,0,0,7.868,0.005223,10.655,0,0,16.378,0.34092,0,0,0,0,0
6,205,2.102,45.703,2848.2,0,0,0,0.10841,0,0,0.16424,0,0,6.8425,0.18667,0,0,0,0,0
6,205,2.102,45.703,2848.2,22.43,0,0,0,0,0,0.075512,0,0,0,3.65,0,0,0,0,0
6,205,2.102,45.703,2848.2,0,0,1.395,0.013631,0,0,0,0,0,3.8737,10.325,0,0,0,0,0.68554
6,205,2.102,45.703,2848.2,0,0,0,2.1098,0,0,0.94509,0,0,1.9819,0.39068,0,0,0,0,0
6,205,2.102,45.703,2848.2,0.65662,0,0,0,0,0,0,0,0,0.27721,14.249,0,0,0,0,0
6,205,2.102,45.703,2848.2,0.011139,0,0,0,0,0,0,0,0,0,0.41588,0,0,0,0,0
6,205,2.102,45.703,2848.2,8.7608,0,0,0,0.005421,0,0,0,0,0.44575,2.1299,0,0,0,0,0
6,205,2.102,45.703,2848.2,0,0,0,0,0,0,0.85532,0,0,0,0.18667,0,0,0,0,0
6,205,2.102,45.703,2848.2,0.1371,0,0,0,0,0,8.7735,0,0,0,1.3604,0,0,0,0,0
6,205,2.102,45.703,2848.2,0.008333,0,0,4.7597,0,0,0,0,0,0,0.18667,0,0,0,0,0
6,205,2.102,45.703,2848.2,0,0,0,0,0,0,0,0,0,0.73557,0.33629,0,0,0,0,0
6,205,2.102,45.703,2848.2,0.037247,0,0,0,0,0,12.954,0,0,1.0167,0.18667,0,0,0,0,0
6,205,2.102,45.703,2848.2,2.1529,0,0,0.002741,0,0,0,0,0,0.76342,0.18667,0,0,0,0,0
6,205,2.102,45.703,2848.2,0.021011,0,0,0,2.5876,0,0,0,0,0,10.036,0,0,0,0,0
6,205,2.102,45.703,2848.2,3.9623,0,0,0.85036,0,0,0,0,0,0,0.18667,0,0,0,0,5.2558
6,205,2.102,45.703,2848.2,0,0,0,0.040109,0,0,0,0,0,7.8617,0.35372,0,0,0,0,0
6,205,2.102,45.703,2848.2,0.33988,0,0,0,0,0,0,0,0,1.9819,4.481,0,0,0,0,0
6,205,2.102,45.703,2848.2,1.3481,0,0,20.314,0,0,0,0,0,1.7864,10.325,0,0,0,0,0
6,205,2.102,45.703,2848.2,0.88418,0,0,0.017786,0.011874,0,0,0,0,0.27721,1.1511,0,0,0,0,0
6,205,2.102,45.703,2848.2,0,0,0,8.6468,0,0,35.656,0,0,0,0.18667,0,0,0,0,0
6,205,2.102,45.703,2848.2,0.0021305,0,0,0,0,0,0,0,0,0,12.927,0,0,0,0,0
6,205,2.102,45.703,2848.2,7.9328,0,0,0,30.602,0,0,0,0,0,0.33631,0,0,0,0,0
6,205,2.102,45.703,2848.2,0.0055799,0,0,0.001397,0,0,0,0,0,1.5079,0.18667,0,0,0,0,0
6,205,2.102,45.703,2848.2,0.002998,0,0,0,0.000739,0.073771,0,0,0,8.4961,0.35462,0,0,0,0,0
6,205,2.102,45.703,2848.2,0.007697,0,0,0.019294,0,0,0,0,0,0.73557,13.082,0,0,0,0,0
6,205,2.102,45.703,2848.2,0.59116,0,0,13.118,0.005202,0.029859,0,0,0,1.0245,5.1602,0,0,0,0,0
6,205,2.102,45.703,2848.2,0.002868,0,0,0,0,0.017085,0,0,0,0.44575,0.26048,0,0,0,0,0
6,205,2.102,45.703,2848.2,2.3531,0,0,0.0055384,0,0,0,0,0,0,0.33749,0,0,0,0,0
6,205,2.102,45.703,2848.2,0.52276,0,0,2.6878,0,0,0,0,0,0.76777,0.44504,0,0,0,0,0
6,205,2.102,45.703,2848.2,0,0,0,0.096272,0,0,0,0,0,1.0076,12.035,0,0,0,0,0
6,205,2.102,45.703,2848.2,4.0852,0,0,0.11408,0.41074,0,0,0,0,0,6.9144,0,0,0,0,0
6,205,2.102,45.703,2848.2,0.0093445,0,1.8242,0.85576,0.26362,0,23.424,0,0,0.44682,7.0517,0,0,0,0,0
6,205,2.102,45.703,2848.2,0.00524,0,0,0.002508,0,0,0,0,0,0,0.18667,0,0,0,0,0
6,205,2.102,45.703,2848.2,0.030146,0,0,0,0.78797,0,0.76622,0,0,5.6716,0.18667,0,0,0,0,0
6,205,2.102,45.703,2848.2,0.67615,0,0,0.008332,0,0,0.075512,0,0,13.788,2.5654,0,0,0,0,0
6,205,2.102,45.703,2848.2,0.30924,0,0,0,0,0,0,0,0,8.5959,0.18667,0,0,0,0,0
6,205,2.102,45.703,2848.2,0,0,0,0.017026,1.3051,0,0.16424,0,0,8.5959,0.46726,0,0,0,0,0
6,205,2.102,45.703,2848.2,0,0,0,6.3e-05,0.55615,0,0,0,0,0,1.2884,0,0,0,0,0
6,205,2.102,45.703,2848.2,0,0,0,0.003756,0,0,9.6539,0,0,18.081,0.18667,0,0,0,0,0.68554
6,205,2.102,45.703,2848.2,0.0065058,0,0,0.008333,1.9754,0,0,0,0,21.917,5.114,0,0,0,0,0
6,205,2.102,45.703,2848.2,0.87303,0,0,31.19,0,0,0.010505,0,0,1.261,0.34071,0,0,0,0,0
6,205,2.102,45.703,2848.2,0.045025,0,0,0,0,0,0.16424,0,0,0,6.1969,0,0,0,0,0
6,205,2.102,45.703,2848.2,0,0,0,0.000502,0.38219,0,0,0,0,0,0.18667,0,0,0,0,0
6,205,2.102,45.703,2848.2,0,0,0,3.03,0,0.0018444,0.84533,0,0,1.0139,4.4726,0,0,0,0,1.1426
6,205,2.102,45.703,2848.2,0,0,0,0,0.002508,0.83033,0,0,0,0,0.18667,0,0,0,0,0
6,205,2.102,45.703,2848.2,0.012245,0,0,0,0,0.80069,0.16424,0,0,2.6253,1.3308,0,0,0,0,0
6,205,2.102,45.703,2848.2,0,0,0,9.0845,4.4884,0,0.02739,0.78755,0,1.0834,6.4398,0,0,0,0,0
6,205,2.102,45.703,2848.2,0,0,0,0.010579,0,0,30.132,0,0,7.8617,0.18667,0,0,0,0,0
6,205,2.102,45.703,2848.2,0.008333,0,0,0.00062,0,0,0,0,0,19.403,0.18667,0,0,0,0,0
6,205,2.102,45.703,2848.2,0,0,0,0,0,0,0,6.3833,0,1.0076,1.445,0,0,0,0,0
6,205,2.102,45.703,2848.2,0.0084585,0,0,0,0.9969,0,23.1,0,0,1.7327,0.88794,0,0,0,0,1.1426
6,205,2.102,45.703,2848.2,0.008334,0,0,3.8631,0,0,0,0,0,16.378,0.18667,0,0,0,0,0
6,205,2.102,45.703,2848.2,0.017462,0,0,0.83359,0,0,0,0,0,1.0245,0.18667,0,0,0,0,0
6,205,2.102,45.703,2848.2,0.45674,0,0,0.4243,0,0,0,1.431,0,0.68445,0.85328,0,0,0,0,0
6,205,2.102,45.703,2848.2,0.005239,0,0,0.002741,0,0,0,0,0,1.5079,0.37122,0,0,0,0,0
6,205,2.102,45.703,2848.2,0,0,0,0.65369,0,0,0.16424,0,0,1.5079,2.0593,0,0,0,0,0
6,205,2.102,45.703,2848.2,3.0886,0,0,0.008333,0,0,29.312,0,0,0.63421,1.09,0,0,0,0,0
6,205,2.102,45.703,2848.2,0.008333,0,0,0.008333,0,0,0,0,0,0,0.34092,0,0,0,0,8.455
6,205,2.102,45.703,2848.2,0.008333,0,0,0.008333,0,0,0,0,0,3.4087,11.749,0,0,0,0,0
6,205,2.102,45.703,2848.2,0.00829,0,0,0.000502,5.079,0,0,0,0,0.18355,0.35197,0,0,0,0,0
6,205,2.102,45.703,2848.2,0,0,0,0,0,0,0,0,0,0,0.35508,0,0,0,0,0
6,205,2.102,45.703,2848.2,0.008333,0,0.001956,0.8518,0,0,0,0,0,5.6716,4.2611,0,0,0,0,1.1426
6,205,2.102,45.703,2848.2,0,0,0,0,0,0,0,0,0,8.4961,0.18667,0,0,0,0,0
6,205,2.102,45.703,2848.2,0,0,0,0.80733,4.6686,0,0,0,0,0,0.18667,0,0,0,0,0
6,205,2.102,45.703,2848.2,1.7431,0,0,0.12076,0,0,0,0,0,1.5851,14.459,0,0,0,0,0
6,205,2.102,45.703,2848.2,0.008333,0,0,1.3778,0,0,0,0,0,9.1202,23.19,0,0,0,0,0
6,205,2.102,45.703,2848.2,0,0,0,0,0,0,0,0,0,1.0245,0.18667,0,0,0,0,0.68554
6,205,2.102,45.703,2848.2,0.007102,0,0,0.0020495,0,0,0.75485,0,0,0.27721,0.35372,0,0,0,0,0
6,205,2.102,45.703,2848.2,0,0,0,16.868,0,0,0.16424,0,0,0,0.18667,0,0,0,0,0
6,205,2.102,45.703,2848.2,0.005411,0,0,0.008333,0,0,0,0,0,18.081,0.18667,0,0,0,0,0
6,205,2.102,45.703,2848.2,0.88303,0,0,0.003821,0,0,0,0,0,0,5.5101,0,0,0,0,0
6,205,2.102,45.703,2848.2,0,0,0,0.0055859,0,0,0,0,0,0,1.0674,0,0,0,0,0
6,205,2.102,45.703,2848.2,0.11488,0,0.010338,0,0,0,0,0,0,0.73557,0.18667,0,0,0,0,0
6,205,2.102,45.703,2848.2,0.0002525,0,0,0,0,0,0.16424,0,0,1.7327,31.663,0,0,0,0,0
6,205,2.102,45.703,2848.2,0,0,0,0.39756,0,0,0,0,0,0,2.5119,0,0,0,0,1.1426
6,205,2.102,45.703,2848.2,3.3496,0,0,0,0,0.015838,0,0,0,1.9819,19.58,0,0,0,0,0
6,205,2.102,45.703,2848.2,0,0.016666,0,0,0,0,0,0,0,0.68445,2.7192,0,0,0,0,0
6,205,2.102,45.703,2848.2,0,0,0,0.0052205,0.016665,0,0,0,0,8.4961,20.059,0,0,0,0,0
6,205,2.102,45.703,2848.2,0.012245,0,0,8.9261,2.4469,0,0,0,0,1.0834,8.6757,0,0,0,0,0
6,205,2.102,45.703,2848.2,0.008333,0,0,0,0,0,3.1817,0,0,0,9.34,0,0,0,0,0
6,205,2.102,45.703,2848.2,6.3864,0,0,0.83594,0,0,0,0,0,13.788,0.34266,0,0,0,0,0
6,205,2.102,45.703,2848.2,0.021907,0,0.000253,6.4994,0,0,0,0,0,1.0834,2.2905,0,0,0,0,0
6,205,2.102,45.703,2848.2,0,0,0,0,0,0,0,0,0,2.6253,0.18667,0,0,0,0,0
6,205,2.102,45.703,2848.2,0,0,0,0.012409,0.001397,0.011728,0,0,0,0,4.4486,0,0,0,0,0
6,205,2.102,45.703,2848.2,0,0,0,0,0,0,7.1875,0,0,0,0.18667,0,0,0,0,0
6,205,2.102,45.703,2848.2,0.0002525,0,0,0,0,0,0,0,0,0.39237,0.18667,0,0,0,0,0
6,205,2.102,45.703,2848.2,0.76741,0,0,0,0,2.5939,27.191,0,0,0,0.18667,0,0,0,0,0
6,205,2.102,45.703,2848.2,7.9328,0,0,0,4.4884,0,0,0,0,0.68445,0.18667,0,0,0,0,0
6,205,2.102,45.703,2848.2,6.5127,0,0.47853,0,0.01248,0,0.16424,0,0,10.481,0.33691,0,0,0,0,0
6,205,2.102,45.703,2848.2,0.008333,0,0,0,0,0,0,0,0,1.1034,1.9337,0,0,0,0,0
6,205,2.102,45.703,2848.2,0,0,0,0,0,0,0.16424,0,0,1.7864,17.386,0,0,0,0,0
6,205,2.102,45.703,2848.2,22.97,0,0,1.2742,0,0.23683,0,0,0,1.5851,14.69,0,0,0,0,0
6,205,2.102,45.703,2848.2,0,0,0,3.3935,0,0.040268,0,0,0,18.081,0.18667,0,0,0,0,0
6,205,2.102,45.703,2848.2,2.1168,0,0,0,0.00328,0,28.049,0,0,8.5959,0.18667,0,0,0,0,2.5137
6,205,2.102,45.703,2848.2,0.02681,0,0,0,10.182,0,0,0,0,1.0139,0.18667,0,0,0,0,3.0849
6,205,2.102,45.703,2848.2,2.0247,0,0,12.781,0,0,0,0,0,0.68445,0.18667,0,0,0,0,0
6,205,2.102,45.703,2848.2,0,0,0,0.81761,0,0,0,0,0,0,0.18667,0,0,0,0,0
6,205,2.102,45.703,2848.2,0,0,0,0,13.706,0,0,0,0,0,0.18667,0,0,0,0,0
6,205,2.102,45.703,2848.2,0,0,0,0,0,0,0.0029097,0,0,0,0.34092,0,0,0,0,0
6,205,2.102,45.703,2848.2,14.895,0,0,0.008321,0,0,0,0,0,2.6253,0.35197,0,0,0,0,0
6,205,2.102,45.703,2848.2,0.88303,0,0,0.003355,0,0,0,0,0,0,1.0674,0,0,0,0,0
6,205,2.102,45.703,2848.2,0,0,0,0,0,0,17.516,0,0,1.1822,2.274,0,0,0,0,0
6,205,2.102,45.703,2848.2,0,0,0,0.0006155,0,0,0,1.0019,0,19.403,0.18667,0,0,0,0,0
6,205,2.102,45.703,2848.2,4.8643,0,0,0,0.72575,0,0,0,0,1.0245,0.18667,0,0,0,0,0
6,205,2.102,45.703,2848.2,0,0,0,3.0479,0,0,0,0,0,0,2.4339,0,0,0,0,0
6,205,2.102,45.703,2848.2,4.5961,0,0,0.70632,0,0,0.16424,0,0,0.65812,0.18667,0,0,0,0,1.5996
6,205,2.102,45.703,2848.2,0,0,0,0.002508,0,0,0,0,0,9.1202,24.251,0,0,0,0,0
6,205,2.102,45.703,2848.2,0.50695,0,0,0.024254,0,0,0.010505,0,0,0.73557,0.35737,0,0,0,0,0
6,205,2.102,45.703,2848.2,1.2418,0,0,0,0,0,0,0,0,0.55196,2.7192,0,0,0,0,0
6,205,2.102,45.703,2848.2,0.003355,0,0,0,0.003346,0,30.85,0,0,0.4212,0.18667,0,0,0,0,0
6,205,2.102,45.703,2848.2,0.007984,0,0,0,0,0,0,0,0,7.8617,16.454,0,0,0,0,0
6,205,2.102,45.703,2848.2,1.0468,0,0,0,0,0,1.0915,0,0,0,0.98527,0,0,0,0,1.1426
6,205,2.102,45.703,2848.2,0,0,0,0.39756,8.0637,0,0,0,0,1.4449,0.95751,0,0,0,0,0
6,205,2.102,45.703,2848.2,2.2086,0,0,0.000124,0,0,0.76622,0,0,5.7231,0.18667,0,0,0,0,0
6,205,2.102,45.703,2848.2,0.007475,0,0,0,0,0,0,0,0,0.65812,0.18667,0,0,0,0,0
6,205,2.102,45.703,2848.2,0,0,0,0,0.0027889,0,2.3743,0,0,1.057,32.942,0,0,0,0,0
6,205,2.102,45.703,2848.2,0.02612,0,0,0.014399,0,0,25.921,0,0,1.9819,5.4517,0,0,0,0,0
6,205,2.102,45.703,2848.2,0.008333,0,0,0,0,0,0.16424,0,0,0.76777,14.178,0,0,0,0,0
6,205,2.102,45.703,2848.2,0,0,0,10.063,0,0,0,0,0,1.0245,33.928,0,0,0,0,0
6,205,2.102,45.703,2848.2,2.825,0,0,0.008332,0,0,0.16424,0,0,3.8737,0.18667,0,0,0,0,0
6,205,2.102,45.703,2848.2,0,0,0,3.1191,0,0,0,0,0,36.785,0.18667,0,0,0,0,0
6,205,2.102,45.703,2848.2,0,0,0,2.0047,0,0,0,0,0,0,0.18667,0,0,0,0,0
6,205,2.102,45.703,2848.2,0.87177,0,0,1.8237,0,0,0,0,0,0.55196,1.0623,0,0,0,0,0
6,205,2.102,45.703,2848.2,0.028116,0,0,0,0,0,0.010505,0,0,6.8425,0.18667,0,0,0,0,0
6,205,2.102,45.703,2848.2,1.1731,0,0,0.005239,4.969,0,0,0,0,8.5959,12.447,0,0,0,0,2.0566
6,205,2.102,45.703,2848.2,0,0,0,0,0.016663,0.00078163,34.223,0,0,9.1202,0.18667,0,0,0,0,0
6,205,2.102,45.703,2848.2,0.008333,0,0,0.000124,0,12.46,0,0,0,0.21027,0.18667,0,0,0,0,0
6,205,2.102,45.703,2848.2,0,0,0,0,0,0.83033,0,0,0,1.0167,0.70126,0,0,0,0,0
6,205,2.102,45.703,2848.2,0,0,0,2.4738,0,0,0,0,0,1.0834,0.33238,0,0,0,0,0
6,205,2.102,45.703,2848.2,0.003821,0,0,0.0067551,0,0,0,0,0,5.7231,0.34266,0,0,0,0,0
6,205,2.102,45.703,2848.2,0,0,0,0,0,0,0,0,0,0.18355,0.33632,0,0,0,0,0
6,205,2.102,45.703,2848.2,0,0,0,0.008321,0,0,0,0,0,0,0.18667,0,0,0,0,0
6,205,2.102,45.703,2848.2,0,0,0,0,0,0,0,0,0,12.135,0.38211,0,0,0,0,0
6,205,2.102,45.703,2848.2,0.16655,0,0,3.0123,0,0,0,0,0,0,1.9337,0,0,0,0,0
6,205,2.102,45.703,2848.2,0.013562,0,0,14.205,0,0,0.16424,0,0,0,0.18667,0,0,0,0,0
6,205,2.102,45.703,2848.2,0.33212,0,0,4.5547,16.192,0,0,0,0,1.9819,0.18667,0,0,0,0,0
6,205,2.102,45.703,2848.2,0,0,0,0.008333,0,0,0.84533,0,0,1.1034,18.789,0,0,0,0,0
6,205,2.102,45.703,2848.2,0.029564,0,0,0.020892,0.010212,0,37.068,0,0,0.4212,0.93382,0,0,0,0,0
6,205,2.102,45.703,2848.2,0.035877,0,0,3.4683,0,0,0,0,0,3.4087,0.18667,0,0,0,0,0
6,205,2.102,45.703,2848.2,0.008333,0,0,1.0634,3.0086,0,0,0,0,0.73557,4.4486,0,0,0,0,0
6,205,2.102,45.703,2848.2,0.00328,0,0,3.7087,1.0324,0,0,0,0,0,2.2783,0,0,0,0,0
6,205,2.102,45.703,2848.2,0.8691,0,0,0.004345,0,0.00026475,3.1817,0,0,4.212,5.5621,0,0,0,0,0
6,205,2.102,45.703,2848.2,3.9623,0,0,0,0,0.00078163,7.3822,0,0,0.27721,0.34384,0,0,0,0,0
6,205,2.102,45.703,2848.2,0,0,0.44887,0.002998,0,0,0,0,0,1.7327,11.622,0,0,0,0,0
6,205,2.102,45.703,2848.2,7.5005,0,0,0.002011,0,0,0,0,0,0.91947,0.47918,0,0,0,0,0
6,205,2.102,45.703,2848.2,0.000765,0,0,3.638,0,0,0,0,0,1.0076,0.18667,0,0,0,0,0
6,205,2.102,45.703,2848.2,1.3083,0,0,0.00524,0,0,0,0,0,0.91947,0.18667,0,0,0,0,0
6,205,2.102,45.703,2848.2,0,0,0,0,0,0,0.05145,0,0,8.5959,11.953,0,0,0,0,2.0566
6,205,2.102,45.703,2848.2,0.23871,0,0,0.005239,0,0,0,0,0,10.481,0.18667,0,0,0,0,0
6,205,2.102,45.703,2848.2,0.002998,0,0,0,0,1.5051,8.7735,0,0,0.72035,5.1602,0,0,0,0,0
6,205,2.102,45.703,2848.2,0,0,0,0,0.000739,0,0,3.8803,0,0,0.18667,0,0,0,0,0
6,205,2.102,45.703,2848.2,0,0,4.3868,0.008542,0,0,0,0,0,0.73557,0.18667,0,0,0,0,0
6,205,2.102,45.703,2848.2,0.025776,0.0079755,0,0.217,0,0,0,0,0,8.0476,1.263,0,0,0,0,0
6,205,2.102,45.703,2848.2,0.24326,0,0,0,0,0,0,0,0,0,0.18667,0,0,0,0,0
6,205,2.102,45.703,2848.2,0,0,0,16.536,0,0,0,0,0,3.4087,0.34287,0,0,0,0,0
6,205,2.102,45.703,2848.2,1.8855,0,0,0.029758,0,0,0,0,0,0.76777,0.3452,0,0,0,0,0
6,205,2.102,45.703,2848.2,0.0068531,0,0,0,0,0,0,0,0,0.65812,0.18667,0,0,0,0,0
6,205,2.102,45.703,2848.2,0.86274,0,0,37.471,0,0,0,0,0,1.7327,4.2611,0,0,0,0,0
6,205,2.102,45.703,2848.2,0.042211,0,0,0,0.016667,0.0016717,0,0,0,0,5.2617,0,0,0,0,0
6,205,2.102,45.703,2848.2,0.125,0,0,0,0,0,0,0,0,5.7109,4.4486,0,0,0,0,0
6,205,2.102,45.703,2848.2,0,0,0,9.5341,0,0.0081189,0,0,0,1.164,4.6158,0,0,0,0,0
6,205,2.102,45.703,2848.2,0.00829,0,4.4704,0.32585,0,0,0,0,0,0,0.18667,0,0,0,0,0
6,205,2.102,45.703,2848.2,10.142,0,0,0,0,0,0,0,0,0,0.22358,0,0,0,0,0
6,205,2.102,45.703,2848.2,4.4732,0,0,0.0052205,2.4144,0.28797,0,0,0,5.7109,0.18667,0,0,0,0,0
6,205,2.102,45.703,2848.2,0.008333,0,0,0.80775,2.3583,0,0.16424,0,0,0.63421,0.18667,0,0,0,0,0
6,205,2.102,45.703,2848.2,0,0,0,0.19728,0,0,0,0,0,9.1622,15.74,0,0,0,0,0
6,205,2.102,45.703,2848.2,0,0,0,0,0,0,31.661,0,0,0,0.35238,0,0,0,0,0
6,205,2.102,45.703,2848.2,0,0,0,0,0,0,0,0,0,0.72035,0.35321,0,0,0,0,0
6,205,2.102,45.703,2848.2,0.125,0,0,0,0,0,0,0,0,1.9819,8.3848,0,0,0,0,0
6,205,2.102,45.703,2848.2,0,0,0,0.73736,0,0,30.85,0,0,1.5851,0.26048,0,0,0,0,0
6,205,2.102,45.703,2848.2,0.057232,0,0,21.129,0,0.0016717,0.53887,0,0,10.481,1.9933,0,0,0,0,0
6,205,2.102,45.703,2848.2,0.011575,0,0,0,0.16874,0,0.16424,0,0,0,0.18667,0,0,0,0,0
6,205,2.102,45.703,2848.2,0.083378,0,0,2.0318,0,0,0,0,0,2.6253,0.344,0,0,0,0,0
6,205,2.102,45.703,2848.2,0,0,0,0,0,0,0,0,0,1.1822,13.538,0,0,0,0,0
6,205,2.102,45.703,2848.2,0.92649,0,0,0.014635,0,0,0,0,0,1.0076,13.082,0,0,0,0,0
6,205,2.102,45.703,2848.2,0,0,0,0,0,0,0.16424,0,0,10.481,0.52439,0,0,0,0,0
6,205,2.102,45.703,2848.2,0,0,0.073862,0.0052205,0,0,0,2.4675,0,3.4087,12.757,0,0,0,0,0
6,205,2.102,45.703,2848.2,0.008333,0,0,0.008332,20.584,0,0,0.030107,0,0.39237,2.0321,0,0,0,0,0
6,205,2.102,45.703,2848.2,0.87011,0,0,0,0,0,0,0,0,9.1622,0.36132,0,0,0,0,0
6,205,2.102,45.703,2848.2,0.225,0,0,0.0021738,0,0,0,0,0,0.91947,0.18667,0,0,0,0,0
6,205,2.102,45.703,2848.2,0,0,0,0,0,0,0,0,0,8.4961,0.18667,0,0,0,0,0
6,205,2.102,45.703,2848.2,0.05032,0,0,0,0,0,0,0,0,6.8425,31.227,0,0,0,0,0
6,205,2.102,45.703,2848.2,0.008333,0,0,0,0,0.91248,16.731,0,0,1.0139,15.858,0,0,0,0,0
6,205,2.102,45.703,2848.2,0,0,0,0,0,0,0,0,0,0.63421,0.34267,0,0,0,0,0
6,205,2.102,45.703,2848.2,0.0076281,0,0,0.000502,0,0,0.16424,0,0,5.7109,0.18667,0,0,0,0,0.11426
6,205,2.102,45.703,2848.2,0.86243,0,0,0,0,0,0,0,0,0.63421,0.18667,0,0,0,0,0
6,205,2.102,45.703,2848.2,1.9375,0,0,0,3.3765,0,0,0,0,1.0167,0.34384,0,0,0,0,0
6,205,2.102,45.703,2848.2,0,0,0,0,0,0,0,0,0,0,34.614,0,0,0,0,0
6,205,2.102,45.703,2848.2,11.943,0,0,0,0,0.00026475,0,0,0,1.1034,0.18667,0,0,0,0,0
6,205,2.102,45.703,2848.2,10.631,0,0,0,0,0,0,0.009538,0,0.44682,0.18667,0,0,0,0,0
6,205,2.102,45.703,2848.2,0,0,0,0,0,6.1151,0.075512,0,0,1.5079,27.825,0,0,0,0,0
6,205,2.102,45.703,2848.2,0.008333,0,0,0,0.072764,0,0,0,0,3.8737,12.182,0,0,0,0,0
6,205,2.102,45.703,2848.2,0.050833,0,0,0.002485,0,0,0,0,0,0,0.35864,0,0,0,0,0
6,205,2.102,45.703,2848.2,1.0898,0,0,0.017026,0.0027889,0,30.869,0,0,0,5.5606,0,0,0,0,0
6,205,2.102,45.703,2848.2,0.0084585,0,0,0,0,0,0,0,0,8.5959,0.18667,0,0,0,0,0
6,205,2.102,45.703,2848.2,22.009,0,0,0.00387,0,0,0.85532,0,0,7.6506,3.7001,0,0,0,0,0
6,205,2.102,45.703,2848.2,0.031326,0,0,10.918,0,0,0,0,0,18.081,0.18667,0,0,0,0,0
6,205,2.102,45.703,2848.2,0,0,0,0,0,0,0,0,0,0.91947,0.97191,0,0,0,0,0
6,205,2.102,45.703,2848.2,0.0168,0,0,19.532,0,0,0,0,0,3.4087,0.18667,0,0,0,0,0
6,205,2.102,45.703,2848.2,0.3515,0,0,0.31984,0,0,0.50998,0,0,1.7864,0.18667,0,0,0,0,0
6,205,2.102,45.703,2848.2,0,0,0,0,0.016666,0,0,0,0,0,4.481,0,0,0,0,0.11426
6,205,2.102,45.703,2848.2,0.002868,0,0,0,0,0,0,0,0,0.65812,0.33626,0,0,0,0,0
6,205,2.102,45.703,2848.2,0.8691,0,0,6.5175,14.41,0,17.956,0,0,0.55196,0.35238,0,0,0,0,0
6,205,2.102,45.703,2848.2,0,0,0,0.93611,0,0.44941,0,0,0,0,4.8003,0,0,0,0,0
6,205,2.102,45.703,2848.2,0.00062,0,0,7.95e-05,0,0.0019932,0,0,0,4.212,8.8787,0,0,0,0,0
6,205,2.102,45.703,2848.2,4.9277,0,0,4.499,0,0,0,0,0,0.63421,14.249,0,0,0,0,0
6,205,2.102,45.703,2848.2,17.641,0,0.000351,0,0,0,0.85532,1.6012,0,0,0.18667,0,0,0,0,0
6,205,2.102,45.703,2848.2,0.18253,0,0,13.867,0,0,0,0,0,1.0167,9.4508,0,0,0,0,0
6,205,2.102,45.703,2848.2,0.014813,0,0,0,0,0,0.16424,0,0,0,0.18667,0,0,0,0,0
6,205,2.102,45.703,2848.2,0.000126,0,8.8192,8.472,0,0,0.16424,0,0,1.7327,0.18667,0,0,0,0,0
6,205,2.102,45.703,2848.2,0.87177,0,0,0,0,0,0,0,0,8.0476,0.18667,0,0,0,0,0
6,205,2.102,45.703,2848.2,0.010122,0,0,0.017355,0,0,0.16424,0,0,0.44682,29.012,0,0,0,0,0.11426
6,205,2.102,45.703,2848.2,0,0,0.014259,0.002868,0,0.00026475,0.53887,0,0,0,4.7763,0,0,0,0,0
6,205,2.102,45.703,2848.2,0,0,0,0,0,0,0,0,0,1.0834,0.18667,0,0,0,0,0
6,205,2.102,45.703,2848.2,3.9623,0,0,0,0,0,0,0,0,1.164,0.18667,0,0,0,0,0
6,205,2.102,45.703,2848.2,0,0,0,0,0,0,0,0,0,1.5859,0.40813,0,0,0,0,0
6,205,2.102,45.703,2848.2,0,0,0,0,0,0,0.05145,0,0,0.27721,6.0116,0,0,0,0,0
6,205,2.102,45.703,2848.2,0.87552,0,0,0.000765,0,0,0,0,0,13.788,17.756,0,0,0,0,0
6,205,2.102,45.703,2848.2,0.22392,0,0,5.0862,0,0,0,0,0,0.056957,12.846,0,0,0,0,0.11426
6,205,2.102,45.703,2848.2,0,0,0,0.23368,0,0,0,0,0,10.481,8.8787,0,0,0,0,0
6,205,2.102,45.703,2848.2,0.00524,0,0.096366,0,0,0.00078163,8.637,0,0,0.44682,6.3191,0,0,0,0,0.11426
6,205,2.102,45.703,2848.2,0,0,0,0,0,0,0,0,0,1.057,0.33356,0,0,0,0,0
6,205,2.102,45.703,2848.2,4.8643,0,0,0.32585,0,0.25819,0.16424,0,0,0,0.39068,0,0,0,0,0
6,205,2.102,45.703,2848.2,0.008333,0,0,3.03,36.818,0,0,0,0,1.7864,0.34267,0,0,0,0,0
6,205,2.102,45.703,2848.2,7.2357,0,0,0,0,0,0,0,0,3.8254,0.34267,0,0,0,0,0
6,205,2.102,45.703,2848.2,0,0,0,0.1805,7.1762,0,0,0,0,0,0.54798,0,0,0,0,0
6,205,2.102,45.703,2848.2,4.8643,0,0,0.4312,0,0,0,0,0,0,0.34266,0,0,0,0,0
6,205,2.102,45.703,2848.2,0,0,5.557,0,0,0,0,0,0,1.0167,1.1651,0,0,0,0,0
6,205,2.102,45.703,2848.2,11.68,0,0,0.01117,0,8.948,0,0,0,3.8737,8.0844,0,0,0,0,0
6,205,2.102,45.703,2848.2,0,0,0,0.0067551,0,0,0,0,0,0,7.8198,0,0,0,0,0
6,205,2.102,45.703,2848.2,0,0,0,17.927,0,0,0,0,0,0,0.18667,0,0,0,0,0
6,205,2.102,45.703,2848.2,0.035004,0,0,0.78271,0,0,0,0,0,0.76777,5.5606,0,0,0,0,1.1426
6,205,2.102,45.703,2848.2,0.0097027,0,0,0,0,0,0,0,0,0,0.33629,0,0,0,0,0
6,205,2.102,45.703,2848.2,0.00062,0,0,0.008397,0,0,0,0,0,1.0167,3.1118,0,0,0,0,0
6,205,2.102,45.703,2848.2,0.86211,0,0,0.000124,0,0,0,0,0,0.39237,0.18667,0,0,0,0,0
6,205,2.102,45.703,2848.2,0.92649,0,0,0.01117,0,0.0083085,0,0,0,0.21027,6.3191,0,0,0,0,0
6,205,2.102,45.703,2848.2,0,0,0,0,0,0,0.85532,0,0,19.403,4.2611,0,0,0,0,0
6,205,2.102,45.703,2848.2,0.004345,0,0,1.3436,0,0,19.224,0,0,0.44682,5.5492,0,0,0,0,0.68554
6,205,2.102,45.703,2848.2,1.3481,0,0,0.54358,0,0,0.16424,0,0,0,15.34,0,0,0,0,0
6,205,2.102,45.703,2848.2,0,0,0.026093,0,0,0,0,0,0,8.5959,2.9179,0,0,0,0,0
6,205,2.102,45.703,2848.2,0.008333,0,0,0,0,0,0,0,0,0,0.33865,0,0,0,0,0
6,205,2.102,45.703,2848.2,0,0,0,1.5295,0,0.00078163,0,0,0,0.63421,22.184,0,0,0,0,0
6,205,2.102,45.703,2848.2,0,0,0,0.007102,0,0,0,0,0,0,2.4339,0,0,0,0,0
6,205,2.102,45.703,2848.2,0.008333,0,0,0.008333,0,0,0,0,0,0.39237,0.92485,0,0,0,0,0
6,205,2.102,45.703,2848.2,0,0,0,0,1.1252,0,0.16424,0,1.33,1.5859,0.18667,0,0,0,0,0
6,205,2.102,45.703,2848.2,0.021885,0,0,0,0,0,0,0,0,0.63421,0.34398,0,0,0,0,0
6,205,2.102,45.703,2848.2,0,0,0,3.5121,0,0.22217,0.16424,0,0,0,0.33589,0,0,0,0,0
6,205,2.102,45.703,2848.2,0.037655,0,0,3.4215,0.53954,0,0.76622,0,0,1.5859,13.556,0,0,0,0,0
6,205,2.102,45.703,2848.2,0,0,0,0.27619,0,0,0,0,0,0,17.711,0,0,0,0,0
6,205,2.102,45.703,2848.2,1.2554,0,0,1.5707,4.398,0,0.075512,0,0,8.0476,0.18667,0,0,0,0,0
6,205,2.102,45.703,2848.2,0,0,0,0.000765,0,0,0,0,0,3.8737,4.2611,0,0,0,0,0
6,205,2.102,45.703,2848.2,0,0,0,0,0,0,0,0,0,0.76777,0.3823,0,0,0,0,0
6,205,2.102,45.703,2848.2,0.008333,0,0,15.056,0,0,0,0,0,0.44575,14.69,0,0,0,0,0
6,205,2.102,45.703,2848.2,12.725,0,0,0.0095455,0.0080535,0,0.16424,0,0,7.6506,2.3152,0,0,0,0,0
6,205,2.102,45.703,2848.2,0.31521,0,0,0,0.04108,0.011728,0,0,0,19.403,0.18667,0,0,0,0,0
6,205,2.102,45.703,2848.2,0.004345,0,0,0.001669,0,0,0,0,0,0.39237,13.082,0,0,0,0,1.1426
6,205,2.102,45.703,2848.2,0.007984,0,0,0,0,0,0,0,0,9.1202,0.18667,0,0,0,0,0
6,205,2.102,45.703,2848.2,0,0,0,0,12.391,0,0,0,0,0.63421,2.3152,0,0,0,0,0
6,205,2.102,45.703,2848.2,0,0,0,0,0,0,0,0,0,0,9.9675,0,0,0,0,0
6,205,2.102,45.703,2848.2,0,0,0,0,0,0,0,0,0,0,0.34267,0,0,0,0,0
6,205,2.102,45.703,2848.2,0,0,0,0,11.37,0,0.94509,0,0,0,0.18667,0,0,0,0,0
6,205,2.102,45.703,2848.2,0.006701,0,0,0,0,0,0,0,0,4.212,0.344,0,0,0,0,0
6,205,2.102,45.703,2848.2,8.621,0,0,0,0,0,0,0,0,0.63421,4.0621,0,0,0,0,0
6,205,2.102,45.703,2848.2,0.01247,0,0,0,0.41074,0,0.16424,0,0,1.057,26.096,0,0,0,0,0
6,205,2.102,45.703,2848.2,0.009098,0,0,0,0,0,0.16424,0,0,8.0476,4.0621,0,0,0,0,0
6,205,2.102,45.703,2848.2,0,0,0,0,0,7.0536,0,0,0,0.056957,0.18667,0,0,0,0,0
6,205,2.102,45.703,2848.2,0.000126,0,0,0,0,0,0,0,0,3.8737,0.37122,0,0,0,0,0
6,205,2.102,45.703,2848.2,0.225,0,0,7.8532,0,0.013672,0.76622,0,0,1.4449,14.69,0,0,0,0,0
6,205,2.102,45.703,2848.2,0.45674,0,0,0,0,0,0,0,0,0,5.9899,0,0,0,0,0
6,205,2.102,45.703,2848.2,0,0,0,0.003756,0,0,0,0,0,1.0076,0.33238,0,0,0,0,0
6,205,2.102,45.703,2848.2,0.00247,0,0,0.009913,0,0,0,0,0,0,7.8478,0,0,0,0,1.5996
6,205,2.102,45.703,2848.2,0,0,0,1.0387,3.3765,0,0,0,0,0,0.18667,0,0,0,0,0
6,205,2.102,45.703,2848.2,0.012861,0,0.13895,0.8489,0,0,0,0,0,13.788,7.0517,0,0,0,0,0
6,205,2.102,45.703,2848.2,0.29942,0,0,0,0,0,0,0,0,1.164,20.602,0,0,0,0,0
6,205,2.102,45.703,2848.2,0,0,0,0,0,0,19.658,0,0,0,0.18667,0,0,0,0,1.5996
6,205,2.102,45.703,2848.2,3.8517,0,0,0,11.136,0,0,0,0,0,0.33356,0,0,0,0,0
6,205,2.102,45.703,2848.2,0,0,0,7.0195,0,0,0,0,0,0,13.363,0,0,0,0,0
6,205,2.102,45.703,2848.2,0.008333,0,0,0,2.7789,0.0041861,0,0,0,6.8425,0.18667,0,0,0,0,0
6,205,2.102,45.703,2848.2,0,0,0,0,0.14028,0,0.16424,0,0,9.1622,10.325,0,0,0,0,0
6,205,2.102,45.703,2848.2,0.87958,0,0,0.83603,0,0.0015973,25.905,0,0,0,10.036,0,0,0,0,5.7129
6,205,2.102,45.703,2848.2,0,0,0,0,0,1.4323,0,0,0,0.76342,0.18667,0,0,0,0,0
6,205,2.102,45.703,2848.2,3.136,0,0,0,0,0,0.16424,0,0,7.6506,13.363,0,0,0,0,0
6,205,2.102,45.703,2848.2,26.161,0,0,0,0.044814,0.25819,0,0,0,0,5.9814,0,0,0,0,0
6,205,2.102,45.703,2848.2,0,0,0,0.20276,0,0.56566,19.224,0,0,1.0076,0.34069,0,0,0,0,0
6,205,2.102,45.703,2848.2,0.0097895,0,0,0,1.1479,0,0.0029097,0,0,3.8737,0.18667,0,0,0,0,0
6,205,2.102,45.703,2848.2,4.0852,0,0,0,0.053861,0,0.16424,0,0,16.378,7.8198,0,0,0,0,0
6,205,2.102,45.703,2848.2,0,0,0,0.086761,0,0,0,0,0,0.27721,0.35197,0,0,0,0,0
6,205,2.102,45.703,2848.2,0.008333,0,0,10.615,6.1699,0,0,0,0,0,0.18667,0,0,0,0,1.1426
6,205,2.102,45.703,2848.2,0,0,0,0,0,0,0.16424,0,0,0,0.18667,0,0,0,0,0
6,205,2.102,45.703,2848.2,8.2164,0,0,0,0,0,0,0,0,0.65812,0.18667,0,0,0,0,0
6,205,2.102,45.703,2848.2,0.21846,0,0,2.7253,0,0,0,0,0,0.72035,0.96176,0,0,0,0,1.1426
6,205,2.102,45.703,2848.2,6.3e-05,0,0,19.532,0,0,0.16424,0,0,1.0167,1.4513,0,0,0,0,0
6,205,2.102,45.703,2848.2,0,0,0,0.036033,0,0,0,0,0,1.2479,6.4269,0,0,0,0,1.1426
6,205,2.102,45.703,2848.2,0,0,0,8.149,0,0,0,0,0,0,0.18667,0,0,0,0,0
6,205,2.102,45.703,2848.2,0,0,0,0,5.7896,0,0,0,0,10.481,9.34,0,0,0,0,0
6,205,2.102,45.703,2848.2,0.008333,0,0,0.000254,0.000172,0,8.637,0,0,0.44682,0.18667,0,0,0,0,0
6,205,2.102,45.703,2848.2,13.77,0,0,1.2332,0.10745,0,0.75485,0,0,13.788,11.85,0,0,0,0,0
6,205,2.102,45.703,2848.2,8.621,0,0,0.0063069,0,0,0,0,0,0.39237,0.45538,0,0,0,0,0
6,205,2.102,45.703,2848.2,1.5576,0,0,0.008333,0,0,0.16424,0,0,0,0.96176,0,0,0,0,0
6,205,2.102,45.703,2848.2,0.86565,0,0,0,0,0,0.16424,0,0,10.481,0.18667,0,0,0,0,0
6,205,2.102,45.703,2848.2,0.87958,0,0,0,0,0,0,0,0,1.0167,2.9511,0,0,0,0,0
6,205,2.102,45.703,2848.2,3.3106,0,0,0,0,0,0,0,0,1.2479,0.37122,0,0,0,0,0
6,205,2.102,45.703,2848.2,18.445,0,0,0,0,0,0.16424,0,0,0,23.624,0,0,0,0,0
6,205,2.102,45.703,2848.2,0.035877,0,0.000219,0.82429,0,0,0.16424,0,0,0.39237,0.18667,0,0,0,0,0
6,205,2.102,45.703,2848.2,0.008333,0,0,0,0,0,5.3824,0,0,0,1.6181,0,0,0,0,0
6,205,2.102,45.703,2848.2,0,0,0.13895,0,0.12782,0,0,0,0,1.9819,4.3035,0,0,0,0,0
6,205,2.102,45.703,2848.2,0.008333,0,0,0.11142,0,0.008139,0,0,0,0,15.093,0,0,0,0,0
6,205,2.102,45.703,2848.2,2.705,0,0,4.4098,0,0,0,0,0,0,22.311,0,0,0,0,0
6,205,2.102,45.703,2848.2,0,0,0,18.594,0,0,0,0,0,0.73557,0.18667,0,0,0,0,0
6,205,2.102,45.703,2848.2,0,0,0,0,10.963,0,0,0,0,16.378,12.447,0,0,0,0,0
6,205,2.102,45.703,2848.2,0,0,0,0,0.00524,0,0,0,0,0,0.18667,0,0,0,0,0
6,205,2.102,45.703,2848.2,0,0,0,0.018455,0,0,0,0,0,0,1.1511,0,0,0,0,0
6,205,2.102,45.703,2848.2,5.4745,0,0,0,0,0,19.804,0,0,1.6593,2.6226,0,0,0,0,0
6,205,2.102,45.703,2848.2,0.89084,0,0,0.90575,0,0,0,0,0,9.1202,5.9677,0,0,0,0,0
6,205,2.102,45.703,2848.2,1.6651,0,0,0.4243,0,0,0,0,0,0.44682,1.4588,0,0,0,0,0
6,205,2.102,45.703,2848.2,4.6248,0,0,0.57501,0,0,0,0,0,1.0076,15.093,0,0,0,0,0
6,205,2.102,45.703,2848.2,0.00644,0,0,0,0.35679,0,0,0,0,0,0.29739,0,0,0,0,0
6,205,2.102,45.703,2848.2,0.024172,0,0,0,0,0,8.7735,0,0,0,0.18667,0,0,0,0,0
6,205,2.102,45.703,2848.2,0,0,0,0,0,0,0.50998,0,0,0,27.831,0,0,0,0,0
6,205,2.102,45.703,2848.2,0,0,0,0.010579,0,0,0,0,0,0,11.612,0,0,0,0,0
6,205,2.102,45.703,2848.2,0.003355,0,0,0,0,0,0,0,0,8.0476,0.86716,0,0,0,0,0
6,205,2.102,45.703,2848.2,0,0,0,0.020303,0,0,0,0,0,0,0.18667,0,0,0,0,1.1426
6,205,2.102,45.703,2848.2,4.9277,0,0,2.9435,1.0324,0,0,0,0,0,12.182,0,0,0,0,0
6,205,2.102,45.703,2848.2,0.008333,0,0,0.00387,0,0,0.16424,0,0,0.76342,43.733,0,0,0,0,0
6,205,2.102,45.703,2848.2,0,0,0,0,0,0,0,0,0,18.081,0.18667,0,0,0,0,0
6,205,2.102,45.703,2848.2,0.0097027,0,0,0.62689,0,0,0,0,0,0.63421,0.18667,0,0,0,0,0
6,205,2.102,45.703,2848.2,0.87747,0,2.7497,0.82492,0,0,0,0,0,1.4449,0.18667,0,0,0,0,0
6,205,2.102,45.703,2848.2,0.070608,0,0,0,0,0,0,0,0,0.18355,0.18667,0,0,0,0,0
6,205,2.102,45.703,2848.2,0.01121,0,0,0.001397,0.10153,0.0015973,0,0,0,0.91947,0.18667,0,0,0,0,0
6,205,2.102,45.703,2848.2,0.001669,0,0,0.026465,0,0,0,0,0,0.27721,16.601,0,0,0,0,0
6,205,2.102,45.703,2848.2,0.00524,0,0,0.057708,0,1.9192,0.16424,0,0,0,0.18667,0,0,0,0,0
6,205,2.102,45.703,2848.2,0,0,0,0,0,4.4955,4.5947,0,0,1.1034,8.0844,0,0,0,0,0
6,205,2.102,45.703,2848.2,1.2814,0,0,0,0.099895,0,0,0.78754,0,1.5079,13.561,0,0,0,0,0
6,205,2.102,45.703,2848.2,0,0,0,0.84437,0,5.5788,34.704,0,0,0,0.63213,0,0,0,0,0
6,205,2.102,45.703,2848.2,29.989,0,0,0,0,0,0,0,0,1.0245,0.37122,0,0,0,0,0
6,205,2.102,45.703,2848.2,2.1529,0,0,0,0,0,0.95611,0,0,3.8254,0.34266,0,0,0,0,0
6,205,2.102,45.703,2848.2,0,0,0,0.1539,0,0,0.16424,0,0,7.6506,0.18667,0,0,0,0,1.1426
6,205,2.102,45.703,2848.2,0,0,0,5.4105,0,0,0,0,0,0.68445,7.0517,0,0,0,0,1.5996
6,205,2.102,45.703,2848.2,0,0,0,17.307,1.166,0,0,0,0,1.7864,5.5101,0,0,0,0,0
6,205,2.102,45.703,2848.2,0.29942,0,0,0,0,0,0,0,0,8.4961,19.708,0,0,0,0,0
6,205,2.102,45.703,2848.2,0,0,0,0.018097,14.41,2.5939,0.16424,0,0,18.081,0.18667,0,0,0,0,0
6,205,2.102,45.703,2848.2,0.67615,0,0,6.8434,6.3e-05,0,0,0,0,0,13.73,0,0,0,0,1.1426
6,205,2.102,45.703,2848.2,2.146,0,0,0.057708,0,0,0.16424,0,0,0.73557,3.2092,0,0,0,0,0
6,205,2.102,45.703,2848.2,0,0,0,0.005239,0,0,0,0,0,5.7109,0.37122,0,0,0,0,0
6,205,2.102,45.703,2848.2,0,0,0,2.0047,0.2056,0,0,0,0,0,8.38,0,0,0,0,0
6,205,2.102,45.703,2848.2,0.1371,0,0,0.23368,0,1.802,0,0,0,1.261,0.18667,0,0,0,0,0
6,205,2.102,45.703,2848.2,0.1286,0,0.001912,0.28821,0,0,0,0,0,3.8254,0.18667,0,0,0,0,1.1426
6,205,2.102,45.703,2848.2,1.6651,0,0,2.6562,0,0,0,0,0,36.785,0.18667,0,0,0,0,0
6,205,2.102,45.703,2848.2,0,0,0,16.868,0.001463,0,0,0,0,0,4.3035,0,0,0,0,0
6,205,2.102,45.703,2848.2,0.00524,0,0,4.1673,0,0,0,0.10409,0,8.4961,16.454,0,0,0,0,0
6,205,2.102,45.703,2848.2,1.8098,0,0,0.008341,0,0,0.16424,0,0,0,0.18667,0,0,0,0,0
6,205,2.102,45.703,2848.2,10.251,0,0,0,0,0,0,0,0,3.4087,6.2397,0,0,0,0,0
6,205,2.102,45.703,2848.2,1.0188,0,0,8.6936,0,0,0.75485,0,0,0.76342,0.18667,0,0,0,0,0
6,205,2.102,45.703,2848.2,0,0,0,0,0,0,0.16424,0,0,0,0.18667,0,0,0,0,0
6,205,2.102,45.703,2848.2,0,0,0,0.008333,0.4373,0,0,0,0,21.917,0.18667,0,0,0,0,0
6,205,2.102,45.703,2848.2,0.0097895,0,0,2.9435,0.00043,0,0,0,0,1.0167,8.0482,0,0,0,0,0
6,205,2.102,45.703,2848.2,0.013562,0,0,0,0,0,0,0,0,1.5859,0.18667,0,0,0,0,0
6,205,2.102,45.703,2848.2,0.029378,0,0,0.002508,0,0.005223,0,0,0,0,23.624,0,0,0,0,0
6,205,2.102,45.703,2848.2,0.003416,0,0,0.010417,0,0,15.683,0,0,18.081,9.1658,0,0,0,0,0
6,205,2.102,45.703,2848.2,0,0,0,0.082481,0,0.0066048,22.026,0,0,1.057,11.85,0,0,0,0,0
6,205,2.102,45.703,2848.2,2.6035,0,0,0.008365,0,0,0,0,0,0,1.9933,0,0,0,0,0
6,205,2.102,45.703,2848.2,0,0,0,0.82492,0.0080535,0,0,0,0,0,8.38,0,0,0,0,0.11426
6,205,2.102,45.703,2848.2,0,0,0,0.82018,0,0,0,0,0,16.378,0.18667,0,0,0,0,0
6,205,2.102,45.703,2848.2,0.81642,0,0,0,0,0,0,0,0,1.0076,14.372,0,0,0,0,0
6,205,2.102,45.703,2848.2,0,0,0,0,0,0,0,0,0,1.164,0.18667,0,0,0,0,0
6,205,2.102,45.703,2848.2,0.00524,0,0,0,1.2793,0,0,0,0,1.9819,0.18667,0,0,0,0,0
6,205,2.102,45.703,2848.2,2.1168,0,0,0,0,0,0,0,0,0,10.511,0,0,0,0,0
6,205,2.102,45.703,2848.2,0,0,0,2.7253,0,1.802,0.76622,0,0,1.0139,5.9814,0,0,0,0,0
6,205,2.102,45.703,2848.2,0,0,0,0.82536,0,0,0.50998,0,0,4.212,8.6757,0,0,0,0,0
6,205,2.102,45.703,2848.2,0.0001025,0,0,0.021555,0,0,0,0,0,0.8932,0.18667,0,0,0,0,0
7,206,1,121.38,7564,0.0059107,4.0868,0,0,0,0,0,0,0,16.378,2.3406,1.4806,0,0,0,0
7,206,1,121.38,7564,0,0,0,0.19115,0,0,0,0,0,0,5.5547,7.4323,0,0,0,0
7,206,1,121.38,7564,0.89567,0,0,0,0,0,0,0,0,0,0.52439,6.4389,0,0,0,0
7,206,1,121.38,7564,0,0,0.15035,0.1805,0.00062,0,0.16424,0,0,0.55196,42.828,1.6119,0,0,0,0
7,206,1,121.38,7564,2.2834,0,0,0.83993,0,0,0.16424,32.577,0,0,0.18667,6.4389,0,0,0,0
7,206,1,121.38,7564,3.7936,0,0,0,0.000172,0,0,0,0,0.18355,0.18667,2.5505,0,0,0,0.30344
7,206,1,121.38,7564,3.4514,0,0,0.003346,0,0,0,0,0,1.0167,0.3452,1.601,0,0,0,0
7,206,1,121.38,7564,0.0094073,0,0,0,0,0,25.921,0,0,0,4.7763,9.0943,0,0,0,0
7,206,1,121.38,7564,8.8582,0,0,6.3e-05,0,0,0,0,0,0,0.18667,4.7488,0,0,0,0
7,206,1,121.38,7564,0.00524,0,0,0.11619,0,0,0,0,0,5.7231,0.34092,20.037,0,0,0,0
7,206,1,121.38,7564,0.001192,0,0,0,0,0,0,0,0,1.0167,1.9936,62.76,0,0,0,0
7,206,1,121.38,7564,0.008333,0,0,0,0.0072046,0,0,0,0,1.261,51.321,2.6265,0,0,0,0
7,206,1,121.38,7564,8.1e-05,0,0,10.615,0,0,0,0,0,1.9819,14.813,38.617,0,0,0,0
7,206,1,121.38,7564,0.013878,0,0,0.283,0,0,0,0,0,0.55196,1.4444,0.51278,0,0,0,0
7,206,1,121.38,7564,0,0,0,0,0,0,0,0,0,1.0167,4.8475,3.3707,0,0,0,0
7,206,1,121.38,7564,0.84954,0,0,0,0.002868,0,0.16424,0,0,1.5851,11.075,1.9125,0,0,0,0
7,206,1,121.38,7564,0.008333,0.001326,0.0054965,0,0,0,0,0,0,0,0.18667,1.6119,0,0,0,0
7,206,1,121.38,7564,0.002784,0,0,0,0,0,0,0,0,0.68445,22.86,8.6433,0,0,0,0
7,206,1,121.38,7564,0.87552,0,0,0.008321,0.0022589,0,0.50998,0,0,8.4961,0.34519,0.4038,0,0,0,0
7,206,1,121.38,7564,0,0,0,0,0,0,0,0,0,13.788,4.6158,83.744,0,0,0,0
7,206,1,121.38,7564,0,0,0,0,0,0,0,0,0,0,0.18667,3.2942,0,0,0,0
7,206,1,121.38,7564,0.86565,0,0,0,0.04108,0,0,0,0,0.44575,16.454,3.9339,0,0,0,0
7,206,1,121.38,7564,1.2554,0,0,0,0,0,40.966,0,0,8.4961,6.043,0.50628,0,0,0,0
7,206,1,121.38,7564,0.007984,0,0,0.045723,0,0,0.16424,0,0,9.1622,0.18667,1.74,0,0,0,0
7,206,1,121.38,7564,0.00833,0,0,2.1348,0.51042,0,19.658,0,0,0.14685,0.33865,3.2942,0,0,0,0
7,206,1,121.38,7564,0,0,0,0.84253,0,0,0,0,0,1.0834,31.227,57.83,0,0,0,0
7,206,1,121.38,7564,3.7936,0,0,10.918,0,0,0.50998,0,0,1.0139,0.18667,1.0829,0,0,0,0
7,206,1,121.38,7564,0.85744,0,0,0.017933,0,0,0,0,0,3.4087,0.18667,9.0943,0,0,0,0
7,206,1,121.38,7564,3.136,0,0,0,0,0,0,0,0,3.8737,0.18667,62.76,0,0,0,0
7,206,1,121.38,7564,0,0,0,0,0,0,0,0,0,5.7231,56.51,1.7884,0,0,0,0
7,206,1,121.38,7564,0.011575,0,0,0,0,0,11.023,0,0,5.7109,0.18667,1.9263,0,0,0,0
7,206,1,121.38,7564,0,0,0,0,0,0,0.53887,0,0,1.1034,4.4486,0.75718,0,0,0,0
7,206,1,121.38,7564,0.011627,0,0,0,0,0,0.16424,0,0,3.8254,10.846,1.0829,0,0,0,0
7,206,1,121.38,7564,0.000716,0,0,0.73736,4.1433,0,26.724,0,0,0,0.18667,1.4588,0,0,0,0
7,206,1,121.38,7564,0.024172,0,0,0,0,0,0,0,0,1.808,48.907,3.2764,0,0,0,0
7,206,1,121.38,7564,0,0,0.14377,0,0,0.010646,0,0,0,0,0.18667,4.7915,0,0,0,0
8,207,1,118.75,7400.4,0,0,0,2.5495,0,63.514,0,3.2931,0,1.4449,0.63213,0.2197,0,0,0,0
8,207,1,118.75,7400.4,0.91712,0,0,0.8887,0,0,0,0,0,55.455,0.34266,0.2197,0,0,0,0
8,207,1,118.75,7400.4,0.008333,0,0,0.000376,0,0,17.887,0,0,0.44682,15.182,25.719,0,0,0,0
8,207,1,118.75,7400.4,0.3792,0,0,0,0,0,0.16424,0,0,0.76342,0.46726,3.2372,0,0,0,0
8,207,1,118.75,7400.4,2.1529,0,0,0.045723,0,0,0.16424,0,0,0.39237,0.18667,2.1246,0,0,0,0
8,207,1,118.75,7400.4,0,0,0,0,0,0,40.966,0,0,0,0.59267,22.79,0,0,0,0
8,207,1,118.75,7400.4,0.0093445,0,0,2.1098,0,0,0.010505,0,0,1.808,17.756,0.30123,0,0,0,0
8,207,1,118.75,7400.4,0.008333,0,0,2.8966,0,0,0.16424,0,0,0.55196,1.7467,2.4748,0,0,0,0
8,207,1,118.75,7400.4,0,0,0,0,0,0,0,0,0,0,2.5236,11.682,0,0,0,0
8,207,1,118.75,7400.4,0,0,0,0,0,0.045969,0,0,0,10.481,0.40813,1.0354,0,0,0,0
8,207,1,118.75,7400.4,0,0,0,12.781,0.12455,0,0,0,0,0,0.18667,6.4721,0,0,0,0
8,207,1,118.75,7400.4,0.002344,0,0,0.013699,0,0,0.50998,0,0,0,31.663,0.2197,0,0,0,0
8,207,1,118.75,7400.4,4.6248,0,0,25.387,0,0,0,0,0,4.212,5.2617,1.0354,0,0,0,0
8,207,1,118.75,7400.4,0.86316,0,0,0,10.711,0,0,0,0,0.4212,2.1428,17.606,0,0,0,0
8,207,1,118.75,7400.4,0.013878,0,0,0.000376,0,0,0,0,0,55.455,1.0623,3.2372,0,0,0,0
8,207,1,118.75,7400.4,4.9022,0.001435,0,0,27.85,1.2951,0,0,0,0,0.18667,0.30123,0,0,0,0
8,207,1,118.75,7400.4,0,0,0,0.00524,11.37,0,0.13695,0,0,1.1034,0.63213,0.2197,0,0,0,0
9,208,2.146,119.94,7474.5,0.019213,0,0,0.0063069,0,0,0,0,0,0,1.3038,0,0,0,0,0
9,208,2.146,119.94,7474.5,0,0,0,0,0,0,0,0,0,4.212,0.18667,0,0,0,0,2.9985
9,208,2.146,119.94,7474.5,0.008333,0,0,0,0,0.011956,0,0,0,0.76777,11.075,0,0,0,0,22.189
9,208,2.146,119.94,7474.5,0.00524,0,0,6.1216,0,0,27.124,0,0,0,73.378,0,0,0,0,0
9,208,2.146,119.94,7474.5,0.21846,0,0,0.005239,0,0.0015027,0,0,0,1.5851,0.18667,0,0,0,0,0
9,208,2.146,119.94,7474.5,0,0,0,0,0,0,6.4315,0,0,1.057,0.18667,0,0,0,0,0.29985
9,208,2.146,119.94,7474.5,0.025,0,0,0,0,0,0,0,0,0.68445,46.549,0,0,0,0,0
9,208,2.146,119.94,7474.5,0.009569,0,0,0.008333,0,0,0,0,0,0,0.3516,0,0,0,0,0
9,208,2.146,119.94,7474.5,0.001009,0,0.72996,0.82208,0,31.048,0,0,0,0.44682,11.622,0,0,0,0,0
9,208,2.146,119.94,7474.5,3.0886,0,0,0.00824,0,0.19478,0,0,0,1.2479,0.18667,0,0,0,0,0
9,208,2.146,119.94,7474.5,0.003485,0,0,0.008333,0,3.5064,0,0,0,0.18086,0.18667,0,0,0,0,0
9,208,2.146,119.94,7474.5,0.000716,0,0,6.1216,0,0,0,0,0,3.8737,2.5654,0,0,0,0,0
9,208,2.146,119.94,7474.5,0,0,0,0,4.1752,0,0,0,0,9.1622,1.263,0,0,0,0,0
9,208,2.146,119.94,7474.5,0.16655,0,0,0,0,0,0.16424,0,0,5.7231,0.45538,0,0,0,0,4.1979
9,208,2.146,119.94,7474.5,0.005239,0,0,0.018854,0,0,25.012,0,0,0.8932,18.848,0,0,0,0,0
9,208,2.146,119.94,7474.5,5.6117,0,0,0.003756,0,0,16.115,0,0,0.72035,0.18667,0,0,0,0,8.9955
9,208,2.146,119.94,7474.5,9.793,0,0,0.000251,0,0,0.16424,0,0,0.21027,0.88794,0,0,0,0,0
9,208,2.146,119.94,7474.5,0.009098,0,0,4.3497,0,3.6128,0,0,0,0,0.18667,0,0,0,0,0
9,208,2.146,119.94,7474.5,0,0,0,0,0,0,40.966,0,0,36.785,7.0517,0,0,0,0,0
9,208,2.146,119.94,7474.5,0,0,0,0.008333,0,0,1.1102,0,0,1.5851,0.18667,0,0,0,0,0
9,208,2.146,119.94,7474.5,0,0,0,0,0.00328,0,0,0,0,0.27721,10.743,0,0,0,0,0
9,208,2.146,119.94,7474.5,0,0,0,0.050847,0,0,0,0,0,0.65812,16.205,0,0,0,0,2.9985
9,208,2.146,119.94,7474.5,0,0,2.5765,0,0,0,0.02739,0,0,1.0167,3.4013,0,0,0,0,0
9,208,2.146,119.94,7474.5,0.008333,0,0,0.15798,0,0,0,0,0,8.5959,2.1165,0,0,0,0,0
9,208,2.146,119.94,7474.5,0,0,0,25.387,0,0.36152,0,0,12.89,18.081,37.997,0,0,0,0,2.9985
9,208,2.146,119.94,7474.5,0.000368,0,0,0,0,0,0,0,0,1.0139,0.86738,0,0,0,0,0
9,208,2.146,119.94,7474.5,0,0,0,1.2101,15.98,0,0,0,0,2.6253,4.4486,0,0,0,0,0
9,208,2.146,119.94,7474.5,0.001292,0,0,1.1513,0,0,13.047,0,0,36.785,3.7001,0,0,0,0,0
9,208,2.146,119.94,7474.5,0.013742,0,0,0.008365,0,0,0,0,0,19.403,5.0941,0,0,0,0,0
9,208,2.146,119.94,7474.5,0,0,0,0,0,0,0,0,0,0.63421,0.18667,0,0,0,0,0
9,208,2.146,119.94,7474.5,0,0,0,0.008332,0,0,0,2.6679,0,6.8425,0.18667,0,0,0,0,8.9955
9,208,2.146,119.94,7474.5,0.01121,0,0,0.006456,0.077472,0,0,0,0,0.73557,0.18667,0,0,0,0,0
9,208,2.146,119.94,7474.5,0,0,0,0.0068531,0,0,0,0,0,5.7109,87.107,0,0,0,0,0
9,208,2.146,119.94,7474.5,10.88,0,0,0.39756,0,0,0,0,0,0,0.22358,0,0,0,0,0
9,208,2.146,119.94,7474.5,0,0,0,0.014399,0,0,16.115,13.237,0,0.76777,6.0116,0,0,0,0,2.9985
9,208,2.146,119.94,7474.5,0.000716,0,0,0.003485,0,1.1649,0,0,0,1.0834,0.18667,0,0,0,0,0
9,208,2.146,119.94,7474.5,0,0,0.023804,0.008333,0.51042,0,0,0,0,13.788,0.67417,0,0,0,0,0
9,208,2.146,119.94,7474.5,0.021622,0,8.9587,0,0,0,0.53887,0,0,8.4961,23.864,0,0,0,0,0
9,208,2.146,119.94,7474.5,0.00524,0,0,0,0.65051,0,0.75485,0,0,1.0076,1.6452,0,0,0,0,0
9,208,2.146,119.94,7474.5,0,0,0,0.73736,0,0,0,0,0,0,6.7376,0,0,0,0,5.3973
9,208,2.146,119.94,7474.5,5.1625,0,0,0.83594,0,0,0,0,0,1.5079,0.18667,0,0,0,0,0
9,208,2.146,119.94,7474.5,0,0,0,0,0,0,0,0,0,0.68445,1.9933,0,0,0,0,0
9,208,2.146,119.94,7474.5,0,0,0,0.001463,0,0,0.53887,0,0,0,5.7625,0,0,0,0,0
9,208,2.146,119.94,7474.5,0,0,0,0.004588,0,0,2.3219,0,0,19.403,3.36,0,0,0,0,1.7991
9,208,2.146,119.94,7474.5,0.008333,0,0,0.15798,0,0,0,0,0,3.8254,29.012,0,0,0,0,12.594
9,208,2.146,119.94,7474.5,4.7423,0,0,0,0,0,0,0,1.6097,0,29.012,0,0,0,0,0
9,208,2.146,119.94,7474.5,0.070608,0,0,0,1.4533,0,0,0,0,9.1202,0.18667,0,0,0,0,0
9,208,2.146,119.94,7474.5,0.002508,0,0,2.6071,0,0.011358,0,0,0,36.785,0.33626,0,0,0,0,0
9,208,2.146,119.94,7474.5,0.011709,0,0,0.011932,0.10745,0,0,0,0,1.808,0.18667,0,0,0,0,22.189
9,208,2.146,119.94,7474.5,0.027224,0,0,0.81761,0,0,0,0,0,1.5859,0.18667,0,0,0,0,2.9985
9,208,2.146,119.94,7474.5,0,0,0,0.000172,0,0,0,0,0,0.91947,0.18667,0,0,0,0,0
9,208,2.146,119.94,7474.5,0.008333,0,0,0,0,0,25.921,0,0,0.056957,0.92485,0,0,0,0,4.1979
9,208,2.146,119.94,7474.5,0.001141,0,0,0,0,0,0,0,0,8.0476,0.18667,0,0,0,0,1.7991
9,208,2.146,119.94,7474.5,0,0,0,0,0,0,0,0,0,1.0139,0.18667,0,0,0,0,0
9,208,2.146,119.94,7474.5,0,0,0,0,0,0,0,0,0,9.1202,90.189,0,0,0,0,0
9,208,2.146,119.94,7474.5,0,0,0.029513,0,0,0,0,0,0,0.18355,0.33356,0,0,0,0,0
9,208,2.146,119.94,7474.5,7.9328,0,0,0.005303,0,1.802,29.312,0,0,0.91947,0.18667,0,0,0,0,4.1979
9,208,2.146,119.94,7474.5,0,0,0,0,0.016665,0,0,0,0,0,48.907,0,0,0,0,0
9,208,2.146,119.94,7474.5,4.8643,0,0,0,0,0.011728,0,0,0,1.7327,0.34986,0,0,0,0,0
9,208,2.146,119.94,7474.5,0.8592,0,0,6.3e-05,0,0,0.75485,0,0,1.5079,52.236,0,0,0,0,0
9,208,2.146,119.94,7474.5,0.021622,0,0,0.30389,0.18783,0,0.76622,0,0,8.5959,6.4269,0,0,0,0,0
9,208,2.146,119.94,7474.5,0,0,0,0,0,0,0,0,0,13.788,0.18667,0,0,0,0,0
9,208,2.146,119.94,7474.5,0,0,0,83.82,0,0,0.16424,0,0,0,1.0623,0,0,0,0,0
9,208,2.146,119.94,7474.5,0,0,0,0.002868,0,0,0,0,0,0,1.7467,0,0,0,0,4.1979
9,208,2.146,119.94,7474.5,4.1254,0,0,1.3778,0,0,0,0,0,6.8425,0.22358,0,0,0,0,0
9,208,2.146,119.94,7474.5,0.93905,0,0,0.008333,7.8e-05,0,0,0,0,0,0.18667,0,0,0,0,8.9955
9,208,2.146,119.94,7474.5,0,0,0,0,0,0,0,0,0,0.91947,25.289,0,0,0,0,5.3973
9,208,2.146,119.94,7474.5,0.89567,0,0,0,0,0,0,0,0,8.4961,0.18667,0,0,0,0,0
9,208,2.146,119.94,7474.5,0.85815,0,0,0,0,0,0,0,0,0.27721,15.543,0,0,0,0,2.9985
9,208,2.146,119.94,7474.5,13.77,0,0,0.010118,1.0076,0,0,0,0,0,5.4259,0,0,0,0,0.29985
9,208,2.146,119.94,7474.5,13.31,0,0,0,4.1136,0,34.704,0,0,13.788,0.18667,0,0,0,0,0
9,208,2.146,119.94,7474.5,0,0,0,0.85971,0,0,0.16424,0,0,0,2.8072,0,0,0,0,0
9,208,2.146,119.94,7474.5,0.0065058,0,0,3.2506,0.013156,0,0,0,0,0.14685,0.33629,0,0,0,0,0
9,208,2.146,119.94,7474.5,1.2418,0,0,0,0,0,0,0,0,9.1622,0.33589,0,0,0,0,0
9,208,2.146,119.94,7474.5,0.008333,0,0,0.68386,0,0,0,0,0,1.0934,0.33589,0,0,0,0,13.793
9,208,2.146,119.94,7474.5,0.008336,0,0,0,0,0,0.94509,0,0,1.0245,0.18667,0,0,0,0,5.3973
9,208,2.146,119.94,7474.5,12.725,0,0,0,0,0,0,0,0,4.212,0.33634,0,0,0,0,0
9,208,2.146,119.94,7474.5,0.001436,0,0,8.0156,0,0,0,0,0,1.164,8.3848,0,0,0,0,0.29985
9,208,2.146,119.94,7474.5,0,0,0,0.84635,0,0,0,0,0,0,60.626,0,0,0,0,13.793
9,208,2.146,119.94,7474.5,0,0,0,7.1703,0,0,0,0,0,7.6506,0.95751,0,0,0,0,0
9,208,2.146,119.94,7474.5,0.0094073,0,0,30.323,0,0,0,0,0,0.73557,0.34986,0,0,0,0,0
9,208,2.146,119.94,7474.5,3.3106,0,0,0,0,0,0,0,0,0.68445,14.178,0,0,0,0,0
9,208,2.146,119.94,7474.5,0.021935,0,0,0.017786,0,0,0,0,0,19.403,0.33632,0,0,0,0,0
9,208,2.146,119.94,7474.5,0.007984,0,0,0,0,0.015838,0,0,0,3.8254,0.55577,0,0,0,0,113.94
9,208,2.146,119.94,7474.5,0.000765,0,0,0.00524,0,0,0,0,0,0.14685,6.2013,0,0,0,0,2.9985
9,208,2.146,119.94,7474.5,0,0,0,0.052883,0,0,40.966,0,0,0.44682,0.33589,0,0,0,0,1.7991
9,208,2.146,119.94,7474.5,0.28257,0,0,23.733,0,0.0041861,0,0,0,0.65812,0.18667,0,0,0,0,2.9985
9,208,2.146,119.94,7474.5,0,0,0,4.7015,0,0,0.50998,1.5908,0,55.455,0.18667,0,0,0,0,0
9,208,2.146,119.94,7474.5,0.026388,0,0,0.007102,0.14028,0,91.674,0,0,0,1.445,0,0,0,0,0
9,208,2.146,119.94,7474.5,0.88011,0,1.3599,0,0,0,0.53887,0,0,1.1822,2.5236,0,0,0,0,0
9,208,2.146,119.94,7474.5,0,0,0,14.747,0.01509,0,0,0,0,0.72035,1.9365,0,0,0,0,0
9,208,2.146,119.94,7474.5,0,0,0,16.536,20.094,0,19.224,0,0,0,0.18667,0,0,0,0,0
9,208,2.146,119.94,7474.5,0.008333,0,0,0,0.41632,0,15.683,0,0,0,25.289,0,0,0,0,4.1979
9,208,2.146,119.94,7474.5,2.9909,0,0,0,0,0,0,0,0,3.8254,13.363,0,0,0,0,0
9,208,2.146,119.94,7474.5,0.00021,0,0,0.047866,0,0,0,0,0,0.55196,73.378,0,0,0,0,0
9,208,2.146,119.94,7474.5,0.00247,0,0,3.0479,0,0,77.405,0,4.1443,13.788,0.344,0,0,0,0,5.3973
9,208,2.146,119.94,7474.5,0.042877,0,0,0.010579,0,0,3.8523,0,0,1.7864,2.7334,0,0,0,0,1.7991
9,208,2.146,119.94,7474.5,0.037058,0,0,0.83487,0,0,0,0,0,0.21027,10.846,0,0,0,0,0
9,208,2.146,119.94,7474.5,0.008333,0,0,23.733,0,0,0,0,0,1.5079,0.3343,0,0,0,0,0
9,208,2.146,119.94,7474.5,12.725,0,0,0,0,0,0.53887,0,0,0.55196,0.18667,0,0,0,0,4.1979
9,208,2.146,119.94,7474.5,0,0,0,5.5799,0,0,0,0,0,0.72035,14.407,0,0,0,0,0
9,208,2.146,119.94,7474.5,3.5654,0,0,0.004345,0,0,0,0,0,7.8617,0.35737,0,0,0,0,6.5967
9,208,2.146,119.94,7474.5,3.6267,0,0,0.50612,0,6.1151,0,0,0,1.164,0.18667,0,0,0,0,0.29985
9,208,2.146,119.94,7474.5,0,0,0,0.008333,0,0,0,0,0,1.0245,1.6452,0,0,0,0,0
9,208,2.146,119.94,7474.5,0.008333,0,0,0.11408,0,0,0,0,0,0.55196,1.1651,0,0,0,0,5.3973
9,208,2.146,119.94,7474.5,0.00524,0,0,0,0.85747,0,0.16424,0,0,1.7864,1.2592,0,0,0,0,2.9985
9,208,2.146,119.94,7474.5,0,0,0,0,0.01509,0,0,0.73089,0,9.1622,0.18667,0,0,0,0,0
9,208,2.146,119.94,7474.5,0,0,0,0,0,0,0.16424,0,0,0.39237,4.4969,0,0,0,0,0
9,208,2.146,119.94,7474.5,0,0,0,0,0,1.4323,0.13695,0,0,9.1202,0.18667,0,0,0,0,8.0959
9,208,2.146,119.94,7474.5,0,0,0,0,0,0,0,0,0,19.403,8.8787,0,0,0,0,0
9,208,2.146,119.94,7474.5,0,0,0,71.472,0,0,0,0,0,9.1202,8.4911,0,0,0,0,19.79
9,208,2.146,119.94,7474.5,0.008333,0,0,0.008333,0,0,0.010505,0,0,0.65812,23.901,0,0,0,0,0
9,208,2.146,119.94,7474.5,0.003485,0,0,0.0059398,0,0,0,0,0,1.057,0.18667,0,0,0,0,10.195
9,208,2.146,119.94,7474.5,0.76741,0,0,3.0123,0,0,15.38,0,0,0.4212,0.22358,0,0,0,0,0
9,208,2.146,119.94,7474.5,0.01247,0,0,0,0,0,0,0,0,0,1.9933,0,0,0,0,0
9,208,2.146,119.94,7474.5,0,0,0,0.008397,0,0,0.02739,0,0,16.378,0.34267,0,0,0,0,0.29985
9,208,2.146,119.94,7474.5,0.042211,0,0,0.027511,0,0,0,0,0,5.6716,0.18667,0,0,0,0,4.1979
9,208,2.146,119.94,7474.5,0.90472,0,0,0,0.005202,0,0,0,0,0,1.8107,0,0,0,0,0
9,208,2.146,119.94,7474.5,0,0,0,0,0,0,0,0,0,0,0.18667,0,0,0,0,0
9,208,2.146,119.94,7474.5,0,0,0,3.1191,0.0093899,0,0,0,0,0,16.454,0,0,0,0,0
9,208,2.146,119.94,7474.5,0.003539,0,0,0,0,0,0.16424,0,0,7.6506,0.18667,0,0,0,0,0
9,208,2.146,119.94,7474.5,0,0,0,0.00835,0,0,0,0,0,0,0.18667,0,0,0,0,25.787
9,208,2.146,119.94,7474.5,1.0468,0,0,2.1281,0,0.0042681,0,0.5663,0,0.68445,4.7763,0,0,0,0,0
9,208,2.146,119.94,7474.5,0,0,0,10.417,0,0,31.826,0,0,0.43348,12.6,0,0,0,0,0
9,208,2.146,119.94,7474.5,48.061,0,0,0.003756,0,0,0,0,0,0,8.3848,0,0,0,0,0
9,208,2.146,119.94,7474.5,0,0,18.457,0.09808,0,0,0.85532,0,0,1.5851,85.483,0,0,0,0,2.9985
9,208,2.146,119.94,7474.5,0.31521,0,0,0.12076,0,0,0.76622,0,0,0,8.38,0,0,0,0,0
9,208,2.146,119.94,7474.5,0.000716,0,0.065234,0.36085,0,0,0.16424,0,0,13.788,5.8887,0,0,0,0,0
9,208,2.146,119.94,7474.5,0,0,8.8192,0,0,0,0,0,0,5.6716,3.4013,0,0,0,0,0.29985
9,208,2.146,119.94,7474.5,3.6267,0,0,0,0,0,0,0,0,0,98.291,0,0,0,0,0
9,208,2.146,119.94,7474.5,2.1168,0,0,0.007102,0,2.5939,0,0,0,1.0834,10.846,0,0,0,0,0
9,208,2.146,119.94,7474.5,0,0,0,0,0,0,38.63,0,0,0,2.4226,0,0,0,0,0
9,208,2.146,119.94,7474.5,0,0,0,0.36085,0,0,16.297,0,0,0,2.4381,0,0,0,0,0.29985
9,208,2.146,119.94,7474.5,0.005714,0,0,0.00524,0,0,0,0,0,0,0.18667,0,0,0,0,0
9,208,2.146,119.94,7474.5,0,0,0,3.5872,0.003538,0,0.16424,0,0,0,8.6757,0,0,0,0,0
9,208,2.146,119.94,7474.5,0,0,0.027745,0,0,0,0.84533,0,0,0.39237,6.5051,0,0,0,0,0
9,208,2.146,119.94,7474.5,0,0,0,0.001326,0,0,0,0,0,0.21027,0.18667,0,0,0,0,0
9,208,2.146,119.94,7474.5,0.50695,0,0,0,0.72575,0,0,0,0,18.081,0.18667,0,0,0,0,0
9,208,2.146,119.94,7474.5,0,0,0,0,0,0,0,0,0,0,2.0593,0,0,0,0,4.1979
9,208,2.146,119.94,7474.5,7.9328,0,0,0,4.021,0,30.869,0,0,1.7327,1.7467,0,0,0,0,0
9,208,2.146,119.94,7474.5,1.0188,0,0,1.271,0,0,0.13695,0,0,5.7109,5.5606,0,0,0,0,0
9,208,2.146,119.94,7474.5,0.8592,0,7.7271,0,0,0,0,0,0,0.44575,0.18667,0,0,0,0,1.7991
9,208,2.146,119.94,7474.5,0,0,0,0,0,0,0,0,0,8.4961,0.22358,0,0,0,0,6.5967
9,208,2.146,119.94,7474.5,0,0,0,0.85415,0,0,15.38,0,0,0.55196,0.18667,0,0,0,0,0
9,208,2.146,119.94,7474.5,0.026388,0,0,0.009988,0,0,0,0,0,5.7231,14.372,0,0,0,0,0
9,208,2.146,119.94,7474.5,0,0,0,0,0,0,0.16424,0,0,0,42.976,0,0,0,0,0
9,208,2.146,119.94,7474.5,0.010401,0,0,0,0,0,0.16424,0,0,0,1.3038,0,0,0,0,0
9,208,2.146,119.94,7474.5,4.1254,0,0,0,0,0,16.731,0,0,7.6506,16.454,0,0,0,0,17.391
9,208,2.146,119.94,7474.5,0,0,0,0,0,0,0,0,0,16.378,0.86986,0,0,0,0,0
9,208,2.146,119.94,7474.5,0.6284,0,0,0.003355,0.005239,4.1191,0,0,0,0.76342,0.18667,0,0,0,0,0.29985
9,208,2.146,119.94,7474.5,0.003468,0,0,7.6558,0.090875,0,0,0,0,1.2479,19.712,0,0,0,0,0
9,208,2.146,119.94,7474.5,0.017045,0,0,0,0,0,0,0,0,0,1.3038,0,0,0,0,0
9,208,2.146,119.94,7474.5,0,0,0,0,0,0.0016717,0,0,0,0.4212,8.6779,0,0,0,0,0
9,208,2.146,119.94,7474.5,0,0,0,0.008333,0,0.013672,0.85532,0,0,8.0476,1.09,0,0,0,0,0
9,208,2.146,119.94,7474.5,7.1303,0,0,0,0,0,0,0,0,10.481,0.18667,0,0,0,0,0
9,208,2.146,119.94,7474.5,0.54142,0,3.1015,0.0011985,0,0,0.16424,0,0,1.5859,0.18667,0,0,0,0,0
9,208,2.146,119.94,7474.5,0,0,0,0.59108,0,0,0,0,0,1.2479,13.566,0,0,0,0,4.1979
9,208,2.146,119.94,7474.5,0.008333,0,0.18802,0.86869,0,0,0,0,0,1.7864,0.18667,0,0,0,0,0
9,208,2.146,119.94,7474.5,0.93905,0,0,4.308,0,0,0,0,0,0.4212,0.44504,0,0,0,0,4.1979
9,208,2.146,119.94,7474.5,0.88049,0,16.187,0,0,0,0.16424,0,0,0,0.92485,0,0,0,0,0
9,208,2.146,119.94,7474.5,0.11371,0,0,0,0,0,0.16424,0,0,9.1202,0.18667,0,0,0,0,0
9,208,2.146,119.94,7474.5,0.003822,0,0,0,0,0,0,0,0,0.27721,6.7845,0,0,0,0,17.391
9,208,2.146,119.94,7474.5,0.005239,0,0,7.0195,0,0.0018444,0.94509,0,0,0.4212,0.18667,0,0,0,0,0
9,208,2.146,119.94,7474.5,7.8e-05,0,3.2746,0.012409,0,0,0,0,0,0.8932,0.34426,0,0,0,0,0
9,208,2.146,119.94,7474.5,0.0067502,0,0,17.927,0.00855,0.11205,23.707,0,0,0,0.18667,0,0,0,0,0
9,208,2.146,119.94,7474.5,5.9497,0,0,0.008333,1.5132,0,0.16424,0,0,16.378,22.311,0,0,0,0,0
9,208,2.146,119.94,7474.5,0.021907,0,0,0.10587,0.016666,0,11.586,0,0,0.68445,0.18667,0,0,0,0,0
9,208,2.146,119.94,7474.5,0,0,0,0,0,0,0,0,0,0.27721,0.22358,0,0,0,0,0
9,208,2.146,119.94,7474.5,0,0,0,0,0.022633,0,0,0,0,0.14685,8.8964,0,0,0,0,2.9985
9,208,2.146,119.94,7474.5,0.010107,0,0,0,0,0,0,0,0,7.6506,26.096,0,0,0,0,2.9985
9,208,2.146,119.94,7474.5,0.000126,0,0,0,4.6279,1.0371,0,0,0,0.55196,0.45538,0,0,0,0,0
9,208,2.146,119.94,7474.5,0.008333,0,0,0.008333,3.0086,0,1.0711,0,0,0.44575,2.4339,0,0,0,0,0
9,208,2.146,119.94,7474.5,0.17442,0,0,16.868,0,0,0,0,0,1.0834,2.6226,0,0,0,0,0
9,208,2.146,119.94,7474.5,0,1.0233,0,0.001326,0,0,0,0,0,0,6.2445,0,0,0,0,0
9,208,2.146,119.94,7474.5,0.008335,0,0,0.78271,0,0,6.4315,0,0,0.65812,0.93382,0,0,0,0,2.9985
9,208,2.146,119.94,7474.5,0.65662,0,0,22.908,0,0,0,0,0,8.5959,0.18667,0,0,0,0,0
9,208,2.146,119.94,7474.5,0.011015,0,0,0.0006155,0.002741,0,0.02739,0,0,0.14685,0.18667,0,0,0,0,0
9,208,2.146,119.94,7474.5,0.00524,0,3.7111,15.436,0,0,0,0,0,55.455,0.18667,0,0,0,0,8.9955
9,208,2.146,119.94,7474.5,0.009098,0,0,0,0,0,0,0,0,5.7109,0.96176,0,0,0,0,6.5967
9,208,2.146,119.94,7474.5,0.89567,0,0,0.00644,4.351,0,0,0,0,1.808,0.88827,0,0,0,0,0
9,208,2.146,119.94,7474.5,0.008333,0,0,0,0,0,4.9694,0,0,5.7109,0.92485,0,0,0,0,0
9,208,2.146,119.94,7474.5,0,0,0,0.013163,2.1791,0,0,0,0,1.261,2.8966,0,0,0,0,0
9,208,2.146,119.94,7474.5,0.861,0,0,0.58942,0.016665,0,0,0,0,0,0.18667,0,0,0,0,0
9,208,2.146,119.94,7474.5,0,0,0,0.0021738,0,0,0,0,0,0.18086,0.18667,0,0,0,0,0
9,208,2.146,119.94,7474.5,3.4514,0,0,0.008333,0,0,0,0,0,1.2479,20.059,0,0,0,0,0.29985
9,208,2.146,119.94,7474.5,0,0,0,0.85311,10.385,0,0,0,0,0,64.52,0,0,0,0,0
9,208,2.146,119.94,7474.5,6.8611,0,0,0,21.138,0,0,0,0,55.455,0.18667,0,0,0,0,0.29985
9,208,2.146,119.94,7474.5,0,0,0,0,1.1479,0,0,0,0,5.6716,12.927,0,0,0,0,4.1979
9,208,2.146,119.94,7474.5,0,0,0,0.004345,0,0,35.597,0,0,0.14685,3.8842,0,0,0,0,0
9,208,2.146,119.94,7474.5,0.006456,0,0,0.003416,3.6401,0,0,0,0,7.6506,0.80726,0,0,0,0,0
9,208,2.146,119.94,7474.5,0.029564,0,0,8.6936,0.053861,0,0.85532,0,0,1.261,32.942,0,0,0,0,0
9,208,2.146,119.94,7474.5,0,0,0,0,0,0,0.0029097,0,0,0.55196,2.8966,0,0,0,0,2.9985
9,208,2.146,119.94,7474.5,0.01247,0,0,0,0.00524,0,0,0,0,0.8932,24.214,0,0,0,0,0
9,208,2.146,119.94,7474.5,0.00829,0,0,0,0.57092,0,0,1.6438,0,1.808,0.18667,0,0,0,0,0
9,208,2.146,119.94,7474.5,0.008333,0,0,0,0,0,14.118,0,0,8.5959,8.0844,0,0,0,0,0
9,208,2.146,119.94,7474.5,0.0076281,0,0,0.008333,0,0,0,0,0,0,0.18667,0,0,0,0,22.189
9,208,2.146,119.94,7474.5,0,0,0,0.007697,2.7789,0,0,0,0,8.0476,2.0457,0,0,0,0,0
9,208,2.146,119.94,7474.5,0,0,0,0,0.012388,0,0,0,0,16.378,0.18667,0,0,0,0,0.29985
9,208,2.146,119.94,7474.5,0.24326,0,0,0,0,0,0,0,0,0.72035,6.9144,0,0,0,0,0
9,208,2.146,119.94,7474.5,0,0,0,0.008606,0,0,0.76622,0,0,1.4449,0.22358,0,0,0,0,0
9,208,2.146,119.94,7474.5,0.056642,0,1.7224,0,0,0,16.115,0,0,1.1822,0.22358,0,0,0,0,0
9,208,2.146,119.94,7474.5,0,0,0,0,0,1.5992,0,0,0,0,0.18667,0,0,0,0,0
9,208,2.146,119.94,7474.5,0.005411,0,0,1.6325,0,0,0.16424,0,0,55.455,0.36132,0,0,0,0,0
9,208,2.146,119.94,7474.5,8.1e-05,0,0,0,0,0,0,0,0,1.4449,12.035,0,0,0,0,0
9,208,2.146,119.94,7474.5,0,0,0,3.03,0,0,0,0,0,5.7231,0.18667,0,0,0,0,0
9,208,2.146,119.94,7474.5,0,0,2.0906,0,0,0,2.3552,0,9.7433,0,0.18667,0,0,0,0,0
9,208,2.146,119.94,7474.5,0,0,0,0,0,0,0,0,0,0,7.7205,0,0,0,0,0.29985
9,208,2.146,119.94,7474.5,0.86102,0,0,0.80733,0,0,0.075512,0,0,1.0834,0.18667,0,0,0,0,5.3973
9,208,2.146,119.94,7474.5,0,0,0,0,0,0,30.132,0,0,1.2479,0.29739,0,0,0,0,0
9,208,2.146,119.94,7474.5,0.02681,0,0,0,3.0615,0,0,0,0,0,0.18667,0,0,0,0,13.793
9,208,2.146,119.94,7474.5,0,0,0,0,0,0.010512,0,0,0,0,2.4012,0,0,0,0,0
9,208,2.146,119.94,7474.5,0,0,0,0.019351,0,3.6128,0,0,0,0,0.38211,0,0,0,0,0
9,208,2.146,119.94,7474.5,0,0,0,0,0.00315,0,0.16424,0,0,1.057,0.18667,0,0,0,0,0
9,208,2.146,119.94,7474.5,0.002998,0,0,0,0,0,0,0,0,0,2.8072,0,0,0,0,0
9,208,2.146,119.94,7474.5,0,0,0,1.2742,2.9061,0,0,0,0,0,1.8107,0,0,0,0,0
9,208,2.146,119.94,7474.5,10.88,0,0,0,4.5132,0,0,3.2206,0,0,0.18667,0,0,0,0,0
9,208,2.146,119.94,7474.5,0.008567,0,0,0,0,0,0,0,0,0.55196,0.18667,0,0,0,0,1.7991
9,208,2.146,119.94,7474.5,20.011,0,0,8.472,0,0,0,0,0,1.0076,0.18667,0,0,0,0,0
9,208,2.146,119.94,7474.5,10.251,0,0,0.64533,0,0,0,0,0,0.39237,5.9677,0,0,0,0,0
9,208,2.146,119.94,7474.5,0,0,0,0.65369,0,0,0,0,0,1.2479,0.18667,0,0,0,0,0
9,208,2.146,119.94,7474.5,6.3864,0,0,0,0,0,0.13695,0,0,10.481,27.942,0,0,0,0,0
9,208,2.146,119.94,7474.5,0,0,0,0,72.436,0,0,0,0,3.8254,12.791,0,0,0,0,0
9,208,2.146,119.94,7474.5,1.3285,0,0,0,0,0,0,0,0,0.18355,17.811,0,0,0,0,0
9,208,2.146,119.94,7474.5,0.00062,0,0,0.003355,0,0,19.658,0,0,0,5.4259,0,0,0,0,0
9,208,2.146,119.94,7474.5,0.88418,0,0,0.00524,0,0,0.50998,0,0,0.27721,13.538,0,0,0,0,0
9,208,2.146,119.94,7474.5,0.225,0,0,0,0,0,0,0,0,0,0.34267,0,0,0,0,0
9,208,2.146,119.94,7474.5,0,0,0,0,0,0,0,0,0,1.0834,46.549,0,0,0,0,0
9,208,2.146,119.94,7474.5,0.02681,0,0,0.83603,0,0,0,0,0,1.0245,0.18667,0,0,0,0,0
9,208,2.146,119.94,7474.5,0,0,0,0,0,0,0,0,0,0,0.18667,0,0,0,0,0.29985
9,208,2.146,119.94,7474.5,3.3496,0,0,0,0,0,0,0,0,1.0167,2.5119,0,0,0,0,0
9,208,2.146,119.94,7474.5,0,0,0,0.018696,0,0,1.0602,0,0,1.261,3.4013,0,0,0,0,0
9,208,2.146,119.94,7474.5,8.621,0,0,0.008333,0,0,14.118,0,0,1.164,0.96176,0,0,0,0,18.591
9,208,2.146,119.94,7474.5,2.9213,0,0,46.077,0,0,0,0,0,0,0.43851,0,0,0,0,0
9,208,2.146,119.94,7474.5,0.86868,0,0,0,0.13355,0,0,0,0,1.0139,2.8841,0,0,0,0,0.29985
9,208,2.146,119.94,7474.5,0.004588,0,0,0,0,0,0.16424,0,0,0,0.18667,0,0,0,0,4.1979
9,208,2.146,119.94,7474.5,0.000765,0,0,0.58942,0,9.9561,30.869,0,0,0.91947,8.6779,0,0,0,0,0
9,208,2.146,119.94,7474.5,0.007475,0,0,0,0,0,0,4.3662,0,0.76342,0.18667,0,0,0,0,0
9,208,2.146,119.94,7474.5,0,0,0,0.82178,0,0,0.16424,0,0,0,0.18667,0,0,0,0,0
9,208,2.146,119.94,7474.5,0,0,0,0,0.003538,0,0,0,0,0,8.6779,0,0,0,0,0
9,208,2.146,119.94,7474.5,0.87177,0,0,0,0,0.44941,0.02739,0,0,0.18355,7.1196,0,0,0,0,0
9,208,2.146,119.94,7474.5,0.00043,0,0,1.0634,0,0,0,0,0,0.14685,2.6226,0,0,0,0,2.9985
9,208,2.146,119.94,7474.5,0.63873,0,0,0.34308,0,0,0,0,0,1.057,1.1094,0,0,0,0,0
9,208,2.146,119.94,7474.5,0,0,0,0,0,0,27.124,0,0,0,0.55577,0,0,0,0,0
9,208,2.146,119.94,7474.5,19.49,0,0,2.4356,0,0,0,0,0,0,0.18667,0,0,0,0,0
9,208,2.146,119.94,7474.5,0.86917,0,0,0.006542,0.049399,0.0044603,59.751,0,0,1.0076,0.18667,0,0,0,0,0
9,208,2.146,119.94,7474.5,0.6284,0,0,22.908,0,0,0,0,0,0,0.34519,0,0,0,0,0
9,208,2.146,119.94,7474.5,0.011374,0,0,0.00644,0,0.14207,0,0,0,0.73557,0.22358,0,0,0,0,0.29985
9,208,2.146,119.94,7474.5,0.00644,0,0,0,0,0,0,0,0,0.39237,0.18667,0,0,0,0,5.3973
9,208,2.146,119.94,7474.5,13.77,0,0,0.13889,30.602,0,0,0,0,1.0167,0.45538,0,0,0,0,4.1979
9,208,2.146,119.94,7474.5,0.007697,0,0,0.007102,5.2515,0,0,0,0,0.91947,10.036,0,0,0,0,0
9,208,2.146,119.94,7474.5,0.006701,0,0,0,0,0,0,0,0,0,64.675,0,0,0,0,0
9,208,2.146,119.94,7474.5,0,0,0,0.010417,0,0,0.13695,0,0,1.0076,1.6408,0,0,0,0,113.94
9,208,2.146,119.94,7474.5,0.000739,0,0,0.18051,0,0,0,0,0,0.18086,4.2902,0,0,0,0,0
9,208,2.146,119.94,7474.5,0,0,0,0,0,82.984,1.1102,0,0,8.5959,0.33691,0,0,0,0,2.9985
9,208,2.146,119.94,7474.5,9.793,0,0,0,0,0,0,0.74702,0,0,2.9179,0,0,0,0,6.5967
9,208,2.146,119.94,7474.5,0,0,0,0,0,0,0,0,0,1.0834,10.036,0,0,0,0,2.9985
9,208,2.146,119.94,7474.5,0,0,0,0.005769,0.13774,0,0,0.98407,0,0.21027,24.214,0,0,0,0,1.7991
9,208,2.146,119.94,7474.5,0.005769,0,0,0.008333,4.398,0,0,0,0,0,0.18667,0,0,0,0,0
9,208,2.146,119.94,7474.5,0.47651,0,0,0.008345,0,0,0,0,0,0,10.743,0,0,0,0,6.5967
9,208,2.146,119.94,7474.5,0,0,0,0.97966,0,0,0.16424,0,0,0.72035,0.18667,0,0,0,0,8.9955
9,208,2.146,119.94,7474.5,0.008333,0,0,0,0.31567,0.0041861,0.0029097,0,0,3.8737,0.45538,0,0,0,0,5.3973
9,208,2.146,119.94,7474.5,0.0067817,0,0,0,0,0,0,0,0,0.68445,0.33632,0,0,0,0,16.192
9,208,2.146,119.94,7474.5,0.00524,0,0,4.8473,0.023742,0,0.11746,0,0,1.9819,36.541,0,0,0,0,0
9,208,2.146,119.94,7474.5,0,0,0,0.002868,0,0,0,0,0,1.808,0.29739,0,0,0,0,0
9,208,2.146,119.94,7474.5,0.014813,0,0,0,0,0,0,0,0,0,5.9677,0,0,0,0,0
9,208,2.146,119.94,7474.5,0,0,0,0,0,0,0.11746,0,0,21.917,4.9848,0,0,0,0,6.5967
9,208,2.146,119.94,7474.5,0,0,0,0.00524,0.0093899,0.14717,0,0,0,0,24.251,0,0,0,0,0
9,208,2.146,119.94,7474.5,0.015941,0,0,0,0,0,0,0,0,0.8932,0.34503,0,0,0,0,0
9,208,2.146,119.94,7474.5,0,0,0,5.0862,0,0,0,0,0,0,1.4663,0,0,0,0,0
9,208,2.146,119.94,7474.5,22.43,0,0,0.039722,4.021,0,0,0,0,5.7231,12.927,0,0,0,0,0
9,208,2.146,119.94,7474.5,0,0,0,0,0,0,0,0,0,0,4.2611,0,0,0,0,0.29985
9,208,2.146,119.94,7474.5,0,0,0,0.005239,0.57092,0,0,0,0,0,0.18667,0,0,0,0,0
9,208,2.146,119.94,7474.5,2.1529,0,0,1.6459,0,0.007836,0,0,0,0.8932,69.074,0,0,0,0,0.29985
9,208,2.146,119.94,7474.5,0.86917,0,0,0,0,0,0.95611,0,0,1.2479,0.18667,0,0,0,0,1.7991
9,208,2.146,119.94,7474.5,0,0,0,0,0,0,0,0,0,9.1202,0.18667,0,0,0,0,2.9985
9,208,2.146,119.94,7474.5,0,0,0,0.00524,0.000251,0,0,0,0,1.0167,0.18667,0,0,0,0,0
9,208,2.146,119.94,7474.5,0,0,0,0.83359,0,0,0,0,0,0,0.18667,0,0,0,0,0
9,208,2.146,119.94,7474.5,2.4107,0,0,0,0,0.006606,0.16424,0,0,0.14685,9.34,0,0,0,0,0
9,208,2.146,119.94,7474.5,54.065,0,0,3.889,0,0,0,0,0,3.4087,0.35238,0,0,0,0,8.0959
9,208,2.146,119.94,7474.5,0.86935,0,0,0,0,0.0086022,0,0,0,9.1202,10.537,0,0,0,0,0
9,208,2.146,119.94,7474.5,0,0,0,0,0,0.0086022,0,0,0,0,0.18667,0,0,0,0,12.594
9,208,2.146,119.94,7474.5,2.1168,0,0,2.0967,6.3e-05,0,0.16424,0,0,3.4087,0.66136,0,0,0,0,4.1979
9,208,2.146,119.94,7474.5,0.017462,0,0,5.3178,0,0,0,0,0,18.081,51.321,0,0,0,0,0
9,208,2.146,119.94,7474.5,0.013878,0,0,0,0.001397,0,14.096,0,0,0,0.35688,0,0,0,0,2.9985
9,208,2.146,119.94,7474.5,0,0,0,2.9435,0,0,2.3552,0,0,0.91947,6.329,0,0,0,0,0
9,208,2.146,119.94,7474.5,0.85744,0,0,0,0,0,29.07,0,0,0.056957,13.566,0,0,0,0,0
9,208,2.146,119.94,7474.5,0,0,0,0,0,0.86802,76.93,0,0,1.7327,17.756,0,0,0,0,0
9,208,2.146,119.94,7474.5,0,0,0,53.755,0.7558,0,37.271,0,0,0,0.18667,0,0,0,0,0
9,208,2.146,119.94,7474.5,33.553,0,0.006151,3.3935,0,0,0,0,0,0,0.35462,0,0,0,0,0
9,208,2.146,119.94,7474.5,0,0,0,0,2.929,0,0,0,0,10.481,21.143,0,0,0,0,0
9,208,2.146,119.94,7474.5,0.86439,0,0,4.5547,0,0,0,0,0,0,0.18667,0,0,0,0,0
9,208,2.146,119.94,7474.5,0,0,0.96616,0.036033,0,0,0,0,0,0,0.88794,0,0,0,0,0
9,208,2.146,119.94,7474.5,0,0,3.3367,9.8733,0,0,0.85532,0,0,0.44575,21.143,0,0,0,0,1.7991
9,208,2.146,119.94,7474.5,0,0,0,0,0,0,0,0,0,1.1034,1.2592,0,0,0,0,0
9,208,2.146,119.94,7474.5,0.008567,0,0,12.534,0,0,0.11746,0,0,0,1.8398,0,0,0,0,0
9,208,2.146,119.94,7474.5,3.3496,0,0,0,0.64118,0,8.9983,13.087,0,0.39237,0.18667,0,0,0,0,0
9,208,2.146,119.94,7474.5,0,0,0,1.7153,0,0,0.16424,0,0,0,0.18667,0,0,0,0,0.29985
9,208,2.146,119.94,7474.5,3.2267,0,0,1.9718,0,0.007836,33.552,0,0,21.917,0.18667,0,0,0,0,0
9,208,2.146,119.94,7474.5,0.002998,0,0,0,0,0,0,0,0,0,0.18667,0,0,0,0,0.29985
9,208,2.146,119.94,7474.5,0.1371,0,0,0,0,0,0,0,0,0,8.3756,0,0,0,0,0
9,208,2.146,119.94,7474.5,0,0,0.020155,0,1.0589,0,0,0,0,0,0.18667,0,0,0,0,0
9,208,2.146,119.94,7474.5,0.026555,0,0,0,0,0.0018444,0,0,0,1.057,2.0321,0,0,0,0,0
9,208,2.146,119.94,7474.5,5.6117,0,0,0,0,0,0,0,0,6.8425,0.18667,0,0,0,0,2.9985
9,208,2.146,119.94,7474.5,0,0,0,0,0.6677,0,0,0,0,13.788,0.18667,0,0,0,0,8.9955
9,208,2.146,119.94,7474.5,0.007475,0,0,2.1098,0,0,2.3219,0,0,0,10.743,0,0,0,0,0
9,208,2.146,119.94,7474.5,0,0,0,0,0,0,0.16424,0,0,0,0.18667,0,0,0,0,2.9985
9,208,2.146,119.94,7474.5,0.005239,0,0,0,0,0,0,0,0,2.6253,0.18667,0,0,0,0,0
9,208,2.146,119.94,7474.5,0,0,0,0,0,0,0,0,0,0,55.071,0,0,0,0,0
9,208,2.146,119.94,7474.5,0.008335,0,0,0.000172,0,0,0,0,0,0,16.205,0,0,0,0,0
9,208,2.146,119.94,7474.5,0.01454,0,0,0.00644,0,0,32.232,2.766,0,1.7327,1.4588,0,0,0,0,0
9,208,2.146,119.94,7474.5,0,0,0,6.5175,0,0.0026966,7.7419,0,0,0,0.18667,0,0,0,0,0
9,208,2.146,119.94,7474.5,0,0,0,0.84115,0,0,0,0,0,3.8254,15.182,0,0,0,0,4.1979
9,208,2.146,119.94,7474.5,0.00644,0,0,6.3e-05,0,0,0,0,3.496,8.4961,13.954,0,0,0,0,0
9,208,2.146,119.94,7474.5,26.161,0,0,4.7597,0,0,0.16424,0,0,9.1202,0.18667,0,0,0,0,0
9,208,2.146,119.94,7474.5,0.0067817,0,0,0.008722,0,0,0,0,0,4.212,80.929,0,0,0,0,0
9,208,2.146,119.94,7474.5,0,0,0,0.006456,0,3.8831,0,0,0,1.0245,42.976,0,0,0,0,16.192
9,208,2.146,119.94,7474.5,3.5654,0,0,30.323,0,0,0,0,0,55.455,19.708,0,0,0,0,0
9,208,2.146,119.94,7474.5,0,0,0,0,0,0,0,0,0,0,0.18667,0,0,0,0,0
9,208,2.146,119.94,7474.5,0,0,0,0,0.000739,0,0,0,0,1.1822,5.4517,0,0,0,0,0
9,208,2.146,119.94,7474.5,0.000368,0,0,0,20.584,0.00078163,0.16424,0,0,0.21027,0.18667,0,0,0,0,0
9,208,2.146,119.94,7474.5,0.0099708,0,0,0.00524,4.0499,0,0.02739,0,0,0,0.18667,0,0,0,0,0
9,208,2.146,119.94,7474.5,0,0,0,0.004345,0,0.010512,0,0,0,0,0.18667,0,0,0,0,0
9,208,2.146,119.94,7474.5,0.007148,0,0,0,0,0,0,0,0,9.1622,0.18667,0,0,0,0,0
9,208,2.146,119.94,7474.5,0.48772,0,0,0.86577,3.5688,0,0,0,0,3.4087,0.37122,0,0,0,0,0
9,208,2.146,119.94,7474.5,0.0062716,0,0,0.008333,0,0,0,0,0,36.785,0.34071,0,0,0,0,0
9,208,2.146,119.94,7474.5,0,0,0,48.693,0.00043,0.00038703,0,0,0,1.0245,0.35864,0,0,0,0,4.1979
9,208,2.146,119.94,7474.5,0.40654,0,0,0,0,3.8831,0,1.4467,0,3.8737,98.291,0,0,0,0,0
9,208,2.146,119.94,7474.5,0,0,0,0.31869,9.7784,0,0,0,0,0,19.712,0,0,0,0,0
9,208,2.146,119.94,7474.5,0.8724,0,0,0,0,0,7.1772,0,0,0,0.18667,0,0,0,0,8.0959
9,208,2.146,119.94,7474.5,1.4277,0,0,2.0967,0,0.015838,0,0,0,0,2.1428,0,0,0,0,4.1979
9,208,2.146,119.94,7474.5,0,0,0,0.8482,0,0,0.50998,0,0,9.1412,0.34398,0,0,0,0,5.3973
9,208,2.146,119.94,7474.5,0.037058,0,0,0,0,0.0070345,0.075512,0,0,0,0.35074,0,0,0,0,0
9,208,2.146,119.94,7474.5,0.047734,0,0,0.00524,15.527,0.14717,0,0,0,9.1202,0.39068,0,0,0,0,4.1979
9,208,2.146,119.94,7474.5,0,0,0,0.001463,5.079,0,1.8509,0,0,0,2.4226,0,0,0,0,0
9,208,2.146,119.94,7474.5,0.86316,0,0,0.64533,0,0,0,0,0,0.44682,1.9337,0,0,0,0,0.29985
9,208,2.146,119.94,7474.5,0,0,0,0,0,0,0,0,0,1.5079,3.2906,0,0,0,0,0
9,208,2.146,119.94,7474.5,0.002344,0,0,0,0,0,33.552,0,0,3.8737,2.2905,0,0,0,0,0
9,208,2.146,119.94,7474.5,0.43507,0,0,0,0,0,59.751,0,0,1.057,0.22358,0,0,0,0,0
9,208,2.146,119.94,7474.5,0.003295,0,0,0.012768,0,0.009319,0,0,0,0.63421,6.4398,0,0,0,0,4.1979
9,208,2.146,119.94,7474.5,0.002741,0,0,0.84437,0,0,44.91,0,0,0,2.8966,0,0,0,0,0
9,208,2.146,119.94,7474.5,24.56,0,0,0,0,0,0.13695,0,0,1.808,0.18667,0,0,0,0,0
9,208,2.146,119.94,7474.5,0.001192,0,0,7.8e-05,0,15.817,0,0,0,8.4961,4.2611,0,0,0,0,0
9,208,2.146,119.94,7474.5,8.1e-05,0,0,0.11967,0.047755,0,0,0,0,1.7864,48.907,0,0,0,0,0
9,208,2.146,119.94,7474.5,0.00387,0,0,0.82974,0,0,0,0,0,8.4961,0.18667,0,0,0,0,0
9,208,2.146,119.94,7474.5,0.008336,0,0,1.0975,0,0,11.586,0,0,0.14685,0.18667,0,0,0,0,0
9,208,2.146,119.94,7474.5,0,0,0,0,0,0.0022856,0,0,0,0,0.18667,0,0,0,0,5.3973
9,208,2.146,119.94,7474.5,0.095329,0,0,0.008333,0,0.011232,0.94509,0,0,1.4449,2.3546,0,0,0,0,0
9,208,2.146,119.94,7474.5,0.6284,0,0,0,82.907,0,0,0,0,0.91947,0.33393,0,0,0,0,0
9,208,2.146,119.94,7474.5,0.90472,0,2.7497,0.00833,0,0,0,0,0,0.43348,8.7668,0,0,0,0,13.793
9,208,2.146,119.94,7474.5,0,0,0,0,42.269,0,0.16424,0,0,0,8.8787,0,0,0,0,0
9,208,2.146,119.94,7474.5,0.2281,0,0,0.82682,6.4531,0,0,0,0,5.7109,2.4012,0,0,0,0,0
9,208,2.146,119.94,7474.5,0,0,0,0.035677,0,0,0.16424,0,0,1.0076,0.95751,0,0,0,0,0
9,208,2.146,119.94,7474.5,0.25425,0,0,0,0,0,0,0,0,0,0.18667,0,0,0,0,4.1979
9,208,2.146,119.94,7474.5,0.013505,0,0,0,0,0,0.010505,0,0,0.44575,34.003,0,0,0,0,0
9,208,2.146,119.94,7474.5,44.647,0,6.0406,51.957,0,0,0,0,0,0.65812,12.6,0,0,0,0,0
9,208,2.146,119.94,7474.5,10.251,0,0,2.2102,0,0,0,0,0,0.55196,5.1602,0,0,0,0,0
9,208,2.146,119.94,7474.5,0,0,0,0.00524,0,7.5736,0,0,0,5.7109,0.18667,0,0,0,0,0.29985
9,208,2.146,119.94,7474.5,0,0,0,0,0,0.0026966,0,0.039103,0,36.785,20.511,0,0,0,0,0
9,208,2.146,119.94,7474.5,0,0,0,1.0786,0,0,0,0,0,1.261,0.18667,0,0,0,0,25.787
9,208,2.146,119.94,7474.5,0.008333,0,8.1267,0,0,0,0.94509,0,0,5.7109,0.18667,0,0,0,0,0
9,208,2.146,119.94,7474.5,0,0,0,0.060221,0,0,11.586,0,7.1355,1.5859,0.42559,0,0,0,0,0
9,208,2.146,119.94,7474.5,0.008333,0,0,3.1191,0,0,0,0,0,1.0245,0.97191,0,0,0,0,0
9,208,2.146,119.94,7474.5,0.86211,0,0,8.293,0.063421,0,0.85532,0.009085,0,5.7231,0.18667,0,0,0,0,0
9,208,2.146,119.94,7474.5,22.43,0,0,7.8532,23.762,0.49896,12.064,0,0,8.0476,5.4628,0,0,0,0,0
9,208,2.146,119.94,7474.5,0.008333,0,0,0.84115,0,0,0,0,0,0.8932,16.205,0,0,0,0,0
9,208,2.146,119.94,7474.5,0,0,0,0,40.084,0.0018078,0.16424,0,0,4.212,1.4444,0,0,0,0,0
9,208,2.146,119.94,7474.5,1.2814,0,0,0,0,0.91248,0,0,0,9.1202,53.643,0,0,0,0,2.9985
9,208,2.146,119.94,7474.5,0.033447,0,0,0.000254,0,0,0,0,0,0.27721,5.7625,0,0,0,0,0
9,208,2.146,119.94,7474.5,0,0,0,0.008333,0,0,0.02739,0,0,0.4212,35.951,0,0,0,0,0.29985
9,208,2.146,119.94,7474.5,0.99233,0,0,0.008321,1.6432,0,25.921,0,0,3.8737,0.18667,0,0,0,0,0
9,208,2.146,119.94,7474.5,44.647,0,0,0,0.64118,0,0.16424,0,0,1.057,0.18667,0,0,0,0,0
9,208,2.146,119.94,7474.5,0.00644,0,0,0.82429,0,0,0.75485,0,0,1.5079,0.18667,0,0,0,0,0
9,208,2.146,119.94,7474.5,0,0,0,0,0,0,0,0,0,6.8425,0.18667,0,0,0,0,0
9,208,2.146,119.94,7474.5,0.008333,0,0,0.82536,0,0,0,0,0,0.8932,67.767,0,0,0,0,0
9,208,2.146,119.94,7474.5,3.4514,0,0,0,0,0.10183,0,0,0,0.8932,0.18667,0,0,0,0,0
9,208,2.146,119.94,7474.5,0,0,0,0,0.002741,0,21.639,0,0,7.6506,0.18667,0,0,0,0,0
9,208,2.146,119.94,7474.5,0.01247,0,0,0.008333,0,0,0,0,0,0.44682,0.18667,0,0,0,0,6.5967
9,208,2.146,119.94,7474.5,0.070608,0,0,0,0.003538,0,0.16424,0,0,0,10.036,0,0,0,0,0
9,208,2.146,119.94,7474.5,0.008333,0,0,0.039722,0,0,0.16424,0,0,0.63421,0.18667,0,0,0,0,0
9,208,2.146,119.94,7474.5,0,0,0,0.019294,0,0,0,0,0,0,51.321,0,0,0,0,0
9,208,2.146,119.94,7474.5,0.0065058,0,0.103,0.038795,0,0.0015973,0,0,0,5.7231,0.18667,0,0,0,0,2.9985
9,208,2.146,119.94,7474.5,0,0,0,0,0,0,0.16424,0,0,4.212,0.18667,0,0,0,0,2.9985
9,208,2.146,119.94,7474.5,0.71403,0,0,0,0.0012795,0,0,0,0,1.0834,4.2611,0,0,0,0,4.1979
9,208,2.146,119.94,7474.5,0.00676,0,0,0,0,0.00021684,0.16424,0,0,3.4087,0.18667,0,0,0,0,0
9,208,2.146,119.94,7474.5,41.786,0,0,3.8075,0,0.006606,0,0,0,1.808,24.251,0,0,0,0,0
9,208,2.146,119.94,7474.5,0.011627,0,0,0.12076,0,0,0.95611,0,0,1.0076,0.18667,0,0,0,0,0
9,208,2.146,119.94,7474.5,0,0,0,0,0,0,0,0,0,2.6253,0.18667,0,0,0,0,1.7991
9,208,2.146,119.94,7474.5,0,0,0,0.22136,0,0.0027405,0,0,0,0,0.18667,0,0,0,0,5.3973
9,208,2.146,119.94,7474.5,0,0,0,0,0,0,0,0,0,5.6716,0.71492,0,0,0,0,6.5967
9,208,2.146,119.94,7474.5,0.8691,0,0,0,0,0,0,0,0,4.212,11.953,0,0,0,0,0
9,208,2.146,119.94,7474.5,0,0,18.991,0,0,0,0,0,0,1.7864,0.34071,0,0,0,0,6.5967
9,208,2.146,119.94,7474.5,0,0,0,0,0,0,0,0,0,0.27721,48.907,0,0,0,0,0
9,208,2.146,119.94,7474.5,0.2281,0,0,0,0.26362,0,0,0,0,36.785,0.18667,0,0,0,0,0
9,208,2.146,119.94,7474.5,0.024172,0,0,3.8075,0,0,0,0,0,5.7109,0.35688,0,0,0,0,0.29985
9,208,2.146,119.94,7474.5,0.086076,0,0,75.865,0,0,0,0,0,0,3.9699,0,0,0,0,0
9,208,2.146,119.94,7474.5,0,0,0,0,0,0,0,0,0,0.4212,0.93382,0,0,0,0,17.391
9,208,2.146,119.94,7474.5,16.017,0,0,0,0,0,0,0,0,1.7327,4.2902,0,0,0,0,0
9,208,2.146,119.94,7474.5,0,0,0,3.8075,0,0,0.16424,0,0,0,0.18667,0,0,0,0,0
9,208,2.146,119.94,7474.5,0.87482,0,0,23.733,0,0,0,0,0,7.8617,0.18667,0,0,0,0,18.591
9,208,2.146,119.94,7474.5,4.8643,0,0,0,0,0,0,0,0,2.6253,36.545,0,0,0,0,0
9,208,2.146,119.94,7474.5,0,0,0,8.9261,0,0,44.622,0,0,0.39237,0.18667,0,0,0,0,0
9,208,2.146,119.94,7474.5,4.4384,0,0,0.023068,0,0,0,0,0,0,15.34,0,0,0,0,0.29985
9,208,2.146,119.94,7474.5,0,0,0,0,12.727,0,0,0,0,0.8932,10.304,0,0,0,0,0
9,208,2.146,119.94,7474.5,0.017849,0,0,0,0,22.193,0,0,0,1.1822,56.51,0,0,0,0,0
9,208,2.146,119.94,7474.5,0.85735,0,0,0,0,0,0,0,0,0,77.618,0,0,0,0,0
9,208,2.146,119.94,7474.5,0.87958,0,0,0.0006155,0,0,0,0,0,0,0.42559,0,0,0,0,0.29985
9,208,2.146,119.94,7474.5,0.006701,0,0,0,0,0,0.010505,0,0,5.7231,0.18667,0,0,0,0,1.7991
9,208,2.146,119.94,7474.5,0,0,0,0.000765,0,0,0,0,0,0,6.3191,0,0,0,0,0
9,208,2.146,119.94,7474.5,0,0,0,0.30389,0,0,0,0,0,1.1034,1.8107,0,0,0,0,1.7991
9,208,2.146,119.94,7474.5,0,0,0,0.83611,13.404,0,0.075512,0,0,0.8932,1.6724,0,0,0,0,18.591
9,208,2.146,119.94,7474.5,0.79124,0,0,17.927,0,0,0.84533,0,0,7.6506,2.7192,0,0,0,0,0
9,208,2.146,119.94,7474.5,0,0,0,0,0,0,23.707,0.57277,0,0,2.9511,0,0,0,0,0
9,208,2.146,119.94,7474.5,1.0641,0,0,0,2.3014,0,0,0,0,36.785,6.9144,0,0,0,0,6.5967
9,208,2.146,119.94,7474.5,0,0,0,13.667,0,0,0,0,0,1.164,1.349,0,0,0,0,0
9,208,2.146,119.94,7474.5,0,0,0,0.008332,0,0,0,0,0,5.6716,9.6183,0,0,0,0,4.1979
9,208,2.146,119.94,7474.5,0.11995,0,0,5.6218,0,0,0.16424,0,0,1.7327,15.093,0,0,0,0,0
9,208,2.146,119.94,7474.5,0.056642,0,0,4.8473,0,0,0.84533,0,0,0.73557,1.9329,0,0,0,0,16.192
9,208,2.146,119.94,7474.5,8.7608,0,0,0.82178,5.1809,0,0.94509,0,0,0.65812,0.18667,0,0,0,0,0
9,208,2.146,119.94,7474.5,0.004588,0,0,0,0.024117,0,0.50998,0,0,0,0.22358,0,0,0,0,0
9,208,2.146,119.94,7474.5,6.5127,0,2.5765,0,0,0,6.4315,0,0,0,0.70126,0,0,0,0,0
9,208,2.146,119.94,7474.5,0,0,0,1.7601,0.012388,0,0,0,0,5.7231,0.18667,0,0,0,0,0
9,208,2.146,119.94,7474.5,4.4732,0,0,0,0,0,5.7266,0,0,55.455,0.18667,0,0,0,0,2.9985
9,208,2.146,119.94,7474.5,0,0,0,0.1805,0,0,0.075512,0,0,21.917,0.18667,0,0,0,0,0
9,208,2.146,119.94,7474.5,0,0,0,91.454,0,0,0,0,0,1.7864,0.18667,0,0,0,0,0
9,208,2.146,119.94,7474.5,0.13527,0,0,7.95e-05,0.000125,0,0.94509,0,0,0,0.18667,0,0,0,0,0
9,208,2.146,119.94,7474.5,10.251,0,0,0,0,0,0,0.07776,0,9.1202,70.646,0,0,0,0,0
9,208,2.146,119.94,7474.5,0.003485,0,0,0.009896,0,0,0,0,0,4.212,3.2906,0,0,0,0,0
9,208,2.146,119.94,7474.5,0,0,0,0.83835,0,0,0,0,0,0,1.8754,0,0,0,0,1.7991
9,208,2.146,119.94,7474.5,0.02051,0,0,0.12076,21.138,0.0015027,0.16424,0,0,1.5859,0.18667,0,0,0,0,0
9,208,2.146,119.94,7474.5,0,0,0,0.15245,0,0,0,0,0,8.0476,0.34266,0,0,0,0,0
9,208,2.146,119.94,7474.5,0.039077,0,0,0.007102,0,0,0,0,0,0.39237,0.42363,0,0,0,0,0
9,208,2.146,119.94,7474.5,5.7224,0,0,0,0,0,0.16424,0,0,0.76777,0.18667,0,0,0,0,0
9,208,2.146,119.94,7474.5,1.7735,0,0,0,0,0,0.16424,0,0,0.21027,3.36,0,0,0,0,0
9,208,2.146,119.94,7474.5,0.88632,0,0,0,0,0,0,0,0,1.5851,0.22358,0,0,0,0,2.9985
9,208,2.146,119.94,7474.5,0.011015,34.672,0,0,0,0,0,0,0,0,0.18667,0,0,0,0,0
9,208,2.146,119.94,7474.5,0.01146,0,0,0.24876,0,0,0,0,0,3.4087,0.18667,0,0,0,0,0
9,208,2.146,119.94,7474.5,0,0,0,0.92111,0,0,0.84533,0,0,0,0.18667,0,0,0,0,0
9,208,2.146,119.94,7474.5,0.008333,0,0,0.005239,0,0,65.625,0,0,0.55196,6.0116,0,0,0,0,0
9,208,2.146,119.94,7474.5,0,0,0,24.073,0,0,0,0,0,0,0.18667,0,0,0,0,1.7991
9,208,2.146,119.94,7474.5,6.5868,0,0,0,0,0,0,0,0,1.5859,11.056,0,0,0,0,0
9,208,2.146,119.94,7474.5,0.008333,0,0,0,0,0,0,0,0,0,64.675,0,0,0,0,1.7991
9,208,2.146,119.94,7474.5,0.035877,0,0,0.008341,0.002139,0,0,0,0,19.403,5.3971,0,0,0,0,4.1979
9,208,2.146,119.94,7474.5,0.008333,0,0,0,0,0.00090266,0.85532,0,0,0,0.18667,0,0,0,0,2.9985
9,208,2.146,119.94,7474.5,9.149,0,0,0,0,0,0,0,0,36.785,8.4911,0,0,0,0,0
9,208,2.146,119.94,7474.5,0.01153,0,0,0.00328,0,0,105.22,0,0,0,11.622,0,0,0,0,0
9,208,2.146,119.94,7474.5,0,0,0,5.4105,0,0,0,0,0,0.27721,53.964,0,0,0,0,0
9,208,2.146,119.94,7474.5,6.3e-05,0,0,0.089937,0.003465,0,0,0,0,0,21.275,0,0,0,0,1.7991
9,208,2.146,119.94,7474.5,0.38402,0,0,0,0,0,0,0,0,3.8254,0.59267,0,0,0,0,0.29985
9,208,2.146,119.94,7474.5,0.002998,0,0,0,0,0,0,0,0,0.14685,0.18667,0,0,0,0,0
9,208,2.146,119.94,7474.5,0.003295,0,0,0,0.93946,0,36.096,0,0,1.0076,5.114,0,0,0,0,2.9985
9,208,2.146,119.94,7474.5,0.63873,0,0,0,0,0,0,0,0,1.1034,1.1094,0,0,0,0,0
9,208,2.146,119.94,7474.5,0.010107,0,0,0,0,0,0,0,0,0.27721,0.34267,0,0,0,0,0
9,208,2.146,119.94,7474.5,2.2834,0,0,17.927,0,0,0,0,0,0,0.18667,0,0,0,0,0
9,208,2.146,119.94,7474.5,0.89567,0,0,0,6.3e-05,0,0.95611,0,0,0,0.86986,0,0,0,0,1.7991
9,208,2.146,119.94,7474.5,0,0,0,1.7153,0,0,2.3552,0,0,0.76342,0.29739,0,0,0,0,0
9,208,2.146,119.94,7474.5,1.0188,0,0,0,0,0,0,0,0,0.21027,0.84122,0,0,0,0,0.29985
9,208,2.146,119.94,7474.5,4.987,0,0,0,0,0,0,0,0,9.1202,0.18667,0,0,0,0,0
9,208,2.146,119.94,7474.5,1.5576,0,0,4.4098,0,0,0,0,0,1.0139,42.747,0,0,0,0,0
9,208,2.146,119.94,7474.5,0,0,0,13.342,0,0.28797,0,0,0,1.5859,0.18667,0,0,0,0,2.9985
9,208,2.146,119.94,7474.5,0.87747,0,0,2.5283,0,0.01108,0,0,0,0,0.18667,0,0,0,0,113.94
9,208,2.146,119.94,7474.5,0,0,0,0,0,0,0,0,0,1.0076,0.90931,0,0,0,0,0
9,208,2.146,119.94,7474.5,0,0,0,0,0,0,91.674,0,0,0.44682,1.4444,0,0,0,0,0
9,208,2.146,119.94,7474.5,0,0,0.000351,0.009988,0,0,0,0,0,9.1202,10.325,0,0,0,0,0
9,208,2.146,119.94,7474.5,44.369,0,0,0,0.012388,0,0,0,0,5.7109,15.182,0,0,0,0,0
9,208,2.146,119.94,7474.5,0,0,0,0.4312,0,0,12.954,0,0,7.8617,0.18667,0,0,0,0,12.594
9,208,2.146,119.94,7474.5,0,0,0,0,0,0.045969,0,3.1219,0,0,31.047,0,0,0,0,5.3973
9,208,2.146,119.94,7474.5,0.008333,0,0,0.8541,0.016666,0.017853,0,0,0,1.0167,35.434,0,0,0,0,0
9,208,2.146,119.94,7474.5,0,0,0,3.5754,0,0,0,0,0,1.7327,4.1293,0,0,0,0,4.1979
9,208,2.146,119.94,7474.5,0.92649,0,0,0,0.0093899,0,0,0,0,0,0.18667,0,0,0,0,0
9,208,2.146,119.94,7474.5,0.0068531,0,0,0,0,0.0015973,0.16424,0,0,0,33.902,0,0,0,0,0
9,208,2.146,119.94,7474.5,0,0,0,0.15245,0.63542,0,0,0,0,5.7109,0.18667,0,0,0,0,0
9,208,2.146,119.94,7474.5,22.323,0,0,6.1216,0,0.008139,0,0,0,1.1034,6.2013,0,0,0,0,0
9,208,2.146,119.94,7474.5,0,0,0,0.000251,0,0.00078163,0,0,0,1.5859,0.18667,0,0,0,0,0
9,208,2.146,119.94,7474.5,33.553,0.016666,0,0.017933,0,0,0,0,0,1.1034,23.122,0,0,0,0,5.3973
9,208,2.146,119.94,7474.5,0,0,0,0,0,0,0,0,0,0.21027,13.556,0,0,0,0,0
9,208,2.146,119.94,7474.5,0.008333,0,0,0,0,0,0,0,0,0.76342,8.3756,0,0,0,0,0
9,208,2.146,119.94,7474.5,0,0,0,0,0,0,0.16424,0,0,1.1034,9.4508,0,0,0,0,2.9985
9,208,2.146,119.94,7474.5,0.008333,0,0,0.006542,0,0,11.023,0,0,0.8932,37.875,0,0,0,0,4.1979
9,208,2.146,119.94,7474.5,0,0,0,0.005769,0,0,0.76622,0,0,19.403,5.7625,0,0,0,0,0
9,208,2.146,119.94,7474.5,0,0,0,5.6218,0,0,0.76622,0,0,3.8254,73.378,0,0,0,0,1.7991
9,208,2.146,119.94,7474.5,0.002784,0,0,0.000765,0,0,0,0,0,0,1.4444,0,0,0,0,0
9,208,2.146,119.94,7474.5,0.008335,0,0,0,0,0.0048184,0.13695,0,0,1.0167,4.911,0,0,0,0,0
9,208,2.146,119.94,7474.5,0.8592,0,0,0,0.016668,0,0.16424,0,0,0.68445,0.18667,0,0,0,0,0
9,208,2.146,119.94,7474.5,26.161,0,0,1.1983,0,0,0,0,0,0,2.7334,0,0,0,0,1.7991
9,208,2.146,119.94,7474.5,0.02612,0,0,0.024954,0,0,0,0,0,0,2.4339,0,0,0,0,0
9,208,2.146,119.94,7474.5,8.621,0,0,0.008321,0,0.010721,0,0,0,1.0245,3.2155,0,0,0,0,0
9,208,2.146,119.94,7474.5,0,0,0,0,0,0,0,0,0,0.44575,21.275,0,0,0,0,0
9,208,2.146,119.94,7474.5,0,0,0,0.008332,0,0,0,0,0,0,0.18667,0,0,0,0,0
9,208,2.146,119.94,7474.5,0,0,0,0,0.001463,0,0,0,0,0,0.35508,0,0,0,0,0.29985
9,208,2.146,119.94,7474.5,0,0,0,0.8442,0,0,0.94509,0,0,55.455,6.941,0,0,0,0,1.7991
9,208,2.146,119.94,7474.5,0,0,0,0,0,0,0,0,0,8.5959,0.96176,0,0,0,0,0
9,208,2.146,119.94,7474.5,0,0,0,14.205,20.094,0,0,0,0,1.5851,2.1299,0,0,0,0,0
9,208,2.146,119.94,7474.5,7.8e-05,0,0,0.008333,0,0.013672,0,0,0,0,27.831,0,0,0,0,0
9,208,2.146,119.94,7474.5,0.027739,0,0,0.008606,0,0,0.96795,0,0,0,0.18667,0,0,0,0,0
9,208,2.146,119.94,7474.5,0,0,0,0,0,2.0614,0,0,0,0,0.18667,0,0,0,0,0
9,208,2.146,119.94,7474.5,0,0,0,0.008397,1.3787,0,0,0,0,1.164,2.5955,0,0,0,0,0.29985
9,208,2.146,119.94,7474.5,0,0,0,0.028271,0,0,0.53887,0,0,0.44682,27.942,0,0,0,0,0
9,208,2.146,119.94,7474.5,0.33212,0,0,0,0,0.005223,0,0,0,4.212,0.18667,0,0,0,0,0
9,208,2.146,119.94,7474.5,0.0094073,0,0,10.136,0,0,36.849,0,0,0.27721,0.18667,0,0,0,0,0
9,208,2.146,119.94,7474.5,0,0,0.027745,1.5295,0,0,0,0,0,0.73557,0.18667,0,0,0,0,0.29985
10,209,1,228.52,14241,0,0,0,0,0,0,140.4,0,0,1.0167,4.4486,1.4806,0,0,0,0
10,209,1,228.52,14241,34.01,0,0,0,0.003821,0,0,0,0,0.27721,0.98527,1.7539,0,0,0,0
10,209,1,228.52,14241,0.21846,0,0,0,21.957,0,0,0,0,0,17.756,6.4389,0,0,0,0
10,209,1,228.52,14241,0.89084,0,0,0,0,0,0,0,0,0.68445,5.9899,5.9248,0,0,0,0
10,209,1,228.52,14241,0,0,0,5.9604,0,0,0,0,0,127.87,0.18667,62.76,0,0,0,0
10,209,1,228.52,14241,0.002011,0,0,1.1179,0,0,19.517,0,0,1.5079,0.18667,5.7211,0,0,0,0
10,209,1,228.52,14241,0.19931,0.022752,0,0.84085,0,0,0,0,0,1.5851,0.18667,0.50119,0,0,0,0
10,209,1,228.52,14241,0,0,0,0,0,0,0,0,0,0,0.18667,0.16388,0,0,0,0
10,209,1,228.52,14241,0.85786,0,0,0.036033,0,0,0,0,0,0,151.89,20.037,0,0,0,0
10,209,1,228.52,14241,0.76741,0,0,0.00644,0,0,0,0,0,0,0.18667,3.3707,0,0,0,0
10,209,1,228.52,14241,0,0,0,0,0,0,0.0029097,0,0,0.76777,9.0127,1.0829,0,0,0,0
10,209,1,228.52,14241,0,0,0,0,0,0,0,0,0,36.785,0.3452,0.51278,0,0,0,0
10,209,1,228.52,14241,0,0,0,0,0,0.007836,34.474,0,0,5.6716,19.58,3.3711,0,0,0,0
10,209,1,228.52,14241,0,0,0,0.010579,0,0,0,0,0,8.5959,0.18667,4.045,0,0,0,0
10,209,1,228.52,14241,0.125,0,0,0,0,0,0,0,0,9.1202,0.18667,2.7424,0,0,0,0
10,209,1,228.52,14241,0,0,0,0.096272,2.2749,0,0,0,0,1.1822,5.5492,1.0829,0,0,0,0
10,209,1,228.52,14241,0.0060235,0,0,0,0,0.017085,0,0.3323,0,9.1622,0.18667,3.2764,0,0,0,0
10,209,1,228.52,14241,0.65662,0,0,0,0,0,0.16424,0.45733,0,1.261,0.34385,8.1531,0,0,0,0
10,209,1,228.52,14241,0.012861,0,0,0.00833,0,0,164.51,0,0,0.18355,0.18667,0.4038,0,0,0,0
10,209,1,228.52,14241,0.003295,0,0,0,0,0,0,0,0,0.8932,37.06,96.953,0,0,0,0
10,209,1,228.52,14241,0.0055799,0,0,0,0,0,0,0,0,0.18355,2.0457,8.1531,0,0,0,0
10,209,1,228.52,14241,0.008333,0,0,0,0,0,62.949,0,0,0,0.22358,8.6433,0,0,0,0
10,209,1,228.52,14241,0,0,0,0,0,0,0,0,0,0.76342,54.222,0.16388,0,0,0,0
10,209,1,228.52,14241,0,0,0,0,0,0,19.658,0,0,1.0167,0.34287,1.74,0,0,0,0
10,209,1,228.52,14241,0.861,0,0,0.12569,0,0,0.16424,0,0,0.91947,8.3848,1.601,0,0,0,0
10,209,1,228.52,14241,0,0,0,0.008333,0,0,0,0,0,0.72035,36.545,8.6433,0,0,0,0
10,209,1,228.52,14241,0.013221,0,0,0,0.85747,0,0,7.988,0,0,0.33865,10.844,0,0,0,0
10,209,1,228.52,14241,24.088,0,0,0.008333,0,0.0016717,0.16424,0,0,0,55.071,4.2869,0,0,0,0
10,209,1,228.52,14241,0.85735,0,0,0,0.029186,0,0.075512,0,0,4.212,0.18667,3.2942,0,0,0,0
10,209,1,228.52,14241,0,0,0,0.008506,0.15524,0,38.304,0,0,8.0476,13.561,4.7488,0,0,0,0
10,209,1,228.52,14241,0.95363,0,0,0.0067551,0,0,168.84,0,0,0,0.33927,0.16388,0,0,0,0
10,209,1,228.52,14241,0.0055804,0,0,0,13.706,0,0.16424,0,0,0.44682,0.18667,1.6298,0,0,0,0
10,209,1,228.52,14241,0.008333,0,0,0,0,0,7.1772,0,0,3.8254,0.37122,1.9125,0,0,0,0
10,209,1,228.52,14241,0,0,0,0,0,0,0,0,0,0.91947,24.214,20.037,0,0,0,0
10,209,1,228.52,14241,0.015941,0,0,0,30.602,0,0,0,0,9.1622,29.012,2.7424,0,0,0,0
10,209,1,228.52,14241,0,0,0,0.024954,5.3565,0.00021684,0,0,0,0.44682,7.8478,3.2942,0,0,0,0
10,209,1,228.52,14241,6.3e-05,0,0,0,0,0,0,0,0,0,0.38292,10.844,0,0,0,0
10,209,1,228.52,14241,0.008333,0,0,0.008345,0,0,0,0,0,1.7864,6.329,1.74,0,0,0,0
10,209,1,228.52,14241,0,0,0,0.0052205,0,0.0018444,7.1875,0,0,0,1.1651,0.51278,0,0,0,0
10,209,1,228.52,14241,0,0,0,0,0,0,34.692,0,0,1.0076,2.8966,0.67707,0,0,0,0
10,209,1,228.52,14241,0.00524,0,0,0,10.182,0,0.94509,4.0614,0,55.455,1.4513,0.49611,0,0,0,0
10,209,1,228.52,14241,0,0,0,0,0,0,0,0,0,0,0.59267,57.83,0,0,0,0
10,209,1,228.52,14241,0.70008,0,0,0.1805,0,0,0.16424,0,0,0.4212,4.3035,3.3707,0,0,0,0
10,209,1,228.52,14241,4.1254,0,0,26.214,0,0.011232,0.13695,0,0,1.7864,0.18667,0.53311,0,0,0,0
10,209,1,228.52,14241,1.2814,0,0,1.0387,0,0,0.94509,0,0,9.1202,2.8966,57.767,0,0,0,0
10,209,1,228.52,14241,0.008333,0,0,0,0,0,0,0,0,0.44575,0.18667,2.5505,0,0,0,0
11,210,1,231.27,14412,0,0.003346,0,0.0020495,0,0,0,0,0,1.1822,1.3308,1.6514,0,0,0,0
11,210,1,231.27,14412,0.011769,0,0,29.468,5.7896,0,0,0,0,3.4087,21.275,0.54177,0,0,0,0
11,210,1,231.27,14412,0.88632,0,0,0.008333,0.00014,0,0,0,0,0.73557,0.33085,6.4721,0,0,0,0
11,210,1,231.27,14412,0,2.1625,0,0,0.00043,0,0.84533,0,0,1.0167,0.18667,15.121,0,0,0,0
11,210,1,231.27,14412,0.81642,0,0,0.0062156,0,0,0,0,0,0.27721,4.8239,2.4748,0,0,0,0
11,210,1,231.27,14412,1.3083,0,0,0.008345,0,0.019367,0,0,0,7.8617,0.18667,2.4748,0,0,0,0
11,210,1,231.27,14412,1.4812,0,0,8.293,0,26.417,0,0,0,0,1.6408,10.047,0,0,0,0
11,210,1,231.27,14412,0.010663,0,0,0.003538,0,0,0,0,0,8.0476,12.757,22.79,0,0,0,0
11,210,1,231.27,14412,0.008333,0,0,78.561,0,0,0,0,0,0.27721,48.099,6.4721,0,0,0,0
11,210,1,231.27,14412,0.00524,0,0,0,0,0,0,0,0,0.18086,0.33927,3.7895,0,0,0,0
11,210,1,231.27,14412,0.006701,0,0,0,0,0,0,0,0,6.8425,7.2436,0.54177,0,0,0,0
11,210,1,231.27,14412,0.008333,0,0,0,0.000368,0,164.51,0,0,8.4961,10.522,2.4748,0,0,0,0
11,210,1,231.27,14412,0,0,2.4112,34.01,4.6686,0,0.0029097,0,0,1.5859,17.117,0.085689,0,0,0,0
11,210,1,231.27,14412,8.3461,0,0,0.002407,0.000124,0,0.16424,0,0,36.785,2.1299,1.0354,0,0,0,0
11,210,1,231.27,14412,0,0,0,0,0,0,0.02739,0,0,0,48.907,0.085689,0,0,0,0
11,210,1,231.27,14412,0.0076281,0,0,0.0067817,0,0,0.075512,0,0,1.7327,0.18667,1.0354,0,0,0,0
11,210,1,231.27,14412,0,0,0,0,0.35506,0.00038703,96.28,0,0,0,0.18667,2.1246,0,0,0,0
11,210,1,231.27,14412,0.37067,0,0,0,8.0637,0,140.4,0,0,1.1822,21.372,6.4958,0,0,0,38.159
11,210,1,231.27,14412,0.030146,0,0,0,0,0,78.37,0,0,4.212,3.4073,2.4748,0,0,0,0
11,210,1,231.27,14412,0.0059107,0,0,13.118,0,0.0015973,95.971,0,0,21.917,0.34986,0.54177,0,0,0,0
11,210,1,231.27,14412,0,0,0.022297,0,0,0,19.224,0,0,0.55196,11.612,0.99739,0,0,0,0
12,211,2.694,229.85,14324,0,0,0,2.4738,0,0,0.010505,0,0,0,2.2783,0,0,0,0,0
12,211,2.694,229.85,14324,6.5127,0,0,0.096272,0.005395,0,0,0,0,0.14685,14.178,0,0,0,0,0
12,211,2.694,229.85,14324,0.02681,0,0,0.008333,0,0,0.16424,0,0,0,0.18667,0,0,0,0,0
12,211,2.694,229.85,14324,3.136,0,0,0,0.060816,0,64.592,0,0,0.73557,0.18667,0,0,0,0,0
12,211,2.694,229.85,14324,0,0,0,5.3178,0,0,0.16424,0,0,0.73557,23.883,0,0,0,0,0
12,211,2.694,229.85,14324,0.008333,0,0,0.011436,0,0.0022856,0,0,0,5.6716,0.344,0,0,0,0,0
12,211,2.694,229.85,14324,21.273,0,0,0,0,0,0,0,0,0.76777,43.733,0,0,0,0,0
12,211,2.694,229.85,14324,16.193,0,0,0,0,0,0,0,0,1.808,0.22358,0,0,0,0,0
12,211,2.694,229.85,14324,2.5562,0,0,0,0,0,0,0,0,0,0.18667,0,0,0,0,0
12,211,2.694,229.85,14324,27.888,0,0,0.007221,0,0,0.16424,0,0,9.1622,2.0268,0,0,0,0,0
12,211,2.694,229.85,14324,0,0,0,2.0869,0.099895,1.0371,0,0,0,0,42.976,0,0,0,0,0
12,211,2.694,229.85,14324,0.002741,0,0,0,0,0,0,0,0,21.917,2.1428,0,0,0,0,0
12,211,2.694,229.85,14324,0,0,0,91.454,0,0,0,0,0,0.44682,1.263,0,0,0,0,0
12,211,2.694,229.85,14324,2.9213,0,0,0,0,0,33.552,0,0,0.76342,2.8966,0,0,0,0,0
12,211,2.694,229.85,14324,0.1371,0,0,0.63441,0.11037,0,0.50998,0,0,0,1.7467,0,0,0,0,0
12,211,2.694,229.85,14324,90.627,0,0,0,0,0,0.0029097,0,0,1.5859,8.8787,0,0,0,0,0
12,211,2.694,229.85,14324,0.007475,0,0,0.80775,0,0,0,0,0,0,0.18667,0,0,0,0,0
12,211,2.694,229.85,14324,1.1731,0,0,0.24876,0,0,0,0,0,1.4449,0.18667,0,0,0,0,0
12,211,2.694,229.85,14324,52.521,0,0,0.011436,0,0.0081189,0.16424,0,0,0,0.18667,0,0,0,0,0
12,211,2.694,229.85,14324,0.002998,0,0,0,0.71099,0,0,0,0,9.1202,42.976,0,0,0,0,5.7462
12,211,2.694,229.85,14324,0.008333,0,0,0,0,0,0,0,0,1.5859,42.828,0,0,0,0,0
12,211,2.694,229.85,14324,0.010521,0,0,5.4943,0,0,0,0,0,1.1034,0.88827,0,0,0,0,0
12,211,2.694,229.85,14324,0.71403,0,0,0,2.627,0,0,0,0,0.27721,4.911,0,0,0,0,0
12,211,2.694,229.85,14324,0.011769,0,0,0,0,0,0.16424,0,0,8.4961,1.6724,0,0,0,0,0
12,211,2.694,229.85,14324,0.007229,0,0,0,1.9688,0,0.16424,0,0,5.7109,53.643,0,0,0,0,0
12,211,2.694,229.85,14324,0,0,0,0.009896,0,9.9561,0,0,0,0,0.33749,0,0,0,0,0
12,211,2.694,229.85,14324,0,0,0,3.3935,0,0,0.16424,0,0,0,13.418,0,0,0,0,0
12,211,2.694,229.85,14324,0,0,0,0,0,0,0,0,0,0,0.96176,0,0,0,0,0
12,211,2.694,229.85,14324,0.008333,0,0,3.4215,0,1.2951,0,0,0,1.4449,0.18667,0,0,0,0,0.57462
12,211,2.694,229.85,14324,0.85786,0,0,0.60858,0,0,0,0,1.6866,10.481,80.929,0,0,0,0,0
12,211,2.694,229.85,14324,0.013822,0,0,0.008799,0.30369,0,0,0,0,1.9819,0.18667,0,0,0,0,0
12,211,2.694,229.85,14324,0,0,0,0,0.00855,0,0.16424,0,0,5.7109,6.0116,0,0,0,0,0
12,211,2.694,229.85,14324,0,0,0,0,0,0,0,0,0,0,0.18667,0,0,0,0,0
12,211,2.694,229.85,14324,0.37067,0,0,0.055199,0,0,86.259,0,0,0,0.18667,0,0,0,0,0
12,211,2.694,229.85,14324,18.445,0,0,0,0,0.011956,0,0,0,7.6506,0.34266,0,0,0,0,0
12,211,2.694,229.85,14324,0,0.017161,0.11775,0,0,0,0,0,0,0.44682,14.813,0,0,0,0,0
12,211,2.694,229.85,14324,1.119,0,0,0.00524,0,0,0,0,0,3.8737,11.85,0,0,0,0,0
12,211,2.694,229.85,14324,0,0,0,0.1539,0,0,168.84,0,0,21.917,0.18667,0,0,0,0,0
12,211,2.694,229.85,14324,0.008335,0,0,0.96341,0,0,0,0,0,13.788,0.18667,0,0,0,0,0
12,211,2.694,229.85,14324,0.027224,0,0,0,0,0,0,0,0,0,0.33393,0,0,0,0,0
12,211,2.694,229.85,14324,0.000716,0,0,0,0.016668,0,0,0,0,1.9819,67.767,0,0,0,0,0
12,211,2.694,229.85,14324,0,0,0,2.5283,0,0.15984,0,0,0,0,96.039,0,0,0,0,0
12,211,2.694,229.85,14324,0.008333,0,0,0.011007,0,0.040268,0,0,0,9.1622,15.858,0,0,0,0,0
12,211,2.694,229.85,14324,0.0168,0,0,0.003821,0,0,0,0,0,127.87,0.33589,0,0,0,0,0
12,211,2.694,229.85,14324,0.037954,0,0.561,0,0.65517,0,0.16424,0,0,0.44682,2.1428,0,0,0,0,0
12,211,2.694,229.85,14324,2.1168,0,0,0,0,0.0027405,32.715,0,0,55.455,6.2397,0,0,0,0,0
12,211,2.694,229.85,14324,0,0,0,0.000693,0,0,0,0,0,1.0076,0.34519,0,0,0,0,0
12,211,2.694,229.85,14324,0,0,0,35.937,0,0,36.135,0,0,0,0.70126,0,0,0,0,0
12,211,2.694,229.85,14324,0,0,0,0.008333,0,0.0018078,0.16424,0,0,0,0.54798,0,0,0,0,0
12,211,2.694,229.85,14324,1.0468,0,0,0.81935,0.016666,0,36.849,0,0,3.8737,0.18667,0,0,0,0,0
12,211,2.694,229.85,14324,18.789,0,0,10.615,0,0,0,0,0,0,2.1299,0,0,0,0,0
12,211,2.694,229.85,14324,0,0,0,46.077,0,0,0,0,0,8.4961,0.18667,0,0,0,0,0
12,211,2.694,229.85,14324,62.778,0,0,1.0387,0,0,36.096,0,0,0,55.071,0,0,0,0,0
12,211,2.694,229.85,14324,0.002011,0,0,0,0.090875,0,0.16424,0,0,0.68445,5.5621,0,0,0,0,0
12,211,2.694,229.85,14324,0.0001025,0,0,4.108,0,0,0,0,0,0.73557,0.34288,0,0,0,0,0
12,211,2.694,229.85,14324,0.008333,0,0,0.31984,17.054,0.0044603,0.76622,0,0,19.403,0.18667,0,0,0,0,0
12,211,2.694,229.85,14324,4.9277,0,0,0.008345,0,0,41.468,0,0,1.1034,146.15,0,0,0,0,0.57462
12,211,2.694,229.85,14324,0,0,0,3.03,0,0,0.16424,0,0,0.76777,1.3429,0,0,0,0,0
12,211,2.694,229.85,14324,2.2834,0,0,0.014399,0,0,0.075512,0,0,0,24.214,0,0,0,0,0
12,211,2.694,229.85,14324,0.033447,0,0,8.293,0,0,0,0,0,0,0.18667,0,0,0,0,0
12,211,2.694,229.85,14324,6.3e-05,0,0,0.008675,2.7177,0,0,0,0,3.4087,0.34397,0,0,0,0,0
12,211,2.694,229.85,14324,4.6248,0,0,0,0,0,0,0,0,0.4212,0.29739,0,0,0,0,0
12,211,2.694,229.85,14324,0.00524,0,0,0,0,0,0,4.4,0,1.5851,0.18667,0,0,0,0,0
12,211,2.694,229.85,14324,0,0,0,0.001397,0.10153,0,0,0,0,0,0.18667,0,0,0,0,0
12,211,2.694,229.85,14324,6.286,0,0,1.5295,0,0,0,0,0,36.785,0.93382,0,0,0,0,0
12,211,2.694,229.85,14324,0,0,0,0.013163,0,0,0,0,0,1.5079,3.2092,0,0,0,0,0
12,211,2.694,229.85,14324,20.011,0,0,0.000172,0,0,0,0,0,18.081,0.18667,0,0,0,0,0
12,211,2.694,229.85,14324,0,0,0,0,6.5509,0,5.3824,0,0,12.135,23.171,0,0,0,0,0
12,211,2.694,229.85,14324,0,0,0,0.59108,0.003932,0,0,0,0,1.164,1.8754,0,0,0,0,0
12,211,2.694,229.85,14324,0.0262,0,0,0,0,0,7.1875,0,0,0,0.18667,0,0,0,0,0
12,211,2.694,229.85,14324,0.87958,0,0,0,0,0,129.66,0,0,0,39.913,0,0,0,0,0
12,211,2.694,229.85,14324,3.3496,0,0,10.417,0.023135,0,34.474,0,0,0,2.7468,0,0,0,0,0
12,211,2.694,229.85,14324,0,0,0,0,0,0.0066048,7.5219,0,0,0,0.18667,0,0,0,0,0
12,211,2.694,229.85,14324,0,0,0,0,0,82.984,0,0,0,8.0476,0.18667,0,0,0,0,0
12,211,2.694,229.85,14324,0,0,0,0.013878,0,0.0043721,13.047,0,0,3.8737,29.012,0,0,0,0,0
12,211,2.694,229.85,14324,44.369,0,0,0.008333,0.8017,0,0,0,0,1.1034,0.18667,0,0,0,0,8.0447
12,211,2.694,229.85,14324,0.001141,0,0,0,0,0,0,0,0,18.081,81.992,0,0,0,0,0
12,211,2.694,229.85,14324,0,0,0,0,0,0,0,0,0,1.0139,0.18667,0,0,0,0,0
12,211,2.694,229.85,14324,0.81642,0,0,4.4098,0,0,0.0029097,0,0,5.7231,16.724,0,0,0,0,0
12,211,2.694,229.85,14324,0,0,0,0,0,0,0,0,0,1.0167,22.311,0,0,0,0,0
12,211,2.694,229.85,14324,0,0,0,0,0,0,0.16424,0,0,0.63421,5.5621,0,0,0,0,0
12,211,2.694,229.85,14324,0,0,0,0,4.3194,0.0022856,0,0,0,0.4212,0.18667,0,0,0,0,0
12,211,2.694,229.85,14324,0.0076281,0,0,0.00043,21.957,0,0,0,0,0,0.40813,0,0,0,0,0
12,211,2.694,229.85,14324,0.008333,0,0,0.003295,0,0.06813,0.16424,0,0,0,0.18667,0,0,0,0,0
12,211,2.694,229.85,14324,0.000126,0,0,0,0,0,0,0,0,0.21027,6.7376,0,0,0,0,0
12,211,2.694,229.85,14324,0.17442,0,0,0,0.14365,0,19.517,0,0,36.785,4.1293,0,0,0,0,0
12,211,2.694,229.85,14324,0.008333,0,0,0.21258,4.4317,0,1.0602,0,0,0.27721,0.86986,0,0,0,0,0
12,211,2.694,229.85,14324,0.0062716,0,0,68.903,0,1.4323,0,0,0,0.8932,0.33238,0,0,0,0,10.343
12,211,2.694,229.85,14324,0.02051,0,0,6.3e-05,0,0,19.517,0,0,5.7231,0.18667,0,0,0,0,0
12,211,2.694,229.85,14324,0.0062716,0,0,0.008321,0,0,0,0,0,1.261,81.992,0,0,0,0,0
12,211,2.694,229.85,14324,0,0,0,0.30215,0,0,0,0,0,0.27721,0.34069,0,0,0,0,0
12,211,2.694,229.85,14324,0,0,0,0.84437,0,0,0,0,0,19.403,1.8754,0,0,0,0,0
12,211,2.694,229.85,14324,0.021011,0,0.055042,0.15561,0,0,0,0,0,0.73557,0.344,0,0,0,0,5.7462
12,211,2.694,229.85,14324,1.4027,0,0,0,0.032204,0.012756,0,0,0,4.212,0.18667,0,0,0,0,0
12,211,2.694,229.85,14324,0,0,0,0,0,0,0,0,0,1.7327,0.18667,0,0,0,0,0
12,211,2.694,229.85,14324,0.87571,0,0,0.63441,0,0,0,0,0,0.68445,5.4628,0,0,0,0,0
12,211,2.694,229.85,14324,0.0002525,0,0,0.0062716,0,0,0.16424,0,0,0,1.556,0,0,0,0,0
12,211,2.694,229.85,14324,0.86102,0,0,0.0006155,0,0,0,0,0,0.44682,27.831,0,0,0,0,0
12,211,2.694,229.85,14324,0.00247,0,0,3.6905,2.2749,0,0,0,0,1.2479,17.87,0,0,0,0,10.343
12,211,2.694,229.85,14324,0,0,0,0.11142,0,3.8831,0,0,0,0,11.85,0,0,0,0,0
12,211,2.694,229.85,14324,3.8816,0,0,0.85691,0.007595,0,0,0,0,18.081,4.0621,0,0,0,0,0
12,211,2.694,229.85,14324,52.521,0,0,0,0,0,0,0,0,1.1822,48.907,0,0,0,0,0
12,211,2.694,229.85,14324,0.008333,0,0,0,0,0,0.94509,0,0,36.785,1.6724,0,0,0,0,0
12,211,2.694,229.85,14324,0.2281,0,0,2.0318,0,0.014991,0.16424,0,0,55.455,1.9365,0,0,0,0,0
12,211,2.694,229.85,14324,0.008335,0,0,0.0076281,0,0,5.7266,0,0,0,0.34092,0,0,0,0,0
12,211,2.694,229.85,14324,2.825,0,0,0,0,63.514,35.78,0,0,0.44682,2.9179,0,0,0,0,0
12,211,2.694,229.85,14324,0.005769,0,0,0,0,0,0,0,0,55.455,0.33085,0,0,0,0,0
12,211,2.694,229.85,14324,0.10632,0,0,0.008333,0.00184,0,11.023,0,0,0,0.18667,0,0,0,0,0
12,211,2.694,229.85,14324,10.142,0,0,0,0,4.1191,0,0,0,0,0.18667,0,0,0,0,0
12,211,2.694,229.85,14324,0.003416,0,0,0,0,0,0.85532,0,0,0,0.18667,0,0,0,0,0
12,211,2.694,229.85,14324,0.59116,0,0,0.8887,0,0.06813,0,0,0,0,1.7499,0,0,0,0,0
12,211,2.694,229.85,14324,0.068182,0,5.8245,7.1703,0,0,0,0,0,1.808,0.18667,0,0,0,0,0
12,211,2.694,229.85,14324,0,0,0,0,0.016663,0,0,0,0,0,0.99867,0,0,0,0,0
12,211,2.694,229.85,14324,0.11093,0,0,0.39756,0,0,0,0,0,0,117.22,0,0,0,0,0
12,211,2.694,229.85,14324,0,0,0,1.7802,0.10583,0,0,0,0,0,13.538,0,0,0,0,0
12,211,2.694,229.85,14324,0.86601,0,0,0,0,0,0,0,0,0,1.2884,0,0,0,0,0
12,211,2.694,229.85,14324,0,0,0,0,0,0,0,0,0,0,0.18667,0,0,0,0,0
12,211,2.694,229.85,14324,7.9328,0,0,3.1876,0,0,0,0,0,7.8617,1.9329,0,0,0,0,0
12,211,2.694,229.85,14324,0,0,0,1.1179,0,0,58.446,0,0,5.7109,0.18667,0,0,0,0,0
12,211,2.694,229.85,14324,0.074428,0,0.010841,0,0,0,51.635,0,0,1.808,0.18667,0,0,0,0,0
12,211,2.694,229.85,14324,1.0641,0,0,0,0,0,0,0,0,0.39237,0.18667,0,0,0,0,0
12,211,2.694,229.85,14324,0.003295,0,0,0,0,0,0.16424,0,0,36.785,1.4391,0,0,0,0,0
12,211,2.694,229.85,14324,0.010107,0,0,3.0479,0,0,0,0,0,0,17.711,0,0,0,0,0
12,211,2.694,229.85,14324,0.85735,0,0,0.82492,0,0,0,0,0,1.0139,0.18667,0,0,0,0,0
12,211,2.694,229.85,14324,0,0,0,0.003355,1.5132,0,0,0,0,1.1822,98.291,0,0,0,0,0
12,211,2.694,229.85,14324,0.54142,0,0,0,2.9061,0,18.1,0,0,0,0.18667,0,0,0,0,0
12,211,2.694,229.85,14324,5.9497,0,0,0.013294,0,0,0,0,0,0,8.0482,0,0,0,0,0
12,211,2.694,229.85,14324,1.5123,0,0,0,0,0,0,0,0,0,23.901,0,0,0,0,0
12,211,2.694,229.85,14324,3.1709,0,0,0.008332,0,0,0,0,0,5.6716,1.3308,0,0,0,0,0
12,211,2.694,229.85,14324,0,0,0,1.2742,0,0.008139,0,0,0,5.7231,5.9677,0,0,0,0,0
12,211,2.694,229.85,14324,0,0,0,0.18051,6.9557,0,0,0,0,0,56.51,0,0,0,0,0
12,211,2.694,229.85,14324,0,0,0,0,0,0,0.010505,0,0,0,21.372,0,0,0,0,0
12,211,2.694,229.85,14324,62.778,0,0,8.6936,0,0,0,0,0,8.5959,0.18667,0,0,0,0,0
12,211,2.694,229.85,14324,0,0,0,0.83993,0,0,0,0,0,1.808,12.846,0,0,0,0,0
12,211,2.694,229.85,14324,11.943,0,0,0.020892,40.084,0,7.1772,0,0,1.0245,26.096,0,0,0,0,0
12,211,2.694,229.85,14324,0,0,0,13.667,0,0,0.50998,0,0,0.39237,2.8966,0,0,0,0,0
12,211,2.694,229.85,14324,1.3285,0,0,0.82018,0,0,34.223,0,0,0.21027,1.9933,0,0,0,0,0
12,211,2.694,229.85,14324,0,0,0,3.9373,0,0,0.16424,0,0,4.212,8.4911,0,0,0,0,0
12,211,2.694,229.85,14324,0.28257,0,0,0.76006,0,0,0,0,0,3.4087,3.4073,0,0,0,0,0
12,211,2.694,229.85,14324,0.008335,0,0,0,0.001669,0,0,0,0,0,0.18667,0,0,0,0,0
12,211,2.694,229.85,14324,0,0,0,0,0,0.008139,0,0,0,0.27721,39.913,0,0,0,0,0
12,211,2.694,229.85,14324,0.57152,0,0,0.018696,0,0,0.75485,0,0,16.378,0.33632,0,0,0,0,0
12,211,2.694,229.85,14324,0.008333,0,0,0,0,0,0.53887,0,0,0.39237,23.137,0,0,0,0,0
12,211,2.694,229.85,14324,0,0,1.2455,64.602,0,0.022321,0,0,0,0.27721,0.18667,0,0,0,0,0
12,211,2.694,229.85,14324,0.30924,0,0,0,0,0,0,0,0,1.7327,0.33927,0,0,0,0,0
12,211,2.694,229.85,14324,0.87482,0,0,0,0,0,0.16424,0,0,8.5959,67.767,0,0,0,0,0
12,211,2.694,229.85,14324,0,0,0,0.008671,0,0.77768,38.551,0,0,1.4449,0.83155,0,0,0,0,0
12,211,2.694,229.85,14324,0.008333,0,0,0,0.005202,0,0,0,0,3.4087,1.2592,0,0,0,0,0
12,211,2.694,229.85,14324,0.004345,0,0,0.00824,0,0,0.16424,0,0,0.18086,0.39068,0,0,0,0,0
12,211,2.694,229.85,14324,24.088,0,0,0.005769,0,0,0,0,0,0.63421,5.5621,0,0,0,0,0
12,211,2.694,229.85,14324,0.85815,0,0,0,0,0.00078163,0,0,0,0,0.18667,0,0,0,0,0
12,211,2.694,229.85,14324,0,0,0,0.008321,0,0,6.0125,0,0,5.7231,0.18667,0,0,0,0,8.0447
12,211,2.694,229.85,14324,0.0068538,0,0,2.2788,0.81111,0.0090675,0.16424,0,0,0.14685,0.18667,0,0,0,0,0
12,211,2.694,229.85,14324,0.007697,0,0,0,0.000124,0,0,0,0,0,17.117,0,0,0,0,0
12,211,2.694,229.85,14324,0,0,27.975,16.536,0,0,0,0,0,1.0076,13.42,0,0,0,0,0
12,211,2.694,229.85,14324,0,0,0,0,0,0,0.85532,0,0,16.378,0.18667,0,0,0,0,0
12,211,2.694,229.85,14324,0.0002525,0,0,1.5034,0.74321,0.01108,0,0,0,1.5851,23.254,0,0,0,0,0
12,211,2.694,229.85,14324,0,0,0,1.2742,0,0,0,0,0,1.808,27.942,0,0,0,0,0
12,211,2.694,229.85,14324,0.47095,0,0,5.3178,0,0,0,0,0,8.5959,0.18667,0,0,0,0,0
12,211,2.694,229.85,14324,0,0,0,1.4493,0,0,0,0,0,0,2.0991,0,0,0,0,0
12,211,2.694,229.85,14324,0.00524,0,0,0.00524,0,0,0,0,0,0,0.18667,0,0,0,0,0
12,211,2.694,229.85,14324,0,0,0,0.00644,0,0,0,0.49777,0,127.87,0.18667,0,0,0,0,0
12,211,2.694,229.85,14324,0,0,0,34.01,0,0,13.235,0,0,5.7109,1.445,0,0,0,0,0
12,211,2.694,229.85,14324,0.012861,0,0,3.6905,0,0,16.731,0,0,1.808,23.035,0,0,0,0,0
12,211,2.694,229.85,14324,0,0,0,5.3178,0,0,0.0029097,0,0,0,0.18667,0,0,0,0,0
12,211,2.694,229.85,14324,0.88632,0,0.14028,0,0,0,140.4,0,0,1.0834,11.85,0,0,0,0,0
12,211,2.694,229.85,14324,0,0,0,0,0,0,0,0,0,8.0476,13.538,0,0,0,0,0
12,211,2.694,229.85,14324,0,0,0,0.010579,76.847,0,0,0,0,8.0476,8.0844,0,0,0,0,0
12,211,2.694,229.85,14324,0.11488,0,0,15.436,0,0,0.85532,0,0,0.72035,15.182,0,0,0,0,0
12,211,2.694,229.85,14324,0.02612,0,0,0.4312,0,0,0.76622,0,0,0.4212,0.18667,0,0,0,0,0
12,211,2.694,229.85,14324,0.0002525,0,0,44.184,1.0589,0,0.16424,0,0,0,0.18667,0,0,0,0,0
12,211,2.694,229.85,14324,0.88011,0,0,5.4943,0,0,0,0,0,0,0.18667,0,0,0,0,0
12,211,2.694,229.85,14324,0,0,0,0.012768,6.18,0,0,0,0,0.65812,0.18667,0,0,0,0,0
12,211,2.694,229.85,14324,0.008334,0,0,47.344,0.2696,35.841,23.904,0,0,1.057,10.304,0,0,0,0,0
12,211,2.694,229.85,14324,0,0,0,0,0.228,0,64.859,0,0,0,0.42363,0,0,0,0,0
12,211,2.694,229.85,14324,0.67615,0,0,0.014399,0,0,103.84,0,0,0,2.4226,0,0,0,0,0
12,211,2.694,229.85,14324,0.8815,0,0,0,0.005304,0,0,0,0,0,0.18667,0,0,0,0,0
12,211,2.694,229.85,14324,0.037058,0,0.20413,0.047866,0,0,0,0,0,5.7109,1.6724,0,0,0,0,0
12,211,2.694,229.85,14324,0.008333,0,0,9.0845,0,0,0,0,0,0,1.9337,0,0,0,0,0
12,211,2.694,229.85,14324,0.86601,0,0,0.029758,0,0.0039712,0,0,0,0,0.18667,0,0,0,0,0
12,211,2.694,229.85,14324,0.00829,0,0,0,0,0,0,0,0,1.057,37.706,0,0,0,0,0
12,211,2.694,229.85,14324,0.003416,0,0,0,0,0,0.16424,0,0,5.7109,12.791,0,0,0,0,0
12,211,2.694,229.85,14324,0.00524,0,0,0.008332,0,0,0,0,0,4.212,0.18667,0,0,0,0,5.7462
12,211,2.694,229.85,14324,0.042211,0,0,0,0,0,0.84533,0,0,0,0.18667,0,0,0,0,0
12,211,2.694,229.85,14324,0,0,0,0,0.00021,0,0.0029097,0,0,91.663,0.18667,0,0,0,0,0
12,211,2.694,229.85,14324,0.86917,0,0,2.8031,0.94852,0.0072729,1.0602,0,0,1.2479,21.143,0,0,0,0,0
12,211,2.694,229.85,14324,0,0,0,1.0067,0.65051,0.0068216,0.16424,0,0,5.7109,0.18667,0,0,0,0,0
12,211,2.694,229.85,14324,0,0,0,0,0,0,0,0,0,0.27721,35.434,0,0,0,0,0
12,211,2.694,229.85,14324,1.8467,0,0.063067,3.7415,0,0,0,0,0,1.0834,0.18667,0,0,0,0,0
12,211,2.694,229.85,14324,0,0,0,0.017026,0,0,0,0,0,0,22.553,0,0,0,0,0
12,211,2.694,229.85,14324,0.87482,0,0,0.37004,0.13931,0,0,0,0,0.4212,9.4002,0,0,0,0,0
12,211,2.694,229.85,14324,0,0,0,0,0,0,12.954,0,0,0,0.33263,0,0,0,0,0
12,211,2.694,229.85,14324,0.003127,0,0,0.008333,0,0,0,0,0,0,0.18667,0,0,0,0,0
12,211,2.694,229.85,14324,0,0,0,0.008332,0.016665,0,0,0,0,0.4212,6.9144,0,0,0,0,0
12,211,2.694,229.85,14324,0,0,0,0.1464,0,0,53.031,0,0,55.455,4.4969,0,0,0,0,0
12,211,2.694,229.85,14324,1.7216,0,0,10.063,0,0,17.516,0,0,1.2479,1.6724,0,0,0,0,0
12,211,2.694,229.85,14324,0.025,0,0,0.013631,0,0.10183,0,0,0,0,0.18667,0,0,0,0,0
12,211,2.694,229.85,14324,0.125,0,0,0.060221,0,0,19.517,0,0,127.87,0.18667,0,0,0,0,0
12,211,2.694,229.85,14324,0.89567,0,0,0.008722,0,0,123.38,0,0,1.5851,0.18667,0,0,0,0,0
12,211,2.694,229.85,14324,25.357,0,0,0,0,0,0,0,0,0.91947,0.35975,0,0,0,0,0
12,211,2.694,229.85,14324,0.00676,0,0,0.00524,0,0,0,0,0,36.785,64.675,0,0,0,0,0
12,211,2.694,229.85,14324,4.9277,0,0,0,0,0,0,0,0,1.5079,1.4391,0,0,0,0,0
12,211,2.694,229.85,14324,0.3515,0,0,0,0,0.006606,0,0,0,3.8737,0.45538,0,0,0,0,0
12,211,2.694,229.85,14324,0,0,0,0.2186,0.090875,0,0,0,0,1.7864,0.71492,0,0,0,0,0
12,211,2.694,229.85,14324,0,0,0,0,0,0,0.11746,0,0,1.1034,0.29739,0,0,0,0,0
12,211,2.694,229.85,14324,0.002508,0,0,0.2186,0,0,0,0,0,18.081,67.767,0,0,0,0,0
12,211,2.694,229.85,14324,0,0,0,0,0,0,0,0,0,1.5859,0.18667,0,0,0,0,0
12,211,2.694,229.85,14324,0,0,0,0,0,0,12.199,0,0,0,0.18667,0,0,0,0,0
12,211,2.694,229.85,14324,25.357,0,0,158.82,0,12.46,0,0,0,0,0.18667,0,0,0,0,0
12,211,2.694,229.85,14324,0.66665,0,0,0.01117,0.00043,0,0,0,0,0,16.651,0,0,0,0,0
12,211,2.694,229.85,14324,3.2489,0,0,1.271,0,0.11707,0,4.3479,0,0.4212,4.8003,0,0,0,0,0
12,211,2.694,229.85,14324,0.024172,0,0,1.6185,0,0,0,0,0,0,0.40813,0,0,0,0,0
12,211,2.694,229.85,14324,0,0,0.000219,0,0,0,0,0,0,2.6253,0.33634,0,0,0,0,0
12,211,2.694,229.85,14324,0.14035,0,0,0.82372,0,0.084025,0,0.020014,0,0,8.8787,0,0,0,0,0
12,211,2.694,229.85,14324,52.521,0,0,0.83993,23.762,0,0.16424,0,0,1.0245,7.6991,0,0,0,0,0
12,211,2.694,229.85,14324,0,0,0,0,0.005421,0,0.85532,0,0,3.8737,24.214,0,0,0,0,0
12,211,2.694,229.85,14324,0,0,0,8.149,16.192,0,0,0,0,0.27721,9.4002,0,0,0,0,0
12,211,2.694,229.85,14324,0.21846,0,0,0.0068531,0,0,0,0,0,0.55196,0.18667,0,0,0,0,0
12,211,2.694,229.85,14324,6.3e-05,0,0,0.283,0,0,0,0,0,0.76342,34.549,0,0,0,0,0
12,211,2.694,229.85,14324,0.008335,0,0,0.008339,0,0,0,0,0,0,13.052,0,0,0,0,0
12,211,2.694,229.85,14324,0.71403,0,0,0,0,0,0,0,0,0,3.1118,0,0,0,0,0
12,211,2.694,229.85,14324,0.070608,0,0,0,0,0,0.010505,0,13.866,1.0245,2.8072,0,0,0,0,0
12,211,2.694,229.85,14324,0.65662,0,0,1.1513,0,0,38.551,0,0,0,13.052,0,0,0,0,0
12,211,2.694,229.85,14324,0.0094528,0,0,0,0,0,0.16424,0,0,3.8737,0.46726,0,0,0,0,0
12,211,2.694,229.85,14324,0.86935,0,0,0,0,0,0,0,0,0,0.35372,0,0,0,0,0
12,211,2.694,229.85,14324,0.85744,0,0,0.00043,0,0.012756,0.16424,0,0,1.1034,0.18667,0,0,0,0,0
12,211,2.694,229.85,14324,0.00524,0,0,68.903,0,0,0.16424,0,0,1.0245,0.18667,0,0,0,0,0
12,211,2.694,229.85,14324,0,0,0,0.008333,0,0,0,0,0,0,3.2576,0,0,0,0,0
12,211,2.694,229.85,14324,0.065653,0,0,0,0,0,0,0,0,0.14685,1.09,0,0,0,0,0
12,211,2.694,229.85,14324,0.013878,0,0,0.00524,0,0,164.29,0,0,0.65812,15.803,0,0,0,0,0
12,211,2.694,229.85,14324,4.8643,0,0,0.8518,0,0,0,0,0,127.87,0.18667,0,0,0,0,0
12,211,2.694,229.85,14324,0,0,0,0,6.0595,0,34.223,0,0,5.6716,31.227,0,0,0,0,0
12,211,2.694,229.85,14324,0,0,0,4.9047,0,0,0.010505,0,0,8.0476,0.18667,0,0,0,0,0
12,211,2.694,229.85,14324,0.85735,0,0,0,2.929,0,0,0,0,0.056957,0.66136,0,0,0,0,0
12,211,2.694,229.85,14324,0.0076281,0,0,0,0,0,40.966,0,0,0.8932,12.035,0,0,0,0,0
12,211,2.694,229.85,14324,0,0,0,0.001463,0,0,0,0,0,8.4961,36.541,0,0,0,0,0
12,211,2.694,229.85,14324,0,0,0,0,0,0,0,0,0,0.18355,8.8643,0,0,0,0,0
12,211,2.694,229.85,14324,0,0,0,0,0,0,0,0,0,0.73557,3.2092,0,0,0,0,0
12,211,2.694,229.85,14324,0.008333,0,0,0.008799,0,0,0,0,0,0,0.47944,0,0,0,0,0
12,211,2.694,229.85,14324,0.20714,0,0,0,0,0,0,0,0,0.14685,0.18667,0,0,0,0,0
12,211,2.694,229.85,14324,0,0,0,0,0.90761,0,0,0,0,0.14685,0.18667,0,0,0,0,0
12,211,2.694,229.85,14324,0,0,0.011532,0.013294,8.7196,0,0,0,0,0.39237,0.18667,0,0,0,0,0
12,211,2.694,229.85,14324,0.008335,0,0,0.82018,0,0.77768,0,0,0,10.481,153.58,0,0,0,0,0
12,211,2.694,229.85,14324,0.009056,0,0,1.5034,0,0,0,0,0,0.4212,2.7468,0,0,0,0,0
12,211,2.694,229.85,14324,0.011709,0,0,0.10066,0,0,18.351,0,0,1.261,90.175,0,0,0,0,0
12,211,2.694,229.85,14324,0,0,0,0,0,0,0,0,0,8.5959,13.561,0,0,0,0,0
12,211,2.694,229.85,14324,0.011374,0,2.3376,0.000133,0.0052395,0,0,0,0,0,0.37122,0,0,0,0,0
12,211,2.694,229.85,14324,2.2834,0,0,0,0,0,0,0,0,1.4449,4.4486,0,0,0,0,0
12,211,2.694,229.85,14324,0.0021305,0,0.00059,5.8212,0,0,0,0,0,3.8737,19.708,0,0,0,0,0
12,211,2.694,229.85,14324,0,0,0,0,1.9688,0,0,0.77197,0,2.6253,0.18667,0,0,0,0,0
12,211,2.694,229.85,14324,0,0,0,0.0068531,0,0,0,0,0,0,4.911,0,0,0,0,0
12,211,2.694,229.85,14324,0,0,0,0,0,0.0041351,0.16424,0,0,3.8254,0.18667,0,0,0,0,0
12,211,2.694,229.85,14324,0.00524,0,0,0.8442,0,0,6.4315,0,0,0,8.0482,0,0,0,0,0
12,211,2.694,229.85,14324,0,0,0,0.19728,8.2729,0,0,0,0,1.5851,10.325,0,0,0,0,0
12,211,2.694,229.85,14324,1.0898,0,0,0.002741,4.1752,0,0,0,0,9.1202,0.18667,0,0,0,0,0
12,211,2.694,229.85,14324,1.6651,0,0,0,0,0.029859,0,0,0,8.4961,8.3756,0,0,0,0,0
12,211,2.694,229.85,14324,0,0,0,0,0,0,16.731,0,0,0.76342,0.33632,0,0,0,0,0
12,211,2.694,229.85,14324,2.1529,0,0,2.0869,0,0,0,0,0,127.87,5.9677,0,0,0,0,0
12,211,2.694,229.85,14324,0,0,0,14.747,0,0,0,0,0,55.455,0.18667,0,0,0,0,0
12,211,2.694,229.85,14324,0.003465,0,0,0,0,0,0.16424,0,0,0,8.0593,0,0,0,0,0
12,211,2.694,229.85,14324,0,0,0,0,0.32846,0,0,0,0,0,73.378,0,0,0,0,0
12,211,2.694,229.85,14324,0.025776,0,0,0,1.6432,0,0,0,0,0.8932,4.2611,0,0,0,0,0
12,211,2.694,229.85,14324,0,0,0,0.027511,0,0,0,0,0,0,35.951,0,0,0,0,0
12,211,2.694,229.85,14324,0,0,3.9854,0,0,0,0.85532,0,0,0,18.848,0,0,0,0,0
12,211,2.694,229.85,14324,0,0,0.39901,4.6231,0,1.9192,0,0,0,1.5851,27.942,0,0,0,0,0
12,211,2.694,229.85,14324,0.00524,0,0,0.31639,2.7789,0,0,0,0,0.55196,73.378,0,0,0,0,0
12,211,2.694,229.85,14324,0,0,0,0,0,0,19.224,0,0,127.87,0.18667,0,0,0,0,0
12,211,2.694,229.85,14324,0.92649,0,0,0.000254,0.002868,0.0081189,0,0,0,0.18086,0.40813,0,0,0,0,0
12,211,2.694,229.85,14324,0,0,0.77234,0.60858,0,5.5788,0.16424,0,0,0,8.8787,0,0,0,0,0
12,211,2.694,229.85,14324,4.1254,0,0,0,0,0,25.635,0,0,1.261,5.9677,0,0,0,0,0
12,211,2.694,229.85,14324,0,0,0,0,0,15.817,0,0,0,55.455,1.09,0,0,0,0,0
12,211,2.694,229.85,14324,2.9909,0,0,0.82492,0,0,0,0,0,0.14685,0.22358,0,0,0,0,0
12,211,2.694,229.85,14324,0,0,0,0,0,0.10183,0,0,0,4.212,0.97191,0,0,0,0,0
12,211,2.694,229.85,14324,12.161,0,0,0,0,0,0.50998,0,0,0.27721,4.0621,0,0,0,0,0
12,211,2.694,229.85,14324,9.149,0,0,0,1.0827,0,0,0,0,0,183.55,0,0,0,0,0
12,211,2.694,229.85,14324,0.024172,0,0,0.008333,0,0.00038703,0,0,0,0.21027,36.541,0,0,0,0,0
12,211,2.694,229.85,14324,0,0,0,8.472,0,0,0.16424,0,0,1.057,0.18667,0,0,0,0,0
12,211,2.694,229.85,14324,0,0,0,3.7087,1.657,0.084025,0,5.321,0,9.1622,36.545,0,0,0,0,0
12,211,2.694,229.85,14324,2.6035,0,0,0.00524,0,0.010512,0,0,0,0,1.8398,0,0,0,0,0
12,211,2.694,229.85,14324,0.00829,0,0,1.2332,0,0,12.199,0,0,0.68445,33.902,0,0,0,0,31.03
12,211,2.694,229.85,14324,0,0,0,0.4243,0,0,0.76622,0,0,0.65812,0.18667,0,0,0,0,0
12,211,2.694,229.85,14324,0.008333,0,1.9097,0,0,0,0,0,0,0,1.7467,0,0,0,0,0
12,211,2.694,229.85,14324,0,0,0,75.865,0.002741,0,0,0,0,1.0167,12.791,0,0,0,0,0
12,211,2.694,229.85,14324,0,0,0,0,0,0.007836,0,0,0,0.44682,3.2745,0,0,0,0,0
12,211,2.694,229.85,14324,0,0,0,4.4098,0,0.006606,12.064,0,0,0.39237,98.291,0,0,0,0,0
12,211,2.694,229.85,14324,0.028574,0,0,0.008332,0,0.42345,0.16424,0,0,0.55196,34.614,0,0,0,0,0
12,211,2.694,229.85,14324,0,0,0,0,0,0,0,0,0,0,1.8107,0,0,0,0,0
12,211,2.694,229.85,14324,0,0,0,0,2.7177,8.5856,0,0,0,3.4087,0.18667,0,0,0,0,0
12,211,2.694,229.85,14324,0.000234,0,0.011758,4.2346,90.526,0,0,0,0,16.378,4.6158,0,0,0,0,0
12,211,2.694,229.85,14324,0.005239,0,0.13346,0.000739,0,0.006606,0.50998,0,0,8.5959,48.907,0,0,0,0,0
12,211,2.694,229.85,14324,0.12694,0,0,6.2234,2.7789,0,0,0,0,1.057,0.34441,0,0,0,0,0
12,211,2.694,229.85,14324,0,0,0,0.67836,0,0,0,0,0,0,8.8787,0,0,0,0,0
12,211,2.694,229.85,14324,4.9277,0,0,0.85311,0,0.83033,0,0,0,0,1.1651,0,0,0,0,0
12,211,2.694,229.85,14324,0.0060322,0,0,19.532,0,0,0.75485,0,0,127.87,33.902,0,0,0,0,0
12,211,2.694,229.85,14324,4.8643,0,0,0.004345,0,0,0,0,0,5.6716,1.0674,0,0,0,0,0
12,211,2.694,229.85,14324,0.000234,0,0,0.028271,0,0,0.13695,1.1295,0,0.55196,0.18667,0,0,0,0,0
12,211,2.694,229.85,14324,0.007475,0,0,0.0095455,0,0,0,0,0,19.403,8.4911,0,0,0,0,0
12,211,2.694,229.85,14324,5.9497,0,0,0,0,0,66.146,0,0,0,0.18667,0,0,0,0,0
12,211,2.694,229.85,14324,0.40654,0,0,0.007102,0,0,0,0,0,1.057,35.951,0,0,0,0,0
12,211,2.694,229.85,14324,0.008334,0,0,0.008333,0,0,0,0,0,1.057,0.18667,0,0,0,0,0
12,211,2.694,229.85,14324,0,0,0,0.014399,0,0.0066048,0,0,0,0,21.324,0,0,0,0,0
12,211,2.694,229.85,14324,27.888,0,0,0.007102,0,0.13159,0,0,0,0,0.18667,0,0,0,0,0
12,211,2.694,229.85,14324,0.017849,0,0,0.001267,0,0,0,0,0,0.55196,13.254,0,0,0,0,0
12,211,2.694,229.85,14324,0.008335,0,0,6.3e-05,0,0,0.16424,0,0,1.0167,1.7499,0,0,0,0,0
12,211,2.694,229.85,14324,0,0,0,0,0.016665,0,0,0,0,1.5851,0.59267,0,0,0,0,0
12,211,2.694,229.85,14324,0,0,0,0,0.00021,0,0,0,0,0.72035,58.227,0,0,0,0,0
12,211,2.694,229.85,14324,0.008336,0,0,0,0,0,0.84533,0,0,0.056957,19.58,0,0,0,0,0
12,211,2.694,229.85,14324,0,0,0,0.008333,0,0,0,0,0,0,0.18667,0,0,0,0,0
12,211,2.694,229.85,14324,0.006701,0,0,0,0,0,0,0,0,0.4212,52.236,0,0,0,0,0
12,211,2.694,229.85,14324,0.85815,0,0,0,0,0,0,0,0,0.76777,0.18667,0,0,0,0,0
12,211,2.694,229.85,14324,0.010521,0,0,0,0,0,0,0,0,0.14685,1.1511,0,0,0,0,0
12,211,2.694,229.85,14324,16.193,0,7.1373,0.50612,1.6294,0,0.16424,0,0,0,0.18667,0,0,0,0,0
12,211,2.694,229.85,14324,0,0,0,0.11307,0,0,0.50998,0,0,9.1202,0.26048,0,0,0,0,0
12,211,2.694,229.85,14324,0.0098684,0,0,0.007148,0,0.23683,0,0,0,3.8737,13.142,0,0,0,0,0
12,211,2.694,229.85,14324,0,0,0,3.8075,0,0,25.921,0,0,0.056957,1.1511,0,0,0,0,0
12,211,2.694,229.85,14324,0,0,0,0.00524,0,0,18.259,0,0,0.72035,0.18667,0,0,0,0,0
12,211,2.694,229.85,14324,2.0247,0,0,0,20.094,0,0,0,0,3.4087,64.675,0,0,0,0,0
12,211,2.694,229.85,14324,0.17797,0,0,3.0123,0,0,41.468,0,0,0,0.18667,0,0,0,0,0
12,211,2.694,229.85,14324,0,0,0,0.000739,0,0,58.446,0,0,1.1822,0.18667,0,0,0,0,0
12,211,2.694,229.85,14324,0,0,0,0,0.2056,0,0,0,0,1.057,27.825,0,0,0,0,0
12,211,2.694,229.85,14324,0,0,0,0,0,0,0,0,0,0,6.4269,0,0,0,0,0
12,211,2.694,229.85,14324,0,0,0,0.00884,0,0,0,0,0,3.8737,0.18667,0,0,0,0,0
12,211,2.694,229.85,14324,0.008333,0,0,0,0.024117,0,0,0,0,1.0167,0.18667,0,0,0,0,0
12,211,2.694,229.85,14324,0.000126,0,0,3.3459,0.00315,0.0043721,0,0,0,13.788,0.18667,0,0,0,0,0
12,211,2.694,229.85,14324,0,0,0,0,0,0,19.658,0,0,0,0.18667,0,0,0,0,0
12,211,2.694,229.85,14324,0.28257,0,0,0,0,0,0,0,0,0.63421,4.8003,0,0,0,0,0
12,211,2.694,229.85,14324,0.0055384,0,0,0,0.68789,0,0,0,0,0.65812,0.18667,0,0,0,0,0
12,211,2.694,229.85,14324,10.251,0,0,0,0,9.8334e-05,0,3.0269,0,1.057,1.8398,0,0,0,0,3.4477
12,211,2.694,229.85,14324,1.2814,0,0,0.008397,0,0,0.13695,0,0,9.1202,13.363,0,0,0,0,0
12,211,2.694,229.85,14324,0.8724,0,0,0.008333,0,0,189.65,0,0,0.68445,0.18667,0,0,0,0,0
12,211,2.694,229.85,14324,0,0,0,5.1866,0,0,0.16424,0,0,0.27721,0.18667,0,0,0,0,0
12,211,2.694,229.85,14324,0,0,0,19.532,0,0,0,0,0,0.76342,0.96176,0,0,0,0,0
12,211,2.694,229.85,14324,6.8611,0,0,0.85415,0,0,4.5947,0,0,1.0167,22.311,0,0,0,0,0
12,211,2.694,229.85,14324,0,0,0,0,0,0,0,0,0,1.9819,1.9337,0,0,0,0,0
12,211,2.694,229.85,14324,1.3876,0,0,0.01844,8.7196,0,0.16424,0,0,0,4.6158,0,0,0,0,0
12,211,2.694,229.85,14324,0,0,0,0.0068531,0,0,0,0,0,0.76342,0.18667,0,0,0,0,0
12,211,2.694,229.85,14324,3.9623,0,0,0,0,0,0,0,0,1.2479,14.459,0,0,0,0,0
12,211,2.694,229.85,14324,0,0,0,0.0062716,0,0,0,0,0,1.5079,17.802,0,0,0,0,0
12,211,2.694,229.85,14324,2.7412,0,0,0,0.12782,0,0,0,0,0,0.33589,0,0,0,0,0
12,211,2.694,229.85,14324,0.018424,0,0,0,0,2.0614,0,0,0,8.4961,0.18667,0,0,0,0,0
12,211,2.694,229.85,14324,0,0,0,0,0,0,0.84533,0,0,1.164,2.274,0,0,0,0,0
12,211,2.694,229.85,14324,0,0,0,0.040109,0.077472,0,0,0,0,0,23.901,0,0,0,0,0
12,211,2.694,229.85,14324,0,0,74.599,0.01844,0,0,0.84533,0,0,1.0245,0.18667,0,0,0,0,0
12,211,2.694,229.85,14324,1.9375,0,0,0,0,0,0.13695,0,0,8.4961,0.18667,0,0,0,0,0
12,211,2.694,229.85,14324,0,0,0,0.0060235,0,0,0.16424,0,0,8.4961,0.18667,0,0,0,0,0
12,211,2.694,229.85,14324,1.7216,5.2348,0,3.8075,0,0.0027405,0,0,0,1.9819,4.7763,0,0,0,0,0
12,211,2.694,229.85,14324,0.008333,0,0,6.3425,0,0,0.16424,0,0,9.1202,0.35074,0,0,0,0,0
12,211,2.694,229.85,14324,7.1668,0,0,0,0.65517,0,0,0,0,0,0.18667,0,0,0,0,0
12,211,2.694,229.85,14324,0.042211,0,0,0.70632,0,0.25819,0,0,0,9.1622,0.18667,0,0,0,0,0
12,211,2.694,229.85,14324,8.621,0,0,0,4.969,0,17.956,0,0,0.68445,0.35074,0,0,0,0,0
12,211,2.694,229.85,14324,0.008332,0,0,0,0,0,0.16424,0,0,0.8932,16.724,0,0,0,0,0
12,211,2.694,229.85,14324,0.84954,0,1.9653,0.017786,0,0.013405,0.13695,0,0,0,8.8643,0,0,0,0,0
12,211,2.694,229.85,14324,0,0,0,0,0,0,0,0,0,1.0167,0.37122,0,0,0,0,0
12,211,2.694,229.85,14324,2.6559,0,0,13.867,1.0589,0,154.86,0,0,0,0.18667,0,0,0,0,0
12,211,2.694,229.85,14324,1.0641,0,0,0,0,0,97.92,0,0,0.55196,6.5051,0,0,0,0,0
12,211,2.694,229.85,14324,0,0,0,0.01069,0.00043,0,0,0,0,4.212,0.18667,0,0,0,0,0
12,211,2.694,229.85,14324,0.00829,0,0,1.0067,0,0,0,0,0,0,0.44504,0,0,0,0,0
12,211,2.694,229.85,14324,0,0,0.073862,0,14.41,0,0,0,0,7.8617,3.6192,0,0,0,0,0
12,211,2.694,229.85,14324,0,0,0,0,0,0,0.13695,0,0,3.8254,27.942,0,0,0,0,0
12,211,2.694,229.85,14324,27.065,0,0,0,0,0,11.586,0,0,0.27721,2.4226,0,0,0,0,0
12,211,2.694,229.85,14324,0.45674,0,0,0,0.075304,0,0,0,0,0.14685,52.236,0,0,0,0,0
12,211,2.694,229.85,14324,0.008335,0,0,0.003416,0,0,0,0,0,1.4449,0.34385,0,0,0,0,0
12,211,2.694,229.85,14324,0.028116,0,1.3391,0,0.114,0,0,0,0,0,0.18667,0,0,0,0,0
12,211,2.694,229.85,14324,0.0068538,0,0,0,0,0,0,0,0,5.7109,0.18667,0,0,0,0,0
12,211,2.694,229.85,14324,0,0,0,0.005239,10.963,0,28.049,0,0,0,0.18667,0,0,0,0,0
12,211,2.694,229.85,14324,0,0,0,0,0,0,0,0,0,0.76342,12.901,0,0,0,0,0
12,211,2.694,229.85,14324,0.0014155,0,0,0,0,0,0.16424,0,0,0,19.708,0,0,0,0,0
12,211,2.694,229.85,14324,7.0198,0,0,0,0,0,31.616,0,0,0,0.34519,0,0,0,0,0
12,211,2.694,229.85,14324,0,0,0,0.50235,0,0,0,0,0,21.917,0.18667,0,0,0,0,0
12,211,2.694,229.85,14324,0,0,0,0.018201,0.13931,1.2951,0.16424,0,0,3.4087,5.9677,0,0,0,0,0
12,211,2.694,229.85,14324,0,0,0,9.8733,0,0,0,0,0,0,0.18667,0,0,0,0,0
12,211,2.694,229.85,14324,0.014813,0,0,0,0,0,0,0.10821,0,3.8737,1.3385,0,0,0,0,0
12,211,2.694,229.85,14324,3.8816,0,0,0,0,0,1.0602,0,0,3.4087,0.18667,0,0,0,0,0
12,211,2.694,229.85,14324,0,0,0,3.7087,0,0,0.13695,0,0,5.6716,0.18667,0,0,0,0,0
12,211,2.694,229.85,14324,0,0,0,0,0,0,0,0,0,1.0167,0.18667,0,0,0,0,0
12,211,2.694,229.85,14324,0.003485,0,0,1.4228,0,0,1.1102,0,0,3.8254,1.7467,0,0,0,0,0
12,211,2.694,229.85,14324,0.008335,0,0,0,0,0,0,0,0,3.8254,31.047,0,0,0,0,0
12,211,2.694,229.85,14324,0.0076281,0,0,0,0,0,0,0,0,0.68445,23.864,0,0,0,0,0
12,211,2.694,229.85,14324,0.008333,0,0,5.9604,0,0,0,0,0,7.6506,2.8072,0,0,0,0,0
12,211,2.694,229.85,14324,0.026555,0,0,0.001267,0,0,0.010505,0,0,0.18355,43.733,0,0,0,0,0
12,211,2.694,229.85,14324,0.008333,0,0,0,0,0.011956,0.16424,0,0,10.481,1.6724,0,0,0,0,0
12,211,2.694,229.85,14324,0.0014155,0,0,1.271,0,0,0,0,0,18.081,5.9814,0,0,0,0,0
12,211,2.694,229.85,14324,0,0,0,1.2101,13.706,0,154.86,0,0,0,0.18667,0,0,0,0,0
12,211,2.694,229.85,14324,0.20137,0,0,15.953,0.10583,0,0,0,0,0,24.887,0,0,0,0,0
12,211,2.694,229.85,14324,0.48772,0,0,0.003821,0,0,15.38,0,0,9.1622,48.099,0,0,0,0,0
12,211,2.694,229.85,14324,0,0,0,0,0,17.54,0,0,0,18.081,0.99867,0,0,0,0,0
12,211,2.694,229.85,14324,0,0.13063,0.020155,0.01774,0,0,0,0,0,1.7864,0.18667,0,0,0,0,0
12,211,2.694,229.85,14324,0,0,0,0.000124,0,0,30.85,0,0,1.7327,13.42,0,0,0,0,0
12,211,2.694,229.85,14324,0,0,0,0,0,0,0,0,0,1.5851,3.2092,0,0,0,0,0
12,211,2.694,229.85,14324,0.004588,0,0,0,0.016667,0,16.115,0,0,2.6253,0.84122,0,0,0,0,0
12,211,2.694,229.85,14324,0.003416,0,0,0,0,0,0,0,0,4.212,0.18667,0,0,0,0,0
12,211,2.694,229.85,14324,0,0,0,0,0,0,0,0,0,0.4212,0.18667,0,0,0,0,0
12,211,2.694,229.85,14324,3.4514,0,0,0.39756,0,0,0,0,0,55.455,21.372,0,0,0,0,0
12,211,2.694,229.85,14324,0.0068538,0,0,0,0,0,0,0,0,5.7109,0.34266,0,0,0,0,0
12,211,2.694,229.85,14324,0.18253,0,0,12.236,0,0,0,0,0,1.808,4.8475,0,0,0,0,0
12,211,2.694,229.85,14324,0.005239,0,0,0.82974,0,0.026623,97.92,0,0,0.76342,0.18667,0,0,0,0,0
12,211,2.694,229.85,14324,1.7216,0,0,0,0,0,0,0,0,0,10.846,0,0,0,0,0
12,211,2.694,229.85,14324,16.193,0,0,0,0.082827,0,0,0,0,1.057,0.35238,0,0,0,0,0
12,211,2.694,229.85,14324,0.008333,0,0,0.008333,0,0,0,0,0,21.917,0.18667,0,0,0,0,0
12,211,2.694,229.85,14324,11.943,0,0,0,0,0,129.66,0,0,0.27721,7.519,0,0,0,0,0
12,211,2.694,229.85,14324,0.068182,0,0,0,0,0,0,0,0,0,1.8107,0,0,0,0,0
12,211,2.694,229.85,14324,3.2267,0,0,0.008333,0.003485,0,0,0,0,0.27721,8.3848,0,0,0,0,0
12,211,2.694,229.85,14324,0,0,0,2.0243,0,0,0.16424,0,0,1.1034,0.18667,0,0,0,0,0
12,211,2.694,229.85,14324,1.2814,0,0,0.018455,0.016668,0,0,0,0,1.0245,31.047,0,0,0,0,0
12,211,2.694,229.85,14324,0,0,0,0,0,0,0,0,0,0,0.18667,0,0,0,0,0
12,211,2.694,229.85,14324,0,0,0,0.008333,0,0,0,0,0,0.44575,0.33927,0,0,0,0,0
12,211,2.694,229.85,14324,0,0,0,0,0.019245,0,0,0,0,1.0834,0.18667,0,0,0,0,0
12,211,2.694,229.85,14324,13.31,0,0,7.4834,0.099895,0,16.115,0,0,0,13.556,0,0,0,0,0
12,211,2.694,229.85,14324,0,0,0,0,0,0,0,0,0,0.91947,0.3516,0,0,0,0,0
12,211,2.694,229.85,14324,0.0014155,0,10.9,0,1.9463,0,0,0,0,0,18.456,0,0,0,0,0
12,211,2.694,229.85,14324,0,0,0,9.0845,0,0,65.625,0,0,21.917,2.5955,0,0,0,0,0
12,211,2.694,229.85,14324,0,0,0,0.008333,0.003821,0,0,0,0,1.7327,0.18667,0,0,0,0,0
12,211,2.694,229.85,14324,0.87011,0,0,0,0,0,0.84533,0,0,1.7864,7.8478,0,0,0,0,0
12,211,2.694,229.85,14324,0,0,0,0,0,0,7.7419,0,0,2.6253,1.4588,0,0,0,0,0
12,211,2.694,229.85,14324,0,0,2.6263,9.1847,0,0.0041861,0,0,4.9746,1.0834,5.114,0,0,0,0,0
12,211,2.694,229.85,14324,0,0,0,0.002868,0,0,0,0,0,0.44682,0.37122,0,0,0,0,0
12,211,2.694,229.85,14324,3.8517,0,0,0,0,22.193,0,0,0,16.378,0.18667,0,0,0,0,0
12,211,2.694,229.85,14324,0,0,0,0,0,0.13811,0,0,0,0,0.92485,0,0,0,0,0
12,211,2.694,229.85,14324,0.00676,0,0,0.008671,0,0,0.16424,0,0,0,0.18667,0,0,0,0,0
12,211,2.694,229.85,14324,0.00644,0,0,0,0.13774,0,0,0,0,9.1622,85.483,0,0,0,0,0
12,211,2.694,229.85,14324,0,0,0,0,0,0,0,0,0,1.2479,58.227,0,0,0,0,0
12,211,2.694,229.85,14324,0,0,0,0.003295,0,0,0,0,0,1.057,19.708,0,0,0,0,0
12,211,2.694,229.85,14324,0.028238,0,0,0.000133,0,0,0,0,0,0.27721,0.45538,0,0,0,0,0
12,211,2.694,229.85,14324,22.323,0,0,0,0,1.4323,164.51,0,0,0,0.90931,0,0,0,0,0
12,211,2.694,229.85,14324,0.30924,0,0,0,0,0,0,0,0,0,0.18667,0,0,0,0,0
12,211,2.694,229.85,14324,16.629,0,0,0,0,0,0,0,0,1.0245,0.35074,0,0,0,0,0
12,211,2.694,229.85,14324,16.017,0,0,0,0,0,0,0,0,0,1.7499,0,0,0,0,0
12,211,2.694,229.85,14324,0.0054615,0,0,0,0,0.56566,0.50998,0,0,0,0.18667,0,0,0,0,0
12,211,2.694,229.85,14324,0,0,0,0,0,0,0,0,0,3.4087,0.18667,0,0,0,0,0
12,211,2.694,229.85,14324,0.003539,0,0,0,0,0,0,0,0,0,15.858,0,0,0,0,0
12,211,2.694,229.85,14324,0,0,0,0,0,0,0,0,0,0.056957,1.2286,0,0,0,0,0
12,211,2.694,229.85,14324,0,0,0,0.000234,0,0,0,0,0,2.6253,31.227,0,0,0,0,0
12,211,2.694,229.85,14324,0,0,0,9.1847,0,0,0,0,0,0.21027,5.0941,0,0,0,0,0
12,211,2.694,229.85,14324,3.0886,0,0,0,0,0,0,0,0,2.6253,0.33749,0,0,0,0,0
12,211,2.694,229.85,14324,0,0,0,0.005714,0,0.19478,0.16424,0,0,5.6716,48.907,0,0,0,0,0
12,211,2.694,229.85,14324,0,0,0,0.0067551,4.1136,0,0.16424,0,0,0.8932,2.8966,0,0,0,0,0
12,211,2.694,229.85,14324,0.001397,0,0,0,0,0,0,0,0,6.8425,0.18667,0,0,0,0,0
12,211,2.694,229.85,14324,11.232,0,0,0,0,0,0.84533,0,0,0,0.35238,0,0,0,0,0
12,211,2.694,229.85,14324,0,0,0,0,3.9842,0,0,0,0,1.164,35.951,0,0,0,0,0
12,211,2.694,229.85,14324,0,0,0,0.00524,0,0,0,0,0,1.7864,0.18667,0,0,0,0,0
12,211,2.694,229.85,14324,5.8229,0,0,64.602,0,0,0.84533,0,0,0.76777,5.9677,0,0,0,0,0
12,211,2.694,229.85,14324,0.010521,0,0.072949,0,0,0,21.104,0,0,0.76777,15.543,0,0,0,0,0
12,211,2.694,229.85,14324,0,0,0,2.9435,0,0,0,0,0,55.455,43.733,0,0,0,0,0
12,211,2.694,229.85,14324,0.0094073,0,0,0,0,0,0.85532,0,0,8.4961,13.142,0,0,0,0,0
12,211,2.694,229.85,14324,0.068182,0,0.47853,0.014635,0,0,1.8509,0,0,0,0.18667,0,0,0,0,0
12,211,2.694,229.85,14324,0,0,0,0.013631,0.023135,0.0031234,7.5219,0,0,0.65812,47.387,0,0,0,0,0
12,211,2.694,229.85,14324,0.00824,0,0,0,0,0,0,0,0,0,0.33356,0,0,0,0,0
12,211,2.694,229.85,14324,0.001436,0,0,0,0.016663,0,0,0,0,36.785,0.18667,0,0,0,0,0
12,211,2.694,229.85,14324,14.661,0,0,0.80733,38.02,0,0.16424,0,0,0,3.8842,0,0,0,0,0
12,211,2.694,229.85,14324,0,0,0,0,0,0,6.0125,0,0,1.1822,34.003,0,0,0,0,0
12,211,2.694,229.85,14324,0,0,0,0.85691,0,0,0,0,0,1.0139,0.18667,0,0,0,0,0
12,211,2.694,229.85,14324,0.037655,0,0,1.8237,0.28859,31.048,18.351,0,0,0,47.387,0,0,0,0,0
12,211,2.694,229.85,14324,0.87177,0,0,0,0,0,0.16424,0,0,0,0.18667,0,0,0,0,0
12,211,2.694,229.85,14324,0,0,0,0,0,0.0090675,0.16424,0,0,1.2479,0.18667,0,0,0,0,0
12,211,2.694,229.85,14324,0.003821,0,0,0.82492,0.2056,0,0,0,0,0.27721,12.182,0,0,0,0,0
12,211,2.694,229.85,14324,1.8467,0,0,8.6468,0.01228,0.13811,0,0,0,0.65812,5.4628,0,0,0,0,0
12,211,2.694,229.85,14324,0,0,0,1.0975,0,0,12.199,0,0,7.8617,13.363,0,0,0,0,0
12,211,2.694,229.85,14324,0.035004,0,0,0,0.000124,0,0.13695,0,0,0.63421,7.8478,0,0,0,0,0
12,211,2.694,229.85,14324,0.008333,0,0,0,0,0.011956,0,0,0,0,5.9899,0,0,0,0,0
12,211,2.694,229.85,14324,0,0,0,0.0068531,3.6401,0,19.658,0,0,3.4087,0.85328,0,0,0,0,0
12,211,2.694,229.85,14324,0.008333,0,0,158.82,0,15.817,0,0,0,1.9819,5.6787,0,0,0,0,0
12,211,2.694,229.85,14324,0,0,4.9752,21.932,0,2.7864,0,0,0,1.0167,0.18667,0,0,0,0,0
12,211,2.694,229.85,14324,0.008567,0,0,0,0,0,0,0,0,0.72035,0.18667,0,0,0,0,0
12,211,2.694,229.85,14324,0,11.152,0,0.11619,0,0,0.50998,0,0,1.057,0.18667,0,0,0,0,0
12,211,2.694,229.85,14324,0,0,0,0.00036,0,0,0,0,0,0,1.569,0,0,0,0,0
12,211,2.694,229.85,14324,0,0,0,0.008799,0,0,16.731,0,0,0.056957,0.18667,0,0,0,0,0
12,211,2.694,229.85,14324,1.9375,0,0,0.43821,0,0,15.38,0,0,1.164,0.18667,0,0,0,0,0
12,211,2.694,229.85,14324,13.77,0,0,0.10587,0,0,0,0,0,1.2479,0.63213,0,0,0,0,0
12,211,2.694,229.85,14324,0.028574,0,0,0.00524,0,0.01108,0,0,0,0.27721,4.7914,0,0,0,0,0
12,211,2.694,229.85,14324,0,0,0,64.602,0,0,96.28,0,0,1.1822,1.7467,0,0,0,0,0
12,211,2.694,229.85,14324,0,0,0,0,1.1128,0,0.075512,0,0,1.164,0.18667,0,0,0,0,0
12,211,2.694,229.85,14324,0.99233,0,0,0,0,0,0,0,0,7.6506,10.3,0,0,0,0,0
12,211,2.694,229.85,14324,0.043184,0,0,0.008108,0,0,32.715,0,0,4.212,0.99867,0,0,0,0,0
12,211,2.694,229.85,14324,0.008336,0,0,0,0.016654,12.46,0,0,0,13.788,10.743,0,0,0,0,0
12,211,2.694,229.85,14324,0.008333,0,0,0,0,0,0,0,0,1.0139,5.7625,0,0,0,0,0
12,211,2.694,229.85,14324,0.010122,0,0,0.008333,0,0.0081189,0,0,0,1.057,0.70126,0,0,0,0,0
12,211,2.694,229.85,14324,3.3106,0,0,6.1983,0,0,0,0,0,0,8.7668,0,0,0,0,0
12,211,2.694,229.85,14324,0.00714,0,0,0,1.9754,0,0.13695,0,0,0,7.0517,0,0,0,0,0
12,211,2.694,229.85,14324,0.088311,0,0,0.1464,0,0,0,0,0,0,0.18667,0,0,0,0,0
12,211,2.694,229.85,14324,0.87552,0,0,0.069155,0,0,0.76622,0,0,36.785,0.18667,0,0,0,0,0
12,211,2.694,229.85,14324,18.789,0,0,0.83603,0,0,21.639,0,0,8.4961,6.0116,0,0,0,0,0
12,211,2.694,229.85,14324,2.3531,0,0,10.918,0,0,211.87,0,0,0.056957,0.18667,0,0,0,0,0
12,211,2.694,229.85,14324,0.007229,0,0,0,0,0.0039712,0,0,0,0.72035,8.38,0,0,0,0,0
12,211,2.694,229.85,14324,46.092,0,0,0,0,0,0,0,0,0,5.6787,0,0,0,0,0
12,211,2.694,229.85,14324,4.5961,0,0,0,0,0,0.50998,0,0,18.081,0.18667,0,0,0,0,0
12,211,2.694,229.85,14324,0.125,0,0,2.6878,0,0.0072729,0,0,0,1.9819,0.29739,0,0,0,0,0
12,211,2.694,229.85,14324,0,0,18.02,0,0,0,65.625,0,0,0,0.18667,0,0,0,0,0
12,211,2.694,229.85,14324,0,0,0,0,0,0,0,0,0,0,11.612,0,0,0,0,0
12,211,2.694,229.85,14324,0.46053,0,0,0.005714,0,0,0,0,0,5.7231,1.4444,0,0,0,0,0
12,211,2.694,229.85,14324,0.00524,0,0,0.008333,0,0,0,0,0,0.18355,25.289,0,0,0,0,0
12,211,2.694,229.85,14324,2.9909,0,0,0.85036,0,22.193,0.53887,0,0,0,23.171,0,0,0,0,0
12,211,2.694,229.85,14324,0,0,0,1.8885,0,0,0,0,0,0,0.76655,0,0,0,0,0
12,211,2.694,229.85,14324,5.9497,0,0,1.1513,0,0,0,4.5501,0,5.7109,2.5236,0,0,0,0,0
12,211,2.694,229.85,14324,0,0,0,0,1.6294,0,6.4315,0,0,0.65812,143.35,0,0,0,0,0
12,211,2.694,229.85,14324,0,0,0,0,0,0,0,0,0,9.1202,77.618,0,0,0,0,0
12,211,2.694,229.85,14324,0.008333,0,0,0,0,0,0,0,0,21.917,0.34986,0,0,0,0,0
12,211,2.694,229.85,14324,0,0,0,0,0,0,0,0,0,1.5079,6.4269,0,0,0,0,0
12,211,2.694,229.85,14324,0,0,0,0.060221,19.771,0,0,0,0,0.44575,0.18667,0,0,0,0,0
12,211,2.694,229.85,14324,0,0,0,14.747,1.0076,0,0,0,0,1.5851,102.39,0,0,0,0,0
12,211,2.694,229.85,14324,0.013221,0,0,0.47043,0.000368,0,0,0,0,5.7109,0.34267,0,0,0,0,0
13,212,1,439.05,27361,0.70008,0,0,0,0,0,11.586,0,0,0,22.311,2.6265,0,0,0,0
13,212,1,439.05,27361,0,0,0,0.44838,0,0,0,0,0,8.0476,0.18667,6.8528,0,0,0,0
13,212,1,439.05,27361,0.008333,0,0,7.1703,0,0,0,0,0,0.39237,0.18667,0.51278,0,0,0,0
13,212,1,439.05,27361,0.003485,0,0,0.000124,0,0,0,0,0,55.455,4.2611,5.7211,0,0,0,0
13,212,1,439.05,27361,1.9375,0,0,0.00328,0,0,0.075512,0,0,5.7231,0.18667,3.3711,0,0,0,0
13,212,1,439.05,27361,0.008333,0,1.2e-05,6.898,0,0,0,0,0,3.8737,6.0116,1.9263,0,0,0,0
13,212,1,439.05,27361,0,0,0,0.008333,0,0,0,0,0,6.8425,0.18667,4.2869,0,0,0,0
13,212,1,439.05,27361,0.051797,0,3.4787,0,0,0.20083,19.224,0,0,0,2.1428,3.9339,0,0,0,0
13,212,1,439.05,27361,0.21846,0,0,0.060221,0,0,0,0,0,0,37.997,7.4323,0,0,0,0
13,212,1,439.05,27361,0,0,0,0.00062,0,0,35.656,0,0,0,0.18667,0.53311,0,0,0,0
13,212,1,439.05,27361,4.987,0,1.2455,0.00524,0,0,0,0,0,0,3.36,81.911,0,0,0,0
13,212,1,439.05,27361,0,0,0,0,97.363,2.0614,0,0,0,13.788,5.5547,2.7424,0,0,0,0
13,212,1,439.05,27361,0.008333,0,0,5.4105,0.005395,0,0.16424,0,0,0.27721,0.18667,4.8627,0,0,0,0
13,212,1,439.05,27361,1.4027,0,0,0.018696,0,0,0,0,0,0,23.122,0.30865,0,0,0,0
13,212,1,439.05,27361,0,0,0,0,0,0,0.0029097,0,0,1.5079,0.33589,7.4323,0,0,0,0
13,212,1,439.05,27361,0.0097895,0,0,1.2101,0,0,0,0,0,0.72035,23.624,0.53311,0,0,0,0
13,212,1,439.05,27361,0.001493,0,0,0.00833,0.00062,0,0,0,0,0,1.263,0.53311,0,0,0,0
13,212,1,439.05,27361,0,0,0,15.953,0,0.006606,0,0,0,1.7327,0.18667,96.953,0,0,0,0
13,212,1,439.05,27361,8.2164,0,0,0.11142,0,0,0,0,0,9.1622,47.387,1.74,0,0,0,0
14,213,1,428.23,26687,0.008333,0,0,0.008333,9.7784,0,0,0,0,10.481,0.63213,0.42382,0,0,0,0
14,213,1,428.23,26687,0.002998,0,0,0,0,0,0.16424,0,0,0,1.4391,0.2197,0,0,0,0
14,213,1,428.23,26687,24.56,0,0,0,0,0,0,0,0,8.0476,9.4508,6.4721,0,0,0,0
14,213,1,428.23,26687,3.0886,0,0,0,0,0,0,0,0,55.455,7.0517,0.30123,0,0,0,0
14,213,1,428.23,26687,0,0,0,0,0.00315,0,0,0.78805,0,0,146.15,2.1246,0,0,0,0
14,213,1,428.23,26687,10.631,0,0,0,0,0,0,0,0,127.87,0.90931,0.085689,0,0,0,0
14,213,1,428.23,26687,0.40654,0,0,0,0,0,1.0711,0,0,1.057,0.33632,11.335,0,0,0,0
14,213,1,428.23,26687,0,0,0,6.1216,0,0,0,0,0,0,4.6158,0.085689,0,0,0,0
14,213,1,428.23,26687,0.008333,0,0,0,0,0,23.424,0,0,19.403,33.902,11.335,0,0,0,0
15,214,1.132,434.09,27052,0,0,0,0.45364,2.4469,5.5788,0.010505,0,0,0.68445,13.363,0,0,0,0,0
15,214,1.132,434.09,27052,0,0,0,0.011779,0,0,6.0125,0,0,0,0.18667,0,0,0,0,0
15,214,1.132,434.09,27052,0.057232,0,0,1.1179,0,0,0,0,0,1.0139,13.082,0,0,0,0,0
15,214,1.132,434.09,27052,6.286,0,0.058528,21.129,0,0.00047402,0,0,0,0.21027,9.34,0,0,0,0,0
15,214,1.132,434.09,27052,0,0,0,0,0,0,0,0,0,1.0167,18.455,0,0,0,0,0
15,214,1.132,434.09,27052,0.0021305,0,0,0,0,0.23683,0,0,0,0,5.2617,0,0,0,0,0
15,214,1.132,434.09,27052,0,0,0,0.10587,0.62198,0.83033,0,1.4661,0,0,0.96176,0,0,0,0,0
15,214,1.132,434.09,27052,0.0002525,0,0,0,0,0,0,0,0,1.057,14.372,0,0,0,0,0
15,214,1.132,434.09,27052,0.0084585,0,0.081732,0.008341,0.00184,0,0,0,0,10.481,9.6353,0,0,0,0,0
15,214,1.132,434.09,27052,5.7224,0,0,27.736,0,0.06813,71.293,0,0,13.788,16.454,0,0,0,0,0
15,214,1.132,434.09,27052,4.5961,0,0,4.1673,0,0,0,0,0,0,0.22358,0,0,0,0,0
15,214,1.132,434.09,27052,0.065653,0,0,2.0403,0,0,0,0,0,0,3.4013,0,0,0,0,0
15,214,1.132,434.09,27052,5.3071,0,0,0,0,0,0.95611,0,0,0,4.6158,0,0,0,0,0
15,214,1.132,434.09,27052,0.0002525,0,0,0.050847,0,0,0.53887,0,0,7.6506,21.275,0,0,0,0,0
15,214,1.132,434.09,27052,0.037247,0,0,0,5.8631,0,23.1,0,0,1.5079,0.18667,0,0,0,0,0
15,214,1.132,434.09,27052,0,0,0,0,0,0,0.010505,0,0,1.0167,0.43851,0,0,0,0,0
15,214,1.132,434.09,27052,0.008335,0,0,0,60.536,0.00078163,0,0,0,0.21027,0.18667,0,0,0,0,0
15,214,1.132,434.09,27052,0,0,0,6.6433,0,0,41.468,0,0,1.1034,0.18667,0,0,0,0,0
15,214,1.132,434.09,27052,0.0094073,0,0,0.000234,0,0,0.85532,0,0,7.6506,5.4517,0,0,0,0,0
15,214,1.132,434.09,27052,0.011575,0,0,0,0,0,0.85532,0,0,0.056957,0.35737,0,0,0,0,0
15,214,1.132,434.09,27052,0,0,0,2.1281,0,0,0,0,0,1.057,2.7279,0,0,0,0,0
15,214,1.132,434.09,27052,4.1254,0,0,0.59379,0,0,0,0,0,10.481,2.3152,0,0,0,0,0
15,214,1.132,434.09,27052,0,0,0,0,0,0,2.3743,0,0,13.788,21.324,0,0,0,0,0
15,214,1.132,434.09,27052,2.146,0,0,0,0,0,0,0,0,0.056957,31.982,0,0,0,0,0
15,214,1.132,434.09,27052,0,0,0,0.013878,0.077472,0.011728,0.16424,0,0,3.8254,0.18667,0,0,0,0,0
15,214,1.132,434.09,27052,0.1371,0,0,0.0078464,0,0.56566,0,0,0,0.72035,15.093,0,0,0,0,0
15,214,1.132,434.09,27052,0.11488,0,0,0,0.063421,0,0.075512,0,0,0,16.724,0,0,0,0,0
15,214,1.132,434.09,27052,10.88,0,0,0,0,0,0,0,0,0,4.0621,0,0,0,0,1.0852
15,214,1.132,434.09,27052,0.001493,0,0,0,0,17.54,0,0,0,8.0476,56.178,0,0,0,0,0
15,214,1.132,434.09,27052,0.8724,0,0,31.735,0,0,0,0,0,4.212,0.18667,0,0,0,0,0
15,214,1.132,434.09,27052,0,0,0,0.11408,0,0.10183,0,0,0,0,0.18667,0,0,0,0,0
15,214,1.132,434.09,27052,0,0,0,0,0,0,0,0,0,0.55196,1.9933,0,0,0,0,0
15,214,1.132,434.09,27052,0.003173,0,0.72947,0,0,0,38.551,0,0,0,0.18667,0,0,0,0,0
15,214,1.132,434.09,27052,4.987,0,0,0.37004,0,0,0.16424,0.16882,0,18.081,31.047,0,0,0,0,0
15,214,1.132,434.09,27052,1.6651,0,0,0.008333,0,0,0,0,0,127.87,0.67417,0,0,0,0,0
15,214,1.132,434.09,27052,0,0,0,0,0,0,0.02739,0,0,1.7864,1.2884,0,0,0,0,0
15,214,1.132,434.09,27052,0,0,0,0,0,0,0,0,0,1.7864,0.22358,0,0,0,0,0
15,214,1.132,434.09,27052,3.3867,0,0,0,0,0,34.692,0,0,1.0834,0.18667,0,0,0,0,0
15,214,1.132,434.09,27052,6.8611,0,0,0,0,0,1.1102,0,0,0.18355,1.1542,0,0,0,0,0
15,214,1.132,434.09,27052,0,0,0,0,0,0.0026966,0,0,0,1.2479,0.35688,0,0,0,0,0
15,214,1.132,434.09,27052,0.077096,0,0,0,0,0,65.625,0,0,0,54.093,0,0,0,0,0
15,214,1.132,434.09,27052,0.079616,0,0,0.8518,0,0,0,0,0,55.455,0.26048,0,0,0,0,0
15,214,1.132,434.09,27052,2.7412,0,0,0.028271,4.5132,0,0.16424,0,0,0.18086,0.35321,0,0,0,0,0
15,214,1.132,434.09,27052,0.003822,0,0,0.002998,9.7784,0,0,0,0,1.0834,23.19,0,0,0,0,0
15,214,1.132,434.09,27052,0,0,0,0,0,0,164.29,0,0,0,6.9144,0,0,0,0,0
15,214,1.132,434.09,27052,4.5961,0,0,0,6.3e-05,0,32.232,0,0,0,0.39068,0,0,0,0,0
15,214,1.132,434.09,27052,0.007102,0,0,0.008333,0,0,58.446,0,0,1.7864,4.4726,0,0,0,0,0
15,214,1.132,434.09,27052,0.008333,0,0,0.027511,0,0.0081189,0.16424,0,0,0,4.0669,0,0,0,0,0
15,214,1.132,434.09,27052,0,0,0,26.98,0,0,0,0,0,1.5851,19.58,0,0,0,0,0
15,214,1.132,434.09,27052,0.57152,0,0,0,0,0,0.16424,0,0,1.0076,101.12,0,0,0,0,0
15,214,1.132,434.09,27052,0,0,0,0,0,0,9.6539,0,0,0.91947,0.35737,0,0,0,0,0
15,214,1.132,434.09,27052,0.068182,0,0,0.007102,0.12782,0,0.53887,0,0,1.1822,0.18667,0,0,0,0,0
15,214,1.132,434.09,27052,0,0,0,0.008333,0,0,0,0,0,6.8425,0.36132,0,0,0,0,1.0852
15,214,1.132,434.09,27052,0.015378,0,0,4.4098,0.010212,0,14.096,0,0,9.1622,0.18667,0,0,0,0,0
15,214,1.132,434.09,27052,0.85815,0,0,0,0,0,0,0,0,0,5.5621,0,0,0,0,0
15,214,1.132,434.09,27052,0.008333,0,0,0.36085,0,0,0,0,0,0,0.34267,0,0,0,0,0
15,214,1.132,434.09,27052,0,0,0,0,0.000739,0.00026475,0,0,0,21.917,0.26048,0,0,0,0,0
15,214,1.132,434.09,27052,0,0,0,0.27619,0,0,0.16424,0,0,1.057,0.33589,0,0,0,0,0
15,214,1.132,434.09,27052,22.97,0,0,0,0,0,0,0,0,18.081,7.1196,0,0,0,0,0
15,214,1.132,434.09,27052,6.8248,0,0,0.82974,0,0,0,0,0,1.808,0.33626,0,0,0,0,0
15,214,1.132,434.09,27052,0.00247,0,0,1.7153,0,0,0.16424,0,0,1.4449,37.706,0,0,0,0,0
15,214,1.132,434.09,27052,0.79124,0,2.5765,0.002508,0,0,9.6539,0,0,0,0.18667,0,0,0,0,0
15,214,1.132,434.09,27052,0,0,0,0,0,0,0,0,0,0,3.2745,0,0,0,0,0
15,214,1.132,434.09,27052,0.37067,0,0,2.0243,0,0.0026966,164.51,0,0,0.44682,0.18667,0,0,0,0,0
15,214,1.132,434.09,27052,0.008333,0,0,0.87943,0,0,0,0,0,1.5851,12.927,0,0,0,0,0
15,214,1.132,434.09,27052,0.86316,0,0,0,0,0,0,0,0,0.18086,0.3516,0,0,0,0,0
15,214,1.132,434.09,27052,0.0014155,0,0,0,0,0,0.76622,0,0,1.2479,15.858,0,0,0,0,0
15,214,1.132,434.09,27052,0.005239,0,0,0,3.2576,0,4.7794,0,0,1.7327,6.7376,0,0,0,0,0
15,214,1.132,434.09,27052,4.7423,0,0,0,0,0.053509,0.16424,0,0,9.1202,0.54798,0,0,0,0,0
15,214,1.132,434.09,27052,0,0,0,0,0,0,0,0,0,36.785,15.543,0,0,0,0,0
15,214,1.132,434.09,27052,0,0,0,0,0,0,0,0,0,0.76342,1.6452,0,0,0,0,0
15,214,1.132,434.09,27052,0.47651,0,0,0,4.6686,0,0,0,0,3.8254,14.249,0,0,0,0,0
15,214,1.132,434.09,27052,0,0,0,0,0,0,0,0,0,0.39237,13.954,0,0,0,0,0
15,214,1.132,434.09,27052,0,0,0,3.9373,0,0,40.966,0,0,0.4212,0.18667,0,0,0,0,0
15,214,1.132,434.09,27052,0.87571,0,0,0.11142,0.00043,0,0.50998,0,0,0,0.18667,0,0,0,0,0
15,214,1.132,434.09,27052,2.9381,0,0,2.2474,0,0.084025,105.22,0,0,127.87,3.1118,0,0,0,0,0
15,214,1.132,434.09,27052,0.060461,0,0,51.957,0,0,0,0,0,1.5859,0.18667,0,0,0,0,0
15,214,1.132,434.09,27052,0,0,0.010841,0,0,0,33.552,0,0,1.0167,2.8966,0,0,0,0,0
15,214,1.132,434.09,27052,0,0,0,0.002508,0,0,0.16424,0,0,1.0834,0.33632,0,0,0,0,0
15,214,1.132,434.09,27052,0.008333,0,0,0.017026,17.054,0,0,0,0,127.87,0.18667,0,0,0,0,0
15,214,1.132,434.09,27052,0,0,0,0,0,0,0,0,0,0.8932,18.456,0,0,0,0,0
15,214,1.132,434.09,27052,0,0,0,0,0,0,7.1875,0,0,0.21027,8.9481,0,0,0,0,10.852
15,214,1.132,434.09,27052,0,0,0,0.019075,6.0595,0,0.53887,0,0,1.057,0.52439,0,0,0,0,0
15,214,1.132,434.09,27052,0.008333,0,0,0.00328,0,0,0.76622,0,0,1.4449,0.47944,0,0,0,0,0
15,214,1.132,434.09,27052,0.92649,0,0,0.013878,0.0033505,0,0.16424,0,0,1.1034,15.543,0,0,0,0,0
15,214,1.132,434.09,27052,0,0,0,2.0967,0,0,0,0,0,18.081,0.18667,0,0,0,0,0
15,214,1.132,434.09,27052,0,0,0,0.18647,0.019245,0,0.16424,0.7877,0,0,0.18667,0,0,0,0,0
15,214,1.132,434.09,27052,0.87494,0,0,0.00524,6.1699,4.4955,0,0,0,0,1.0356,0,0,0,0,0
15,214,1.132,434.09,27052,0.003539,0,0,0,2.977,0,0,0,0,0,0.34441,0,0,0,0,0
15,214,1.132,434.09,27052,0,0,7.7271,0.013294,0,0,0,1.3561,0,0,3.9699,0,0,0,0,0
15,214,1.132,434.09,27052,0,0,0,0.007221,0,0.10183,0.85532,0,0,0.056957,0.18667,0,0,0,0,0
15,214,1.132,434.09,27052,14.895,0,0,11.542,0,0,11.023,0,0,0,0.18667,0,0,0,0,0
15,214,1.132,434.09,27052,0.85735,0,0,0.093998,0,7.0536,0,0,0,8.4961,2.0457,0,0,0,0,0
15,214,1.132,434.09,27052,0.086076,0,0,0.002868,0,9.8334e-05,0,0,0,4.212,0.18667,0,0,0,0,0
15,214,1.132,434.09,27052,0.37067,0,0,68.903,0,0.029859,0,0,0,0,5.5606,0,0,0,0,0
15,214,1.132,434.09,27052,0.008333,0,0,0,0,0.28797,0,0,0,0,2.2783,0,0,0,0,0
15,214,1.132,434.09,27052,0,0,0,0.010118,0,0,0,0,0,0,0.66136,0,0,0,0,0
15,214,1.132,434.09,27052,0.011769,0,0,0,0,0,0,0,0,0,0.18667,0,0,0,0,0
15,214,1.132,434.09,27052,0.3515,0,0,0,0,0,35.656,0,0,0,0.18667,0,0,0,0,71.625
15,214,1.132,434.09,27052,0,0,0,21.129,0,0,0.76622,0,0,5.6716,0.34519,0,0,0,0,0
15,214,1.132,434.09,27052,0,0,0.037007,0,0,0,0,0,0,0.55196,0.18667,0,0,0,0,0
15,214,1.132,434.09,27052,0,0,0,0.002868,0.47859,0,0.85532,4.1228,0,0,0.18667,0,0,0,0,0
15,214,1.132,434.09,27052,0.011575,0,0,0.10403,0,0,0,0,0,0.8932,5.6787,0,0,0,0,0
15,214,1.132,434.09,27052,0.00021,0,0,0,0,0,0.010505,0,0,0.68445,15.803,0,0,0,0,0
15,214,1.132,434.09,27052,3.9623,0,0,0,0,0,0,0,0,0.72035,16.724,0,0,0,0,0
15,214,1.132,434.09,27052,0.008333,0,0,0.19728,5.7896,0,0.16424,0,0,0.68445,0.18667,0,0,0,0,0
15,214,1.132,434.09,27052,0,0,0,0.008542,0,0,0,0,0,16.378,0.18667,0,0,0,0,412.39
15,214,1.132,434.09,27052,0.021885,0,0,0.84437,0,0,0.13695,0,0,1.4449,0.18667,0,0,0,0,0
15,214,1.132,434.09,27052,0,0.68968,0,0,0.001009,0,0,0,0,9.1622,16.205,0,0,0,0,0
15,214,1.132,434.09,27052,0.086076,0,0,0,0,0,0,0,0,21.917,0.18667,0,0,0,0,0
15,214,1.132,434.09,27052,0.22392,0,0,158.82,3.8662,0.13811,0.0029097,0,0,0.39237,1.9936,0,0,0,0,0
15,214,1.132,434.09,27052,0,0,0,0.00036,0,0,0,0,0,0.76777,0.18667,0,0,0,0,0
15,214,1.132,434.09,27052,0,0,0,3.5872,0,0.0083085,0,0,0,1.0167,0.34789,0,0,0,0,0
15,214,1.132,434.09,27052,0,0,0,0.82767,0,0,0,0,0,0.68445,0.18667,0,0,0,0,0
15,214,1.132,434.09,27052,27.065,0,0,0,0,0.011232,25.905,0,0,0,8.0482,0,0,0,0,0
15,214,1.132,434.09,27052,12.725,0,0,0.005239,0.38219,0,0,0,0,0,0.18667,0,0,0,0,0
15,214,1.132,434.09,27052,0.008333,0,0,2.4738,0,0.63366,0,0,0,1.9819,11.001,0,0,0,0,0
15,214,1.132,434.09,27052,0.018858,0,0,0,0,0,0,0,0,10.481,0.18667,0,0,0,0,0
15,214,1.132,434.09,27052,2.825,0,0,1.6397,0.001009,0,164.51,6.0272,0,1.808,17.117,0,0,0,0,0
15,214,1.132,434.09,27052,0,0,0,0,1.42,0,0,0,0,1.9819,4.1293,0,0,0,0,0
15,214,1.132,434.09,27052,0.00524,0,0,0.001397,0,0.0044603,3.8523,0,0,1.2479,9.1658,0,0,0,0,15.193
15,214,1.132,434.09,27052,0.005239,0,0,0.002998,24.164,0,0.50998,0,0,5.7109,56.953,0,0,0,0,0
15,214,1.132,434.09,27052,0,0,0,0,0,0,0,0,0,1.057,12.035,0,0,0,0,0
15,214,1.132,434.09,27052,0,0,0,0.034257,0,0,0,0,0,0,0.18667,0,0,0,0,6.5114
15,214,1.132,434.09,27052,0,0,0,0,0.090875,0,0,0,0,0,0.18667,0,0,0,0,0
15,214,1.132,434.09,27052,0.11093,0,0,13.667,0,0,0,0,0,1.261,0.36132,0,0,0,0,0
15,214,1.132,434.09,27052,0,0,0,0.001436,0,0.009319,0.96795,0,0,0.44575,35.434,0,0,0,0,0
15,214,1.132,434.09,27052,0,0,0,46.077,0.016667,0,0,0,0,0,0.43851,0,0,0,0,0
15,214,1.132,434.09,27052,1.4277,0,0,0,0,2.7864,6.0125,0,0,1.7327,183.55,0,0,0,0,0
15,214,1.132,434.09,27052,22.009,0,0,23.733,0.005239,0,0,0,0,10.481,0.18667,0,0,0,0,0
15,214,1.132,434.09,27052,0.008333,0,0,0,0,0,31.826,0,0,0,21.372,0,0,0,0,0
15,214,1.132,434.09,27052,0,0,0,0.0062156,0,0,0.02739,0,0,0.27721,0.18667,0,0,0,0,0
15,214,1.132,434.09,27052,0,0,0,0,0,0,0,0,0,0,5.5606,0,0,0,0,0
15,214,1.132,434.09,27052,44.647,0,0,0,0.48543,0,0,0,0,0.68445,0.18667,0,0,0,0,0
15,214,1.132,434.09,27052,3.7936,0,0,4.0136,0,0,0,0,0,0.76342,0.18667,0,0,0,0,0
15,214,1.132,434.09,27052,0.008333,0,0,0,0,0,0,0,0,0.91947,82.014,0,0,0,0,0
15,214,1.132,434.09,27052,3.4514,0,0,0.009407,0.15152,0,30.132,0,0,0,77.618,0,0,0,0,0
15,214,1.132,434.09,27052,0.16899,0,0,0.008488,0,0.77768,0,0,0,5.7231,13.538,0,0,0,0,0
15,214,1.132,434.09,27052,1.3481,0,0,0.001463,0,0,25.012,0,0,1.5859,0.18667,0,0,0,0,0
15,214,1.132,434.09,27052,0.004143,0,0,7.0195,0,0,90.765,0,0,0,2.8072,0,0,0,0,0
15,214,1.132,434.09,27052,0,0,0,0,0,0,0,0,0,5.6716,16.724,0,0,0,0,0
15,214,1.132,434.09,27052,0.011125,0,0,0,0,0.084025,310.17,0,0,19.403,33.928,0,0,0,0,0
15,214,1.132,434.09,27052,0.0093445,0,0,0,0,0,0.50998,0,0,8.5959,1.9365,0,0,0,0,0
15,214,1.132,434.09,27052,7.2357,0,0,0.045723,0,0,0,0,0,0,81.202,0,0,0,0,0
15,214,1.132,434.09,27052,0.025246,0,0,0.12569,0,0.11707,0,0,0,0.76342,0.18667,0,0,0,0,0
15,214,1.132,434.09,27052,1.0387,0,0,0.64533,0.002868,0,0,0,0,55.455,15.858,0,0,0,0,0
15,214,1.132,434.09,27052,0,0,0,0.10587,0,0,0,0,0,1.164,0.90931,0,0,0,0,0
15,214,1.132,434.09,27052,0.011532,0,0,17.307,0,0,0,0,0,0.18355,0.34266,0,0,0,0,0
15,214,1.132,434.09,27052,0,0,0,2.6071,0,0,0,0,0,0,0.18667,0,0,0,0,0
15,214,1.132,434.09,27052,0.22392,0,0,0,0,0,30.132,0,0,0,0.18667,0,0,0,0,0
15,214,1.132,434.09,27052,0.008333,0,0,0,0,0,0,0,0,0,0.18667,0,0,0,0,0
15,214,1.132,434.09,27052,0.021885,0,0.29954,7.8532,0,0.13811,0,0,0,0,4.4969,0,0,0,0,0
15,214,1.132,434.09,27052,0,0,0,0,0,0,0,0,0,0,0.18667,0,0,0,0,0
15,214,1.132,434.09,27052,0,0,0,0.008345,0,0.25819,0,0,0,0,21.143,0,0,0,0,0
15,214,1.132,434.09,27052,0.43507,0,0,4.6735,0,0,34.474,0,0,0,54.647,0,0,0,0,0
15,214,1.132,434.09,27052,0.00387,0,0,0,2.0701,0.0043721,0,0,0,0,22.311,0,0,0,0,0
15,214,1.132,434.09,27052,0,0,0,0.01069,0,0,1.0915,0,0,0,24.112,0,0,0,0,0
15,214,1.132,434.09,27052,0.81936,0,0,0.002011,0,0.006606,3.1817,0,0,1.7327,0.18667,0,0,0,0,0
15,214,1.132,434.09,27052,0.008333,0,0,0,0,0,0,0,0,0.55196,0.18667,0,0,0,0,0
15,214,1.132,434.09,27052,0,0,0,0,0,0,0,0,0,4.212,21.372,0,0,0,0,0
15,214,1.132,434.09,27052,8.8582,0,0,0,0,0,0,0,0,0,219.68,0,0,0,0,0
15,214,1.132,434.09,27052,0,0,0,0,0,0,0,0,0,1.5079,0.34092,0,0,0,0,0
15,214,1.132,434.09,27052,18.445,0,0,0,4.8425,0,0,0,0,0,0.18667,0,0,0,0,0
15,214,1.132,434.09,27052,0,0,0,0.00644,0,0,0,0,0,0.44575,0.18667,0,0,0,0,0
15,214,1.132,434.09,27052,8.1e-05,0,0,0,23.762,0.012487,0,0,0,1.5851,0.18667,0,0,0,0,0
15,214,1.132,434.09,27052,0.077096,0,0,0,0,1.9192,0,0,0,7.6506,0.38211,0,0,0,0,0
15,214,1.132,434.09,27052,1.1456,0,0,0.019075,0,0,0,0,0,55.455,0.18667,0,0,0,0,0
15,214,1.132,434.09,27052,0.01567,0,0,0.000693,0,0,0,0,0,0,0.18667,0,0,0,0,0
15,214,1.132,434.09,27052,0,0,0,2.8031,0,0,0,0,0,0.44575,4.4486,0,0,0,0,0
15,214,1.132,434.09,27052,0.86935,0,0,0,0,0,0,0,0,0.72035,0.18667,0,0,0,0,0
15,214,1.132,434.09,27052,0.15054,0,0,0,7.3218,0,0,0,0,0.14685,0.18667,0,0,0,0,0
15,214,1.132,434.09,27052,0.012245,0,0.28576,10.615,0,0,0.75485,0,0,0.18355,0.86986,0,0,0,0,0
15,214,1.132,434.09,27052,0.008333,0,0,0,4.6686,1.5992,0,0,0,0,2.5654,0,0,0,0,0
15,214,1.132,434.09,27052,0.1708,0,0,0.8489,0,0,0,0,0,0,6.9144,0,0,0,0,0
15,214,1.132,434.09,27052,0.003468,0,0,0,0,0,0,0,0,0,215.61,0,0,0,0,0
15,214,1.132,434.09,27052,0.008336,0,0,6.1983,0,0,0,0,0,10.481,0.18667,0,0,0,0,0
15,214,1.132,434.09,27052,2.825,0,6.388,0,0,0,0.010505,0,0,8.4961,0.18667,0,0,0,0,0
15,214,1.132,434.09,27052,0,0,0,3.1191,0,2.0614,5.3824,0,0,55.455,5.7625,0,0,0,0,15.193
15,214,1.132,434.09,27052,0,0,0,22.393,0,0,0.84533,0,0,7.8617,0.22358,0,0,0,0,0
15,214,1.132,434.09,27052,0.000172,0,0,0,0,0,0,0,0,0.76342,2.9685,0,0,0,0,0
15,214,1.132,434.09,27052,211.07,0,0,0,0.00387,0,0,0,0,4.212,0.18667,0,0,0,0,0
15,214,1.132,434.09,27052,3.5654,0,0,0,0.23879,0,0.075512,0,0,1.6593,0.18667,0,0,0,0,0
15,214,1.132,434.09,27052,5.0578,0,0,0.33263,0,0,0,2.0144,0,0.63421,0.18667,0,0,0,0,0
15,214,1.132,434.09,27052,0.079616,0,0,0.19728,0,0,0,0,0,1.057,13.73,0,0,0,0,0
15,214,1.132,434.09,27052,0.0065058,0,0,0,0,0,0,0,0,1.057,0.18667,0,0,0,0,0
15,214,1.132,434.09,27052,0,0,0,0.47043,0,0,0.50998,0,0,0.39237,7.2436,0,0,0,0,0
15,214,1.132,434.09,27052,0,0,0,0.069155,0,0,0,0,0,0,0.18667,0,0,0,0,0
15,214,1.132,434.09,27052,0,0,0,0.025934,0,0,0,0,0,0,2.5119,0,0,0,0,0
15,214,1.132,434.09,27052,0.068182,0,0,0,0,1.5051,0,0,0,0,17.386,0,0,0,0,0
15,214,1.132,434.09,27052,7.7872,0,0,0.0060235,0,0.0081189,0.075512,0,0,0,0.18667,0,0,0,0,0
15,214,1.132,434.09,27052,0,0,0,0.008633,0,0,0,0,0,0.91947,0.18667,0,0,0,0,0
15,214,1.132,434.09,27052,0,0,0,0.8887,0.04108,0,0,0,0,1.5851,23.19,0,0,0,0,0
15,214,1.132,434.09,27052,0,0,11.522,5.8212,0,0.0018078,0,0,0,0.14685,29.012,0,0,0,0,0
15,214,1.132,434.09,27052,0.0083909,0,0,0.004143,0,0.0041351,2.3552,0,0,1.0139,0.18667,0,0,0,0,0
15,214,1.132,434.09,27052,0.060461,0,0,0.013294,0.075304,0,0.16424,0,0,0.76777,0.18667,0,0,0,0,0
15,214,1.132,434.09,27052,0,0,0,0,0,0,0,0,0,2.6253,0.18667,0,0,0,0,19.534
15,214,1.132,434.09,27052,0,0,0,0,0,0,0,0,0,0.68445,0.34266,0,0,0,0,0
15,214,1.132,434.09,27052,0,0,0,0.00835,0.016484,0,37.772,0,0,1.261,0.18667,0,0,0,0,0
15,214,1.132,434.09,27052,0.027739,0,0,2.1782,0,0,0,0,0,3.8737,1.445,0,0,0,0,0
15,214,1.132,434.09,27052,35.69,0,0,0.20276,0,0,0,0,0,127.87,0.3452,0,0,0,0,0
15,214,1.132,434.09,27052,0.45674,0,0,0,0,0,2.3552,0,0,0.76777,0.47944,0,0,0,0,0
15,214,1.132,434.09,27052,0.0059107,0,0,0.1464,0.12455,0.0081189,0.075512,0,0,0,15.858,0,0,0,0,0
15,214,1.132,434.09,27052,0.008333,0,0,0,0,0,0.02739,0,0,7.8617,8.4911,0,0,0,0,0
15,214,1.132,434.09,27052,33.553,0,0,0,0,0.91248,0,0,0,0,3.7742,0,0,0,0,0
15,214,1.132,434.09,27052,2.7412,0,0,0.85659,0,0,0,0,0,0,0.38211,0,0,0,0,0
15,214,1.132,434.09,27052,0.004345,0,0,0,2.6907,0,0.075512,0,0,1.9819,0.18667,0,0,0,0,58.602
15,214,1.132,434.09,27052,0,0,0,0,0.31567,0,19.517,0,0,1.1822,0.18667,0,0,0,0,0
15,214,1.132,434.09,27052,0.017045,0,0,0,0,0,0,0,0,0.27721,3.3067,0,0,0,0,0
15,214,1.132,434.09,27052,0,0,0,0.008333,0,0,0,0,0,0.76342,1.4444,0,0,0,0,0
15,214,1.132,434.09,27052,0.013822,0,0,0.1539,0,0,0,0,0,1.0167,0.98527,0,0,0,0,0
15,214,1.132,434.09,27052,23.338,0,0,78.561,0,0,41.468,0,0,0.76342,0.18667,0,0,0,0,0
15,214,1.132,434.09,27052,0.051797,0,0,0,0,0,0,0,0,0,0.6212,0,0,0,0,0
15,214,1.132,434.09,27052,0.16655,0,0,0.00644,0,0,0,0,0,1.7327,21.275,0,0,0,0,0
15,214,1.132,434.09,27052,0.013742,0,0,0.44838,0,0,0,0,0,0,4.7763,0,0,0,0,0
15,214,1.132,434.09,27052,0.005239,0,0,0.01774,0,0.06813,266.81,5.1925,0,0.73557,0.18667,0,0,0,0,0
15,214,1.132,434.09,27052,234.24,0,0,0.008332,7.4244,0,0,0,0,0,0.18667,0,0,0,0,0
15,214,1.132,434.09,27052,0.028238,0,0,0,0,0,170.21,0,0,4.212,0.44504,0,0,0,0,0
15,214,1.132,434.09,27052,0,0,0,0,0,0,91.674,0,0,1.5851,0.86986,0,0,0,0,0
15,214,1.132,434.09,27052,0,0,0,0.018455,0,0.010512,0,0,0,1.0245,7.8198,0,0,0,0,0
15,214,1.132,434.09,27052,0.006701,0,0.16499,0,0,0.0066048,0,0,0,8.5959,0.18667,0,0,0,0,0
15,214,1.132,434.09,27052,0,0,11.522,0.82492,0,0,0.16424,0,0,55.455,0.34092,0,0,0,0,0
15,214,1.132,434.09,27052,10.88,0,0,0,0,0,305.25,0,0,0.76342,9.6353,0,0,0,0,0
15,214,1.132,434.09,27052,0.074428,0,0,0,2.2143,0,0,0,0,0,45.427,0,0,0,0,0
15,214,1.132,434.09,27052,0.008335,0,0,0.008365,0,0,0,0,0,19.403,0.18667,0,0,0,0,0
15,214,1.132,434.09,27052,0.030146,0,1.5387,0.00328,0,0,44.753,0,0,8.0476,0.92485,0,0,0,0,0
15,214,1.132,434.09,27052,0,0,0,0,0,0,0.16424,0,0,7.6506,2.5654,0,0,0,0,0
15,214,1.132,434.09,27052,0,0,0,0.008365,0,0,0,0,0,0.73557,6.329,0,0,0,0,0
15,214,1.132,434.09,27052,0.039077,0,0,0.047866,0,0,0.75485,0,0,2.6253,0.18667,0,0,0,0,0
15,214,1.132,434.09,27052,0.85744,0,0.18976,0.018201,0.2022,0,0.85532,0,0,0,0.18667,0,0,0,0,0
15,214,1.132,434.09,27052,6.8248,0,0,0.000739,0,0.22217,0,0,0,0,5.5492,0,0,0,0,0
15,214,1.132,434.09,27052,0,0,0,0.008333,0,0,0.75485,0,0,0.18355,0.35074,0,0,0,0,0
15,214,1.132,434.09,27052,0.85735,0,0,0,0.000739,0,4.7794,0,0,8.4961,10.036,0,0,0,0,0
15,214,1.132,434.09,27052,0.6141,0,0,0.008333,0.090875,0,40.966,0,0,5.6716,0.18667,0,0,0,0,0
15,214,1.132,434.09,27052,0.88011,0,0,0,0.034901,0,0.16424,0,0,0,0.18667,0,0,0,0,0
15,214,1.132,434.09,27052,0.8592,0,0.0098397,0.87943,118.32,0.0070345,244.89,0,0,0,2.5955,0,0,0,0,0
15,214,1.132,434.09,27052,0,0,0,0.000124,3.7095,1.802,26.024,0,0,0,6.2397,0,0,0,0,0
15,214,1.132,434.09,27052,0,0,0,2.0403,0,0,0,0,0,0.44575,0.18667,0,0,0,0,0
15,214,1.132,434.09,27052,0.48772,0,0,0,0,0,0,0,0,0,0.92485,0,0,0,0,0
15,214,1.132,434.09,27052,0.16899,0,0,0.00644,10.182,0,0,0,0,0.44575,0.18667,0,0,0,0,0
15,214,1.132,434.09,27052,0,0,0,0,0,63.514,0.94509,0,0,0,0.18667,0,0,0,0,0
15,214,1.132,434.09,27052,0.000739,0,0,0,0.002508,0,0,0,0,1.057,2.6226,0,0,0,0,0
15,214,1.132,434.09,27052,0,0,0,27.736,0,0.0015973,22.026,0,0,1.057,15.093,0,0,0,0,0
15,214,1.132,434.09,27052,0,0,0,0,0,0,0,0,0,0,0.18667,0,0,0,0,0
15,214,1.132,434.09,27052,1.5576,0,0,0,0,0,0,0,0,0.63421,0.18667,0,0,0,0,0
15,214,1.132,434.09,27052,0,0,0,0,0,0,0.16424,0,0,0,0.33509,0,0,0,0,0
15,214,1.132,434.09,27052,0,0,0,0.000172,0,0,0.16424,0,0,0,2.8966,0,0,0,0,0
15,214,1.132,434.09,27052,0,0,0,0,0,0,0,0,0,0.72035,0.18667,0,0,0,0,0
15,214,1.132,434.09,27052,0,0,0,0.22136,0,0,0,0,0,8.0476,6.0116,0,0,0,0,0
15,214,1.132,434.09,27052,1.0188,0.27014,0,0,0,0,0,0,0,0.14685,0.18667,0,0,0,0,0
15,214,1.132,434.09,27052,0,0,0,0,0,0.36152,4.0118,0,0,127.87,27.942,0,0,0,0,0
15,214,1.132,434.09,27052,0.021011,0,0,0,0,0,0.16424,0,0,0,0.18667,0,0,0,0,0
15,214,1.132,434.09,27052,0,0,0,0,0.016484,0,0.16424,0,0,8.5959,9.6013,0,0,0,0,0
15,214,1.132,434.09,27052,0.84954,0,0,0.010118,0,0,0,0,0,36.785,52.495,0,0,0,0,0
15,214,1.132,434.09,27052,0,0,0,0,0,15.817,0,0,0,0,7.7161,0,0,0,0,0
15,214,1.132,434.09,27052,25.357,0,0,0,0,0.0086022,0,0,0,0,2.9179,0,0,0,0,0
15,214,1.132,434.09,27052,0.008333,0,0,0.19728,2.041,0,0,0,0,5.6716,0.18667,0,0,0,0,0
15,214,1.132,434.09,27052,0.010521,0,0,0.85415,0,0,0.05145,0,0,0.55196,0.36132,0,0,0,0,0
15,214,1.132,434.09,27052,0.005411,0,0,15.953,0,0,0,0,0,0,5.7625,0,0,0,0,0
15,214,1.132,434.09,27052,0.083378,0,0,0.65369,0,0,0.94509,0,0,1.9819,219.68,0,0,0,0,0
15,214,1.132,434.09,27052,0,0,0,0.018304,0,0,0,0,0,0.4212,0.22358,0,0,0,0,0
15,214,1.132,434.09,27052,0,0,0,0,72.436,0,0,0,0,21.917,17.811,0,0,0,0,0
15,214,1.132,434.09,27052,2.1529,0,0,0.005769,0,0,0,0,0,0,37.997,0,0,0,0,0
15,214,1.132,434.09,27052,0,0,0,2.1782,0.34359,0,290.68,0,0,0.14685,15.74,0,0,0,0,0
15,214,1.132,434.09,27052,0,0.00524,0,0.90575,0,0,11.023,0,0,0.4212,4.911,0,0,0,0,0
15,214,1.132,434.09,27052,0.86243,0,0,0,3.8662,0,28.049,0,0,0.91947,11.075,0,0,0,0,0
15,214,1.132,434.09,27052,0.05032,0,0,0,0,0,0.16424,0,0,8.5959,120.54,0,0,0,0,0
15,214,1.132,434.09,27052,0,0,0,91.454,0,0,0,0,0,0,73.378,0,0,0,0,0
15,214,1.132,434.09,27052,0.000739,0,0,0,0.42116,0,26.724,0,0,0.55196,36.545,0,0,0,0,0
15,214,1.132,434.09,27052,0.008655,0,0,0.57501,0,0,0,0,0,1.4449,0.86986,0,0,0,0,0
15,214,1.132,434.09,27052,0.00714,0,0,0,0.47859,0.010512,64.859,0,0,0.68445,17.117,0,0,0,0,0
15,214,1.132,434.09,27052,0.16899,0,0,9.4015,0,0,0,0,0,0.73557,132.14,0,0,0,0,0
15,214,1.132,434.09,27052,0.004143,0,0,0,0.65517,0,0.13695,0,0,3.8737,0.22358,0,0,0,0,0
15,214,1.132,434.09,27052,0.0094073,0,0,0,0,0,0,0,0,1.0167,27.831,0,0,0,0,0
15,214,1.132,434.09,27052,0,0,0,0,0,0,0,0,0,0.8932,8.0844,0,0,0,0,0
15,214,1.132,434.09,27052,0,0,0,0.007221,0,0,51.635,0,0,0,10.846,0,0,0,0,0
15,214,1.132,434.09,27052,0.027224,0,0.14028,0.000254,0.51042,0,164.51,0,0,0,0.18667,0,0,0,0,0
15,214,1.132,434.09,27052,0.6284,0,0,0,0.074327,0,0,0,0,0,10.522,0,0,0,0,0
15,214,1.132,434.09,27052,44.647,0,0,0,0,0.014991,0.94509,0,0,4.212,33.928,0,0,0,0,0
15,214,1.132,434.09,27052,0,0,0,0,0,0,0,0,0,0.21027,9.6013,0,0,0,0,0
15,214,1.132,434.09,27052,0.062765,0,9.3755,0.029758,0,0.0015973,0,0,0,1.5851,14.459,0,0,0,0,0
15,214,1.132,434.09,27052,0.86565,0,0,2.0967,0.046449,8.948,0,0,0,0.4212,9.4002,0,0,0,0,0
15,214,1.132,434.09,27052,0.008333,0,0,3.7087,0,0,0.16424,0,0,1.0834,0.42559,0,0,0,0,0
15,214,1.132,434.09,27052,43.736,0,0,0.0021738,0,0,0,0,0,6.8425,13.363,0,0,0,0,0
15,214,1.132,434.09,27052,0.042211,0,0,0,0,0,0.010505,0,0,1.0245,12.182,0,0,0,0,0
15,214,1.132,434.09,27052,0.0065058,0,0,0.66293,17.054,0,0.16424,0,0,1.057,1.3385,0,0,0,0,0
15,214,1.132,434.09,27052,0,0,0,0,0,0.006606,0,0,0,8.4961,0.35508,0,0,0,0,0
15,214,1.132,434.09,27052,43.736,0,0,0,0,0,0.16424,0,0,0,73.378,0,0,0,0,0
15,214,1.132,434.09,27052,12.725,0,0,0.007102,0,0,0,0,0,0,10.537,0,0,0,0,0
15,214,1.132,434.09,27052,0,0,0,0.001436,0,0,0,0,0,0.91947,0.34288,0,0,0,0,0
15,214,1.132,434.09,27052,0.060461,0,0,0.67836,0,0,0,0,0,1.0834,0.18667,0,0,0,0,0
15,214,1.132,434.09,27052,0,0,0,1.271,0,0,0,0,0,55.455,0.18667,0,0,0,0,0
15,214,1.132,434.09,27052,0,0,0,25.387,0,0,0,0,0,0,0.86716,0,0,0,0,0
15,214,1.132,434.09,27052,0,0,0,1.9718,3.091,0,0,0,0,3.4087,215.61,0,0,0,0,0
15,214,1.132,434.09,27052,0.010521,0,0,0.013878,0,0,0,0,0,0,8.8643,0,0,0,0,0
15,214,1.132,434.09,27052,0.008333,0,0,0.00524,0,0,0,0,0,0,10.685,0,0,0,0,0
15,214,1.132,434.09,27052,0,0,0,78.561,0,0,0,0,0,0.27721,102.39,0,0,0,0,0
15,214,1.132,434.09,27052,0.088311,0,0,0,0,0,0,0,0,2.6253,13.566,0,0,0,0,0
15,214,1.132,434.09,27052,4.5961,0,0,1.3436,0,0.008139,0,0,0,0.27721,0.18667,0,0,0,0,19.534
15,214,1.132,434.09,27052,0.001669,0,0,0.0095455,0,7.0536,13.104,0,0,1.5859,6.6904,0,0,0,0,0
15,214,1.132,434.09,27052,0,0,0,3.6905,209,0,0,0,0,0,1.2592,0,0,0,0,0
15,214,1.132,434.09,27052,0,0,0,10.417,0,0,30.132,0,0,1.808,5.9814,0,0,0,0,0
15,214,1.132,434.09,27052,0.37067,0,0,0.15245,1.1252,0,0,0,0,9.1622,0.6212,0,0,0,0,0
15,214,1.132,434.09,27052,7.9328,0,0,0.0006155,0.26362,0,0,0,0,1.4449,4.0669,0,0,0,0,0
15,214,1.132,434.09,27052,6.7843,0,0,0.008513,0,0,0,0,0,13.788,6.4269,0,0,0,0,0
15,214,1.132,434.09,27052,0.84954,0,0,0,0,0,0,0,0,0.18355,52.897,0,0,0,0,0
15,214,1.132,434.09,27052,0,0,0,0,1.0589,0,0,0,0,1.0167,4.481,0,0,0,0,0
15,214,1.132,434.09,27052,0.88418,0,0,0.004345,0,0,0,0,0,1.2479,31.663,0,0,0,0,0
15,214,1.132,434.09,27052,9.149,0,0,0,0,0.00038703,0,0,0,0.44575,0.18667,0,0,0,0,0
15,214,1.132,434.09,27052,6.3864,0,0,0,0,0,0,0,0,3.8737,0.18667,0,0,0,0,0
15,214,1.132,434.09,27052,0,0,0,27.736,1.9754,0,0,0,0,6.8425,4.7763,0,0,0,0,0
15,214,1.132,434.09,27052,0,0,0,6.4994,0,0,0.16424,0,0,0,0.35321,0,0,0,0,0
15,214,1.132,434.09,27052,0,0,0,0.50612,2.7177,0,168.84,0,0,0,117.22,0,0,0,0,0
15,214,1.132,434.09,27052,3.1709,0,0,0.012409,0,0,0,0,0,1.2479,0.54798,0,0,0,0,0
15,214,1.132,434.09,27052,0.008333,0,0,0,0,0,0,0,0,1.1034,3.6158,0,0,0,0,0
15,214,1.132,434.09,27052,0,0,0,0.0095455,0,0,0,0,0,0.056957,4.4486,0,0,0,0,0
15,214,1.132,434.09,27052,0.0071663,0,0,0,0,0,0.16424,0,0,0,9.0595,0,0,0,0,0
15,214,1.132,434.09,27052,0.079616,0,0,0,0.04048,0.23683,0,0,0,0.76342,0.18667,0,0,0,0,0
15,214,1.132,434.09,27052,0,0,0,0.015351,0,0,0,0,0,0,31.663,0,0,0,0,0
15,214,1.132,434.09,27052,0,0,0,68.903,0.16647,0,17.749,0,0,9.1202,0.18667,0,0,0,0,0
15,214,1.132,434.09,27052,1.1984,0,0,3.638,0,0,0,0,0,91.663,0.18667,0,0,0,0,0
15,214,1.132,434.09,27052,0,0,0,0.001434,0,0,0.16424,0,0,0,215.61,0,0,0,0,0
15,214,1.132,434.09,27052,0.004143,0,0,0.00524,0.94852,0,0,0,0,18.081,11.075,0,0,0,0,0
15,214,1.132,434.09,27052,0.006456,0,0,0.055199,0,0,0,0,0,1.057,3.2092,0,0,0,0,0
15,214,1.132,434.09,27052,0.01121,0,7e-05,0,0,0.007836,0,0,0,0,183.55,0,0,0,0,0
15,214,1.132,434.09,27052,9.5339,0,0,0,0,0,0.16424,0,0,0.14685,0.18667,0,0,0,0,0
15,214,1.132,434.09,27052,0.008333,0,0,0.019294,0,6.1151,0,0,0,5.7231,20.602,0,0,0,0,0
15,214,1.132,434.09,27052,0,0,0,0.00387,0,0,0.84533,0,0,0.65812,10.325,0,0,0,0,0
15,214,1.132,434.09,27052,27.659,0,0,0,0.010212,0,0,0,0,0,12.927,0,0,0,0,0
15,214,1.132,434.09,27052,0,0,0,0.80775,0.0060244,0,2.3219,0.089608,0,1.0076,22.311,0,0,0,0,0
15,214,1.132,434.09,27052,1.4812,0,0,0.2186,0,0,0.84533,0,0,0,13.954,0,0,0,0,0
15,214,1.132,434.09,27052,0.001493,0,0,0,0,0,0.16424,0,0,0,77.618,0,0,0,0,0
15,214,1.132,434.09,27052,0.87149,0,0,0.000254,0,0,0,0,0,0,2.8966,0,0,0,0,0
15,214,1.132,434.09,27052,0.001205,0,0.20413,3.9373,0.057287,0,0,0,0,0,1.1511,0,0,0,0,0
15,214,1.132,434.09,27052,0.000716,0,0,0.073378,0,0,0,0,0,0.76777,0.33927,0,0,0,0,0
15,214,1.132,434.09,27052,0,0,0,0,0,0,15.683,0,0,0.76777,4.5419,0,0,0,0,0
15,214,1.132,434.09,27052,0.008953,0,0,2.0318,0,0,36.135,0,0,8.5959,5.9899,0,0,0,0,0
15,214,1.132,434.09,27052,0.008333,0,0,0.00524,0,0,0,0,0,1.1822,0.33691,0,0,0,0,0
15,214,1.132,434.09,27052,0,0,0,0,0.00043,0,0,0,0,0,0.18667,0,0,0,0,0
15,214,1.132,434.09,27052,17.641,0,0,0.013878,0.17659,0.44941,91.674,0,0,0,0.86986,0,0,0,0,19.534
15,214,1.132,434.09,27052,0,0,0,0,0,0,0.94509,0,0,0.056957,0.18667,0,0,0,0,0
15,214,1.132,434.09,27052,44.369,0,0,3.0123,0,0,0,0,0,1.0076,0.18667,0,0,0,0,0
15,214,1.132,434.09,27052,0,0,0,0,0.4373,0,0,0,0,1.0834,14.178,0,0,0,0,0
15,214,1.132,434.09,27052,0,0,0.62477,0,0.25582,0,71.293,0,0,127.87,11.185,0,0,0,0,0
15,214,1.132,434.09,27052,0,0,0,0.18647,0,0,0,0,0,0.18355,0.18667,0,0,0,0,0
15,214,1.132,434.09,27052,0,0,5.1564,2.2474,0.90761,0,0,0,0,3.8254,3.2906,0,0,0,0,0
15,214,1.132,434.09,27052,0,0,0,0.082481,0.005245,0.28797,0,0,0,3.8737,5.9814,0,0,0,0,0
15,214,1.132,434.09,27052,0.33988,0,0,7.95e-05,0,0,0,0,0,0.63421,56.51,0,0,0,0,0
15,214,1.132,434.09,27052,0.85735,0,0,0,0,0.045969,0,0,0,5.6716,6.4269,0,0,0,0,0
15,214,1.132,434.09,27052,0.008333,0,0,0.8541,0,0,154.86,0,0,1.164,0.86986,0,0,0,0,0
15,214,1.132,434.09,27052,0,0,0,3.3935,0,0,0,0,0,0.44682,0.34519,0,0,0,0,0
15,214,1.132,434.09,27052,0,0,0,0.004588,31.216,0,19.224,0,0,7.6506,2.274,0,0,0,0,0
15,214,1.132,434.09,27052,20.011,0,0,0.96341,0,0,0,0,0,4.212,2.0593,0,0,0,0,0
15,214,1.132,434.09,27052,0.011709,0,0,0.078836,0,0,4.5947,0,0,5.6716,0.18667,0,0,0,0,0
15,214,1.132,434.09,27052,0.01121,0,0,0.81935,0,0,0.50998,0,0,36.785,0.18667,0,0,0,0,0
15,214,1.132,434.09,27052,0,0,0,0.00524,0.016668,0,0,0,0,0,2.0268,0,0,0,0,0
15,214,1.132,434.09,27052,0,0,0,0,0,0,0.075512,0,0,0.27721,0.18667,0,0,0,0,0
15,214,1.132,434.09,27052,0,0,0,0,0,0,0,0,0,0.21027,2.4226,0,0,0,0,0
15,214,1.132,434.09,27052,0,0,0,0.007221,0,0,0,0,0,0,31.227,0,0,0,0,0
15,214,1.132,434.09,27052,7.2959,0,0.17222,0,0,0,0,0,0,0.63421,13.254,0,0,0,0,0
15,214,1.132,434.09,27052,0,0,0,0,0,0,0,0,0,5.7109,0.18667,0,0,0,0,0
15,214,1.132,434.09,27052,0,0,0,0,0,0,0.53887,0,0,0.63421,5.4517,0,0,0,0,0
15,214,1.132,434.09,27052,0.01321,0,0,5.4943,0,0,0,0,0,1.0076,0.34986,0,0,0,0,0
15,214,1.132,434.09,27052,0.85815,0,0,0.008333,0,0,0,0,0,0,0.18667,0,0,0,0,0
15,214,1.132,434.09,27052,0,0,0,21.129,0,0,0,0,0,0.73557,0.18667,0,0,0,0,0
15,214,1.132,434.09,27052,0,0,0,0.50612,0,0,0,0,0,0.44682,0.18667,0,0,0,0,0
15,214,1.132,434.09,27052,22.323,0,0,0,0,0.026623,0,0,0,0.73557,23.883,0,0,0,0,0
15,214,1.132,434.09,27052,0,0,0,0.009099,0,3.2464,33.552,0,0,21.917,0.18667,0,0,0,0,0
15,214,1.132,434.09,27052,0.030146,0,0,0,0.042762,0,0,0,0,0.76777,0.18667,0,0,0,0,0
15,214,1.132,434.09,27052,0,0,0,0,8.5019,0,0,0,0,1.9819,0.18667,0,0,0,0,0
15,214,1.132,434.09,27052,0,0,0,0,3.0086,0,15.38,0,0,8.0476,0.18667,0,0,0,0,0
15,214,1.132,434.09,27052,0,0,0,5.4943,0,0,0,0,0,1.057,2.9499,0,0,0,0,0
15,214,1.132,434.09,27052,0,0,0,0.00043,0,0,0,0,0,8.4961,18.739,0,0,0,0,0
15,214,1.132,434.09,27052,5.4745,0,0,0,0,0,0,0,0,7.8617,0.71492,0,0,0,0,0
15,214,1.132,434.09,27052,0.008335,0,0,0.90575,0,0,0,0,0,1.7327,0.18667,0,0,0,0,0
15,214,1.132,434.09,27052,1.5576,0,0,0.008333,0,0,0,0,0,2.6253,1.445,0,0,0,0,0
15,214,1.132,434.09,27052,0,0,0,1.2332,0,0,0.50998,0,0,0.55196,0.18667,0,0,0,0,0
15,214,1.132,434.09,27052,11.232,0,0,0.010118,0,0,0,0,0,0,0.18667,0,0,0,0,0
15,214,1.132,434.09,27052,0.006456,0,0,11.871,0,0,0,0,0,0,8.38,0,0,0,0,0
15,214,1.132,434.09,27052,0,0,0.003161,5.0862,0,0,164.51,0,0,0.44682,4.2611,0,0,0,0,0
15,214,1.132,434.09,27052,0.00824,0,0.03768,0.015351,0,0,23.1,0,0,0,0.18667,0,0,0,0,0
15,214,1.132,434.09,27052,0,0,0,46.077,0.000124,0,11.586,0,0,0,0.18667,0,0,0,0,0
15,214,1.132,434.09,27052,5.6117,0,1.3599,0.4312,0,0,0.0029097,0,0,0,42.493,0,0,0,0,0
15,214,1.132,434.09,27052,0.01153,0,0,0.13089,0,0,18.1,0,0,1.808,0.18667,0,0,0,0,0
15,214,1.132,434.09,27052,0.02051,0,0,1.168,0,0,0.0029097,0,0,0,0.18667,0,0,0,0,19.534
15,214,1.132,434.09,27052,0.008333,0,0,0.0063069,0,0,0,0,0,0.44575,0.35074,0,0,0,0,0
15,214,1.132,434.09,27052,3.4514,0,0,0.31869,0,0,0,0,0,0.76777,0.3823,0,0,0,0,0
15,214,1.132,434.09,27052,0,0,0,0,0,0,0,0,0,1.7327,1.3329,0,0,0,0,0
15,214,1.132,434.09,27052,0,0,0,4.7597,0,0,0,0,0,8.0476,0.18667,0,0,0,0,0
15,214,1.132,434.09,27052,0,0,0,0.0015025,0,0,37.068,0,0,8.4961,37.875,0,0,0,0,0
15,214,1.132,434.09,27052,0,0,0,0,0,0,0,0,0,0,2.7334,0,0,0,0,0
15,214,1.132,434.09,27052,0.01567,0,0,0.015351,0,0,0,0,0,7.6506,0.18667,0,0,0,0,0
15,214,1.132,434.09,27052,0.008333,0,0,10.136,0.95915,0,0,0,0,0,0.18667,0,0,0,0,0
15,214,1.132,434.09,27052,0.86868,0,0,0.0055859,0,0.007836,0,0,0,0.65812,0.18667,0,0,0,0,0
15,214,1.132,434.09,27052,0,0,0,0.007102,0,0,31.661,0,0.008335,1.0834,0.18667,0,0,0,0,0
15,214,1.132,434.09,27052,0,0,0,0.008333,0,0,0,0,0,0,0.18667,0,0,0,0,0
15,214,1.132,434.09,27052,2.2834,0,0,0.001397,0,0,0,0,0,1.9819,35.951,0,0,0,0,0
15,214,1.132,434.09,27052,234.24,0,0,0,0,0,25.012,0,0,0,1.2286,0,0,0,0,0
15,214,1.132,434.09,27052,0.008333,0,0,0.00524,0,0,0.02739,0,0,1.261,0.40813,0,0,0,0,0
15,214,1.132,434.09,27052,0.000739,0,0,0.00524,0,0.0081189,0,0,0,0,0.18667,0,0,0,0,0
15,214,1.132,434.09,27052,14.272,0,0,0.011436,0,0,1.1102,0,0,0,54.647,0,0,0,0,0
15,214,1.132,434.09,27052,0.027174,0,0,0,0,0,0,0,0,0,11.749,0,0,0,0,0
15,214,1.132,434.09,27052,0.21846,0,0,0.009913,0,0,0,0,0,0,12.6,0,0,0,0,0
15,214,1.132,434.09,27052,0.008333,0,0,0,0,0,0,0,0,0.73557,2.3546,0,0,0,0,0
15,214,1.132,434.09,27052,2.2249,0,0,0,0,0,0.16424,0,0,1.5851,1.8107,0,0,0,0,0
15,214,1.132,434.09,27052,0.88303,0,0,59.124,0,0,16.115,0,0,8.0476,85.483,0,0,0,0,0
15,214,1.132,434.09,27052,2.2834,0,0,0.009001,0,0,0,0,0,0,3.9931,0,0,0,0,0
15,214,1.132,434.09,27052,0.008655,0,0,0,0,0,0,0,0,0,0.18667,0,0,0,0,0
15,214,1.132,434.09,27052,0.0054615,0,0,0,0,0,0,0,0,1.7327,4.8475,0,0,0,0,0
15,214,1.132,434.09,27052,0.068182,0,0,0,0,0,0,0,0,12.135,0.18667,0,0,0,0,0
15,214,1.132,434.09,27052,0,0,0,0.045723,0,0.0081189,0.13695,0,0,0.65812,23.624,0,0,0,0,0
15,214,1.132,434.09,27052,0.008335,0,0,0,0,0.007836,0,0,0,0,0.18667,0,0,0,0,0
15,214,1.132,434.09,27052,41.786,0,0,0,0,0,0,0,0,4.212,0.51886,0,0,0,0,0
15,214,1.132,434.09,27052,0,0,0,0,0,0.011358,93.096,0,0,0,0.18667,0,0,0,0,0
15,214,1.132,434.09,27052,0,0,87.684,0,0,0.11707,0.02739,0,0,0.4212,4.5419,0,0,0,0,0
15,214,1.132,434.09,27052,0.00524,0,0,0,0,0,34.474,0,0,0.65812,67.767,0,0,0,0,0
15,214,1.132,434.09,27052,0,0,0,0.27619,0,8.948,4.0118,0,0,19.403,0.34267,0,0,0,0,0
15,214,1.132,434.09,27052,0.008333,0,0,0.008397,1.7212,0,0,0,0,0,0.18667,0,0,0,0,0
15,214,1.132,434.09,27052,11.68,0,0,10.417,0,0.77768,0,0,0,0,81.992,0,0,0,0,0
15,214,1.132,434.09,27052,7.1668,0,0,0.0094835,0.0060244,0,0,0,0,0,29.012,0,0,0,0,0
15,214,1.132,434.09,27052,0,0,0,0.85311,0,0,0,0,0,1.057,0.18667,0,0,0,0,0
15,214,1.132,434.09,27052,0,0,0,0,0.013156,0,0.13695,0,0,0.18355,1.7467,0,0,0,0,0
15,214,1.132,434.09,27052,0.00021,0,0,0.04076,0,0,0,0,0,0.91947,0.34267,0,0,0,0,0
15,214,1.132,434.09,27052,1.6525,0,0,0.008332,0,0,0,0,0,0.4212,80.929,0,0,0,0,0
15,214,1.132,434.09,27052,0.00524,0,0,0,1.9688,0,0.85532,0,0,0.44575,17.386,0,0,0,0,0
15,214,1.132,434.09,27052,0.007475,0,0,0.000254,0,0,138.71,0,0,0.27721,1.1542,0,0,0,0,0
15,214,1.132,434.09,27052,0.3792,0,0,0,0,0,0,0,0,1.5851,9.6353,0,0,0,0,0
15,214,1.132,434.09,27052,0.92649,0,0,2.7253,0,0,0.53887,0,0,1.808,0.37122,0,0,0,0,0
15,214,1.132,434.09,27052,0.2281,0,0,2.8966,0,0,0,0,0,1.9819,0.3452,0,0,0,0,0
15,214,1.132,434.09,27052,0,0,0,4.2346,0,0,0.16424,0,0,0,5.5606,0,0,0,0,0
15,214,1.132,434.09,27052,0.007475,0,0,0,0,0,0,0,0,1.057,10.3,0,0,0,0,0
15,214,1.132,434.09,27052,0,0,0,3.2506,0,0,0,0,0,0,58.227,0,0,0,0,0
15,214,1.132,434.09,27052,0.008333,0,0,0.001326,0,0,0,0,0,1.1822,0.35238,0,0,0,0,0
15,214,1.132,434.09,27052,9.3438,0,0,48.693,0,0,129.66,0,0,0,9.0127,0,0,0,0,0
15,214,1.132,434.09,27052,0,0,0,0,0,0,0,0,0,1.0167,0.18667,0,0,0,0,0
15,214,1.132,434.09,27052,0.01412,0,0,0,0,0,0,0,0,0.27721,5.6787,0,0,0,0,0
15,214,1.132,434.09,27052,0.000126,0,0,75.865,0,0,0,0,0,0.4212,58.227,0,0,0,0,0
15,214,1.132,434.09,27052,1.7431,0,0,0.008332,0.002868,0,0,0,0,0,0.18667,0,0,0,0,0
15,214,1.132,434.09,27052,23.338,0,0,0,0,0,0,0,0,0.72035,0.24309,0,0,0,0,0
15,214,1.132,434.09,27052,0,0,0,0.00644,0,0.00078163,0,0,0,1.0167,0.18667,0,0,0,0,0
15,214,1.132,434.09,27052,3.7936,0,0,0,0.022633,0,0,0,0,1.1034,0.18667,0,0,0,0,0
15,214,1.132,434.09,27052,0.003416,0,0,0,0,0,0,0.78634,0,21.917,0.38211,0,0,0,0,0
15,214,1.132,434.09,27052,0.0067502,0,0,0,0,0,0,0,0,1.0245,3.9699,0,0,0,0,0
15,214,1.132,434.09,27052,0.17442,0,0,0,0,0,0,1.1466,0,0,0.33865,0,0,0,0,0
15,214,1.132,434.09,27052,0.008333,0,0,0.0076281,0.002508,0.00082449,0,0,0,1.5859,0.33631,0,0,0,0,0
15,214,1.132,434.09,27052,0.065653,0,0,2.1098,0,0,0.010505,0,0,0,0.18667,0,0,0,0,0
15,214,1.132,434.09,27052,0.022494,0,0,0,0.12782,0,0,0,0,0.65812,0.18667,0,0,0,0,0
15,214,1.132,434.09,27052,1.2314,0,0,0,0,0,3.8523,0,0,8.4961,0.18667,0,0,0,0,0
15,214,1.132,434.09,27052,0,0,0,0,0,0,0,0,0,4.212,8.8787,0,0,0,0,0
15,214,1.132,434.09,27052,0.11488,0,0,0,0,0,0,0.28576,0,7.8617,16.454,0,0,0,0,0
15,214,1.132,434.09,27052,0.88303,0,0,0,0,0,0,0,0,0,0.18667,0,0,0,0,0
15,214,1.132,434.09,27052,0.008335,0,0,0,0,0.0022856,0,0,0,0,4.8475,0,0,0,0,0
15,214,1.132,434.09,27052,0.008321,0,0,0,0.41074,0.00021684,31.826,0,0,0.4212,1.3329,0,0,0,0,0
15,214,1.132,434.09,27052,0.008333,0,3.7111,0,0,0.0068216,0,0,0,0,0.18667,0,0,0,0,0
15,214,1.132,434.09,27052,0,0,0,2.1098,0,0,16.731,0,0,5.7109,68.794,0,0,0,0,0
15,214,1.132,434.09,27052,0.0062716,0,0.64528,49.769,1.0324,0,84.851,0,0,6.8425,4.6158,0,0,0,0,0
15,214,1.132,434.09,27052,11.68,0,0.98735,0,0.003346,0,77.405,0,0,0.68445,83.837,0,0,0,0,0
15,214,1.132,434.09,27052,0,0,0,8.9261,0,0,22.026,0,0,1.2479,31.446,0,0,0,0,0
15,214,1.132,434.09,27052,0.074428,0,0,6.1983,0,0,0,0,0,0,0.3343,0,0,0,0,0
15,214,1.132,434.09,27052,7.0198,0,0,4.9797,0,0,0,0,0,4.212,17.756,0,0,0,0,0
15,214,1.132,434.09,27052,1.4027,0,0,0.009303,0,0,0,0,0,1.4449,36.545,0,0,0,0,0
15,214,1.132,434.09,27052,0.009056,0,0,0,0.022633,0,34.223,0,0,1.1822,17.117,0,0,0,0,0
15,214,1.132,434.09,27052,0.026555,0,0,6.1983,0,0,0,0,0,0,0.96176,0,0,0,0,0
15,214,1.132,434.09,27052,0,0,0,0,0,0.0081189,0,0,0,127.87,6.043,0,0,0,0,0
15,214,1.132,434.09,27052,0.0098684,0,0,0,0.30197,0,0,0,0,0.14685,8.3848,0,0,0,0,0
15,214,1.132,434.09,27052,0,0,0,0,0,0,0,0,0,0.91947,0.18667,0,0,0,0,6.5114
15,214,1.132,434.09,27052,0,0,0,0.008333,0,0,0.16424,0,0,1.7327,0.33626,0,0,0,0,0
15,214,1.132,434.09,27052,3.0886,0,1.9097,0,0,0,0,0.024226,0,21.917,80.929,0,0,0,0,0
15,214,1.132,434.09,27052,7.5005,0,0,0.008333,0.00184,0.18738,0.02739,0,0,0.21027,0.34519,0,0,0,0,0
15,214,1.132,434.09,27052,0,0,0,0.024254,9.567,0,23.424,0,0,0,1.9933,0,0,0,0,0
15,214,1.132,434.09,27052,0.0002525,0,0,0,1.1128,0,0,0,0,0.18086,0.80726,0,0,0,0,23.875
15,214,1.132,434.09,27052,0,0,0,0.000739,0,0,0.84533,0,0,1.2479,0.18667,0,0,0,0,0
15,214,1.132,434.09,27052,0.86243,0,0,49.769,0,0,0,0,0,0.63421,0.18667,0,0,0,0,0
15,214,1.132,434.09,27052,0.029564,0,0,64.602,3.3765,0,0,0,0,0.76342,0.18667,0,0,0,0,0
15,214,1.132,434.09,27052,0,0,0.003583,0.009988,0,0,0,0,0,1.5859,2.0457,0,0,0,0,0
15,214,1.132,434.09,27052,119.08,0,0,0,0,0,0,0,0,0.65812,0.63213,0,0,0,0,0
15,214,1.132,434.09,27052,3.136,0,0,0,0.000125,0.00090266,0,0,0,36.785,20.511,0,0,0,0,0
15,214,1.132,434.09,27052,27.659,0,0,0,0,0,0.11746,0,0,1.0167,0.18667,0,0,0,0,0
15,214,1.132,434.09,27052,0,0,0,1.6325,0,0.00047402,0,0,0,0.72796,1.6452,0,0,0,0,0
15,214,1.132,434.09,27052,0.38402,0,0,1.0177,0,0,0.16424,1.111,0,1.0245,0.34397,0,0,0,0,0
15,214,1.132,434.09,27052,0.86274,0,0,0,0,0,0.16424,0,0,0,3.2579,0,0,0,0,0
15,214,1.132,434.09,27052,0,0,0,2.7253,0,0,0,0,0,0,52.495,0,0,0,0,0
15,214,1.132,434.09,27052,0.009056,0,0,0.008333,38.02,0,0,0,0,0.73557,10.036,0,0,0,0,0
15,214,1.132,434.09,27052,0,0,0,0,0,0,0.53887,0,0,8.4961,0.18667,0,0,0,0,0
15,214,1.132,434.09,27052,0.003416,0,0,1.3272,0,0.010721,0,0,0,0,4.6158,0,0,0,0,0
15,214,1.132,434.09,27052,0.002784,0,0,0.00524,3.091,0,32.232,0,0,0,2.4012,0,0,0,0,0
15,214,1.132,434.09,27052,0.009056,0,0,7.0195,0,1.5992,0,12.324,0,1.5851,1.2592,0,0,0,0,0
15,214,1.132,434.09,27052,0,0,0,0,0,0,0,0,0,4.212,1.6999,0,0,0,0,0
15,214,1.132,434.09,27052,0.008333,0,0,75.865,6.3e-05,0,0.16424,0,0,0,0.18667,0,0,0,0,0
15,214,1.132,434.09,27052,0,0,0,2.1782,0,0,0,0,0,0,0.97191,0,0,0,0,0
15,214,1.132,434.09,27052,0.87494,0,0,0,7.4244,0,0.16424,0,0,3.8254,0.18667,0,0,0,0,0
15,214,1.132,434.09,27052,0,0,0,0,0,0,0,0,0,4.212,1.5754,0,0,0,0,0
15,214,1.132,434.09,27052,0.0067502,0,0,0,0,0,0,0,0,0.18355,152.55,0,0,0,0,0
15,214,1.132,434.09,27052,0,0,0,0.00524,0,0,0,0,0,55.455,0.38292,0,0,0,0,0
15,214,1.132,434.09,27052,0,0,0.000123,0,27.121,0.0081189,0.16424,0,0,0.4212,0.22358,0,0,0,0,0
15,214,1.132,434.09,27052,0.0055804,0,0,0,0,0,0,0,0,0,0.33634,0,0,0,0,0
15,214,1.132,434.09,27052,0.0168,0,0,0.008542,0,0,0.16424,0,0,0.14685,3.1118,0,0,0,0,0
15,214,1.132,434.09,27052,0.0098684,0,0,0,1.0324,0,0,0,0,0.27721,19.429,0,0,0,0,0
15,214,1.132,434.09,27052,62.778,0,0,0.66293,0,0,0,0,0,3.8254,0.18667,0,0,0,0,0
15,214,1.132,434.09,27052,0.88011,0,0.008932,0.84253,0,0,0,0,0,1.5859,42.493,0,0,0,0,0
15,214,1.132,434.09,27052,4.4384,0,21.688,0,0.016666,0,0,0,0,1.1034,0.18667,0,0,0,0,0
16,215,1,798.98,49792,0.019213,0,0,0,0,0,0,0,0,0.21027,2.8966,0.75718,0,0,0,0
18,217,1,1023.1,63762,57.27,0,0,0.34308,0,0,0.010505,0,0,13.788,0.18667,0,0,0,0,0
18,217,1,1023.1,63762,0,0,0,0,0,0,0,0,0,1.2479,11.85,0,0,0,0,0
18,217,1,1023.1,63762,48.061,0,0,0,0,0,0,0,0,8.5959,0.18667,0,0,0,0,0
18,217,1,1023.1,63762,0.0068531,0,0,0,0.000739,0,0,1.2747,0,0.18355,39.913,0,0,0,0,0
18,217,1,1023.1,63762,0.0062716,0,0,0,0.023742,0,0,0.73089,0,1.261,0.34092,0,0,0,0,0
18,217,1,1023.1,63762,0.008333,0,0,0,0,0,0.16424,0,0,0.63421,2.8966,0,0,0,0,0
18,217,1,1023.1,63762,3.3106,0,0,0.20597,0,0,0,0,0,1.9819,0.35864,0,0,0,0,0
18,217,1,1023.1,63762,0,0,0,3.8075,0,2.1893,0,0,0,0,0.18667,0,0,0,0,0
18,217,1,1023.1,63762,0,0,0,0,0,0,0,0,0,0.056957,30.71,0,0,0,0,0
18,217,1,1023.1,63762,0.008333,0,0,5.4105,0,0,0.16424,0,0,0,7.5072,0,0,0,0,0
18,217,1,1023.1,63762,0,0,0,0,0,0.006606,0.16424,0,0,1.261,0.18667,0,0,0,0,0
18,217,1,1023.1,63762,0.030146,0,0,0.000739,0,0,0,0,0,0,7.5072,0,0,0,0,25.579
18,217,1,1023.1,63762,0.014052,0,0,0,0.002868,0,37.063,0,0,0,1.5754,0,0,0,0,971.99
18,217,1,1023.1,63762,2.6756,0,0,0,0.016666,0,0,0,0,19.403,146.15,0,0,0,0,0
18,217,1,1023.1,63762,0.93905,0,0,7.8e-05,0,2.1893,0,0,0,5.6716,0.34267,0,0,0,0,0
18,217,1,1023.1,63762,0.010401,0,0,0.082237,0,0,0,0,0,1.0167,0.18667,0,0,0,0,0
18,217,1,1023.1,63762,0,0,0,7.1703,33.884,0,7.3822,0.78712,0,0.68445,75.625,0,0,0,0,0
18,217,1,1023.1,63762,0,0,0,3.1191,0,0,7.1875,0,0,1.9819,4.2902,0,0,0,0,0
18,217,1,1023.1,63762,0,0,0,0,0,0.14717,7.5039,0,0,0,13.363,0,0,0,0,0
18,217,1,1023.1,63762,0.002344,0,0,0.2186,0,0,0,0,0,1.1034,9.6183,0,0,0,0,0
18,217,1,1023.1,63762,0.861,0,0,0.82974,0,0,0.16424,0,0,0,0.18667,0,0,0,0,2.5579
18,217,1,1023.1,63762,0,0,0,0.035677,0,0,0,0,0,0,12.846,0,0,0,0,35.81
18,217,1,1023.1,63762,0,0,0,0.0081579,0,0.11707,0,0,0,0,0.26048,0,0,0,0,0
31,230,1,12.096,753.83,0,0,0,0,0,0.99999,0,0,0,0,10.304,0,0,0,0,0
32,231,1,5.5886,348.27,0,0,0,0.74517,0,0,0,0,0,0,1.09,0,0,0,0,0
33,232,1,10.796,672.8,0,0,0,0,0,0,0,0,0,0.27721,2.9179,0,0,0,0,1.1336
33,232,1,10.796,672.8,0,0,0,0,0,0,1.0096,0,0,3.8254,0.33213,0,0,0,0,0.16194
33,232,1,10.796,672.8,0,0,0,0,0,0,0,0,0,0,0.18667,0,0,0,0,0.2699
33,232,1,10.796,672.8,0,0,0,0.53412,0,0,0,0,0,0,2.9511,0,0,0,0,0.2699
33,232,1,10.796,672.8,0.068081,0,0,0,0,0,0,0,0,1.0167,2.5353,0,0,0,0,0.02699
33,232,1,10.796,672.8,0.016666,0,0,0,0,0,0,0,0,0.8932,0.76655,0,0,0,0,0.2699
33,232,1,10.796,672.8,0,0,0,0,0,0.99999,0,0,0,0.76777,0.54798,0,0,0,0,0.59378
33,232,1,10.796,672.8,2.1932,0,0,0.40043,0,0,0.75485,0,0,0.056957,0.18667,0,0,0,0,0.02699
33,232,1,10.796,672.8,0,0,0,0,0,0,0,0,0,1.5851,0.18667,0,0,0,0,1.2415
33,232,1,10.796,672.8,0,0,0,0,0,0,0,0,0,0.72035,0.18667,0,0,0,0,0.48582
33,232,1,10.796,672.8,1.0414,0,0,1.3548,0,0,0,0,0,1.0167,3.9699,0,0,0,0,0.91767
33,232,1,10.796,672.8,0,0,0,0,0,0,0,0,0,0,5.1602,0,0,0,0,0.59378
33,232,1,10.796,672.8,0,0,0,0,0.17333,0,0,0,0,1.0167,0.34267,0,0,0,0,0.2699
33,232,1,10.796,672.8,3.2752,0,0,0,0,0,0,0,0,0,0.22358,0,0,0,0,0.72874
33,232,1,10.796,672.8,0.015697,0,0,0,2.6929,0.99999,0,0,0,0,4.481,0,0,0,0,1.1336
33,232,1,10.796,672.8,0.00524,0,0,0.004919,0,0,0,0,0,4.212,0.18667,0,0,0,0,0.2699
33,232,1,10.796,672.8,0.000654,0,0,0,0,0.99999,0,0,0,0,0.18667,0,0,0,0,0.48582
33,232,1,10.796,672.8,0,0,0,0,0.65697,0,0,0,0,0.39237,0.18667,0,0,0,0,0.59378
33,232,1,10.796,672.8,0,0,0,0,0,0,0,0,0,1.0245,0.18667,0,0,0,0,0.37786
33,232,1,10.796,672.8,0,0,0,1.1694,0.94494,0,0,0,0,0,0.18667,0,0,0,0,0.48582
33,232,1,10.796,672.8,0,0,0,0,0,0,0.16424,0,0,0,7.5145,0,0,0,0,0.37786
33,232,1,10.796,672.8,0,0,0,0,0,0,0,0,0,0,9.4002,0,0,0,0,0.72874
33,232,1,10.796,672.8,0.00062,0,0,0,0,0,0.53887,0,0,1.808,3.6126,0,0,0,0,0.16194
33,232,1,10.796,672.8,0.055164,0,0,0,0,0,0,0,0,5.6716,1.8458,0,0,0,0,0.02699
33,232,1,10.796,672.8,0.8598,0,0,0,0,0,0,0,0,0,8.3756,0,0,0,0,0.2699
33,232,1,10.796,672.8,0,0,0,0.11864,0,0,0,3.5739,0,1.4449,0.18667,0,0,0,0,0.16194
33,232,1,10.796,672.8,0,0,0,0,0,0.13667,0,0,0,1.4449,0.42559,0,0,0,0,0.2699
33,232,1,10.796,672.8,0,0,0,0,0,0.34794,0,0,0,0,0.18667,0,0,0,0,0.02699
33,232,1,10.796,672.8,0,0,0,5.4083,0,0.34794,0,0,0,0,0.18667,0,0,0,0,2.3212
33,232,1,10.796,672.8,0.098492,0,0,4.3532,0,0,0,0,0,0.76342,0.18667,0,0,0,0,0.16194
33,232,1,10.796,672.8,0,0,0,0,0,0,0.13695,0,0,0.65812,1.6999,0,0,0,0,0.02699
33,232,1,10.796,672.8,0.016668,0,0,0.29954,0,0,0,0,0,0.14685,2.8841,0,0,0,0,0.48582
33,232,1,10.796,672.8,0.084803,0,0,0,0,0,0,0,0,0.72035,0.33589,0,0,0,0,0.37786
34,233,1,45.915,2861.4,0.34864,0,0,1.3744,0,0,0.50998,0,0,0.056957,23.864,0,0,0,0,0
34,233,1,45.915,2861.4,0,0,0,2.6536,0,0,0,0,0,0,14.459,0,0,0,0,0
34,233,1,45.915,2861.4,1.5368,0,0,0,0,1.1633,0,0,0,0.18086,1.7467,0,0,0,0,0
34,233,1,45.915,2861.4,0.00021,0,0,0,0,4.4592,0,0,0,0,3.8481,0,0,0,0,0
34,233,1,45.915,2861.4,0,0,0,1.9258,0,0,0.02739,0,0,0,3.9699,0,0,0,0,0
34,233,1,45.915,2861.4,0,0,0,2.7882,0,0,0,0,0,0.27721,0.18667,0,0,0,0,0
35,234,1,42.426,2644,0.11549,0,0,0.012068,0,0,0,0,0,1.261,0.18667,0,0,0,0,0
35,234,1,42.426,2644,0,0,0,0,0,0,0,0,0,1.2479,0.18667,0,0,0,0,0
35,234,1,42.426,2644,0.39786,0,0,0,0,0,0.16424,0,0,0.4212,10.304,0,0,0,0,0
36,235,1,45.33,2824.9,0,0,0,0.000124,0,0,30.869,0,0,0.18355,9.6183,0,0,0,0,0
36,235,1,45.33,2824.9,0,0,0,0.019075,0,0,0,0,0,0.27721,22.184,0,0,0,0,0
36,235,1,45.33,2824.9,14.272,0,0,0,0,0,0.94509,0,0,1.5859,0.35238,0,0,0,0,0
36,235,1,45.33,2824.9,0,0,0,19.532,0,0,0,0,0,5.7231,0.18667,0,0,0,0,0
36,235,1,45.33,2824.9,0.000716,0,0,0.24876,0,0,0,0,0,5.7231,28.053,0,0,0,0,0
36,235,1,45.33,2824.9,0.009569,0,0,0,0,0,0,0,0,0.21027,0.35074,0,0,0,0,0
36,235,1,45.33,2824.9,2.825,0,0.058528,0.00328,0.10153,0,0,0,0,0.27721,2.9179,0,0,0,0,0
36,235,1,45.33,2824.9,0,0,0,0.082481,0.005329,0,0,0,0,0,0.18667,0,0,0,0,0
36,235,1,45.33,2824.9,0.00714,0,0.011201,0,0,0,0,0,0,1.808,0.18667,0,0,0,0,0
36,235,1,45.33,2824.9,0.000739,0,0,0,0,0,0,0,0,7.6506,0.18667,0,0,0,0,0
36,235,1,45.33,2824.9,14.272,0,0,0,0,0,0,0,0,0,4.8003,0,0,0,0,0
36,235,1,45.33,2824.9,2.705,0,0,0.15798,0,0,0,0,0,0.76777,0.18667,0,0,0,0,0
36,235,1,45.33,2824.9,0.008333,0,0,0,0,0,35.656,0,0,0.14685,0.18667,0,0,0,0,0
36,235,1,45.33,2824.9,0.003822,0,0,0.60858,0,0.14717,0,0,0,8.0476,11.85,0,0,0,0,3.853
36,235,1,45.33,2824.9,0,0,0,0.003756,0,0,0.85532,0,0,0,0.18667,0,0,0,0,0
36,235,1,45.33,2824.9,0,0,0,0,0,0,0.53887,0,0,16.378,2.3406,0,0,0,0,0
36,235,1,45.33,2824.9,0,0,0,0.8887,0,0,37.063,0,0,0,0.18667,0,0,0,0,0
36,235,1,45.33,2824.9,0.011374,0,0,0.035677,0,0,0.16424,0,0,1.0245,1.4444,0,0,0,0,0
36,235,1,45.33,2824.9,0.13527,0,0,0.005239,0,0,0.16424,0,0,9.1202,0.34397,0,0,0,0,0
36,235,1,45.33,2824.9,0.008333,0,0,0.000254,0,0,0,0,0,0,10.743,0,0,0,0,0
36,235,1,45.33,2824.9,0.0014155,0,0,0.0015025,0,0,0,0,0,0.65812,0.18667,0,0,0,0,0
36,235,1,45.33,2824.9,0,0,0,0,0,0,0.075512,0,0,0.18355,5.5606,0,0,0,0,0
36,235,1,45.33,2824.9,0.050833,0,0,1.1983,0,0,0,0,0,0,14.249,0,0,0,0,0
36,235,1,45.33,2824.9,5.7224,0,0,0,0.10412,0.0019932,1.0915,0,0,21.917,0.18667,0,0,0,0,0
36,235,1,45.33,2824.9,0.15547,0,0,0.002741,0,0,0,0,0,0.72035,4.4486,0,0,0,0,0
36,235,1,45.33,2824.9,0,0,0,0.0068531,0.005245,0,38.63,0,0,0,0.35737,0,0,0,0,0
36,235,1,45.33,2824.9,0,0,0,11.542,0.024117,0,6.0125,0,0,0.76777,0.34986,0,0,0,0,0
36,235,1,45.33,2824.9,0.0099708,0,0,0,0,2.5939,0,0,0,9.1622,0.18667,0,0,0,0,4.7596
36,235,1,45.33,2824.9,6.3e-05,0,0,0,0,0,0,0,0,0.76342,17.117,0,0,0,0,0
36,235,1,45.33,2824.9,2.825,0,0,0,0,0,0.94509,0,0,1.2479,3.4073,0,0,0,0,0
36,235,1,45.33,2824.9,0.008333,0,0,0,0,0,0,0,0,13.788,0.86738,0,0,0,0,0
36,235,1,45.33,2824.9,0.02681,0,0,1.2101,0,0,0.16424,0,0,0,0.18667,0,0,0,0,0
36,235,1,45.33,2824.9,0.00524,0,0,2.1281,0.059951,0,0,0,0,19.403,3.65,0,0,0,0,0.67995
36,235,1,45.33,2824.9,0,0,0,0.59108,0,0.0070345,0,0,0,0.76342,0.35321,0,0,0,0,0
36,235,1,45.33,2824.9,0,0,0,0,0,0,0,0.80154,0,0.18086,6.2397,0,0,0,0,0
36,235,1,45.33,2824.9,0,0,0,0.39756,0.000739,0,0.16424,0,0,8.5959,15.74,0,0,0,0,0
36,235,1,45.33,2824.9,0,0,0,0.034257,2.977,0,11.023,0,0,0,0.18667,0,0,0,0,0
36,235,1,45.33,2824.9,0,0,0,0.47043,0,0,0,0,0,1.0076,0.18667,0,0,0,0,0
36,235,1,45.33,2824.9,0,0,0,0,0,0,29.312,0,0,8.4961,0.18667,0,0,0,0,0
36,235,1,45.33,2824.9,0.011015,0,0,0.47043,0,0,0,0,0,0,14.813,0,0,0,0,0
36,235,1,45.33,2824.9,0.00524,0,0,0,0,0,0.16424,0,0,0,0.18667,0,0,0,0,0
36,235,1,45.33,2824.9,0,0,0,0,0,0,0,0,0,0.44682,23.728,0,0,0,0,0
36,235,1,45.33,2824.9,0.003416,0,0,0,0.10153,0,21.639,0,0,8.5959,0.18667,0,0,0,0,0
36,235,1,45.33,2824.9,0,0,0,0.009303,0,0,0,0,0,0,0.18667,0,0,0,0,0
36,235,1,45.33,2824.9,0.017045,0,0,0.92111,0.18783,0,0,0,0,0.8932,0.35508,0,0,0,0,0
36,235,1,45.33,2824.9,0,0,0,0.83596,0,0,0,0,0,1.9819,12.035,0,0,0,0,0
36,235,1,45.33,2824.9,0,0,0,0.000739,0,0,0.50998,0,0,13.788,0.18667,0,0,0,0,0
36,235,1,45.33,2824.9,0.57152,0,0,0,0.008156,0,0,0,0,8.5959,4.481,0,0,0,0,0
36,235,1,45.33,2824.9,0.0068538,0,0,0.002485,0,0,0,0,0,8.0476,21.372,0,0,0,0,0
36,235,1,45.33,2824.9,3.4514,0,0,0.65369,0,0,0,0,0,0,0.18667,0,0,0,0,0
36,235,1,45.33,2824.9,0.000716,0,0.000123,0,0,0.0027405,0,0,0,0,17.304,0,0,0,0,0
36,235,1,45.33,2824.9,0,0,0,0,0,0,0,0,0,7.8617,0.18667,0,0,0,0,0
36,235,1,45.33,2824.9,3.8816,0,0,0.1403,0,0,0,0,0,0.44575,3.4013,0,0,0,0,0
36,235,1,45.33,2824.9,0,0,0,0,0,0,0,0,0,0.55196,0.18667,0,0,0,0,0
36,235,1,45.33,2824.9,0,0,0,0,0,3.6128,0.16424,0,0,0.44682,37.706,0,0,0,0,0.11332
36,235,1,45.33,2824.9,0,0,0,0.010417,0,0,0,0,0,1.0167,20.602,0,0,0,0,1.1332
36,235,1,45.33,2824.9,1.2554,0,0,0.37004,0,0,29.65,0,0,1.808,2.022,0,0,0,0,0
36,235,1,45.33,2824.9,0,0,0,0.11408,0,0.0044603,0,0,0,2.6253,10.964,0,0,0,0,0
36,235,1,45.33,2824.9,13.31,0,0,0,0,0,0,0,0,1.808,0.38211,0,0,0,0,0
36,235,1,45.33,2824.9,0.010122,0,1.2573,0,0.016484,0,0,0,0,0.55196,0.34397,0,0,0,0,0
36,235,1,45.33,2824.9,0.028574,0,0,0.62689,0,0,0,0,0,0.4212,0.18667,0,0,0,0,0
36,235,1,45.33,2824.9,0,0,0,0,0,0,0.16424,0,0,1.0834,0.18667,0,0,0,0,0
36,235,1,45.33,2824.9,0,0,0,0,0,0,0,0,0,16.378,0.40813,0,0,0,0,0
36,235,1,45.33,2824.9,0.19115,0,0,0,0,0,0,0,0,0,0.63213,0,0,0,0,0
36,235,1,45.33,2824.9,0.01321,0,0,0.078836,0,0,0,0,0,0.76777,0.18667,0,0,0,0,0
36,235,1,45.33,2824.9,0,0,0,0,0,0,0,0,0,0,3.2745,0,0,0,0,0
36,235,1,45.33,2824.9,0.87303,0,0,10.063,3.4521,0.0081189,0,6.874,0,0.44682,17.87,0,0,0,0,0
36,235,1,45.33,2824.9,25.357,0,0,0.008333,0.034341,0,0,0,0,0,0.18667,0,0,0,0,0.67995
36,235,1,45.33,2824.9,0.002868,0,0,0.65369,0,0,0,0,0,7.8617,0.22358,0,0,0,0,0
36,235,1,45.33,2824.9,0,0,0,4.2346,0,0,0,0,0,0,4.6158,0,0,0,0,0
36,235,1,45.33,2824.9,0,0,0,0.8887,0,0,30.132,0,0,0.8932,0.18667,0,0,0,0,0
36,235,1,45.33,2824.9,0.002998,0,0,0.15798,0,0,0,0,0,0,0.59267,0,0,0,0,0
36,235,1,45.33,2824.9,0.13527,0,0,0.00888,0,0,0,0,0,1.164,5.9814,0,0,0,0,0
36,235,1,45.33,2824.9,0,0,0,0.000502,3.4521,0,31.661,0,0.094407,1.0139,1.8398,0,0,0,0,0
36,235,1,45.33,2824.9,0.025776,0,0,0,0,0.012487,0.94509,0,4.6105,1.261,8.8643,0,0,0,0,0
36,235,1,45.33,2824.9,0,0,5.1564,0,0,0.44941,0,0,0,0.44682,0.18667,0,0,0,0,0
36,235,1,45.33,2824.9,0.008334,0,0.22017,0,0,0,0,0,0,3.8737,0.95751,0,0,0,0,0
36,235,1,45.33,2824.9,5.3071,0,0,0,0,0,0,0,0,0.21027,2.4226,0,0,0,0,0
36,235,1,45.33,2824.9,0,0,0,0,0,0,1.1102,0,0,0,43.733,0,0,0,0,0
36,235,1,45.33,2824.9,0,0,0,4.8473,0,0,4.5947,0,0,1.0076,0.18667,0,0,0,0,0
36,235,1,45.33,2824.9,0,0,0,0,0,0,0,0,0,3.8737,0.34288,0,0,0,0,0
36,235,1,45.33,2824.9,0.049686,0,0,0.65369,0,0,0.16424,0,0,0.14685,20.24,0,0,0,0,0
36,235,1,45.33,2824.9,16.193,0,0,0,0,0.01108,0.16424,0,0,0,0.54798,0,0,0,0,0
36,235,1,45.33,2824.9,0,0,0,0.37004,0,0,0,0,0,0,3.1118,0,0,0,0,0
36,235,1,45.33,2824.9,0,0,0,0,0,0.0041351,0,0,0,2.6253,15.093,0,0,0,0,0
36,235,1,45.33,2824.9,17.641,0,0,0,0,0,0.75485,0,0,1.0245,0.18667,0,0,0,0,0
36,235,1,45.33,2824.9,0.008333,0,0,0,0.065984,0,11.152,0,0,1.0245,0.18667,0,0,0,0,0
36,235,1,45.33,2824.9,0.013878,0,0,0,0.00043,0,0,0,0,1.0139,0.18667,0,0,0,0,0
36,235,1,45.33,2824.9,16.629,0,0,0,0,0,0,0,0,0.8932,0.18667,0,0,0,0,0
36,235,1,45.33,2824.9,14.661,0,0,0.8518,0,0,5.3738,0,0,1.0139,0.22358,0,0,0,0,0
36,235,1,45.33,2824.9,0.022494,0,0,4.5547,0.001463,0,0,0,0,18.081,0.18667,0,0,0,0,0
36,235,1,45.33,2824.9,0,0,0,0.010118,0,0,37.772,0,0,0,0.18667,0,0,0,0,0
36,235,1,45.33,2824.9,0.11371,0,0,0.0062156,0,0,0.02739,0,0,1.0139,0.18667,0,0,0,0,0
36,235,1,45.33,2824.9,5.0578,0,0,0,0,0,0,0.14705,0,0,0.18667,0,0,0,0,0
36,235,1,45.33,2824.9,0,0,0,0,0,0,0,0,0,1.1731,13.73,0,0,0,0,0
36,235,1,45.33,2824.9,0,0,0,0,0,0,0,0,0,1.1822,32.942,0,0,0,0,0
36,235,1,45.33,2824.9,0,0,0,0.00884,0,0,0,0,0,9.1202,9.6013,0,0,0,0,0
36,235,1,45.33,2824.9,0.99233,0,0,0,0,0,0,0,0,0,0.18667,0,0,0,0,0
36,235,1,45.33,2824.9,0,0,0,0,0,0,0,0,0,18.081,0.85328,0,0,0,0,0
36,235,1,45.33,2824.9,0.85735,0,0.019302,0.002868,0.00052,0,34.474,0,0,0.55196,8.0313,0,0,0,0,0
36,235,1,45.33,2824.9,0.40654,0,0,0.013294,0,0.0042681,0,0,0,0.39237,1.263,0,0,0,0,0
36,235,1,45.33,2824.9,0.008335,0,0,13.118,0.046449,0,0.11746,0,0,0.4212,0.18667,0,0,0,0,0
36,235,1,45.33,2824.9,0,0,0,0,0,0,0,0,0,0,0.18667,0,0,0,0,0
36,235,1,45.33,2824.9,0.008333,0,0,0,0,0,34.704,0,0,0,0.22358,0,0,0,0,0
36,235,1,45.33,2824.9,0.01146,0,0,0,0,0,0,0,0,9.1202,6.2013,0,0,0,0,0
36,235,1,45.33,2824.9,0,0,0,0,0,0,0,0,0,0,13.954,0,0,0,0,0
36,235,1,45.33,2824.9,7.0198,0,0,0.0011985,0.00062,0,0,0,0,16.378,0.96176,0,0,0,0,0
36,235,1,45.33,2824.9,0.028116,0,1.105,0.82682,2.026,0,2.2598,0,0,0.65812,0.18667,0,0,0,0,0
36,235,1,45.33,2824.9,0.0083909,0,0,5.2722,0,0,0,0,0.77921,16.378,0.33927,0,0,0,0,7.4794
36,235,1,45.33,2824.9,0,0,0.72947,0,0,0,0,0,0,0.18355,0.18667,0,0,0,0,0
36,235,1,45.33,2824.9,0.0065058,0,0,9.0845,0,0.010646,0.16424,0,0,8.4961,12.6,0,0,0,0,0.67995
36,235,1,45.33,2824.9,0,0,0,3.8631,0.11151,0.06813,0,0,0,3.8737,2.3546,0,0,0,0,0
36,235,1,45.33,2824.9,0.16655,0,0,0,0,0.007836,0,0,0,0.8932,4.4969,0,0,0,0,0
36,235,1,45.33,2824.9,0,0,0,0.83095,0.00387,0,0.16424,0,0,0.27721,10.3,0,0,0,0,0
36,235,1,45.33,2824.9,0,0,0,0,0,0,0,0,0,0,8.3756,0,0,0,0,0
36,235,1,45.33,2824.9,0,0,0,0.11307,0,0,0,0.053684,0,1.1034,1.6724,0,0,0,0,0
36,235,1,45.33,2824.9,2.2834,0,0,0.0078464,0,0,0.16424,0,0,1.164,0.18667,0,0,0,0,0
36,235,1,45.33,2824.9,0.013822,0,0,0.13889,0,0,0,0,0,0.44575,0.18667,0,0,0,0,0
36,235,1,45.33,2824.9,0,0,0,0.85311,0,0,0.85532,0,0,1.0167,7.7205,0,0,0,0,1.1332
36,235,1,45.33,2824.9,0,0,0,0,0,0,0.16424,0,0,7.6506,0.18667,0,0,0,0,0
36,235,1,45.33,2824.9,0.008333,0,0,0.10403,0,0,0,0.65715,0,0.44682,0.18667,0,0,0,0,0
36,235,1,45.33,2824.9,0.0083909,0,0,0,0,0,0,0,0,1.2479,0.18667,0,0,0,0,0
36,235,1,45.33,2824.9,0,0,0,0.31639,0,0,0.16424,0,0,0,6.4269,0,0,0,0,0
36,235,1,45.33,2824.9,0,0,0,0,0,0,0,0,0,19.403,21.143,0,0,0,0,0.11332
36,235,1,45.33,2824.9,0.010521,0,0,0,0,0,0,0,0,1.0167,14.459,0,0,0,0,0
36,235,1,45.33,2824.9,0.008335,0,0,0.014635,0,0.0083085,0,0,0,0.21027,1.8398,0,0,0,0,0
36,235,1,45.33,2824.9,0.011374,0,0,0,0,0,2.2598,0,0,0,0.34288,0,0,0,0,0
36,235,1,45.33,2824.9,0,0,0,0.83611,0,4.1191,0,0,0,0,0.18667,0,0,0,0,0
36,235,1,45.33,2824.9,0,0,0,1.7153,0,0,0.16424,0,0,0.39237,0.39068,0,0,0,0,0
36,235,1,45.33,2824.9,19.49,0,0,0,0,0,0.50998,0,0,1.0167,0.18667,0,0,0,0,0
36,235,1,45.33,2824.9,0,0,0,0.82492,0,0,0,0,0,1.7864,0.18667,0,0,0,0,0
36,235,1,45.33,2824.9,0.013221,0,0,0.31869,0,0,34.474,0,0,1.261,3.4013,0,0,0,0,0
36,235,1,45.33,2824.9,0.009569,0,0,0.97966,1.166,0,0,0,0,0,0.18667,0,0,0,0,0
36,235,1,45.33,2824.9,0,0,0,0,0,0.0066048,0,0,0,8.5959,23.035,0,0,0,0,0
36,235,1,45.33,2824.9,2.2249,0,0,0.82492,0,0,0,0,0,0,0.35321,0,0,0,0,0
36,235,1,45.33,2824.9,0.008333,0,0,0,0,0.83033,23.707,0,0,0,0.18667,0,0,0,0,0
36,235,1,45.33,2824.9,0,0,0,0,1.7928,0,0.16424,0,0,0,10.743,0,0,0,0,0
36,235,1,45.33,2824.9,2.6756,0,0,0.93611,1.215,0,0,0,0,0,11.001,0,0,0,0,0
36,235,1,45.33,2824.9,0.86274,0,0,0.017518,0,0,0,0,0,0.8932,3.7742,0,0,0,0,0
36,235,1,45.33,2824.9,0,0,0.010364,0.00328,0,0,0,0,0,0.44682,0.18667,0,0,0,0,0
36,235,1,45.33,2824.9,0.070608,0,0,0,0,0.0068216,0,0,0,0.27721,0.18667,0,0,0,0,0
36,235,1,45.33,2824.9,0.00524,0,0,0.001436,0,0,1.1102,0,0,0.18355,31.446,0,0,0,0,0
36,235,1,45.33,2824.9,0.014235,0,0,0.008333,0.0097611,0,16.115,0,0,0,5.114,0,0,0,0,0
36,235,1,45.33,2824.9,0.003468,0,0,8.0156,0,0,5.3738,0,0,1.0167,13.73,0,0,0,0,0
36,235,1,45.33,2824.9,10.142,0,0,0,0,0,0,0,0,9.1412,0.18667,0,0,0,0,0
36,235,1,45.33,2824.9,0,0,0,0.008333,0,0.011728,19.224,0,0,5.6716,0.34069,0,0,0,0,0
36,235,1,45.33,2824.9,0,0,0,0.008397,0,0,0,0,0,1.0834,0.18667,0,0,0,0,0
36,235,1,45.33,2824.9,0.004143,0,0,0.21258,0,0,0.0067075,0,0,3.8737,17.802,0,0,0,0,0
36,235,1,45.33,2824.9,0.000765,0,0,0,0,0,0,0,0,9.1622,0.18667,0,0,0,0,0
36,235,1,45.33,2824.9,0,0,0,4.9797,0.011525,0,0,0,0,0,7.519,0,0,0,0,0
36,235,1,45.33,2824.9,7.1668,0,0,0.33263,0,0,0.16424,0,0,0,0.18667,0,0,0,0,0
36,235,1,45.33,2824.9,0,0,0,25.387,0,0,1.0711,0,0,1.261,0.70126,0,0,0,0,2.0398
36,235,1,45.33,2824.9,0.027739,0,0,0.0094835,0,0,0,0,0,10.481,2.0268,0,0,0,0,0
36,235,1,45.33,2824.9,0.070608,0,0,0,0,0,0,0,0,0.76777,4.911,0,0,0,0,0
36,235,1,45.33,2824.9,0,0,0,0.006542,0,0,0.85532,0,0,2.6253,6.1969,0,0,0,0,0
36,235,1,45.33,2824.9,0.000172,0,0,0,0,0,0.50998,0,0,21.917,0.18667,0,0,0,0,0
36,235,1,45.33,2824.9,0.026388,0,0,0.00387,0,0,35.597,0,0,0.44682,0.18667,0,0,0,0,0
36,235,1,45.33,2824.9,0.018858,0,0.15394,0.008333,0,0,0,0,0,0.63421,0.18667,0,0,0,0,0
36,235,1,45.33,2824.9,6.286,0,0,0.85971,0,0,0,0,0,1.164,0.18667,0,0,0,0,0
36,235,1,45.33,2824.9,0,0,0,7.2789,0,0,10.655,0,0,0,0.18667,0,0,0,0,0
36,235,1,45.33,2824.9,0.021935,0,0,0.00524,0,0,0,0,0,0,2.5119,0,0,0,0,0
36,235,1,45.33,2824.9,4.218,0,0,0.0055384,0,0,0,0,0,5.7109,0.18667,0,0,0,0,0
36,235,1,45.33,2824.9,1.3876,0,0,0,0,0,0,0,0,0.76342,19.58,0,0,0,0,0
36,235,1,45.33,2824.9,0,0,0,0.00524,0.38219,0,0,0,0,0,0.34397,0,0,0,0,0
36,235,1,45.33,2824.9,0.11995,0,0,0.008333,0.038523,0,0,0,0,1.164,1.3385,0,0,0,0,0
36,235,1,45.33,2824.9,0.037954,0,0,0.005303,0,0,0,0,0,0,0.18667,0,0,0,0,0
36,235,1,45.33,2824.9,0,0,18.457,0,0,0,0,0,0,5.7231,2.0268,0,0,0,0,0
36,235,1,45.33,2824.9,0.0067817,0,0,13.342,0,0.0043721,0,0,0,9.1202,0.18667,0,0,0,0,0
36,235,1,45.33,2824.9,0.014052,0,0,0,0,0,0.16424,0,0,0,0.18667,0,0,0,0,0
36,235,1,45.33,2824.9,0,0,0,0.008488,0,0,3.391,0,0,1.1034,0.34266,0,0,0,0,0
36,235,1,45.33,2824.9,0.00524,0,0,0.019294,0,0,0.16424,0,0,0,0.18667,0,0,0,0,2.0398
36,235,1,45.33,2824.9,0.00524,0,0,0,0,0,0,0,0,0,0.34397,0,0,0,0,0
36,235,1,45.33,2824.9,0.008333,0,0,0,0,0,7.1772,0.8373,0,7.8617,0.33356,0,0,0,0,0
36,235,1,45.33,2824.9,0.85735,0,0,0,0,0,0,0,0,4.212,1.5006,0,0,0,0,0
36,235,1,45.33,2824.9,0,0,0,0,0,0,41.468,0,0,0.056957,1.8107,0,0,0,0,0
36,235,1,45.33,2824.9,0.095329,0,0,4.8473,0,0,9.6539,0,0,0,11.85,0,0,0,0,0
36,235,1,45.33,2824.9,0,0,0,0.25334,0,0,0.53887,0,0,0.76342,21.275,0,0,0,0,0
36,235,1,45.33,2824.9,0,0,0,0.0084635,0,0,12.199,0,0,0.65812,0.18667,0,0,0,0,0
36,235,1,45.33,2824.9,0.01567,0,0,4.0591,0,0,1.0602,0,0,0,8.8964,0,0,0,0,0
37,236,1,109.88,6847.9,0,0,0,27.901,0,0,0,0,0,1.1822,0.18667,0,0,0,0,0
37,236,1,109.88,6847.9,0.46331,0,0,0,0,0,89.934,0,0,0,0.83155,0,0,0,0,0
37,236,1,109.88,6847.9,0,0,0,0.088419,0,0,35.41,0,0,1.0834,13.42,0,0,0,0,0
37,236,1,109.88,6847.9,0.016666,0,0,0,0,0,0,0,0,7.8617,0.3516,0,0,0,0,0
37,236,1,109.88,6847.9,11.292,0,0,0,0,0,0,0,0,3.8254,2.9685,0,0,0,0,0
38,237,1,126.92,7909.4,0.0066886,0,0,0,0,0,0,0,0,0.55196,0.18667,0,0,0,0,0
38,237,1,126.92,7909.4,0,0,0,0,0,0,0,0,0,9.1622,2.5353,0,0,0,0,0
39,238,1,117.26,7307.6,0,0,0,0.73736,0,0,0,0,0,0,10.522,0,0,0,0,2.9315
39,238,1,117.26,7307.6,0.050833,0,0,0,0,0.021012,0,0,0,0,1.569,0,0,0,0,0
39,238,1,117.26,7307.6,0,0,0,44.955,0,0.15984,0,0,0,6.8425,13.418,0,0,0,0,0
39,238,1,117.26,7307.6,0,0,0,7.0195,0,0,0.16424,0,0,1.5079,0.18667,0,0,0,0,0
39,238,1,117.26,7307.6,2.146,0,0,0,0.42116,0,0,0,0,0.76777,7.1196,0,0,0,0,0
39,238,1,117.26,7307.6,0.056642,0,7.5079,0.60858,0,0,0,0,0,1.7327,0.18667,0,0,0,0,0
39,238,1,117.26,7307.6,0,0,0,0,0,0.013672,0.16424,0,0,1.1034,0.18667,0,0,0,0,0
39,238,1,117.26,7307.6,18.445,0,0,0,0,0,0,0,0,0.91947,1.9933,0,0,0,0,4.1041
39,238,1,117.26,7307.6,0.021935,0,0,0,0,0,0.16424,0,0,0.21027,0.18667,0,0,0,0,0
39,238,1,117.26,7307.6,0,0,0,44.955,0,0,0,0,0,0,0.18667,0,0,0,0,0
39,238,1,117.26,7307.6,0.0012765,0,0,0,0,0,0,0,0,0.44682,0.18667,0,0,0,0,2.9315
39,238,1,117.26,7307.6,9.793,0,0,0.8482,82.907,0,0,0,0,1.7327,0.18667,0,0,0,0,4.1041
39,238,1,117.26,7307.6,0,0,0,3.1876,0.003821,0,0,0,0,0,30.71,0,0,0,0,0
39,238,1,117.26,7307.6,41.786,0,0,0,0,0,0.76622,0,0,1.4449,1.4663,0,0,0,0,5.2767
39,238,1,117.26,7307.6,0.86211,0,0,0,0,0,0,0,0,1.4449,15.182,0,0,0,0,0
39,238,1,117.26,7307.6,0,0,0,0,0,0,0,0,0,0.72035,0.18667,0,0,0,0,0
39,238,1,117.26,7307.6,1.2418,0,0,0.0011985,0,0,0,0,0,1.1034,0.22358,0,0,0,0,6.4494
39,238,1,117.26,7307.6,35.69,0,0,0,0,0.012487,0,0,0,3.4087,0.18667,0,0,0,0,0
39,238,1,117.26,7307.6,0,0,0,0.0062716,0.016668,0,0,0,0,1.808,0.51886,0,0,0,0,0
39,238,1,117.26,7307.6,0,0,0,0,0,0.009899,0,0,0,7.6506,60.626,0,0,0,0,0
39,238,1,117.26,7307.6,0.00062,0,0,0,0,0,0,0,0,0,15.182,0,0,0,0,0
39,238,1,117.26,7307.6,0,0,0.10681,0,0,0,0,0,0,1.808,0.18667,0,0,0,0,2.9315
39,238,1,117.26,7307.6,0,0,0,0.8887,0,0,0.13695,0,0,0.44682,0.18667,0,0,0,0,0
39,238,1,117.26,7307.6,0,0,0,21.932,0,0,0,0,0,0.91947,0.18667,0,0,0,0,5.2767
39,238,1,117.26,7307.6,0.19931,0,0,0.11619,0,0,0,0,0,9.1622,8.0482,0,0,0,0,2.9315
39,238,1,117.26,7307.6,4.8643,0,0,2.6071,0,0,0,0,0,1.0167,0.18667,0,0,0,0,0
39,238,1,117.26,7307.6,3.9623,0,0,0.0012795,0,0,23.904,0.4452,0,8.4961,6.043,0,0,0,0,0
39,238,1,117.26,7307.6,0,0,0,0,0,0,0.16424,0,0,0.4212,4.0621,0,0,0,0,2.9315
39,238,1,117.26,7307.6,10.88,0,0,0,0,0,0,0,0,0,0.18667,0,0,0,0,5.2767
39,238,1,117.26,7307.6,0.19115,0,0,0.0067551,0,0,0,0.51744,0,0,15.543,0,0,0,0,0
39,238,1,117.26,7307.6,0,0,0,0.86577,0,0,0,0,0,0,0.93382,0,0,0,0,0
39,238,1,117.26,7307.6,0.008333,0,0,0,0.01708,0.029859,0,0,0,1.057,101.12,0,0,0,0,2.9315
39,238,1,117.26,7307.6,0.16655,0,0,0,0,0,0.16424,0,0,13.788,0.18667,0,0,0,0,5.2767
39,238,1,117.26,7307.6,0.047734,0,0,1.8237,0,0,22.026,0,0,0.44575,1.3038,0,0,0,0,0
39,238,1,117.26,7307.6,0.003295,0,0,0.002868,0,0,0.16424,0,0,2.6253,0.18667,0,0,0,0,0
39,238,1,117.26,7307.6,0.002784,0,0,0,0,0,0,0,0,0.18355,0.18667,0,0,0,0,1.7589
39,238,1,117.26,7307.6,0.013742,0,0,0.0068531,0,4.1191,0,0,0,1.5079,75.625,0,0,0,0,0.29315
39,238,1,117.26,7307.6,0.42183,0,0,0,0,0,0.0029097,0,0,0,0.42559,0,0,0,0,6.4494
39,238,1,117.26,7307.6,5.761,0,0,0.83095,0,0,16.297,0,0,7.8617,1.8107,0,0,0,0,0
39,238,1,117.26,7307.6,3.136,0,0,0.001397,0.016666,17.54,0.16424,0,0,0,4.4726,0,0,0,0,0
39,238,1,117.26,7307.6,0,0,0,0.008341,0,0,0,0,0,0,0.18667,0,0,0,0,11.14
39,238,1,117.26,7307.6,0,0,0,0,6.3e-05,0,0.0029097,0,0,3.8737,56.178,0,0,0,0,0.29315
39,238,1,117.26,7307.6,0,0,0,0.37004,0,0.0026966,0,0,0,0.8932,4.6158,0,0,0,0,0
39,238,1,117.26,7307.6,0,0,0,0,0.11037,0,0,0,0,1.2479,11.953,0,0,0,0,0
39,238,1,117.26,7307.6,0,0,0.10125,0.67836,0.18783,0,0.075512,0,0,1.1034,3.36,0,0,0,0,0
39,238,1,117.26,7307.6,0.00524,0,0,1.168,0.00052,0,0,0,0,1.0139,56.178,0,0,0,0,0.29315
39,238,1,117.26,7307.6,57.27,0,0,11.542,0.016654,0,0.16424,0,0,0.14685,2.6226,0,0,0,0,0
39,238,1,117.26,7307.6,0,0,0,0,0,0,35.78,0,0,0,0.96176,0,0,0,0,21.693
39,238,1,117.26,7307.6,0.008333,0,0,0.024254,0,0,0,0,0,0,0.33589,0,0,0,0,0
39,238,1,117.26,7307.6,18.789,0,0,0,0,0,0,0.68341,0,0,0.18667,0,0,0,0,0
39,238,1,117.26,7307.6,0.008333,0,0,0.84437,0,0,0,0,0,0.4212,0.18667,0,0,0,0,0
39,238,1,117.26,7307.6,0.86102,0,0,0,0,0,0,0,0,0,5.0941,0,0,0,0,0
39,238,1,117.26,7307.6,0,0,0,1.9718,0.018449,0,0,0,0,1.0245,15.803,0,0,0,0,0
39,238,1,117.26,7307.6,0,0,0,0.008333,0.18783,0,0,0,0,1.0167,0.18667,0,0,0,0,0
39,238,1,117.26,7307.6,17.641,0,0,0,0,0,0.76622,0,0,0.68445,19.712,0,0,0,0,0
39,238,1,117.26,7307.6,0.008333,0,0,0,0,0.0022856,0,0,0,0.55196,36.545,0,0,0,0,0
39,238,1,117.26,7307.6,0.008333,0,0.0003825,2.2788,0,0,0.85532,0,0,0.68445,33.928,0,0,0,0,0
39,238,1,117.26,7307.6,0.85786,0,0,0.00835,0,0,0,0,0,0,0.18667,0,0,0,0,0
39,238,1,117.26,7307.6,0.86274,0,0,0,0,0,0,0,0,0.76342,0.36132,0,0,0,0,2.9315
39,238,1,117.26,7307.6,4.218,0,0,0,0,0,0.16424,0,0,1.057,1.6724,0,0,0,0,6.4494
39,238,1,117.26,7307.6,0.30389,0,0,0.002868,0.005239,0.0081189,0,0,0,0.21027,0.18667,0,0,0,0,0
39,238,1,117.26,7307.6,0.31802,0,0,49.769,0.007595,0,0.010505,0,0,1.1034,0.18667,0,0,0,0,1.7589
39,238,1,117.26,7307.6,0.036631,0,0,0,2.026,0,0,0,0,0,0.18667,0,0,0,0,5.2767
39,238,1,117.26,7307.6,10.631,0,0,0.10403,0,0,0,0,0,1.0245,23.122,0,0,0,0,0
39,238,1,117.26,7307.6,0.88303,0,0,0,0,0,0,0,0,5.7231,0.18667,0,0,0,0,5.2767
39,238,1,117.26,7307.6,0,0,0,0,0,0,0,0,0,36.785,0.54798,0,0,0,0,0
39,238,1,117.26,7307.6,0,0,0.008932,0.64533,0,0,0,0,0,0.4212,23.901,0,0,0,0,2.9315
39,238,1,117.26,7307.6,0.001436,0,0,0.008722,8.0637,0.00026475,32.232,0,0,0.18355,3.9699,0,0,0,0,21.693
39,238,1,117.26,7307.6,0.15054,0,0,0,0,0.22217,0,0,0,0.55196,0.18667,0,0,0,0,0
39,238,1,117.26,7307.6,17.641,0,0,0.90575,0,0,0,0,0,8.5959,15.182,0,0,0,0,7.9151
39,238,1,117.26,7307.6,0.36216,0,0,0,0,0,0,0,0,0.44682,13.363,0,0,0,0,1.7589
39,238,1,117.26,7307.6,44.647,0,0,7.95e-05,0,0,0,0,0,10.481,7.5145,0,0,0,0,5.2767
39,238,1,117.26,7307.6,0.0094528,0,0,0,0,0,0,0,0,1.5859,0.18667,0,0,0,0,0
39,238,1,117.26,7307.6,6.3e-05,0,0,0,0,0,0,0,0,1.9819,0.18667,0,0,0,0,6.4494
39,238,1,117.26,7307.6,0.9687,0,0,0,0,0,2.3219,0,0,5.6716,34.549,0,0,0,0,0
39,238,1,117.26,7307.6,0,0,0,0,0,0,0,0,0,36.785,52.753,0,0,0,0,5.2767
39,238,1,117.26,7307.6,0,0,0,0,0.63542,0,0,0,0,0,1.1511,0,0,0,0,0
39,238,1,117.26,7307.6,0,0,0,0,0,0,13.235,0,0,2.6253,0.33589,0,0,0,0,0
39,238,1,117.26,7307.6,6.286,0,0,0,0,0,0,0,0,0,0.45538,0,0,0,0,0.29315
39,238,1,117.26,7307.6,0.87958,0,0,0,42.269,0,0,0,0,0.76342,0.22358,0,0,0,0,0.29315
39,238,1,117.26,7307.6,0,0,0,0,0,0,13.104,0,0,0.18086,0.18667,0,0,0,0,1.7589
39,238,1,117.26,7307.6,0.84954,0,0,0.008333,0,0,0.76622,0,0,0.14685,0.18667,0,0,0,0,0
39,238,1,117.26,7307.6,0,0,0,0.000124,0,0,0,0,0,1.1034,27.831,0,0,0,0,0
39,238,1,117.26,7307.6,0,0,0,0.57501,0,0,0,0,0,1.0245,1.445,0,0,0,0,0
39,238,1,117.26,7307.6,0.037655,0,0,0,0,0,0,0,0,1.1034,10.743,0,0,0,0,0
39,238,1,117.26,7307.6,0,0,0,4.1673,0,0,17.887,0,0,8.0476,0.88827,0,0,0,0,0
39,238,1,117.26,7307.6,0.20137,0,0.0442,2.4356,0,0,0.010505,0,0,0.63421,0.18667,0,0,0,0,7.9151
39,238,1,117.26,7307.6,0.0021305,0,0,0.34632,0,0,0,0,0,0,31.982,0,0,0,0,2.9315
39,238,1,117.26,7307.6,0.013505,0,0,0.67836,0.010431,0,0.16424,0,0,8.5959,0.18667,0,0,0,0,0
39,238,1,117.26,7307.6,3.3106,0,0,0,0,0,0,0,0,1.0834,0.18667,0,0,0,0,0
39,238,1,117.26,7307.6,0,0,0,0,0,0,0,0,0,0.55196,9.4508,0,0,0,0,0
39,238,1,117.26,7307.6,0,0,0,0.008333,0,0,0,0,0,1.5079,68.794,0,0,0,0,0
39,238,1,117.26,7307.6,0.50695,0,0,0,0.016654,0,0,0,0,0.27721,0.18667,0,0,0,0,0
39,238,1,117.26,7307.6,34.01,0,0,0,2.4469,0.0015973,0,0,0,0,14.372,0,0,0,0,1.7589
39,238,1,117.26,7307.6,25.357,0,0,0,0,0,0,0,0,0.73557,0.18667,0,0,0,0,0
39,238,1,117.26,7307.6,5.7224,0,0,0,0,0,0,0,0,1.5079,80.929,0,0,0,0,2.9315
39,238,1,117.26,7307.6,0.008333,0,0,0,0.10583,0,5.3824,0,0,1.0834,1.9337,0,0,0,0,0
39,238,1,117.26,7307.6,9.5339,0,0,0.0057999,0,59.312,0,0.78659,0,5.7109,0.18667,0,0,0,0,0
39,238,1,117.26,7307.6,0.007697,0,0,0.85691,0.005438,0,0,0,0,1.0139,0.18667,0,0,0,0,0
39,238,1,117.26,7307.6,0.021935,0,0,0,0,0,0,0,0,0,0.18667,0,0,0,0,0
39,238,1,117.26,7307.6,6.3e-05,0,0,0,0,0.010512,91.674,0,0,0,0.37122,0,0,0,0,0
39,238,1,117.26,7307.6,0.008333,0,0,0,2.1248,0,0,0,0,0,8.0482,0,0,0,0,0
39,238,1,117.26,7307.6,0.008333,0,0,0,0,0,0,21.354,0,0.21027,0.55577,0,0,0,0,8.7946
39,238,1,117.26,7307.6,0,0,0,0,31.216,0,0,0,0,0.55196,0.22358,0,0,0,0,0.29315
39,238,1,117.26,7307.6,0.01121,0,0,17.927,8.9548,0,19.517,0,0,1.0076,27.831,0,0,0,0,0
39,238,1,117.26,7307.6,0.008335,0,0,1.0177,0.63542,0,0.16424,0,0,36.785,0.18667,0,0,0,0,8.7946
39,238,1,117.26,7307.6,4.5961,0,0,0.12569,0,0,0,0,0,16.378,0.18667,0,0,0,0,0.29315
39,238,1,117.26,7307.6,0.6299,0,0,0.15245,0,0,0,0,0,0.65812,12.6,0,0,0,0,0
39,238,1,117.26,7307.6,0,0,0,0,0,0,0,0,0,0,0.18667,0,0,0,0,0
39,238,1,117.26,7307.6,0.008333,0,0,31.735,0,0,0,0,0,6.8425,0.18667,0,0,0,0,0
39,238,1,117.26,7307.6,0,0,0,2.5283,0,0,0,0,0,18.081,0.18667,0,0,0,0,0
39,238,1,117.26,7307.6,0,0,0,0.089937,0.008156,0,0,0,0,0.18355,16.724,0,0,0,0,2.9315
39,238,1,117.26,7307.6,0,0,0,0,0,0.0042681,0.85532,0,0,0.44682,39.913,0,0,0,0,0
39,238,1,117.26,7307.6,1.2164,0,0,0.09096,0,0,0,0,0,13.788,12.791,0,0,0,0,0
39,238,1,117.26,7307.6,0,0,0,3.638,0,0,0,0,0,0.76777,0.18667,0,0,0,0,0
39,238,1,117.26,7307.6,0,0,0,29.468,0,0,0,0,0,0,0.34384,0,0,0,0,0
39,238,1,117.26,7307.6,0.01247,0,0,0.00644,0,0,0.50998,0,0,7.8617,0.18667,0,0,0,0,11.14
39,238,1,117.26,7307.6,1.8098,0,7.4285,0.44838,0,0,0,0,0,0,12.757,0,0,0,0,6.4494
39,238,1,117.26,7307.6,7.0198,0,0,0,0,0.0031234,36.849,0,0,8.0476,8.8964,0,0,0,0,0
39,238,1,117.26,7307.6,0.024172,0,0,0,0,0,0,0,0,1.0076,0.18667,0,0,0,0,2.9315
39,238,1,117.26,7307.6,0,0,0,0,0.092731,0,0,0,0,0.91947,0.18667,0,0,0,0,0
39,238,1,117.26,7307.6,0,0,0,0,0.13931,0,0.53887,0,0,3.4087,0.18667,0,0,0,0,0
39,238,1,117.26,7307.6,0.008333,0,0,1.0387,0,0,0.16424,0,0,8.4961,0.18667,0,0,0,0,0
39,238,1,117.26,7307.6,0.013505,0,0,0.039722,0.003821,0,0,0,0,0.76777,23.883,0,0,0,0,0
39,238,1,117.26,7307.6,0.0097027,0,0.002664,0,0.003821,0,0,0,0,1.261,5.9814,0,0,0,0,0
39,238,1,117.26,7307.6,3.1709,0,0,0,0,0.28063,0.16424,0,0,0,0.18667,0,0,0,0,0
39,238,1,117.26,7307.6,0.0067502,0,0,0,0.6677,0,96.28,0,0,1.1034,0.18667,0,0,0,0,0
39,238,1,117.26,7307.6,0.86989,0,0,0,0,0,0,0,0,8.4961,71.79,0,0,0,0,0
39,238,1,117.26,7307.6,0.005239,0,0,0,0,0.0081189,14.118,0,0,0,0.18667,0,0,0,0,0
39,238,1,117.26,7307.6,0.008333,0,0,0,0,0.83033,0,0,0,1.5859,0.35074,0,0,0,0,0
39,238,1,117.26,7307.6,0,0,0,1.7802,0,0,30.132,0,0,3.8254,12.927,0,0,0,0,0
39,238,1,117.26,7307.6,0.008333,0,0,0,0,0,0,0,0,13.788,0.18667,0,0,0,0,0
39,238,1,117.26,7307.6,1.0468,0.016666,0,0,0,0,0,0,0,0.27721,0.18667,0,0,0,0,2.9315
39,238,1,117.26,7307.6,0.008333,0,0,0,0,0,0,0,0,1.261,7.2436,0,0,0,0,4.1041
39,238,1,117.26,7307.6,0.20137,0,0,0,3.6154,0,0.16424,0,0,0,35.951,0,0,0,0,0
39,238,1,117.26,7307.6,0.01146,0,0,0.83596,0,0,64.859,0,0,0.76342,0.18667,0,0,0,0,0
39,238,1,117.26,7307.6,0.87303,0,0,0.0060235,0,0,0,0,0,16.378,0.18667,0,0,0,0,18.175
39,238,1,117.26,7307.6,0,0,0,0,0,0,0,0,0,0.18086,21.324,0,0,0,0,1.7589
40,239,1,250.36,15602,0.012861,0,0,0,0,1.802,25.905,0,0,7.8617,9.34,7.4323,0,0,0,0
40,239,1,250.36,15602,0.86316,0,0,0,0,0,0,0,0,0,1.569,2.2821,0,0,0,0
40,239,1,250.36,15602,0,0,0,8.6936,0,0,0,0,0,19.403,5.9677,3.3711,0,0,0,0
41,240,1,173.5,10812,4.4085,0,0,0,0,0,0,0,0,0,17.778,0,0,0,0,0
41,240,1,173.5,10812,0,0,0,31.855,0.00524,0,26.54,0,0,0,0.93382,0,0,0,0,0
42,241,1,223.45,13925,0.008333,0,0,0,0,0,0.16424,0,0,0.14685,2.2783,0,0,0,0,0
42,241,1,223.45,13925,1.7216,0,0,0.0062156,0,0,0,0,0,8.5959,1.8107,0,0,0,0,0
42,241,1,223.45,13925,0,0,0,0,0,0,0,0,0,0,7.7161,0,0,0,0,0
42,241,1,223.45,13925,0,0,0,0.086761,0,0,58.446,0,0,0.21027,3.4073,0,0,0,0,0
42,241,1,223.45,13925,0,0,0,0.007221,0,0,0,0,0,1.057,9.4508,0,0,0,0,0
42,241,1,223.45,13925,0.86601,0,0,0.45364,0,22.193,16.731,0,0,0,0.88827,0,0,0,0,0
42,241,1,223.45,13925,0,0,0,0.64533,4.1752,0,0.13695,0,0,0,0.44504,0,0,0,0,0
42,241,1,223.45,13925,0,0,0,0.036033,0,0.01108,0,0,0,0.4212,0.18667,0,0,0,0,0
42,241,1,223.45,13925,0.01153,0,0,0,0,0,0.16424,0,0,1.1034,0.18667,0,0,0,0,0
42,241,1,223.45,13925,1.2164,0,0,21.932,0,0,0.16424,0,0,0.4212,64.675,0,0,0,0,0
42,241,1,223.45,13925,0,0,13.51,0.073378,0.62198,0,0,0,0,0,37.875,0,0,0,0,0
42,241,1,223.45,13925,0.008333,0,0,0,0,0,0.16424,0,0,0,90.189,0,0,0,0,0
42,241,1,223.45,13925,7.2959,0,0,6.4402,0,0,0,0,0,0.44682,0.18667,0,0,0,0,0
42,241,1,223.45,13925,0.0076281,0,0,0.002998,0,1.5992,0.85532,0,0,0.18355,0.35321,0,0,0,0,0
42,241,1,223.45,13925,0,0,0,46.077,0,0,0.84533,0,0,1.0834,0.18667,0,0,0,0,0
42,241,1,223.45,13925,27.888,0,0,0,0,0,0,0,0,0.8932,0.22358,0,0,0,0,0
42,241,1,223.45,13925,0.008333,0,0,0.008333,0,0,0,0,0,1.5859,12.182,0,0,0,0,0
42,241,1,223.45,13925,0.047734,0,0,0.00888,1.3373,0,0,0,0,0.44682,1.1542,0,0,0,0,0
42,241,1,223.45,13925,0.002998,0,0,0.000172,0,0,0.16424,0,0,0.056957,8.0593,0,0,0,0,0
42,241,1,223.45,13925,0.0060322,0,0,0,0,0,0,0,0,10.481,0.18667,0,0,0,0,0
42,241,1,223.45,13925,0.008335,0,0,0,0,0.010512,0,0,0,0.65812,0.18667,0,0,0,0,0
42,241,1,223.45,13925,0.021907,0,0,0,0,0,0.94509,0,0,8.4961,0.63213,0,0,0,0,0
42,241,1,223.45,13925,0,0,0,0,0.002741,0,0,0,0,0.18086,0.34441,0,0,0,0,0
42,241,1,223.45,13925,0,0,0,0,2.4868,0,0.50998,0,0,0.44682,19.467,0,0,0,0,0
42,241,1,223.45,13925,0,0,0,1.7802,76.847,0,0.16424,0,0,3.4087,0.33085,0,0,0,0,0
42,241,1,223.45,13925,0,0,0,18.594,5.3565,0,4.0118,0,0,0,4.2611,0,0,0,0,0
42,241,1,223.45,13925,0.15054,0,51.083,0,0.003932,0,0,0,0,0,0.18667,0,0,0,0,0
42,241,1,223.45,13925,0,0,0,6.1983,0,0,0,0,0,1.057,0.37122,0,0,0,0,0
42,241,1,223.45,13925,2.2249,0,0,0.011932,0,0,0,0,0,16.378,0.22358,0,0,0,0,0
42,241,1,223.45,13925,0,0,0,0.000254,0,4.1191,164.51,0,0,4.212,2.5236,0,0,0,0,0
42,241,1,223.45,13925,0,0,0,16.868,0,0.23683,0,0,0,1.4449,43.733,0,0,0,0,0
42,241,1,223.45,13925,0,0,0,0.002868,0,0,0,0,0,1.0076,102.39,0,0,0,0,0
42,241,1,223.45,13925,0.028116,0,0,0.002868,0,0,0,0,0,0.8932,3.3067,0,0,0,0,0
42,241,1,223.45,13925,0.87177,0,0,0,0,0.11205,0,0,0,7.8617,14.717,0,0,0,0,0
42,241,1,223.45,13925,0.00829,0,0.69219,4.4098,0,0,3.1817,0,0,7.6506,27.942,0,0,0,0,0
42,241,1,223.45,13925,0,0,0,0,0,0,0,0,0,1.0167,46.549,0,0,0,0,0
42,241,1,223.45,13925,0,0,0,0.01774,0,0,0,0,0,0,13.538,0,0,0,0,0
42,241,1,223.45,13925,0.051797,0,0,0.50235,0,0,0,0,0,0,0.18667,0,0,0,0,0
42,241,1,223.45,13925,22.009,0,0,0,1.2414,0,3.1817,0,0,0,35.434,0,0,0,0,0
42,241,1,223.45,13925,0.88632,0,0,1.3436,4.1433,0,0,0,0,0.44575,0.18667,0,0,0,0,0
42,241,1,223.45,13925,3.136,0,0,0.83603,0,0,45.922,0,0,1.261,0.35372,0,0,0,0,0
42,241,1,223.45,13925,0,0,0,0.00524,22.845,0,0,0,0,0.65812,0.35197,0,0,0,0,0
42,241,1,223.45,13925,0,0,0,0.078836,0,0,0.94509,0,0,0,9.6183,0,0,0,0,0
42,241,1,223.45,13925,0,0,0,0,0,0,0,0,0,1.2479,0.18667,0,0,0,0,0
42,241,1,223.45,13925,22.009,0,0,0,0,0,0,0,0,18.081,0.18667,0,0,0,0,0
42,241,1,223.45,13925,0.0059107,0,0,0.11307,6.0595,0,12.064,0,0,8.5959,0.35238,0,0,0,0,0
42,241,1,223.45,13925,0.0065058,0,0,0,0,0,38.304,0,0,0.18086,0.34071,0,0,0,0,0
42,241,1,223.45,13925,0.003822,0,0,0.008333,0,0,8.637,0,0,0,0.18667,0,0,0,0,0
42,241,1,223.45,13925,0.33988,0,0,0.002508,0,0.00021684,0,0,0,21.917,4.4486,0,0,0,0,0
42,241,1,223.45,13925,0,0,0,1.1513,0,0,0.13695,0,0,16.378,0.18667,0,0,0,0,0
42,241,1,223.45,13925,0,0,0,0,0,1.5051,0.13695,0,0,0.056957,8.8643,0,0,0,0,0
42,241,1,223.45,13925,0,0,0,0.83603,0,0,0,0,0,0,0.18667,0,0,0,0,0
42,241,1,223.45,13925,0.01121,0,0,6.4994,0.00524,0,1.0602,0,0,1.4449,18.739,0,0,0,0,0
42,241,1,223.45,13925,0.86935,0,0,11.172,0,0,0,0,0,0,0.18667,0,0,0,0,0
42,241,1,223.45,13925,0.10195,0,0,0,0,0,0,0,0,0.63421,0.35197,0,0,0,0,0
42,241,1,223.45,13925,0.86565,0,0,0,0,0,0.02739,0,0,10.481,0.3343,0,0,0,0,0
42,241,1,223.45,13925,0.003295,0,0,0,0,0,35.656,0,0,1.7864,1.445,0,0,0,0,0
42,241,1,223.45,13925,0,0,0,0.096272,0,0,0,0,0,9.1622,9.0127,0,0,0,0,0
42,241,1,223.45,13925,0,0,0,0.31984,0,0.0018444,0,0,0,0,1.0356,0,0,0,0,0
42,241,1,223.45,13925,0,0,0,0.85036,0,0,0,0.096111,0,0.73557,0.51886,0,0,0,0,0
42,241,1,223.45,13925,0.00524,0,0,0.082237,0,0.017853,0.16424,0,0,0.18086,77.618,0,0,0,0,0
42,241,1,223.45,13925,0,0,0,8.9261,68.675,0,0,0,0,0,18.848,0,0,0,0,0
42,241,1,223.45,13925,0.28257,0,0,12.534,0,0,0,0,0,0.44682,1.9337,0,0,0,0,0
42,241,1,223.45,13925,0.66951,0,0,0,0,0,0,0,0,0,2.3152,0,0,0,0,0
42,241,1,223.45,13925,0,0,0,10.918,0,0,0,0,0,0.73557,6.2397,0,0,0,0,0
42,241,1,223.45,13925,0.0059107,0,0,0,0,0,0.16424,0,0,1.9819,13.538,0,0,0,0,0
42,241,1,223.45,13925,0.0059107,0,0.30101,0,0,0,0,0,0,1.7327,4.8475,0,0,0,0,0
42,241,1,223.45,13925,0.035877,0,0,0,0,0,0.16424,0,0,1.1034,0.18667,0,0,0,0,0
42,241,1,223.45,13925,3.3496,0,0,0.50235,0,0,0.53887,0,0,0.72035,46.549,0,0,0,0,0
42,241,1,223.45,13925,0,0,0,0,0,0,0.76622,0,0,5.7109,0.18667,0,0,0,0,0
42,241,1,223.45,13925,3.7936,0,0.1282,0.040109,0,0,16.731,0,0,5.7109,0.18667,0,0,0,0,0
42,241,1,223.45,13925,0,0,0,0,0.71099,0,0,0,0,0.91947,0.18667,0,0,0,0,0
42,241,1,223.45,13925,4.0852,0,0,0.008333,0,0,0,0,0,1.1822,0.18667,0,0,0,0,0
42,241,1,223.45,13925,0,0,0,0,0.65051,0,0,0,0,2.6253,0.18667,0,0,0,0,0
42,241,1,223.45,13925,3.4514,0,0,0.073378,0,0,0.50998,0,0,0,0.18667,0,0,0,0,0
42,241,1,223.45,13925,0.87011,0,0,0.12569,0.002139,0,37.063,0,0,16.378,4.7763,0,0,0,0,0
42,241,1,223.45,13925,0.024172,0,0,0,0,0,0,0,0,127.87,17.117,0,0,0,0,0
42,241,1,223.45,13925,8.2164,0,0,17.927,0,0,25.905,0,0,1.9819,4.8003,0,0,0,0,0
42,241,1,223.45,13925,57.27,0,1.3599,0,0,0,0,0,0,1.7327,0.18667,0,0,0,0,0
42,241,1,223.45,13925,0.31802,0,0,0.42169,0,0,6.4315,0,0,0.65812,0.18667,0,0,0,0,0
42,241,1,223.45,13925,0,0,0,0.008333,0.011176,0,0,0,0,0,12.035,0,0,0,0,0
42,241,1,223.45,13925,33.553,0,0,8.1117,0,0.017085,0.76622,0,0,0,0.18667,0,0,0,0,0
42,241,1,223.45,13925,0.0076281,0,0,0.63441,0,0,14.118,0,0,1.0139,5.4628,0,0,0,0,0
42,241,1,223.45,13925,0,0,0,0.008333,0,0,0.76622,0,0,6.8425,0.18667,0,0,0,0,0
42,241,1,223.45,13925,0.002741,0,0,0,0,0,25.905,0,0,8.0476,0.18667,0,0,0,0,0
42,241,1,223.45,13925,1.2164,0,0.25974,0.000251,0,0,0,0,0,0,0.44504,0,0,0,0,0
42,241,1,223.45,13925,7.2357,0,0,13.867,0,6.1151,0,0,0,18.081,0.34503,0,0,0,0,0
42,241,1,223.45,13925,6.286,0,0,49.769,0.17396,0,0,0,0,0,0.96176,0,0,0,0,0
42,241,1,223.45,13925,0,0,0,0.50612,0,0,0,0.78848,0,9.1202,13.954,0,0,0,0,0
42,241,1,223.45,13925,0,0,0,0,0,0.11707,0,0,0,0.76342,15.858,0,0,0,0,0
42,241,1,223.45,13925,0.010521,0,0,0.18647,0,1.5992,0,0,0,0,37.06,0,0,0,0,0
42,241,1,223.45,13925,0,0,0,0.0078464,0,0,0,0,0,5.7109,7.7161,0,0,0,0,0
42,241,1,223.45,13925,0.0084585,0,0,0.018696,0,0,30.869,0,0,1.7327,0.18667,0,0,0,0,0
42,241,1,223.45,13925,0,0,0,0,0,0.009319,138.71,0,0,5.6716,19.712,0,0,0,0,0
42,241,1,223.45,13925,0,0,16.187,0,0,0,7.1875,0.40149,0,1.0245,15.858,0,0,0,0,0
42,241,1,223.45,13925,3.3106,0,0,0,0,0,0,0,0,0,0.33509,0,0,0,0,0
42,241,1,223.45,13925,0.024172,0,0,0.020892,0,0,0,0,0,127.87,0.33632,0,0,0,0,0
42,241,1,223.45,13925,0.002011,0,0,0,0,3.8831,0.16424,0,0,0.91947,0.18667,0,0,0,0,0
42,241,1,223.45,13925,0,0,0,0,0,0,0,0,0,1.2479,70.646,0,0,0,0,0
43,242,1,450.67,28085,0.31802,0,0,0,0,0,0,0,0,0,31.663,3.9339,0,0,0,0
43,242,1,450.67,28085,0.125,0,0,0,0,12.46,0,0,0,1.5859,0.18667,19.161,0,0,0,0
44,243,1,416.42,25951,0.003485,0,0,0,0,0,0,0,0,0,0.18667,0,0,0,0,0
45,244,1,474.05,29542,0.008333,0,0,6.898,0,2.5939,0.010505,0,0,1.0167,48.099,0,0,0,0,0
45,244,1,474.05,29542,0.30389,0,0,0.217,0,0,0.16424,0,0,0,0.42363,0,0,0,0,0
45,244,1,474.05,29542,16.193,0,0,2.2102,0.044814,0.0086022,0,0,0,0,20.511,0,0,0,0,0
45,244,1,474.05,29542,0,0,0,1.5034,0,0.0015027,170.21,0,0,0,0.18667,0,0,0,0,0
45,244,1,474.05,29542,0.035004,0,0,0,3.6401,0,0,0,0,1.808,0.18667,0,0,0,0,0
45,244,1,474.05,29542,0,0,0,7.8e-05,0,0,0,0,0,0,0.40813,0,0,0,0,0
45,244,1,474.05,29542,0.00062,0,0,0.008333,0.01228,0,0,0,0,16.378,0.18667,0,0,0,0,0
45,244,1,474.05,29542,0,0,0,47.344,0,0,0.85532,0,0,9.1202,10.743,0,0,0,0,0
45,244,1,474.05,29542,0.000765,0,0,0.003756,0,0,0,0,0,7.6506,3.8842,0,0,0,0,0
45,244,1,474.05,29542,0,0,0,0.013294,0,0,0.75485,0,0,6.8425,0.18667,0,0,0,0,1.1851
45,244,1,474.05,29542,0,0,0,0.00524,0,0,0.16424,0,0,8.4961,0.18667,0,0,0,0,0
45,244,1,474.05,29542,0.008332,0,0,0.00524,6.5509,0.0041351,0.16424,0,0,5.6716,98.291,0,0,0,0,0
45,244,1,474.05,29542,0.86102,0,0,2.0318,1.9192,0,0,0,0,0,183.55,0,0,0,0,0
45,244,1,474.05,29542,0,0,0,0.20597,15.98,0,4.9694,0,0,0.44575,0.33626,0,0,0,0,0
45,244,1,474.05,29542,0,0,0,0.00524,0,0,38.551,0,0,0,0.92485,0,0,0,0,0
45,244,1,474.05,29542,0.0001025,0,0,0,0,0,0,0,0,0.44682,0.18667,0,0,0,0,0
45,244,1,474.05,29542,1.8467,0,0,0,0.12782,0.28797,0.16424,0,0,1.0834,0.18667,0,0,0,0,0
45,244,1,474.05,29542,0.000716,0,0,0,0.12782,0,0,0,0,0,0.18667,0,0,0,0,0
45,244,1,474.05,29542,0.15054,0,0,0.000172,0,0,0,0,0,3.8737,77.618,0,0,0,0,0
45,244,1,474.05,29542,0.010122,0,0,4.3497,0,0.019367,37.068,0,0,1.7864,0.33691,0,0,0,0,0
45,244,1,474.05,29542,0,0,0,0.0094835,0,0,0,0,0,0.39237,2.0991,0,0,0,0,0
45,244,1,474.05,29542,0,0,0,0,0,0.00078163,0,0,0,0,0.40813,0,0,0,0,0
45,244,1,474.05,29542,0.0097027,0,0,0.007328,0,0,0,0,0,0,23.883,0,0,0,0,0
45,244,1,474.05,29542,0,0,0,0.000739,0,0,0,10.909,0,9.1202,29.012,0,0,0,0,0
45,244,1,474.05,29542,4.5625,0,0,0,14.41,0,13.047,0,0,0,0.18667,0,0,0,0,0
45,244,1,474.05,29542,17.641,0,0,0,0,0,0.84533,1.4799,0,5.6716,16.724,0,0,0,0,0
45,244,1,474.05,29542,0.001436,0,0,7.6558,0,0.83033,0.13695,0,0,0,0.18667,0,0,0,0,0
45,244,1,474.05,29542,0,0,0,0.008333,0,0,0.75485,0,0,8.5959,0.34397,0,0,0,0,0
45,244,1,474.05,29542,0,0,0,1.4493,0,0.006606,0,0,0,1.7327,0.3452,0,0,0,0,0
45,244,1,474.05,29542,41.786,0,0,35.937,0,0,0,0,0,1.7327,1.6408,0,0,0,0,0
45,244,1,474.05,29542,0,0,0,0.005239,0,0,12.954,0,0,0.4212,0.18667,0,0,0,0,0
45,244,1,474.05,29542,4.0852,0,3.0051,0.00524,0,0,0.16424,0,0,0,27.831,0,0,0,0,0
45,244,1,474.05,29542,0.008335,0,0,0,0,0,0,0,0,0,1.9329,0,0,0,0,0
45,244,1,474.05,29542,0,0,0,0,7.7369,0,0.16424,0,0,7.6506,17.802,0,0,0,0,0
45,244,1,474.05,29542,0.036631,0,0,0,0,0,0.84533,0,0,0,0.33634,0,0,0,0,0
45,244,1,474.05,29542,0,0,0,0,0,0,0,0,0,0,0.45538,0,0,0,0,0
45,244,1,474.05,29542,0.042211,0,0,0,0,0,0,0,0,10.481,0.18667,0,0,0,0,0
45,244,1,474.05,29542,3.0886,0,0,0.011932,0,0,0,0,0,18.081,4.7763,0,0,0,0,0
45,244,1,474.05,29542,1.4027,0,0,0.001434,0,0,0.16424,0,0,0,17.304,0,0,0,0,0
45,244,1,474.05,29542,0.63873,0,0,0,0,0,0,0,0,18.081,35.951,0,0,0,0,0
45,244,1,474.05,29542,0,0,0,5.9117,0,0,0.16424,0,0,1.0834,0.18667,0,0,0,0,0
45,244,1,474.05,29542,0,0,0,0.029758,0,0.013672,0,0,0,0.21027,6.5051,0,0,0,0,0
45,244,1,474.05,29542,0.38402,0,0,0.010579,0.13931,0,0,0,0,4.212,3.3133,0,0,0,0,0
45,244,1,474.05,29542,26.161,0,0,0,0,0,0,0,0,0.76342,10.522,0,0,0,0,0
45,244,1,474.05,29542,0,0,0,0,0,0,0.13695,0,0,1.5079,0.35737,0,0,0,0,0
45,244,1,474.05,29542,0.89084,0,0,0,2.627,0.0086022,0,0,0,0.65812,34.003,0,0,0,0,0
45,244,1,474.05,29542,0.6141,0,0,0.028271,0,0,0.16424,0,0,3.8737,7.8198,0,0,0,0,0
45,244,1,474.05,29542,1.119,0,0,0,0,0.006606,0.16424,3.2206,0,0,1.556,0,0,0,0,0
45,244,1,474.05,29542,0.002868,0,0,0.0011985,10.038,0,0,0,0,0,8.6757,0,0,0,0,0
45,244,1,474.05,29542,0,0,0,9.0845,0.003932,0,0,0,0,1.7327,0.35238,0,0,0,0,0
45,244,1,474.05,29542,0.88171,0,0,0.018304,0.002741,0,0,0,0,0,55.071,0,0,0,0,0
45,244,1,474.05,29542,0,0,0,0.50612,0,0,0.16424,0,0,3.8737,0.18667,0,0,0,0,0
45,244,1,474.05,29542,0,0,0,0.003821,0,0,0,0,0,127.87,0.18667,0,0,0,0,0
45,244,1,474.05,29542,0.008333,0,0,0.57501,0,0,0.50998,0,0,13.788,0.84122,0,0,0,0,0
45,244,1,474.05,29542,0,0,0,0.85659,0,0,23.1,0,0,0,0.18667,0,0,0,0,0
45,244,1,474.05,29542,0.34858,0,0,0.005714,0,0,19.804,0,0,1.1034,6.6904,0,0,0,0,0
48,247,1,1150.4,71693,0,0,0.063067,0.003485,0,0,9.9569,0,0,1.9819,0.44504,0,0,0,0,0
48,247,1,1150.4,71693,0.87217,0,0,0.23368,0,0,0.16424,0,0,55.455,1.4391,0,0,0,0,0
48,247,1,1150.4,71693,0.007697,0,0,0,0,0,0,0,0,3.8254,2.9511,0,0,0,0,0
48,247,1,1150.4,71693,0,0,0,1.1179,0,0.00090266,30.85,0,0,0,0.98527,0,0,0,0,2.8761
48,247,1,1150.4,71693,7.1303,0,0,26.214,0,0.029859,0,0,0,0,0.18667,0,0,0,0,0
48,247,1,1150.4,71693,3.3867,0,0,1.0067,0,0,0,0,0,1.057,42.828,0,0,0,0,0
51,250,1,1782.9,1.1111e+05,0,0,0,0,0.00524,0,0,0,0,0.27721,55.071,0,0,0,0,62.403
61,260,1.506,5.4482,413.59,0,0,0,0,0,0,0.16424,0,0,1.057,0.18667,0,0,0,0,0.081722
61,260,1.506,5.4482,413.59,0,0,0,0,0,0,0.075512,0,0,1.057,0.18667,0,0,0,0,0.19069
61,260,1.506,5.4482,413.59,1.4415,0,0,0,0,0,0,0,0,0.72035,1.6408,0,0,0,0,0.081722
61,260,1.506,5.4482,413.59,0.084803,0,0.002062,0,0.008365,0.99271,0,0,0,1.5079,0.18667,0,0,0,0,0.01362
61,260,1.506,5.4482,413.59,0.2086,0,0,4.3532,0,0,0,0,0,0.21027,0.33589,0,0,0,0,0.19069
61,260,1.506,5.4482,413.59,0,0,0,0,0.0066565,0,0,0,0,0.73557,0.18667,0,0,0,0,0.081722
61,260,1.506,5.4482,413.59,2.0964,0,0,0,0.35329,0,0.16424,0,0,0,1.8398,0,0,0,0,0.29965
61,260,1.506,5.4482,413.59,0,0,0,0.20936,0,0,0,0,0,0,2.8966,0,0,0,0,0.24517
61,260,1.506,5.4482,413.59,0,0,0,0,0,0,0,0,0,1.164,1.0623,0,0,0,0,0.46309
61,260,1.506,5.4482,413.59,0,0,0,0,0,1.0694,0,0,0,0,0.18667,0,0,0,0,0.01362
61,260,1.506,5.4482,413.59,0.016668,0,0,0,0,0,0,0,0,0.44682,0.52439,0,0,0,0,0.46309
61,260,1.506,5.4482,413.59,0,0,0,0,0,0,0,0,0,0,0.18667,0,0,0,0,0.19069
61,260,1.506,5.4482,413.59,0,0,0,0,0,0,0,0,0,0,1.6724,0,0,0,0,0.24517
61,260,1.506,5.4482,413.59,0,0,0,0,0,0,0,0,0,1.057,2.7401,0,0,0,0,0.1362
61,260,1.506,5.4482,413.59,0,0,0,0.011871,0,0,0,0,0,0.55196,3.3067,0,0,0,0,1.0079
61,260,1.506,5.4482,413.59,0.000172,0,0,0,0,0,0,0,0,0,0.18667,0,0,0,0,0.24517
61,260,1.506,5.4482,413.59,0.002998,0,0,0.46517,0,0,0,0,0,1.5851,1.3357,0,0,0,0,0.46309
61,260,1.506,5.4482,413.59,0,0,0,0,0,0,0,0,0,0,1.4391,0,0,0,0,0.081722
61,260,1.506,5.4482,413.59,0,0,0,0,0,0,0,0,0,0,2.9179,0,0,0,0,0.24517
61,260,1.506,5.4482,413.59,0,0,0,0.15063,0,0,0,0,0,1.5859,0.18667,0,0,0,0,0.081722
61,260,1.506,5.4482,413.59,0.005239,0,0,0,2.3953,0,0.16424,0.001493,0,0,1.2873,0,0,0,0,0.1362
61,260,1.506,5.4482,413.59,0,0,0,0,0,0,0,0,0,1.1034,3.3067,0,0,0,0,0.24517
61,260,1.506,5.4482,413.59,0,0,0,1.2884,0,0,0,0,0,1.057,1.7467,0,0,0,0,0.36775
61,260,1.506,5.4482,413.59,2.6264,0,0,0,0,0,0.13695,0,0,0,0.35688,0,0,0,0,0.1362
61,260,1.506,5.4482,413.59,0,0,0,0,0,1.6606,0,0,0,1.7327,0.83155,0,0,0,0,0.1362
61,260,1.506,5.4482,413.59,0,0,0,0,0,0,0.53887,0,0,1.0076,0.37122,0,0,0,0,0.19069
61,260,1.506,5.4482,413.59,0,0,0,0.48023,0,0,0,0,0,0,0.18667,0,0,0,0,0.081722
61,260,1.506,5.4482,413.59,0,0,0,0,0.008341,0,0,0,0,0.76777,0.51886,0,0,0,0,0.1362
61,260,1.506,5.4482,413.59,0,0,0,0,0,0,0,0,0,1.7864,0.18667,0,0,0,0,0.36775
61,260,1.506,5.4482,413.59,0.040445,0,0,0,0,0,0,0,0,0.55196,0.18667,0,0,0,0,0.1362
61,260,1.506,5.4482,413.59,0,0,0,0.013575,0.008642,1.0017,0,0,0,0.056957,0.18667,0,0,0,0,1.1714
61,260,1.506,5.4482,413.59,0.001493,0,0,0,0,0,0,0,0,1.1034,0.18667,0,0,0,0,0.1362
61,260,1.506,5.4482,413.59,0.19441,0,0,0,0.77132,0,0,0.62284,0,1.261,1.6724,0,0,0,0,0.081722
61,260,1.506,5.4482,413.59,0.003416,0,0,0,0,0,0.075512,0,0,0,0.18667,0,0,0,0,0.081722
61,260,1.506,5.4482,413.59,0,0,0,0,0.095127,0,0.010505,0,0,3.8254,0.18667,0,0,0,0,0.081722
61,260,1.506,5.4482,413.59,0.005248,0,0,0,0,0,0.16424,0,0,0.55196,0.18667,0,0,0,0,0.40861
61,260,1.506,5.4482,413.59,0.069657,0,0,0.18687,0,0.99999,0,0,0,1.7327,0.18667,0,0,0,0,0.19069
61,260,1.506,5.4482,413.59,0,0,0,0,0,0,0,0,0,1.4449,0.18667,0,0,0,0,0.081722
61,260,1.506,5.4482,413.59,0,0,0,0,0,0,0,0,0,1.1034,0.96176,0,0,0,0,0.01362
61,260,1.506,5.4482,413.59,0.00524,0,0,0,0,0,0,0,0,0.27721,0.18667,0,0,0,0,0.081722
61,260,1.506,5.4482,413.59,0,0,0,0,0.003932,0,0,0,0,1.5079,0.18667,0,0,0,0,0.081722
61,260,1.506,5.4482,413.59,0,0,0,0,0,0,0,0,0,0,2.5353,0,0,0,0,0.081722
61,260,1.506,5.4482,413.59,0.00524,0,0,0,0,0.47199,0,0,0,3.4087,0.22358,0,0,0,0,0.1362
61,260,1.506,5.4482,413.59,0,0,0,0,0,0,0,0,0,1.0834,1.9933,0,0,0,0,0.081722
61,260,1.506,5.4482,413.59,0,0,0,0,0,0,0.16424,0,0,0.18355,0.33927,0,0,0,0,0.081722
61,260,1.506,5.4482,413.59,0,0,0,0.10982,0.009001,0,0,0,0,0,0.18667,0,0,0,0,0.19069
61,260,1.506,5.4482,413.59,0,0,0,0,0,0,0.75485,0,0,0.18086,0.22358,0,0,0,0,0.57206
61,260,1.506,5.4482,413.59,0,0,0,1.1238,0.003465,1.2014,0,0,0,0.27721,0.18667,0,0,0,0,0.081722
61,260,1.506,5.4482,413.59,0,0,0,0,0,0,0,0,0,0,1.8107,0,0,0,0,0.78998
61,260,1.506,5.4482,413.59,0,0,0,0,0,0.16026,0,0,0,0,4.3035,0,0,0,0,0.081722
61,260,1.506,5.4482,413.59,0,0,0,0,0,0,0,0,0,3.4087,0.22358,0,0,0,0,0.081722
61,260,1.506,5.4482,413.59,0,0,0,0,0,0,0.50998,0,0,0.76559,0.18667,0,0,0,0,0.19069
61,260,1.506,5.4482,413.59,0,0,0,0,0,0,0.075512,0,0,0,0.18667,0,0,0,0,0.01362
61,260,1.506,5.4482,413.59,0,0,0,0,0,0,0,0,0,1.057,0.18667,0,0,0,0,0.7355
61,260,1.506,5.4482,413.59,0,0,0,0,0,0,0.02739,0,0,0.73557,0.33356,0,0,0,0,0.78998
61,260,1.506,5.4482,413.59,0.4042,0,0,0,0,0.0025491,0.75485,0,0,0,0.47944,0,0,0,0,0.01362
61,260,1.506,5.4482,413.59,0.0013615,0,0,0,0,0,0,0,0,0,0.18667,0,0,0,0,0.24517
61,260,1.506,5.4482,413.59,0,0,0,0,0,0,0,0,0,0.14685,0.45538,0,0,0,0,0.081722
61,260,1.506,5.4482,413.59,0,0,0,0,0,0,0,0,0,0,0.18667,0,0,0,0,0.24517
61,260,1.506,5.4482,413.59,0,0,0,0,0,0,0,0.99482,0,1.0408,0.18667,0,0,0,0,0.081722
61,260,1.506,5.4482,413.59,0,0,0,0.02512,2.6929,0,0,0,0,0,0.18667,0,0,0,0,0.01362
61,260,1.506,5.4482,413.59,0,0,0,0,0,0,0,0,0,3.8737,0.18667,0,0,0,0,0.1362
61,260,1.506,5.4482,413.59,0,0,0,0,0,0,0,0,0,1.808,0.40813,0,0,0,0,0.1362
61,260,1.506,5.4482,413.59,0.44995,0,0,0,0.9793,0,0,0,0,0.44575,0.18667,0,0,0,0,0.46309
61,260,1.506,5.4482,413.59,0,0,0,0,0,0,0.16424,0,0,1.7864,0.18667,0,0,0,0,0.7355
61,260,1.506,5.4482,413.59,0,0,0,0.10468,0,0,0,0,0,0.18355,0.18667,0,0,0,0,0.40861
61,260,1.506,5.4482,413.59,0,0,0,0,0,0,0.0029097,0,0,0.27721,1.4513,0,0,0,0,0.081722
61,260,1.506,5.4482,413.59,0.018623,0,0,0,0,0,0,0,0,0.39237,0.18667,0,0,0,0,0.1362
61,260,1.506,5.4482,413.59,0,0,0,0.033408,0,0,0,0,0,0,0.18667,0,0,0,0,0.19069
61,260,1.506,5.4482,413.59,0.8143,0,0,0,0,0,0,0,0,0,0.18667,0,0,0,0,0.081722
61,260,1.506,5.4482,413.59,0.062136,0.009511,0,0,0,0,0,0,0,0.55196,0.18667,0,0,0,0,0.1362
61,260,1.506,5.4482,413.59,0,0,0,0,0.008321,0,0.16424,0,0,1.1034,0.90931,0,0,0,0,0.1362
61,260,1.506,5.4482,413.59,0,0,0,0,0,0.00047402,0,0,0,0,0.18667,0,0,0,0,0.24517
61,260,1.506,5.4482,413.59,0,0,0,0.007449,0,0,0.16424,0,0,3.8737,0.63213,0,0,0,0,0.081722
61,260,1.506,5.4482,413.59,0,0,0,0,0,0,0,0,0,0,0.18667,0,0,0,0,0.1362
61,260,1.506,5.4482,413.59,0,0,0,0,0,0,0,0,0,0.14685,0.18667,0,0,0,0,0.89895
61,260,1.506,5.4482,413.59,0,0,0,0,0,0,0,0,0,0.44682,1.1382,0,0,0,0,0.19069
61,260,1.506,5.4482,413.59,0,0,0,3.2393,0,0,0,0,0,0.73557,0.18667,0,0,0,0,0.29965
61,260,1.506,5.4482,413.59,0.005239,0,0,0,0,0,0.16424,0,0,1.2479,0.3343,0,0,0,0,0.01362
61,260,1.506,5.4482,413.59,4.92,0,0,0,0.005239,0,0,0,0,0,0.35197,0,0,0,0,0.01362
61,260,1.506,5.4482,413.59,0,0,0,0,0,0,0,0,0,1.5079,0.18667,0,0,0,0,0.19069
61,260,1.506,5.4482,413.59,0.73657,0,0,1.3028,0,0,0,0,0,0,0.3343,0,0,0,0,0.01362
61,260,1.506,5.4482,413.59,0,0,0,0,0,0,0,0,0,1.808,0.18667,0,0,0,0,0.19069
61,260,1.506,5.4482,413.59,0,0,0,0,0,0,0,0,0,0,0.18667,0,0,0,0,0.1362
61,260,1.506,5.4482,413.59,0.0035835,0,0,0,0,0,0.76622,0,0,0,0.35321,0,0,0,0,0.24517
61,260,1.506,5.4482,413.59,0,0,0,0,0.007102,0,0,0,0,1.0834,0.18667,0,0,0,0,0.19069
61,260,1.506,5.4482,413.59,0,0,0,0,0,0,0,0,0,0.73557,0.18667,0,0,0,0,0.19069
61,260,1.506,5.4482,413.59,0,0,0,0,0.19476,0.99999,0.13695,0,0,0.72035,0.18667,0,0,0,0,0.19069
61,260,1.506,5.4482,413.59,3.0254,0,0,0,0,0,0,0,0,0.44575,0.18667,0,0,0,0,0.081722
61,260,1.506,5.4482,413.59,0,0,0,0,0,0,0,0,0,3.4087,0.6212,0,0,0,0,0.46309
61,260,1.506,5.4482,413.59,0,0,0,0.092259,0,0,0,0,0,0,0.18667,0,0,0,0,0.01362
61,260,1.506,5.4482,413.59,0.008225,0,0,0,0,0,0,0,0,0.056957,0.18667,0,0,0,0,0.01362
61,260,1.506,5.4482,413.59,0,0,0,0,0,0,0,0,0,1.164,0.37122,0,0,0,0,0.01362
61,260,1.506,5.4482,413.59,0,0,0,0,0,0,0,0,0,0,0.18667,0,0,0,0,0.01362
61,260,1.506,5.4482,413.59,0,0,0,0.10288,0,0,0,0,0,0.44682,3.2745,0,0,0,0,0.01362
61,260,1.506,5.4482,413.59,0,0,0,0,0.20469,3.7277,0,0,0,0,0.34267,0,0,0,0,0.01362
61,260,1.506,5.4482,413.59,0,0,0,2.9141,0,0.040543,0,0,0,0.4212,0.35197,0,0,0,0,0.29965
61,260,1.506,5.4482,413.59,0,0,0,4.9903,0,0,0,0,0,0,0.18667,0,0,0,0,0.19069
61,260,1.506,5.4482,413.59,0,0,0,0,0,0,0,0,0,0,0.18667,0,0,0,0,0.36775
61,260,1.506,5.4482,413.59,0,0,0,2.0929,0,0,0,0,0,1.0834,0.18667,0,0,0,0,0.1362
61,260,1.506,5.4482,413.59,2.6264,0,0,0,0,0,0,0,0,0.27721,0.37122,0,0,0,0,0.24517
61,260,1.506,5.4482,413.59,0,0,0,0,0.012565,0,0,0,0,0,0.18667,0,0,0,0,4.3585
61,260,1.506,5.4482,413.59,0,0,0,0,0.48102,0.0055723,0.16424,0,0,0.18086,0.18667,0,0,0,0,0.29965
61,260,1.506,5.4482,413.59,0.005239,0,0,0.61684,0,0,0,0,0,0,0.33626,0,0,0,0,0.1362
61,260,1.506,5.4482,413.59,0.016667,0,0,0.013572,0,2.493,0,0,0,0,0.22358,0,0,0,0,0.081722
61,260,1.506,5.4482,413.59,0.042717,0,0,1.9588,0,0,0,0,0,1.2479,0.18667,0,0,0,0,0.89895
61,260,1.506,5.4482,413.59,0.0057164,0,0,0,0,0,0,0,0,1.0167,1.4513,0,0,0,0,0.081722
61,260,1.506,5.4482,413.59,0,0,0,0,0,0,0,0,0,0,4.4486,0,0,0,0,0.081722
61,260,1.506,5.4482,413.59,0,0,0,0,0,0,0,0,0,0,0.18667,0,0,0,0,0.78998
61,260,1.506,5.4482,413.59,0.015697,0,0,0,0,0,0,0,0,0,0.18667,0,0,0,0,4.3585
61,260,1.506,5.4482,413.59,0,0,0,0.19138,0,0,0.99097,0,0,0,0.52439,0,0,0,0,0.081722
61,260,1.506,5.4482,413.59,0,0,0,0,0,0,0,0,0,0,1.1511,0,0,0,0,0.081722
61,260,1.506,5.4482,413.59,0,0,0,0.01929,0,0,0,0,0,1.0076,0.41588,0,0,0,0,0.1362
61,260,1.506,5.4482,413.59,0.27588,0,0,0.008155,0,0,0,0,0,1.5079,0.34267,0,0,0,0,0.1362
61,260,1.506,5.4482,413.59,0,0,0,0.25819,0,0.00086736,0,0,0,0.21027,0.86539,0,0,0,0,0.1362
61,260,1.506,5.4482,413.59,0,0,0,0,0,0,0,0,0,1.0167,0.18667,0,0,0,0,0.24517
61,260,1.506,5.4482,413.59,0.70755,0,0,0,0,0,0,0,0,1.057,2.8966,0,0,0,0,0.24517
61,260,1.506,5.4482,413.59,0,0,0,0,0,0,0,0,0,0.27721,0.18667,0,0,0,0,0.68102
61,260,1.506,5.4482,413.59,0,0,0,0,0,0,0,0,0,1.5859,0.18667,0,0,0,0,0.1362
61,260,1.506,5.4482,413.59,0,0,0.02008,0,0,0,0,0,0,0.72035,0.18667,0,0,0,0,0.29965
61,260,1.506,5.4482,413.59,0,0,0.0011985,0.77204,0,0,0,0,0,0.39237,0.18667,0,0,0,0,0.24517
61,260,1.506,5.4482,413.59,0,0,0,0.026197,0,0,0.16424,0,0,1.0167,2.0268,0,0,0,0,1.0079
61,260,1.506,5.4482,413.59,0,0,0,0.038018,0.013061,0.00031643,0,0,0,4.212,0.18667,0,0,0,0,0.081722
61,260,1.506,5.4482,413.59,0,0,0,0,0,0.99035,0.02739,0,0,0,0.18667,0,0,0,0,0.081722
61,260,1.506,5.4482,413.59,0.035722,0,0,0,0,1.021,0,0,0,1.057,0.18667,0,0,0,0,0.19069
61,260,1.506,5.4482,413.59,0.098492,0,0.00062,0,0,0,0,0,0,0,4.3035,0,0,0,0,0.01362
61,260,1.506,5.4482,413.59,0.37464,0,0,0,0,0,0,0,0,0,2.4012,0,0,0,0,0.29965
61,260,1.506,5.4482,413.59,0,0,0,0,0,0.00078163,0.16424,0,0,0,3.6126,0,0,0,0,0.78998
61,260,1.506,5.4482,413.59,0,0,0,0,0.013061,0,0,0,0,0,0.18667,0,0,0,0,0.081722
61,260,1.506,5.4482,413.59,1.6322,0,0,0,0,0,0,0,0,0.44575,0.33634,0,0,0,0,0.89895
61,260,1.506,5.4482,413.59,0.016818,0,0,0,0.007221,0,0,0,0,0,0.18667,0,0,0,0,0.29965
61,260,1.506,5.4482,413.59,0.22928,0,0,0.52091,0,0,0,0,0,0.27721,0.67417,0,0,0,0,0.24517
61,260,1.506,5.4482,413.59,0,0,0,0,0,0,0.13695,0,0,0,0.34789,0,0,0,0,0.081722
61,260,1.506,5.4482,413.59,0.003346,0,0,0,0.008345,0,0,0,0,0.63421,2.9179,0,0,0,0,0.081722
61,260,1.506,5.4482,413.59,0.73657,0,0,0.008155,0,0.012762,0.0029097,0,0,0.39237,0.33865,0,0,0,0,0.1362
61,260,1.506,5.4482,413.59,0,0,0,0.65075,0,0,0.16424,0,0,0.55196,0.18667,0,0,0,0,0.01362
61,260,1.506,5.4482,413.59,0,0,0,0,0,0,0.16424,0,0,0.27721,0.18667,0,0,0,0,0.1362
61,260,1.506,5.4482,413.59,0.00524,0,0,0,0,3.7277,0.11746,0,0,0.21027,0.18667,0,0,0,0,0.1362
61,260,1.506,5.4482,413.59,0,0,0,0,0,0,0,0,0,0.44575,0.18667,0,0,0,0,0.19069
61,260,1.506,5.4482,413.59,0,0,0,2.7574,0,0,0,0,0,0,0.18667,0,0,0,0,0.081722
61,260,1.506,5.4482,413.59,0,0,0.001436,0,0,0,0,0,0,0.14685,0.33356,0,0,0,0,0.1362
61,260,1.506,5.4482,413.59,0,0,0,8.6e-05,0,0,0,0.79321,0,1.0408,3.1118,0,0,0,0,0.01362
61,260,1.506,5.4482,413.59,0.27588,0,0,0.013572,0,0,0,0,0,0,1.3038,0,0,0,0,0.19069
61,260,1.506,5.4482,413.59,0.44995,0,0,0,0,0,0.010505,0,0,0.65812,2.4012,0,0,0,0,0.081722
61,260,1.506,5.4482,413.59,0,0,0,0.013572,0,1.0098,0,0,0,1.7327,0.18667,0,0,0,0,0.40861
61,260,1.506,5.4482,413.59,0,0,0,0,0,0,0.16424,0,0,0.72035,0.18667,0,0,0,0,0.081722
61,260,1.506,5.4482,413.59,0,0,0,0,0,0,0,0,0,0.27721,1.5006,0,0,0,0,0.01362
61,260,1.506,5.4482,413.59,0.003822,0,0,2.7049,0,0,0,0,0,0,0.3823,0,0,0,0,0.01362
61,260,1.506,5.4482,413.59,0.016666,0,0,0,0,2.0259,0,0,0,0.056957,0.18667,0,0,0,0,0.1362
61,260,1.506,5.4482,413.59,0,0,0,0,0,0,0,0,0,0,0.18667,0,0,0,0,0.081722
61,260,1.506,5.4482,413.59,0,0,0,0,0.008341,0,0,0,0,0,1.445,0,0,0,0,0.1362
61,260,1.506,5.4482,413.59,0.84005,0,0,0,0,0,0.0029097,0,0,0.056957,0.18667,0,0,0,0,0.19069
61,260,1.506,5.4482,413.59,0.016667,0,0,0,0,0,0,0,0,0.8932,2.8841,0,0,0,0,0.01362
61,260,1.506,5.4482,413.59,0.094953,0,0,3.4286,0,0,0,0,0,0.72035,0.18667,0,0,0,0,0.1362
61,260,1.506,5.4482,413.59,0,0,0.13011,0,0,0,0,0,0,0.91947,0.18667,0,0,0,0,0.081722
61,260,1.506,5.4482,413.59,0,0,0,0.10795,0,0,0,0,0,0.72035,0.18667,0,0,0,0,0.081722
61,260,1.506,5.4482,413.59,0.016666,0,0,0.19762,1.9851,0,0,0,0,0.44682,0.18667,0,0,0,0,0.46309
61,260,1.506,5.4482,413.59,0,0,0,0.59937,0,0,0.16424,0,0,0,0.45538,0,0,0,0,0.1362
61,260,1.506,5.4482,413.59,0,0,0,0,0,0,0,0,0,0,0.33634,0,0,0,0,0.19069
61,260,1.506,5.4482,413.59,0,0,0,0,0,0,0,0,0,0,1.9933,0,0,0,0,0.19069
61,260,1.506,5.4482,413.59,0,0,0,0.62306,0,1.021,0,0,0,0,0.45538,0,0,0,0,0.40861
61,260,1.506,5.4482,413.59,0,0,0,0.0003845,0,0,0,0,0,1.5859,0.18667,0,0,0,0,0.1362
61,260,1.506,5.4482,413.59,2.4428,0,0,0,0,0,0,0,0,0,0.51886,0,0,0,0,0.081722
61,260,1.506,5.4482,413.59,0.00524,0,0,0,0,0,0,0,0,0,1.9936,0,0,0,0,0.19069
61,260,1.506,5.4482,413.59,0,0,0,0,0,0,0.75485,0,0,1.0167,0.18667,0,0,0,0,0.19069
61,260,1.506,5.4482,413.59,0,0,0,0,0,0,0,0,0,0.72035,1.4513,0,0,0,0,0.57206
61,260,1.506,5.4482,413.59,0,0,0,0.008155,0,0,0,0,0,0,0.18667,0,0,0,0,4.3585
61,260,1.506,5.4482,413.59,0,0,0,0.60546,0,0,0,0,0,0.39237,2.777,0,0,0,0,0.01362
61,260,1.506,5.4482,413.59,0.00328,0,0,0,0,0,0,0.031626,0,0.76342,0.18667,0,0,0,0,0.1362
61,260,1.506,5.4482,413.59,0,0,0,0,0,0,0,0,0,0.27721,1.2894,0,0,0,0,0.1362
61,260,1.506,5.4482,413.59,0,0,0,0,0,0,0,0,0,1.0139,3.2745,0,0,0,0,0.24517
61,260,1.506,5.4482,413.59,0,0,0,0,0,0,0,0,0,0,0.76655,0,0,0,0,0.081722
61,260,1.506,5.4482,413.59,0,0,0,0,0,0,0,0,0,1.0245,3.4073,0,0,0,0,0.46309
61,260,1.506,5.4482,413.59,0,0,0,0.16651,0.0053255,0,0,0,0,0.27721,0.86716,0,0,0,0,0.081722
61,260,1.506,5.4482,413.59,0,0,0,0,0,0,0.53887,0,0,0,1.6181,0,0,0,0,0.1362
61,260,1.506,5.4482,413.59,5.0643,0,0,0,0,0,0,0,0,0,0.18667,0,0,0,0,0.081722
61,260,1.506,5.4482,413.59,0,0,0,0,0,0.47199,0,0,0,3.8737,0.18667,0,0,0,0,0.1362
61,260,1.506,5.4482,413.59,0,0,3.2163,0,0,0,0,0,0,0,0.34288,0,0,0,0,0.1362
61,260,1.506,5.4482,413.59,0,0,0,0,0,0.99999,0,0,0,0.14685,0.18667,0,0,0,0,0.01362
61,260,1.506,5.4482,413.59,0.005239,0,0,0,0.002011,0,0.075512,0,0,0,1.6999,0,0,0,0,0.01362
61,260,1.506,5.4482,413.59,0.76748,0,0.28219,0,0,0,0,0,0,0.68445,0.18667,0,0,0,0,0.01362
61,260,1.506,5.4482,413.59,0,0,0,6.3e-05,0,0,1.0096,0,0,0,0.47944,0,0,0,0,0.19069
61,260,1.506,5.4482,413.59,0.064502,0,0,0.040357,0,0,0,0,0,0.44575,0.18667,0,0,0,0,0.1362
61,260,1.506,5.4482,413.59,0,0,0,0,0,0,1.0096,0,0,1.7864,0.18667,0,0,0,0,0.7355
61,260,1.506,5.4482,413.59,2.5993,0,1.0706,0,0,0,0.16424,0,0,0,0.42559,0,0,0,0,0.01362
61,260,1.506,5.4482,413.59,0,0,0,0,0,0.032763,0.16424,0,0,0.4212,0.35688,0,0,0,0,0.19069
61,260,1.506,5.4482,413.59,0,0,0,0,0,0,0,0,0,0,2.9511,0,0,0,0,0.62654
61,260,1.506,5.4482,413.59,0.0066886,0,0,0,0,0,0,0,0,0,2.9685,0,0,0,0,0.01362
61,260,1.506,5.4482,413.59,0,0,0,0,0,0,0,0,0,0.44682,2.0321,0,0,0,0,0.1362
61,260,1.506,5.4482,413.59,0.84005,0,0,0,0,0,0,0,0,1.164,0.18667,0,0,0,0,0.24517
61,260,1.506,5.4482,413.59,0,0,0,0,0,0,0,0,0,4.212,0.18667,0,0,0,0,0.24517
61,260,1.506,5.4482,413.59,0.00052,0,0,0,0,0,0,0,0,1.261,0.18667,0,0,0,0,0.1362
61,260,1.506,5.4482,413.59,0,0,0,0.003551,0,0,0,0,0,1.0167,0.18667,0,0,0,0,0.1362
61,260,1.506,5.4482,413.59,0.00524,0,0,0,0,0.99271,0,0,0,0.91947,0.24309,0,0,0,0,0.36775
61,260,1.506,5.4482,413.59,0.048101,0,0,0,0,2.9514,0,0,0,0,1.1651,0,0,0,0,0.01362
61,260,1.506,5.4482,413.59,0.018623,0,0,0,0,0.99471,0.11746,0,0,0.73557,0.18667,0,0,0,0,0.84446
61,260,1.506,5.4482,413.59,0,0,0,0,0,0,0.13695,0,0,0,0.18667,0,0,0,0,0.57206
61,260,1.506,5.4482,413.59,0,0,0,0,0,0,0.02739,0,0,1.261,0.38292,0,0,0,0,0.1362
61,260,1.506,5.4482,413.59,0.003355,0,0,0.25199,0,0,0.16424,0,0,1.0139,0.34384,0,0,0,0,0.29965
61,260,1.506,5.4482,413.59,1.4415,0,0,0,0,0,0,0,0,1.5859,0.18667,0,0,0,0,0.1362
61,260,1.506,5.4482,413.59,0,0,0,0,0,0,0,0,0,1.5859,0.18667,0,0,0,0,1.0079
61,260,1.506,5.4482,413.59,0,0,0,0,0,0,0,0,0,0.91947,0.95751,0,0,0,0,0.01362
61,260,1.506,5.4482,413.59,0,0,0,0,0,0,0,0,0,0,4.2264,0,0,0,0,1.1714
61,260,1.506,5.4482,413.59,1.0855,0,0,0,0,0,0.16424,0,0,0.91947,1.4447,0,0,0,0,0.29965
61,260,1.506,5.4482,413.59,0,0,0,0,0.010635,0,0,0,0,0,4.2836,0,0,0,0,0.29965
61,260,1.506,5.4482,413.59,0.006966,0,0,0,0,0,0,0,0,0,0.18667,0,0,0,0,0.081722
61,260,1.506,5.4482,413.59,0.003465,0,0,0,0,0,0.075512,0,0,0,0.18667,0,0,0,0,0.01362
61,260,1.506,5.4482,413.59,3.1184,0,0,0,0,0,0,0,0,0,0.18667,0,0,0,0,0.01362
61,260,1.506,5.4482,413.59,0,0,0,0.013535,0,0,0,0,0,0,0.54798,0,0,0,0,0.1362
61,260,1.506,5.4482,413.59,4.7258,0,0,0.23739,0,0,0,0,0,0,0.18667,0,0,0,0,0.24517
61,260,1.506,5.4482,413.59,0,0,0,0,0,0,0,0,0,0,0.18667,0,0,0,0,0.01362
61,260,1.506,5.4482,413.59,0,0,0,0,0,0,0.16424,0,0,0,1.2593,0,0,0,0,0.01362
61,260,1.506,5.4482,413.59,0,0,0,0,0,0,0,0,0,0,0.18667,0,0,0,0,0.1362
61,260,1.506,5.4482,413.59,0.62569,0,0,0,0,0,0.50998,0,0,0,0.18667,0,0,0,0,0.19069
61,260,1.506,5.4482,413.59,0,0,0,0,0,0,0,0,0,0.056957,0.71492,0,0,0,0,4.3585
61,260,1.506,5.4482,413.59,0,0,0,0,0,0,0,0,0,1.0139,0.22358,0,0,0,0,0.24517
61,260,1.506,5.4482,413.59,0.46331,0,0,0,0,0,0,0,0,1.7864,0.18667,0,0,0,0,0.01362
61,260,1.506,5.4482,413.59,0,0,0,3.4899,0,0,0,0,0,0,0.88794,0,0,0,0,0.51757
61,260,1.506,5.4482,413.59,0,0,0,0,0,0,0,0,0,0,0.34267,0,0,0,0,0.36775
61,260,1.506,5.4482,413.59,0.932,0,0,0,0,0,0,0,0,0,0.34397,0,0,0,0,0.01362
61,260,1.506,5.4482,413.59,0,0,0.31646,0,0,0,0,0,0,1.1034,0.33865,0,0,0,0,0.1362
61,260,1.506,5.4482,413.59,0.00524,0,0,0,0.28,0,0,0,0,0,3.2364,0,0,0,0,0.1362
61,260,1.506,5.4482,413.59,0,0,0,1.4748,0,0,0,0,0,0.4212,0.22358,0,0,0,0,0.68102
61,260,1.506,5.4482,413.59,0.007658,0,0,0,0,0,0,0,0,1.5851,0.18667,0,0,0,0,0.36775
61,260,1.506,5.4482,413.59,0,0,0,0,0.008333,0.99999,0,0,0,1.1034,2.1165,0,0,0,0,0.19069
61,260,1.506,5.4482,413.59,0,0,0,0,0,0.013212,0,0,0,0,0.18667,0,0,0,0,0.36775
61,260,1.506,5.4482,413.59,0,0,0,0.000639,0,0,0,0,0,0.44575,3.3067,0,0,0,0,0.29965
61,260,1.506,5.4482,413.59,0.000376,0,0,0.17457,0,0,0,0,0,1.808,2.274,0,0,0,0,0.29965
61,260,1.506,5.4482,413.59,0.0052605,0,0,0,0,0,0,0,0,0,0.18667,0,0,0,0,0.29965
61,260,1.506,5.4482,413.59,0,0,0,0,0,0,0,0,0,0.18086,0.54798,0,0,0,0,0.081722
61,260,1.506,5.4482,413.59,0,0,0.005245,0,0,0,0,0,0,1.2479,0.18667,0,0,0,0,0.081722
61,260,1.506,5.4482,413.59,2.7382,0,0,0,0,0,0.16424,0,0,1.5859,0.18667,0,0,0,0,0.1362
61,260,1.506,5.4482,413.59,0.007448,0,0,0,0,0,0,0,0,0,0.18667,0,0,0,0,0.24517
61,260,1.506,5.4482,413.59,0,0,0,0,0,0,0.02739,0,0,0.4212,0.33589,0,0,0,0,0.1362
61,260,1.506,5.4482,413.59,0,0,0,0,0,0,0.16424,0,0,0.44575,0.34266,0,0,0,0,0.24517
61,260,1.506,5.4482,413.59,0,0,0,0,0,0.013211,0,0,0,0.21027,0.18667,0,0,0,0,0.081722
61,260,1.506,5.4482,413.59,0.011486,0,0,1.557,0,0,0,0,0,1.2479,0.18667,0,0,0,0,0.081722
61,260,1.506,5.4482,413.59,1.2639,0,0,3.2393,0,0,0,0,0,0,0.18667,0,0,0,0,0.1362
61,260,1.506,5.4482,413.59,0.10779,0,0,0,6.3e-05,0.012762,0,0,0,1.2479,0.34267,0,0,0,0,0.1362
61,260,1.506,5.4482,413.59,0,0,0,0,0,0.00031643,0.13695,0,0,0,0.18667,0,0,0,0,0.19069
61,260,1.506,5.4482,413.59,0.39786,0,0,0,0,0.0016131,0.11746,0,0,0.44682,0.18667,0,0,0,0,0.01362
61,260,1.506,5.4482,413.59,0,0,0,0,0,0,0,0,0,0,3.6126,0,0,0,0,0.081722
61,260,1.506,5.4482,413.59,0,0,0,0.73308,0,0,0,0,0,3.4087,0.34266,0,0,0,0,0.36775
61,260,1.506,5.4482,413.59,0,0,0,0,0,0,0,0,0,0,3.6126,0,0,0,0,0.01362
61,260,1.506,5.4482,413.59,0,0,0,0.63747,0,0,0,0,0,0,0.63213,0,0,0,0,0.19069
61,260,1.506,5.4482,413.59,0,0,0,0,0,0,0,0,0,0,0.88794,0,0,0,0,0.01362
61,260,1.506,5.4482,413.59,0,0,0,0.033408,0,0,0,0,0,0,0.33634,0,0,0,0,4.3585
61,260,1.506,5.4482,413.59,0,0,0.005251,0,0.037672,0,0,0,0,1.9819,0.18667,0,0,0,0,0.1362
61,260,1.506,5.4482,413.59,2.2446,0,0,0.015753,0,0,0,0,0,1.0167,1.1094,0,0,0,0,0.46309
61,260,1.506,5.4482,413.59,0.16373,0,0,0,0,0,0,0,0,1.9819,1.0725,0,0,0,0,0.19069
61,260,1.506,5.4482,413.59,4.5389,0,0,0,0,0,0.075512,0,0,0,0.18667,0,0,0,0,0.29965
61,260,1.506,5.4482,413.59,0.27588,0,0,0,2.1074,0.0058282,0,0,0,0,0.38211,0,0,0,0,0.1362
61,260,1.506,5.4482,413.59,0,0,0,0.001415,0,0,0,0,0,0.39237,0.18667,0,0,0,0,0.62654
61,260,1.506,5.4482,413.59,0,0,0,0,0,0,0.53887,0,0,3.8254,0.18667,0,0,0,0,0.29965
61,260,1.506,5.4482,413.59,0.011135,0,0,0,0,0.017111,0,0,0,0,0.18667,0,0,0,0,0.1362
61,260,1.506,5.4482,413.59,0,0,0,0,0,0,0,0,0,1.808,0.59267,0,0,0,0,0.1362
61,260,1.506,5.4482,413.59,0,0,0,0.16651,0,0,0.16424,0,0,0.39237,0.33631,0,0,0,0,0.081722
61,260,1.506,5.4482,413.59,0,0,0,0,0,0,0,0,0,0,0.18667,0,0,0,0,0.01362
61,260,1.506,5.4482,413.59,0,0,0,0,0,0,0.010505,0,0,1.0245,0.18667,0,0,0,0,0.1362
61,260,1.506,5.4482,413.59,0.017186,0,0,0,0,0,0,0,0,2.6253,0.22358,0,0,0,0,0.29965
61,260,1.506,5.4482,413.59,0,0,0,2.6536,0,0,0,0,0,0,0.18667,0,0,0,0,0.01362
61,260,1.506,5.4482,413.59,0,0,0,0,0,0,0,0,0,0,4.4641,0,0,0,0,0.081722
61,260,1.506,5.4482,413.59,0,0,0,0,0,0,3.2328,0,0,0,0.18667,0,0,0,0,0.29965
61,260,1.506,5.4482,413.59,0,0,0,0,0,0,0,0,0,0.44575,0.18667,0,0,0,0,0.40861
61,260,1.506,5.4482,413.59,0,0,0,0,0,0,2.1326,0,0,0,0.95751,0,0,0,0,0.01362
61,260,1.506,5.4482,413.59,0,0,0,0,0.000124,0,0,0,0,0.91947,0.18667,0,0,0,0,0.1362
61,260,1.506,5.4482,413.59,0,0,0,0,0.57162,0,0,0,0,0,0.96176,0,0,0,0,0.01362
61,260,1.506,5.4482,413.59,0.00062,0,0,0,0,0,0,0,0,0,3.9931,0,0,0,0,0.081722
61,260,1.506,5.4482,413.59,0,0,0,0.25199,0,0,0.16424,0,0,0.63421,1.1094,0,0,0,0,0.1362
61,260,1.506,5.4482,413.59,0,0,0,2.0191,0,0,0,0,0,0,0.18667,0,0,0,0,0.01362
61,260,1.506,5.4482,413.59,0,0,0,0.016975,0,0,0,0,0,0.76342,0.66136,0,0,0,0,1.0079
61,260,1.506,5.4482,413.59,0.33369,0,0,0,0,0,0.53887,0,0,0,0.18667,0,0,0,0,0.19069
61,260,1.506,5.4482,413.59,0.00524,0,0,0,0,9.8334e-05,0,0,0,0,0.6212,0,0,0,0,0.24517
61,260,1.506,5.4482,413.59,0,0,0,0.14693,0,0,0,0,0,0,1.5006,0,0,0,0,0.1362
61,260,1.506,5.4482,413.59,0.046832,0,0,0,0,0,0,0,0,0,0.18667,0,0,0,0,0.7355
61,260,1.506,5.4482,413.59,0,0,0,0,0,0,0.16424,0,0,0.056957,0.18667,0,0,0,0,0.62654
61,260,1.506,5.4482,413.59,0,0,0,0,0,0,0,0,0,0,0.18667,0,0,0,0,0.19069
61,260,1.506,5.4482,413.59,0,0,0,0,0,0,0,0,0,1.1822,0.18667,0,0,0,0,0.62654
61,260,1.506,5.4482,413.59,0,0,0,0,0,0,0,0,0,0,0.18667,0,0,0,0,0.1362
61,260,1.506,5.4482,413.59,2.5689,0,0,0,0,0,0,0,0,0,0.18667,0,0,0,0,0.24517
61,260,1.506,5.4482,413.59,0,0,0,0,0,0,0,0,0,0,0.18667,0,0,0,0,0.1362
61,260,1.506,5.4482,413.59,0,0,0,0.013572,0,0,0,0,0,0,0.18667,0,0,0,0,0.1362
61,260,1.506,5.4482,413.59,0.2194,0,0,0,0,0,0,0,0,4.212,0.18667,0,0,0,0,0.19069
61,260,1.506,5.4482,413.59,0.32489,0,0,0,0,0.04817,0,0,0,0,0.18667,0,0,0,0,0.01362
61,260,1.506,5.4482,413.59,0,0,0,0,0,0.99271,0.16424,0,0,0,0.18667,0,0,0,0,0.46309
61,260,1.506,5.4482,413.59,0,0,0,0,0,0,0,0,0,0,0.18667,0,0,0,0,0.1362
61,260,1.506,5.4482,413.59,0,0,0,0.000966,0,0,0.16424,0,0,0,0.18667,0,0,0,0,0.081722
61,260,1.506,5.4482,413.59,0,0,0,0,0,0.017111,0.0029097,0,0,0.39237,0.18667,0,0,0,0,0.19069
61,260,1.506,5.4482,413.59,0,0,0,0,0,0,0,0,0,4.212,0.33634,0,0,0,0,0.19069
61,260,1.506,5.4482,413.59,0,0,0,0,0,0,0,0,0,1.4449,0.18667,0,0,0,0,0.1362
61,260,1.506,5.4482,413.59,0,0,0,0,0,0,0.16424,0,0,0.4212,0.18667,0,0,0,0,0.01362
61,260,1.506,5.4482,413.59,0.8598,0,0,0.088419,0,0,0,0,0,0,0.18667,0,0,0,0,0.19069
61,260,1.506,5.4482,413.59,0.002068,0,0,0,0,0,0.16424,0,0,1.5851,2.8437,0,0,0,0,0.1362
61,260,1.506,5.4482,413.59,0.003416,0,0,0,0.009984,0,0,0,0,0,2.8966,0,0,0,0,0.19069
61,260,1.506,5.4482,413.59,0.021074,0,0,0,0,0,0.53887,0,0,0,0.35074,0,0,0,0,0.01362
61,260,1.506,5.4482,413.59,0,0,0,0,0,0,0,0,0,0.21027,2.0593,0,0,0,0,0.19069
61,260,1.506,5.4482,413.59,0.046832,0,0,0,0,0,0.16424,0,0,0,0.18667,0,0,0,0,0.01362
61,260,1.506,5.4482,413.59,0.003416,0,0,0.25819,0,1.2338,0,0,0,0,0.18667,0,0,0,0,0.1362
61,260,1.506,5.4482,413.59,0,0,0,0,0,0,0,0,0,0,4.4969,0,0,0,0,0.19069
61,260,1.506,5.4482,413.59,0,0,0,0,0,0,0,0,0,0,0.18667,0,0,0,0,0.01362
61,260,1.506,5.4482,413.59,0,0,0,0,0,0,0,0,0,0.44682,0.35238,0,0,0,0,0.24517
61,260,1.506,5.4482,413.59,0,0,0,3.2393,0,0,0.16424,0,0,0,0.18667,0,0,0,0,0.57206
61,260,1.506,5.4482,413.59,0,0,0,0,0,3.9766,0,0,0,0,1.1651,0,0,0,0,0.1362
61,260,1.506,5.4482,413.59,0,0,0,0,0,0,0,0,0,1.7864,0.18667,0,0,0,0,0.081722
61,260,1.506,5.4482,413.59,0.40798,0,0,0,0,0.99999,0,0,0,1.2479,0.59267,0,0,0,0,0.36775
61,260,1.506,5.4482,413.59,0,0,0,0.0018375,0,0,0.075512,0,0,0,1.4447,0,0,0,0,0.24517
61,260,1.506,5.4482,413.59,0,0,0,0,0,0,0,0,0,0,1.2894,0,0,0,0,0.19069
61,260,1.506,5.4482,413.59,0,0,0,0,0,0,0,0,0,0,3.2906,0,0,0,0,0.1362
61,260,1.506,5.4482,413.59,0,0,0,0,0,0,0,0,0,1.0167,0.18667,0,0,0,0,0.19069
61,260,1.506,5.4482,413.59,0,0,0,0,0,0,0,0,0,0,0.18667,0,0,0,0,0.57206
61,260,1.506,5.4482,413.59,0,0,1.0706,0,0,0,0,0,0,0,2.0321,0,0,0,0,0.19069
61,260,1.506,5.4482,413.59,0.062136,0,0,0,0,0,0,0,0,0,1.445,0,0,0,0,0.1362
61,260,1.506,5.4482,413.59,0,0,0,0,2.6449,0,0,0,0,1.7327,0.18667,0,0,0,0,0.36775
61,260,1.506,5.4482,413.59,0.025781,0,0,0,0,0.0017889,0,0,0,1.0139,0.18667,0,0,0,0,0.19069
61,260,1.506,5.4482,413.59,0.090565,0,0,0,0,0,0,0,0,0,5.114,0,0,0,0,0.1362
61,260,1.506,5.4482,413.59,2.514,0,0,0.17191,0,0,0,0,0,0.68445,0.97191,0,0,0,0,0.24517
61,260,1.506,5.4482,413.59,0.66409,0,0,0,0,0,0,0,0,0.18086,0.51886,0,0,0,0,0.01362
61,260,1.506,5.4482,413.59,0,0,0,0,0,0,0,0,0,0.68445,0.3343,0,0,0,0,0.36775
61,260,1.506,5.4482,413.59,0,0,0,0,0,0,0,0,0,0,0.18667,0,0,0,0,0.081722
61,260,1.506,5.4482,413.59,0,0,0,0,0,0,0,0,0,0,0.22358,0,0,0,0,0.29965
61,260,1.506,5.4482,413.59,0,0,0,0,0,0,0,0,0,0,0.33634,0,0,0,0,0.1362
61,260,1.506,5.4482,413.59,0,0,0,0,0,0,0,0,0,0,0.18667,0,0,0,0,0.36775
61,260,1.506,5.4482,413.59,0,0,0,0,0,0,0.16424,0,0,0,0.18667,0,0,0,0,0.29965
61,260,1.506,5.4482,413.59,0.077588,0,0,0,0,0.99999,0.50998,0,0,0.65812,0.42559,0,0,0,0,0.1362
61,260,1.506,5.4482,413.59,0.03073,0,0,0,0.0053255,0,0.50998,0,0,0.72035,0.18667,0,0,0,0,0.1362
61,260,1.506,5.4482,413.59,0.2116,0,0,0,0,0,0,0,0,0.27721,0.18667,0,0,0,0,0.1362
61,260,1.506,5.4482,413.59,0.28052,0,0,0,0,0,0,0,0,3.4087,0.59267,0,0,0,0,0.19069
61,260,1.506,5.4482,413.59,0,0,0,0,0,0,0,0,0,0,0.18667,0,0,0,0,0.081722
61,260,1.506,5.4482,413.59,0.005273,0,0,0.0018375,0,0,0.13695,0,0,0,0.18667,0,0,0,0,0.1362
61,260,1.506,5.4482,413.59,0,0,0.016574,0,0,0,0,0,0,0,0.18667,0,0,0,0,0.1362
61,260,1.506,5.4482,413.59,0,0,0,0,0,0,0.16424,0,0,0,4.481,0,0,0,0,0.19069
61,260,1.506,5.4482,413.59,0,0,0,0,0.00498,0,0,0,0,0.73557,2.8966,0,0,0,0,0.081722
61,260,1.506,5.4482,413.59,0.008225,0,0,0,0,0.99999,0,0,0,0,0.18667,0,0,0,0,0.29965
61,260,1.506,5.4482,413.59,0,0,0.003465,0.13674,0,0.16026,0,0,0,0,0.34266,0,0,0,0,0.1362
61,260,1.506,5.4482,413.59,0,0,0,0,0,0,0,0,0,1.1034,1.6999,0,0,0,0,0.24517
61,260,1.506,5.4482,413.59,0,0,0.006248,0,0,0,0,0,0,2.6253,0.18667,0,0,0,0,0.24517
61,260,1.506,5.4482,413.59,0,0,0,0.10982,0,0,0,0,0,0.21027,3.4073,0,0,0,0,0.01362
61,260,1.506,5.4482,413.59,2.5689,0,0,0,0,0.026678,0.11746,0,0,0,0.18667,0,0,0,0,0.24517
61,260,1.506,5.4482,413.59,0.34113,0,0,0,0,0,0,0,0,0.44575,0.18667,0,0,0,0,0.19069
61,260,1.506,5.4482,413.59,0.077588,0,0,1.557,0,0,0,0,0,0,0.35074,0,0,0,0,0.19069
61,260,1.506,5.4482,413.59,0,0,0,0.020772,0,0,0,0,0,3.8737,0.18667,0,0,0,0,0.19069
61,260,1.506,5.4482,413.59,0,0,0,0,0,0,0.010505,0,0,0.14685,0.18667,0,0,0,0,0.29965
61,260,1.506,5.4482,413.59,0,0,0,0,0,0,0,0,0,1.808,2.3279,0,0,0,0,0.081722
61,260,1.506,5.4482,413.59,0,0,0,0,0,0,1.7604,0,0,0,1.0623,0,0,0,0,0.081722
61,260,1.506,5.4482,413.59,0.004143,0,0,0.007982,0,0,0.16424,0,0,2.6253,0.34267,0,0,0,0,0.19069
61,260,1.506,5.4482,413.59,0,0,0,0.0095725,0.005239,0,1.0096,0,0,1.808,0.18667,0,0,0,0,0.01362
61,260,1.506,5.4482,413.59,0.029713,0,0,0,0,0.99999,1.0096,0,0,0,2.3279,0,0,0,0,0.89895
61,260,1.506,5.4482,413.59,0.2086,0,0,0,0,0.076187,0,0,0,0,0.18667,0,0,0,0,0.1362
61,260,1.506,5.4482,413.59,0,0,0,0.056168,0.57162,0,0,0,0,1.1034,0.86986,0,0,0,0,0.01362
61,260,1.506,5.4482,413.59,0,0,0,0,0,0,0.50998,0,0,0,0.18667,0,0,0,0,0.19069
61,260,1.506,5.4482,413.59,0,0,0,0,0,0,0,0,0,1.5859,0.18667,0,0,0,0,0.62654
61,260,1.506,5.4482,413.59,0.8143,0,0.003346,0,0.008321,0,0,0,0,0,0.18667,0,0,0,0,0.01362
61,260,1.506,5.4482,413.59,0,0,0,0,0,0,0,0,0,0,1.445,0,0,0,0,0.24517
61,260,1.506,5.4482,413.59,0.000765,0,0,0.028822,0,0.026678,0,0,0,0,0.18667,0,0,0,0,0.01362
61,260,1.506,5.4482,413.59,0,0,0,0,0,0,0,0,0,1.0834,0.18667,0,0,0,0,0.36775
61,260,1.506,5.4482,413.59,0,0,0,0,0,0,0,0,0,0.73557,0.18667,0,0,0,0,0.081722
61,260,1.506,5.4482,413.59,0.035093,0,0,0,0,0,0,0,0,1.0167,0.18667,0,0,0,0,0.36775
61,260,1.506,5.4482,413.59,2.514,0,0,0,0,0,0.0029097,0,0,0,0.18667,0,0,0,0,0.36775
61,260,1.506,5.4482,413.59,0.035093,0,0,0,0,0.99999,0,0,0,0.27721,0.33865,0,0,0,0,0.081722
61,260,1.506,5.4482,413.59,0,0,0,1.5421,0,0.00078163,0,0,0,1.0167,2.0171,0,0,0,0,0.01362
61,260,1.506,5.4482,413.59,0,0,0,0,0.001267,0,0,0,0,0.76342,0.40813,0,0,0,0,0.36775
61,260,1.506,5.4482,413.59,1.4291,0,0,0,0,0,0,0,0,1.5859,0.18667,0,0,0,0,0.081722
61,260,1.506,5.4482,413.59,0,0,0,0,0,0,0,0,0,0.18086,0.86539,0,0,0,0,0.1362
61,260,1.506,5.4482,413.59,0,0,0,0,0,0,0,0,0,0,1.8398,0,0,0,0,0.081722
61,260,1.506,5.4482,413.59,0.21764,0,0,0,0.080307,0,0,0,0,0.76342,0.18667,0,0,0,0,0.01362
61,260,1.506,5.4482,413.59,0,0,0,0,0,0,0,0,0,0,0.22358,0,0,0,0,0.19069
61,260,1.506,5.4482,413.59,0,0,0,0,0.007148,0,0,0,0,0,1.9365,0,0,0,0,0.081722
61,260,1.506,5.4482,413.59,0,0,0,0,0,0,0,0,0,0.55196,1.4447,0,0,0,0,0.081722
61,260,1.506,5.4482,413.59,0,0,0,0,0,0.002585,0,0,0,0.73557,3.4073,0,0,0,0,0.081722
61,260,1.506,5.4482,413.59,1.7541,0,0.005908,0.78773,0.00524,0,0.53887,0,0,1.0076,0.18667,0,0,0,0,0.19069
61,260,1.506,5.4482,413.59,0,0,0,0,0,0,0,0,0,1.4449,0.18667,0,0,0,0,0.40861
61,260,1.506,5.4482,413.59,0.013065,0,0,0.60546,0,1.0004,0.16424,0,0,1.1034,1.1094,0,0,0,0,0.1362
61,260,1.506,5.4482,413.59,0,0,0,0.27777,0,0,0.75485,0,0,0.73557,0.59267,0,0,0,0,0.1362
61,260,1.506,5.4482,413.59,0,0,0,0.013575,0,0,0,0,0,4.212,0.18667,0,0,0,0,0.40861
61,260,1.506,5.4482,413.59,0.010259,0,0,0,0,0,0,0,0,0,0.18667,0,0,0,0,4.3585
61,260,1.506,5.4482,413.59,0.001493,0,0,0,0,0,0.16424,0,0,3.8737,0.18667,0,0,0,0,0.36775
61,260,1.506,5.4482,413.59,0,0,0,0,0,0.6555,0,0,0,0.27721,0.3452,0,0,0,0,0.40861
61,260,1.506,5.4482,413.59,0.090565,0,0,0,0.00524,0,0,0,0,1.7864,0.18667,0,0,0,0,0.01362
61,260,1.506,5.4482,413.59,0,0,0,0,3.6993,0,0,0,0,0,0.18667,0,0,0,0,1.1714
61,260,1.506,5.4482,413.59,0.52666,0,0,0,0,0,0,0,0,0,0.18667,0,0,0,0,0.1362
61,260,1.506,5.4482,413.59,0.001292,0,0,0,0.008341,0,0,0,0,0.73557,0.35074,0,0,0,0,0.19069
61,260,1.506,5.4482,413.59,0,0,0,0,0,0,0.50998,0,0,0.72035,0.22358,0,0,0,0,0.1362
61,260,1.506,5.4482,413.59,0,0,0,0,0,0,0,0,0,1.1034,0.18667,0,0,0,0,0.01362
61,260,1.506,5.4482,413.59,0,0,0,0,0,0,0,0,0,1.0245,0.18667,0,0,0,0,0.1362
61,260,1.506,5.4482,413.59,0,0,0,0,0,0,0,0,0,4.212,0.40813,0,0,0,0,0.19069
61,260,1.506,5.4482,413.59,1.9992,0,0,1.2426,0,0.70947,0,0,0,0.27721,1.0623,0,0,0,0,0.081722
61,260,1.506,5.4482,413.59,0,0,0,0.10596,0,0,0,0,0,0,0.18667,0,0,0,0,0.01362
61,260,1.506,5.4482,413.59,0.000254,0,0,0.062075,0,0,0,0,0,3.8737,0.18667,0,0,0,0,0.081722
61,260,1.506,5.4482,413.59,0,0,0,1.1939,0,0,0,0,0,0.18086,0.18667,0,0,0,0,0.29965
61,260,1.506,5.4482,413.59,0.37464,0,0,0,0,0.99837,0,0,0,1.164,0.18667,0,0,0,0,0.19069
61,260,1.506,5.4482,413.59,0,0,0,0,0,0,2.2066,0,0,0.27721,0.18667,0,0,0,0,0.01362
61,260,1.506,5.4482,413.59,0,0,0,0,0,0,0,0,0,0,1.556,0,0,0,0,0.081722
61,260,1.506,5.4482,413.59,0,0,0,0.003551,0,0,0,0,0,0.39237,0.54798,0,0,0,0,0.1362
61,260,1.506,5.4482,413.59,0,0,0,0,0,0,0,0,0,0.39237,0.18667,0,0,0,0,0.1362
61,260,1.506,5.4482,413.59,0,0,0,0,0,0,0,0,0,1.164,0.18667,0,0,0,0,0.1362
61,260,1.506,5.4482,413.59,0,0,0,0,0,0,0,0,0,1.5851,0.18667,0,0,0,0,0.46309
61,260,1.506,5.4482,413.59,0.0064177,0,0,0.59937,0,0,0,0,0,1.0076,1.2286,0,0,0,0,0.081722
61,260,1.506,5.4482,413.59,1.5368,0,0.17174,0.00029,0,0,0.010505,0,0,0,0.18667,0,0,0,0,0.1362
61,260,1.506,5.4482,413.59,0.18142,0,0,0,0,0,0,0,0,0,0.18667,0,0,0,0,0.7355
61,260,1.506,5.4482,413.59,0.0013615,0,0,0.12743,0,0,0,0,0,0.91947,1.3308,0,0,0,0,0.24517
61,260,1.506,5.4482,413.59,0,0,0,0,0,0,0,0,0,0.44575,0.18667,0,0,0,0,0.46309
61,260,1.506,5.4482,413.59,0,0,0,0,0,0,4.1876,0,0,0,0.18667,0,0,0,0,0.29965
61,260,1.506,5.4482,413.59,2.0252,0,0,0,0,0,0,0,0,0.4212,0.35503,0,0,0,0,0.1362
61,260,1.506,5.4482,413.59,0,0,0.97671,0,0,0,0,0,0,0,2.8437,0,0,0,0,0.40861
61,260,1.506,5.4482,413.59,0,0,0,1.2426,0,0,0,0,0,0.76342,2.2905,0,0,0,0,0.081722
61,260,1.506,5.4482,413.59,0.069657,0,0,0,0,0,0,0,0,0,0.18667,0,0,0,0,0.01362
61,260,1.506,5.4482,413.59,0,0,0,0,0,0.75102,0,0,0,0,0.33589,0,0,0,0,0.1362
61,260,1.506,5.4482,413.59,0,0,0,0,0,0,0,0,0,0.18355,2.0593,0,0,0,0,0.1362
61,260,1.506,5.4482,413.59,0.6663,0,0,0,0,0.0053144,0,0,0,0,0.18667,0,0,0,0,0.01362
61,260,1.506,5.4482,413.59,0.44161,0,0,0,0,0,0,0,0,0,0.18667,0,0,0,0,0.1362
61,260,1.506,5.4482,413.59,0.02347,0,0,0,0.002508,0.21612,0,0,0,0,0.18667,0,0,0,0,0.29965
61,260,1.506,5.4482,413.59,0,0,0,0,0,0,0,0,0,1.1034,0.18667,0,0,0,0,0.1362
61,260,1.506,5.4482,413.59,0,0,0.005263,0,0.008333,0,0.16424,0,0,1.057,0.18667,0,0,0,0,0.24517
61,260,1.506,5.4482,413.59,0,0,0,0,0,0,0,0,0,0.72035,2.0593,0,0,0,0,0.01362
61,260,1.506,5.4482,413.59,0,0,0,0.16651,0,0,3.0234,0,0,1.261,0.18667,0,0,0,0,0.36775
61,260,1.506,5.4482,413.59,1.8111,0,0,0,0,0,0,0,0,0.44575,1.3308,0,0,0,0,0.081722
61,260,1.506,5.4482,413.59,0.008776,0,0,0,0,0,0.16424,0,0,4.212,0.18667,0,0,0,0,0.24517
61,260,1.506,5.4482,413.59,0,0,0,0.056168,0,0.10178,0,0,0,2.6253,0.18667,0,0,0,0,0.081722
61,260,1.506,5.4482,413.59,0,0,0,0,0.007328,0,0,0,0,1.1822,1.3038,0,0,0,0,0.68102
61,260,1.506,5.4482,413.59,0,0,0,3.659,0,0,0,0,0,0,0.18667,0,0,0,0,0.57206
61,260,1.506,5.4482,413.59,1.2379,0,0,0,0.017389,0,0,0,0,0.39237,0.18667,0,0,0,0,0.01362
61,260,1.506,5.4482,413.59,0,0,0,0.021906,0.00062,0,0,0,0,0.76342,0.36085,0,0,0,0,0.01362
61,260,1.506,5.4482,413.59,0,0,0,0.041874,0,0,0,0,0,0.44575,0.18667,0,0,0,0,0.1362
61,260,1.506,5.4482,413.59,0,0,0,0,0,0,0.53887,0,0,0.27721,1.0623,0,0,0,0,0.36775
61,260,1.506,5.4482,413.59,0,0,0,0,0,0,0,0,0,0.68445,3.3133,0,0,0,0,0.19069
61,260,1.506,5.4482,413.59,0.10677,0,0,0,0,0,0,0,0,0,0.18667,0,0,0,0,0.19069
61,260,1.506,5.4482,413.59,1.8111,0,0,0,0,0,0,0,0,0.65812,0.18667,0,0,0,0,0.36775
61,260,1.506,5.4482,413.59,0,0,0,0,0.016772,0,0,0,0,0,3.65,0,0,0,0,0.24517
61,260,1.506,5.4482,413.59,0,0,0,0,0,0,0,0,0,0,0.18667,0,0,0,0,0.01362
61,260,1.506,5.4482,413.59,0.91487,0,0,0.002889,0,0,0,0,0,0.55196,0.18667,0,0,0,0,0.1362
61,260,1.506,5.4482,413.59,0,0,0,0,0,0,0,0,0,1.057,2.4339,0,0,0,0,0.89895
61,260,1.506,5.4482,413.59,0,0,0,0,0,2.7061,0,0,0,0,0.83155,0,0,0,0,0.081722
61,260,1.506,5.4482,413.59,0,0,0,0,0,0,0,0,0,3.8737,0.18667,0,0,0,0,0.24517
61,260,1.506,5.4482,413.59,0,0,0,0,0,0,0,0,0,1.0167,0.18667,0,0,0,0,0.24517
61,260,1.506,5.4482,413.59,0.15204,0,0,0,0,0,0.16424,0,0,0,0.18667,0,0,0,0,0.24517
61,260,1.506,5.4482,413.59,0,0,0,0.0045035,0,0,0,0,0,0,0.38292,0,0,0,0,0.78998
61,260,1.506,5.4482,413.59,0,0,0,0,0,0,0,0,0,0.27721,0.34441,0,0,0,0,0.19069
61,260,1.506,5.4482,413.59,0,0,0,1.1169,0,0,0,0,0,1.9819,1.4513,0,0,0,0,0.01362
61,260,1.506,5.4482,413.59,0.0059505,0,0,0,0,0,0,0,0,0,0.33634,0,0,0,0,0.1362
61,260,1.506,5.4482,413.59,0,0,0,0.62306,0,0,0.75485,0,0,0.76777,0.86986,0,0,0,0,0.01362
61,260,1.506,5.4482,413.59,0,0,0,0,0,0,0.8784,0,0,0,0.18667,0,0,0,0,0.19069
61,260,1.506,5.4482,413.59,0.49085,0,0,0,0,0.0053144,0,0,0,0.4212,0.18667,0,0,0,0,0.24517
61,260,1.506,5.4482,413.59,0.000254,0,0,3.325,0.00524,0,0.76622,0,0,0,0.93382,0,0,0,0,0.19069
61,260,1.506,5.4482,413.59,0.37606,0,0,0.63747,0,0,0,0,0,0,0.18667,0,0,0,0,0.29965
61,260,1.506,5.4482,413.59,0,0,0,0,0,0,0,0,0.077923,1.9819,0.34092,0,0,0,0,0.24517
61,260,1.506,5.4482,413.59,0.016666,0,0,0.052916,0,4.9167e-05,0,0,0,1.0167,0.18667,0,0,0,0,0.01362
61,260,1.506,5.4482,413.59,3.0532,0,0,0,0.44761,0,0,0,0,0,0.18667,0,0,0,0,0.1362
61,260,1.506,5.4482,413.59,0.33369,0,0.0095815,0,0,0,0,0,0,0,2.274,0,0,0,0,0.01362
61,260,1.506,5.4482,413.59,0,0,0,0.17191,0,0,0,0,0,0,0.42559,0,0,0,0,0.24517
61,260,1.506,5.4482,413.59,0,0,0,0,0,0,0.010505,0,0,1.0245,0.18667,0,0,0,0,0.1362
61,260,1.506,5.4482,413.59,0.00328,0,0,0,0,0.11831,0,0,0,0.72035,0.18667,0,0,0,0,0.1362
61,260,1.506,5.4482,413.59,0.12327,0,0,0.031836,0,0,0,0,0,0,1.6999,0,0,0,0,0.36775
61,260,1.506,5.4482,413.59,2.9061,0,0,0,0,0,0,0,0,1.0245,0.18667,0,0,0,0,0.01362
61,260,1.506,5.4482,413.59,0,0,0,0,0.00062,0.6555,0,0,0,0,2.2825,0,0,0,0,0.29965
61,260,1.506,5.4482,413.59,0,0,0,0,0,0,0,0.8143,0,1.1034,1.5754,0,0,0,0,0.081722
61,260,1.506,5.4482,413.59,0.067235,0,0,0.13351,0,0,0,0,0,0.63421,0.18667,0,0,0,0,0.24517
61,260,1.506,5.4482,413.59,0.12588,0,0,0,0,0,0,0,0,2.6253,0.18667,0,0,0,0,0.24517
61,260,1.506,5.4482,413.59,0,0,0,0.000337,0,0,0,0,0,0,0.18667,0,0,0,0,0.19069
61,260,1.506,5.4482,413.59,0,0,0,0.062075,0,1.0064,0.16424,0,0,0.4212,1.5006,0,0,0,0,0.19069
61,260,1.506,5.4482,413.59,0,0,0,1.699,0,0,0,0,0,1.5079,0.18667,0,0,0,0,0.081722
61,260,1.506,5.4482,413.59,0,0,0,0.42147,0.008397,0,0,0,0,0.18086,0.18667,0,0,0,0,0.24517
61,260,1.506,5.4482,413.59,0,0,0,0,0,0,0.075512,0,0,0.73557,3.2745,0,0,0,0,1.0079
61,260,1.506,5.4482,413.59,1.1162,0,0,0.39723,0,0,0,0,0,0.72035,0.34071,0,0,0,0,0.24517
61,260,1.506,5.4482,413.59,0,0,0,1.6226,0,0.00021684,0,0,0,0,0.18667,0,0,0,0,0.19069
61,260,1.506,5.4482,413.59,0.32209,0,0,0.043698,0,0.86541,0,0,0,1.5851,0.18667,0,0,0,0,0.36775
61,260,1.506,5.4482,413.59,0.15204,0,0,0,0,0,0,0,0,0,1.4447,0,0,0,0,0.1362
61,260,1.506,5.4482,413.59,0.49085,0,0,0.007449,0.0011985,0,0,0,0,1.0076,0.18667,0,0,0,0,0.36775
61,260,1.506,5.4482,413.59,0,0,0,0,0,0,0,0,0,1.0167,0.18667,0,0,0,0,0.01362
61,260,1.506,5.4482,413.59,1.0377,0,0,0,0,0.017111,0,0,0,0.44575,0.18667,0,0,0,0,0.01362
61,260,1.506,5.4482,413.59,0,0,0,0.55079,0,0,0,0,0,0,0.18667,0,0,0,0,0.081722
61,260,1.506,5.4482,413.59,0,0,0,0,0.0083325,0,0,0,0,0.72035,0.18667,0,0,0,0,0.1362
61,260,1.506,5.4482,413.59,0,0,0,0,0,0,0.53887,0,0,0,0.97191,0,0,0,0,0.46309
61,260,1.506,5.4482,413.59,0,0,0,0,0,0,0.16424,0,0,1.057,0.18667,0,0,0,0,0.24517
61,260,1.506,5.4482,413.59,0.003485,0,0,0.10596,0,0,0.53887,0,0,1.1034,0.18667,0,0,0,0,0.19069
61,260,1.506,5.4482,413.59,0.00062,0,0,0,0,0,0,0,0,3.8254,0.51886,0,0,0,0,0.19069
61,260,1.506,5.4482,413.59,0,0,0,0,0,0,0,0,0,2.6253,0.44504,0,0,0,0,0.01362
61,260,1.506,5.4482,413.59,0,0,0,0,0,0.01514,2.1326,0,0,1.4449,0.54798,0,0,0,0,0.1362
61,260,1.506,5.4482,413.59,0,0,0,0,0,0,0,0,0,0.27721,0.33634,0,0,0,0,0.081722
61,260,1.506,5.4482,413.59,0.048101,0,0,0,0,0,0,0,0,0,0.18667,0,0,0,0,0.081722
61,260,1.506,5.4482,413.59,0.074814,0,0,0,0,0,0.16424,0,0,1.2479,0.33356,0,0,0,0,0.01362
61,260,1.506,5.4482,413.59,0,0,0.67946,0,0,0,0,0,0,1.9819,0.33927,0,0,0,0,0.081722
61,260,1.506,5.4482,413.59,2.2446,0,0,0,0,0,0,0,0,0.55196,0.36132,0,0,0,0,0.1362
61,260,1.506,5.4482,413.59,2.1454,0,0.0053325,0.0045035,0,0,0,0,0,0,0.18667,0,0,0,0,0.19069
61,260,1.506,5.4482,413.59,0.11549,0,0,0,0,0,0.16424,0,0,0.18086,0.18667,0,0,0,0,0.19069
61,260,1.506,5.4482,413.59,0,0,0.6838,0.092259,0,1.0142,0,0,0,0,0.59267,0,0,0,0,0.24517
61,260,1.506,5.4482,413.59,0,0,0,1.0864,0,0,0.50998,0,0,0.68445,0.18667,0,0,0,0,0.1362
61,260,1.506,5.4482,413.59,0,0,0,0,0,0,0,0.0012795,0,0,0.33589,0,0,0,0,0.1362
61,260,1.506,5.4482,413.59,0,0,0,0,0.008321,0,0,0,0,0.21027,0.18667,0,0,0,0,1.1714
61,260,1.506,5.4482,413.59,0.28052,0,0,0,0,0,0.53887,0,0,0.63421,0.18667,0,0,0,0,0.01362
61,260,1.506,5.4482,413.59,0,0,0,0.092259,0,0,0,0,0,0,0.18667,0,0,0,0,0.01362
61,260,1.506,5.4482,413.59,0,0,0,0,0,0.00078163,0,0,0,1.0245,0.97191,0,0,0,0,0.40861
61,260,1.506,5.4482,413.59,0,0,0,1.557,0,1.0374,0,0,0,0,0.18667,0,0,0,0,0.1362
61,260,1.506,5.4482,413.59,0,0,0.00642,0,0,0,0,0,0,0.14685,0.18667,0,0,0,0,0.24517
61,260,1.506,5.4482,413.59,0,0,0,0,0,0,0,0,0,1.7327,0.18667,0,0,0,0,0.081722
61,260,1.506,5.4482,413.59,0,0,0,0,0,0,0,0,0,3.8254,0.18667,0,0,0,0,0.29965
61,260,1.506,5.4482,413.59,0.0061698,0,0,1.9258,0,0,0,0,0,0,0.18667,0,0,0,0,0.1362
61,260,1.506,5.4482,413.59,0,0,0,0,0,0,0,0,0,0,4.8475,0,0,0,0,0.36775
61,260,1.506,5.4482,413.59,0,0,0,0.62687,0,0,0.075512,0,0,1.164,0.18667,0,0,0,0,0.01362
61,260,1.506,5.4482,413.59,0.2116,0,0,0,0,0,0,0,0,0.27721,0.22358,0,0,0,0,0.19069
61,260,1.506,5.4482,413.59,0.22928,0,0,0,0,1.0023,0,0,0,3.4087,0.18667,0,0,0,0,0.01362
62,261,2.054,34.777,2640.1,0,0,0,0.40043,0.006456,0,0,0,0,0,14.407,0,0,0,0,0
62,261,2.054,34.777,2640.1,0,0,0,0,0,0,0,0,0,0.72035,0.18667,0,0,0,0,0
62,261,2.054,34.777,2640.1,0,0,0,0,0,0,0,0,0,0.18355,0.38292,0,0,0,0,0
62,261,2.054,34.777,2640.1,0,0,3.5913,0,1.3372,0,8.4013,0,0,0,0.18667,0,0,0,0,0
62,261,2.054,34.777,2640.1,0,0,0,0,0,0,0,0,0,0.76342,0.18667,0,0,0,0,0
62,261,2.054,34.777,2640.1,0,0,0,0,0,0,12.487,0,0,1.057,0.29739,0,0,0,0,0
62,261,2.054,34.777,2640.1,0,0,0,0.013572,0,0,3.2328,0,0,0.76342,0.18667,0,0,0,0,0
62,261,2.054,34.777,2640.1,0,0,0,0,0,0,0,0,0,0.27721,0.18667,0,0,0,0,0
62,261,2.054,34.777,2640.1,0,0,0,0,0,0,0.50998,0,0,0,0.18667,0,0,0,0,0
62,261,2.054,34.777,2640.1,0.005239,0,0,0,0,0,0,0,0,5.7109,13.648,0,0,0,0,0
62,261,2.054,34.777,2640.1,0,0,0,0,0,0,0,0,0,1.0167,0.18667,0,0,0,0,0
62,261,2.054,34.777,2640.1,0,0,0,1.26,0,1.9538,0,0,0,0,1.4513,0,0,0,0,0.52166
62,261,2.054,34.777,2640.1,0,0,0,0,0,0,0,0,0,0,5.5492,0,0,0,0,0.086943
62,261,2.054,34.777,2640.1,0.33369,0,0,6.6898,0,0,0,0,0,0.72035,0.33631,0,0,0,0,0
62,261,2.054,34.777,2640.1,2.1932,0,0,1.557,0,0,0,0,0,0.21027,12.035,0,0,0,0,1.2172
62,261,2.054,34.777,2640.1,28.342,0,0,2.1617,0,0,0,0,0,0,0.35864,0,0,0,0,0
62,261,2.054,34.777,2640.1,0,0,0,0,0,0,0,0,1.0648,7.8617,0.18667,0,0,0,0,0
62,261,2.054,34.777,2640.1,0,0,0,0,0,0,0,0,0,0.14685,0.344,0,0,0,0,0
62,261,2.054,34.777,2640.1,0,0,0,0,0,0,0.16424,0,0,0.18086,0.18667,0,0,0,0,0
62,261,2.054,34.777,2640.1,0.012094,0,0,0,0,0,10.801,0,0,0.39237,0.3343,0,0,0,0,0
62,261,2.054,34.777,2640.1,1.6977,0,0,0,0,0,0,0,0,0.65812,0.18667,0,0,0,0,0
62,261,2.054,34.777,2640.1,0,0,0,0,0,0,0,0,0,0,15.261,0,0,0,0,0
62,261,2.054,34.777,2640.1,0,0,0,8.5247,0,0,0,0,0,2.6253,0.18667,0,0,0,0,0
62,261,2.054,34.777,2640.1,0,0,0,0.11025,0,0,0,0,0,3.8254,17.84,0,0,0,0,0
62,261,2.054,34.777,2640.1,0.39786,0,0,0,0,0,0.11746,0,0,3.4087,0.18667,0,0,0,0,0
62,261,2.054,34.777,2640.1,2.1264,0,0,0,0,0,0,0,0,0.056957,15.543,0,0,0,0,0
62,261,2.054,34.777,2640.1,0.70755,0,0,0,0,0,0.0029097,0,0,0,0.18667,0,0,0,0,0
62,261,2.054,34.777,2640.1,0,0,0,0,0,0,7.1437,0,0,10.481,3.2092,0,0,0,0,0
62,261,2.054,34.777,2640.1,0.2086,0,0,19.879,0,0.0055723,0,0,0,0,0.18667,0,0,0,0,0
62,261,2.054,34.777,2640.1,0,0,0,1.8854,0,0.00021684,0,0,0,5.7109,2.0171,0,0,0,0,0
62,261,2.054,34.777,2640.1,0.00495,0,0,0,0,0,0.16424,0,0,0,2.3028,0,0,0,0,0
62,261,2.054,34.777,2640.1,0,0,0,0,0,0,0,0,0,0,7.6991,0,0,0,0,0
62,261,2.054,34.777,2640.1,1.4291,0,0.76815,18.304,0.008333,0,0,0,0,1.057,0.18667,0,0,0,0,0
62,261,2.054,34.777,2640.1,5.8648,0,0,0,0,0,0,0,0,0.55196,1.6408,0,0,0,0,0
62,261,2.054,34.777,2640.1,0,0,0,0,0.000124,1.0017,0,0,0,0.18355,13.254,0,0,0,0,0
62,261,2.054,34.777,2640.1,0,0,0,0,0.008333,0,0,0,0,1.5851,4.2264,0,0,0,0,0
62,261,2.054,34.777,2640.1,0,0,0,3.4766,0,0.13158,0,0,0,0,0.18667,0,0,0,0,0.86943
62,261,2.054,34.777,2640.1,4.3216,0,0,0,0,0,0.0029097,0,0,10.481,9.9675,0,0,0,0,0
62,261,2.054,34.777,2640.1,0,0,0,3.4899,0,0,0,0,0,0,0.18667,0,0,0,0,0
62,261,2.054,34.777,2640.1,0,0,0,0,0,0,0.02739,0,0,0.44575,0.18667,0,0,0,0,0
62,261,2.054,34.777,2640.1,0,0,0,4.4326,0,0,9.7191,0,0,9.1622,2.2825,0,0,0,0,0
62,261,2.054,34.777,2640.1,0.010259,0,0,0,0,0,0,0,0,0,0.18667,0,0,0,0,0
62,261,2.054,34.777,2640.1,0,15.287,0,0,0,0,0,0,0,1.7327,0.22358,0,0,0,0,0
62,261,2.054,34.777,2640.1,0.069657,0,0,0.13351,0.008333,0,0,1.4406,0,1.1034,0.18667,0,0,0,0,0
62,261,2.054,34.777,2640.1,0,0.014729,0,0.012203,0,0,0,0,0,0.4212,0.18667,0,0,0,0,0
62,261,2.054,34.777,2640.1,0.001009,0,0,0.93379,0,0,0,0,0,1.0834,2.6226,0,0,0,0,0
62,261,2.054,34.777,2640.1,0.001205,0,0,0.041874,0,1.0076,0,0,0,0,0.35503,0,0,0,0,0
62,261,2.054,34.777,2640.1,0,0,0,19.334,0,0,0,0,0,1.0167,0.18667,0,0,0,0,0
62,261,2.054,34.777,2640.1,0.077588,0,0,0,0,0,0.16424,0,0,0,1.3604,0,0,0,0,0
62,261,2.054,34.777,2640.1,0,0,0,0.019967,0,0,0,0,0,5.7109,0.18667,0,0,0,0,1.565
62,261,2.054,34.777,2640.1,0.001493,0,0,0,0,0,0,0,0,1.7864,0.18667,0,0,0,0,0
62,261,2.054,34.777,2640.1,0.001493,0,0,4.4326,0,0,0,0,0,0,6.1969,0,0,0,0,0
62,261,2.054,34.777,2640.1,0,0,0,0,4.5351,0,0.16424,0,0,0.65812,15.543,0,0,0,0,0
62,261,2.054,34.777,2640.1,0,0,0.003846,0,0,0,0,0,0,10.481,13.254,0,0,0,0,0
62,261,2.054,34.777,2640.1,0,0,0,2.1213,0,0,0,0,0,19.403,5.7625,0,0,0,0,0
62,261,2.054,34.777,2640.1,0,0,0,11.662,0,0,0.16424,0,0,0,8.9997,0,0,0,0,0
62,261,2.054,34.777,2640.1,0,0,0,0.74517,0,0,0,0,0,0.44575,11.622,0,0,0,0,0
62,261,2.054,34.777,2640.1,0.01198,0,0,0,0,0,0,0,0,0,2.4226,0,0,0,0,0
62,261,2.054,34.777,2640.1,0,0,0,5.7012,0,0,0.75485,0,0,8.5959,4.7914,0,0,0,0,0
62,261,2.054,34.777,2640.1,0.008776,0,0,2.2575,0,3.4152,0,0,0,1.9819,0.18667,0,0,0,0,0
62,261,2.054,34.777,2640.1,0,0,0,0,0,0.011937,0,0,0,0,19.71,0,0,0,0,0
62,261,2.054,34.777,2640.1,0,0,0,0,0,0,0.010505,0,0,0.44575,0.18667,0,0,0,0,0
62,261,2.054,34.777,2640.1,0,0,0,0,0,0,0,0,0,0.8932,0.33632,0,0,0,0,1.2172
62,261,2.054,34.777,2640.1,0.020217,0,0,0,0,0,0,0,0,1.7864,0.18667,0,0,0,0,0
62,261,2.054,34.777,2640.1,0,0,10.683,8.8394,0,0,0,0,0,1.5859,0.34503,0,0,0,0,5.7383
62,261,2.054,34.777,2640.1,0.02398,0,0,0,0,0,0,0,0,0.27721,0.96176,0,0,0,0,0
62,261,2.054,34.777,2640.1,0,0,0,0,0,0,0,0,0,0,1.09,0,0,0,0,0
62,261,2.054,34.777,2640.1,0,0,0,0,0,0,1.0096,0,0,0,0.52439,0,0,0,0,0
62,261,2.054,34.777,2640.1,0,0,0,0,10.936,0,0,0,0,0,0.18667,0,0,0,0,0
62,261,2.054,34.777,2640.1,0,0,0,0,0,0,0,0,0,0.55196,5.4517,0,0,0,0,0
62,261,2.054,34.777,2640.1,1.4291,0,0,0,0,1.0023,0,0,0,9.1622,17.802,0,0,0,0,0
62,261,2.054,34.777,2640.1,0,0,0,0,0,0,0,0,0,0,3.65,0,0,0,0,0
62,261,2.054,34.777,2640.1,0,0,0,0.065201,0,0,0,0,0,0,5.114,0,0,0,0,0
62,261,2.054,34.777,2640.1,0,0,0,0,0,0,0,0,0,1.7864,0.33626,0,0,0,0,0
62,261,2.054,34.777,2640.1,0,0,0,0.40043,0,0,0,0,0,0,7.7161,0,0,0,0,1.2172
62,261,2.054,34.777,2640.1,3.2752,0,0,0,0,1.0017,0,0,0,0,11.953,0,0,0,0,0
62,261,2.054,34.777,2640.1,0,0,0,0,0,0,0,0,0,5.6716,0.18667,0,0,0,0,0
62,261,2.054,34.777,2640.1,0,0,0,0.10623,0,0,0.02739,0,0,8.0476,1.445,0,0,0,0,0
62,261,2.054,34.777,2640.1,2.7382,0,0,0,0,0.0016131,0,0,0,1.1822,13.142,0,0,0,0,0
62,261,2.054,34.777,2640.1,0,0,0,0,0,0.0032185,0,0,0,0,12.314,0,0,0,0,0
62,261,2.054,34.777,2640.1,0,0,0,0,0,0,0.53887,0,0,1.7864,1.2286,0,0,0,0,0
62,261,2.054,34.777,2640.1,8.1e-05,0,0,0,0,0,0,0,0,1.5079,0.3343,0,0,0,0,0
62,261,2.054,34.777,2640.1,0,0,0,0,0,0,12.487,0,0,0.76342,0.18667,0,0,0,0,0
62,261,2.054,34.777,2640.1,0,0,0,24.052,0,0,0,0,0,0,3.4013,0,0,0,0,0
62,261,2.054,34.777,2640.1,0,0,0,0,0,0,0.16424,0,0,1.7327,2.8437,0,0,0,0,0
62,261,2.054,34.777,2640.1,0.55082,0,0,0.0045035,0,0,23.859,0,0,1.5851,4.2836,0,0,0,0,0
62,261,2.054,34.777,2640.1,0,0,0,2.5943,0,0.99999,0,0,0,0.73557,2.5119,0,0,0,0,0
62,261,2.054,34.777,2640.1,0,0,0,0,0,0,0.16424,0,0,0.4212,3.8481,0,0,0,0,0
62,261,2.054,34.777,2640.1,0,0,0,0,0,0,0.16424,0,0,0,23.864,0,0,0,0,0
62,261,2.054,34.777,2640.1,0.49085,0,0,0,0,0,0,0,0,0,11.953,0,0,0,0,0.52166
62,261,2.054,34.777,2640.1,0,0,0,0.10288,0,5.3761,0,0,0,0,0.18667,0,0,0,0,0
62,261,2.054,34.777,2640.1,0.0067626,0,0,0,0.018878,0,0,0,0,0.76342,17.802,0,0,0,0,4.3472
62,261,2.054,34.777,2640.1,0,0,0,0.27777,0,0,0,0,0,3.8254,4.2264,0,0,0,0,0
62,261,2.054,34.777,2640.1,0,0,0,5.1387,0,0,0,0,0,0,13.42,0,0,0,0,0.086943
62,261,2.054,34.777,2640.1,0.17653,0,0,0.033408,0,0,0,0,0,8.4961,0.22358,0,0,0,0,3.3038
62,261,2.054,34.777,2640.1,0,0,0,0,0,0,22.844,0,0,0.55196,0.18667,0,0,0,0,0
62,261,2.054,34.777,2640.1,0,0,0,0.052916,0,0.024696,4.5819,0,0,1.9819,1.556,0,0,0,0,1.565
62,261,2.054,34.777,2640.1,0,0,0,2.4393,0,0,0,0,0,9.1622,0.45538,0,0,0,0,0
62,261,2.054,34.777,2640.1,0.20158,0,0,0,0,0,0.16424,0,0,0,8.0593,0,0,0,0,0
62,261,2.054,34.777,2640.1,8.5811,0,0,19.879,0,0,0,0,0,2.6253,0.71492,0,0,0,0,0.86943
62,261,2.054,34.777,2640.1,0,0,0.17534,0.12743,0,0,0,0,0,2.6253,7.8478,0,0,0,0,0
62,261,2.054,34.777,2640.1,0,0,0,4.1021,0,0,3.0234,0,0,0,0.18667,0,0,0,0,0
62,261,2.054,34.777,2640.1,0,0,1.0383,0,0,1.6606,0,0,0,1.0245,4.4486,0,0,0,0,0
62,261,2.054,34.777,2640.1,8.142,0,0,0,0,0,0.76622,0,0,0,0.18667,0,0,0,0,0
62,261,2.054,34.777,2640.1,0,0,0,0,0,0,0,0,0,0.44575,6.4269,0,0,0,0,0
62,261,2.054,34.777,2640.1,0.046643,0,0,0,0.003485,0.0018444,0,0,0,0.18086,31.227,0,0,0,0,0
62,261,2.054,34.777,2640.1,1.1162,0,0,0.002194,0,0.1257,0,0,0,3.8737,0.18667,0,0,0,0,0
62,261,2.054,34.777,2640.1,0,0,0,0,0,0,0,0,0,0,1.4513,0,0,0,0,0
62,261,2.054,34.777,2640.1,6.3112,0,0,0,0,0.99999,0,0,0,0,19.467,0,0,0,0,0
62,261,2.054,34.777,2640.1,0,0,0,0,0,0,0,0,0,1.0834,0.22358,0,0,0,0,0
62,261,2.054,34.777,2640.1,0,0,0,0.0083,0,0,0,0,0,1.0834,11.85,0,0,0,0,0
62,261,2.054,34.777,2640.1,0.064502,0,0,0.001415,0,0,0.16424,0,0,0,6.6904,0,0,0,0,0
62,261,2.054,34.777,2640.1,0.007658,0,0,0.0083,0,0,0,0,0,0.39237,0.18667,0,0,0,0,0
62,261,2.054,34.777,2640.1,1.6977,0,0,0,0,0,0,0,0,1.0076,12.182,0,0,0,0,0
62,261,2.054,34.777,2640.1,0,0,0,0,0.022568,0,0,0,0,1.0167,0.18667,0,0,0,0,0.86943
62,261,2.054,34.777,2640.1,0,0,0,0.00029,0,0,0,0,0,0.18086,12.447,0,0,0,0,0
62,261,2.054,34.777,2640.1,0.00524,0,0,0,0,0,0,0,0,1.5859,12.447,0,0,0,0,0
62,261,2.054,34.777,2640.1,0.007074,0,0,0,0,0.99999,0.76622,0,0,1.9819,0.18667,0,0,0,0,0
62,261,2.054,34.777,2640.1,0,0,0,0,0,10.218,0,0,0,0,0.18667,0,0,0,0,0
62,261,2.054,34.777,2640.1,0,0,0,0,0,0,0,0,0,1.0167,14.249,0,0,0,0,0
62,261,2.054,34.777,2640.1,0.003538,0,0,0,0,0,0,0,0,7.6506,0.18667,0,0,0,0,1.2172
62,261,2.054,34.777,2640.1,2.4428,0,0,0,0,0,0,0,0,16.378,0.37122,0,0,0,0,0
62,261,2.054,34.777,2640.1,0,0,0,0,0,0,0,0,0,0,0.34266,0,0,0,0,0
62,261,2.054,34.777,2640.1,0.018623,0,0,0,0,0,0,0,0,0.44575,1.556,0,0,0,0,0
62,261,2.054,34.777,2640.1,0,0,0,0,1.0767,0,0,0,0,0,9.9675,0,0,0,0,0
62,261,2.054,34.777,2640.1,0,3.9258,0,8.7752,0,0,0,0,0,1.808,17.386,0,0,0,0,0
62,261,2.054,34.777,2640.1,1.3758,0,0.001436,6.3e-05,0,0,0,0,0,0,5.4628,0,0,0,0,0
62,261,2.054,34.777,2640.1,0,0,0,0,0,0,0,0,0,16.378,0.18667,0,0,0,0,0
62,261,2.054,34.777,2640.1,0.003465,0,0,0.062075,0.008333,0.99999,0,0,0,0.18355,27.942,0,0,0,0,0
62,261,2.054,34.777,2640.1,0.000688,0,0,0,0,0,0,0,0,1.057,0.33626,0,0,0,0,1.2172
62,261,2.054,34.777,2640.1,0.025079,0,0,0.67186,0,0,0,0,0,1.7327,0.22358,0,0,0,0,0
62,261,2.054,34.777,2640.1,0,0,0,0,0,0,0,0,0,1.0834,2.436,0,0,0,0,0
62,261,2.054,34.777,2640.1,0,0,0,10.143,0.01723,1.0113,0,0,0,0.056957,0.18667,0,0,0,0,0
62,261,2.054,34.777,2640.1,0,0,6.9601,0.003833,0.68837,0,0,0,0,0,10.511,0,0,0,0,0
62,261,2.054,34.777,2640.1,0,0,0,0,0,0,0,0,0,0,0.18667,0,0,0,0,0.52166
62,261,2.054,34.777,2640.1,0,0,0,0,0,0.0053144,0,0,0,5.7109,4.4969,0,0,0,0,1.565
62,261,2.054,34.777,2640.1,0,0,0,0,0,0.75102,0,0,0,0,0.18667,0,0,0,0,0
62,261,2.054,34.777,2640.1,0,0,0,0.000337,0,0,0,0,0,13.788,12.035,0,0,0,0,0
62,261,2.054,34.777,2640.1,0,0,0,0,0,0,0,0,0,0,5.114,0,0,0,0,0
62,261,2.054,34.777,2640.1,0.016665,0,0,0.20413,0,0,0,0,0,3.4087,22.311,0,0,0,0,0
62,261,2.054,34.777,2640.1,0,0,0,0,0,0,0,0.79496,0,0.4212,0.35238,0,0,0,0,0
62,261,2.054,34.777,2640.1,0,0,0,0,0,0,0.0029097,0,0,1.0139,0.3343,0,0,0,0,0
62,261,2.054,34.777,2640.1,0.12327,0,0,0,0,0,0,0,0,1.1822,23.796,0,0,0,0,0
62,261,2.054,34.777,2640.1,0,0,0,0,0,0,0.16424,0,0,0,0.18667,0,0,0,0,0
62,261,2.054,34.777,2640.1,0,0,0,0,0,0,0,0.014411,0,0,0.34503,0,0,0,0,0
62,261,2.054,34.777,2640.1,4.6157,9.1839,0,0,0,0,0.0029097,0,0,5.7231,0.18667,0,0,0,0,0
62,261,2.054,34.777,2640.1,0,0,0,0.25819,0,1.0017,0,0,0,0.27721,0.18667,0,0,0,0,0
62,261,2.054,34.777,2640.1,0.017397,0,0,0,0,0.057464,5.8158,0,0,9.1622,0.18667,0,0,0,0,0
62,261,2.054,34.777,2640.1,0.093008,0,0,0,0,0,0.02739,0,0,0,0.18667,0,0,0,0,0
62,261,2.054,34.777,2640.1,0,0,0,0,0.008365,0,0,0,0,1.0076,7.8198,0,0,0,0,0
62,261,2.054,34.777,2640.1,0,0,0,0,0,0,0,0,0,0.44682,0.3407,0,0,0,0,0
62,261,2.054,34.777,2640.1,0.040445,0,0,0,0,0,0,0,0,0,0.18667,0,0,0,0,0.86943
62,261,2.054,34.777,2640.1,0,0,0,0,0,0,0,0,0,0.4212,0.18667,0,0,0,0,0
62,261,2.054,34.777,2640.1,0,0,0,0,0,0,0,0,0,1.5851,0.18667,0,0,0,0,0
62,261,2.054,34.777,2640.1,0,0,0,0,0,0,29.471,0,0,1.1822,0.18667,0,0,0,0,0
62,261,2.054,34.777,2640.1,0,0,0,0.37619,0,0,0,0,0,1.0076,16.651,0,0,0,0,0
62,261,2.054,34.777,2640.1,0.24201,0,0,0,0,0,0.16424,0,0,1.1034,0.18667,0,0,0,0,0
62,261,2.054,34.777,2640.1,2.4783,0,0,0,0.008471,0,0,0,0,21.917,1.569,0,0,0,0,1.565
62,261,2.054,34.777,2640.1,0.00062,0,0,0,0,0,0,0,0,1.808,2.3406,0,0,0,0,0.52166
62,261,2.054,34.777,2640.1,0,0,0,0,0,0,0.16424,0,0,1.1034,0.18667,0,0,0,0,0
62,261,2.054,34.777,2640.1,0.003416,0,0,0.01839,0,0,0,0,0,0.76342,0.35074,0,0,0,0,0
62,261,2.054,34.777,2640.1,0,0,0,4.4326,0,0,0.16424,0,0,0.68445,9.9675,0,0,0,0,0
62,261,2.054,34.777,2640.1,0.005239,1.0978,0,0.013572,0,0,0.50998,0,0,1.5859,0.18667,0,0,0,0,1.565
62,261,2.054,34.777,2640.1,0,0,0,0,6.7548,0,22.844,0,0,0,0.18667,0,0,0,0,0
62,261,2.054,34.777,2640.1,0,0,0,0,0,0,0,0,0,21.917,1.6181,0,0,0,0,0
62,261,2.054,34.777,2640.1,0,0,0,0,0,0,0,0,0,0.44682,0.18667,0,0,0,0,0
62,261,2.054,34.777,2640.1,0,0,0,0,0,0.032763,0,0,0,0,0.18667,0,0,0,0,0
62,261,2.054,34.777,2640.1,0.68758,0,0,0,0,0,0,0,0,1.808,2.1165,0,0,0,0,0
62,261,2.054,34.777,2640.1,0,0,0,0.16568,0,0.98597,0,0,0,1.808,13.14,0,0,0,0,0
62,261,2.054,34.777,2640.1,4.2339,0,0,0.012203,0.008397,0,0.16424,0,0,0.91947,5.6466,0,0,0,0,0
62,261,2.054,34.777,2640.1,0.12588,0,0,0,0.43135,0,0,0,0,1.0167,6.329,0,0,0,0,0
62,261,2.054,34.777,2640.1,0,0,0,0,0,0,0,0,0,0,2.8841,0,0,0,0,0
62,261,2.054,34.777,2640.1,0,0,0,0.038018,0,1.2014,0.53887,0,0,1.0167,4.7763,0,0,0,0,0
62,261,2.054,34.777,2640.1,9.5035,0,0,0.2954,0,0,5.1814,0,0,0,0.45538,0,0,0,0,0
62,261,2.054,34.777,2640.1,0,0,0,13.42,0,0,0,0,0,0,0.18667,0,0,0,0,0
62,261,2.054,34.777,2640.1,0,0,0,0,0,0,0.76622,0,0,0,0.35737,0,0,0,0,0
62,261,2.054,34.777,2640.1,0,0,0,0,0,0,0,0,0,1.057,0.24309,0,0,0,0,0
62,261,2.054,34.777,2640.1,0.04398,0,0,0,0,0,0,0,0,1.1034,0.34071,0,0,0,0,0.086943
62,261,2.054,34.777,2640.1,4.3216,0,0,0.4407,0,9.8334e-05,0.16424,0,0,1.1034,1.09,0,0,0,0,0
62,261,2.054,34.777,2640.1,0.002784,0,0,0.67186,0,0.32898,23.859,0,0,2.6253,1.9936,0,0,0,0,0
62,261,2.054,34.777,2640.1,0,0,0,0,0.008471,0.99999,0,0,0,0,2.4339,0,0,0,0,0
62,261,2.054,34.777,2640.1,0,0,0,0,0,0,0,0,0,0,20.24,0,0,0,0,0.86943
62,261,2.054,34.777,2640.1,0,0,0,0,0,0,0,0,0,1.9819,19.523,0,0,0,0,1.9128
62,261,2.054,34.777,2640.1,0,0,0,0.30178,0,0,0,0,0,1.261,0.18667,0,0,0,0,0
62,261,2.054,34.777,2640.1,0,0,0,0.000515,0,0,0.16424,0,0,0,1.2592,0,0,0,0,0
62,261,2.054,34.777,2640.1,0.76748,0,0,0,0,0,0.50998,0,0,1.4449,13.556,0,0,0,0,0
62,261,2.054,34.777,2640.1,2.4428,0,0,0,0,0,0.16424,0,0,0,5.5606,0,0,0,0,0
62,261,2.054,34.777,2640.1,0.00495,0,0,0,0.0094835,0,0.13695,0,0,1.5859,25.69,0,0,0,0,0
62,261,2.054,34.777,2640.1,0,0,0,5.7012,0,0,0,0,0,0.4212,13.254,0,0,0,0,0
62,261,2.054,34.777,2640.1,0.0057164,0,0,0,0,0,0,0,0,0.68445,0.18667,0,0,0,0,0
62,261,2.054,34.777,2640.1,0,0,0,0,0,12.971,0,0,0,7.8617,0.3823,0,0,0,0,0
62,261,2.054,34.777,2640.1,0,0,0,0,0,0,0,0,0,3.4087,0.18667,0,0,0,0,0
62,261,2.054,34.777,2640.1,0,0,0,0.003551,0,0,0,0,0,1.0245,6.2316,0,0,0,0,0
62,261,2.054,34.777,2640.1,0,0,0,0.007748,0,0,0,0,0,0,0.22358,0,0,0,0,0
62,261,2.054,34.777,2640.1,0,0,0,0,0,0,0.16424,0,0,0.8932,2.0991,0,0,0,0,0
62,261,2.054,34.777,2640.1,1.3758,0,0,0.52091,0,0,0,0,0,0,10.045,0,0,0,0,0
62,261,2.054,34.777,2640.1,0.015697,0,0,0,0.68837,0,0,0,0,5.6716,6.5051,0,0,0,0,0
62,261,2.054,34.777,2640.1,0.00524,0,0,0,0,0.00021684,0,0,0,0.27721,0.18667,0,0,0,0,0
62,261,2.054,34.777,2640.1,0,0,0,8.5247,0.57162,0,0,0,0,4.212,17.84,0,0,0,0,0
62,261,2.054,34.777,2640.1,2.9061,0,0,0.10288,0,0,0,0,0,7.6506,15.543,0,0,0,0,0
62,261,2.054,34.777,2640.1,0,0,0,0,0.024737,0,0,0,0,1.7327,0.33213,0,0,0,0,0
62,261,2.054,34.777,2640.1,0,0,0,0.055247,0,0.9846,0,0,0,0,0.18667,0,0,0,0,1.2172
62,261,2.054,34.777,2640.1,0,0,0,0,0,8.8417,0,0,0,0.8932,23.137,0,0,0,0,0
62,261,2.054,34.777,2640.1,0,0,0,0,0.008333,0.1296,0,0,0,1.0834,0.18667,0,0,0,0,0
62,261,2.054,34.777,2640.1,0,0,0,0.30688,0,0,0,0,0,0,2.0991,0,0,0,0,0
62,261,2.054,34.777,2640.1,0,0,0,0.0079985,0,0,0.0029097,0,0,0,0.18667,0,0,0,0,0
62,261,2.054,34.777,2640.1,0.0091124,0,0,0.42147,0,0,0.16424,0,0,1.1822,0.44504,0,0,0,0,0
62,261,2.054,34.777,2640.1,0.12327,0,0,0,0,0,0.16424,0,0,1.261,0.18667,0,0,0,0,0.86943
62,261,2.054,34.777,2640.1,0,0,0,0,0,0,0,0,0,7.8617,6.941,0,0,0,0,0
62,261,2.054,34.777,2640.1,0.016668,0,0,3.0414,0,0,26.54,0,0,1.057,0.18667,0,0,0,0,0
62,261,2.054,34.777,2640.1,1.1853,0,6.5119,0,0,0,0,0,0,1.7864,0.18667,0,0,0,0,0
62,261,2.054,34.777,2640.1,0,0,0,0,0,0,0,0,0,1.164,0.18667,0,0,0,0,0
62,261,2.054,34.777,2640.1,0.0035835,0,0,0,0,0,0,0,0,0,2.2905,0,0,0,0,0
62,261,2.054,34.777,2640.1,0,0,0,0.48023,0.009001,0,13.851,0,0,0,2.777,0,0,0,0,0
62,261,2.054,34.777,2640.1,0.03451,0,0,0.78773,0,0,0.02739,0,0,0.18355,0.18667,0,0,0,0,0
62,261,2.054,34.777,2640.1,0,0,0,0,0,0,34.254,0,0,0,0.18667,0,0,0,0,0
62,261,2.054,34.777,2640.1,0,0,0,0.27777,0,0,0,0,0,0.14685,13.566,0,0,0,0,0.086943
62,261,2.054,34.777,2640.1,0.068081,0,0,0,0,0,0,0,0,0,13.363,0,0,0,0,0
62,261,2.054,34.777,2640.1,0,0,0,0,0,0,0.16424,0,0.7145,0.18086,0.86539,0,0,0,0,0
62,261,2.054,34.777,2640.1,14.489,0,0,0,0,0,0.02739,0,0,0,0.18667,0,0,0,0,0
62,261,2.054,34.777,2640.1,0,0,0,0,0,6.3939,0,0,0,1.0408,0.18667,0,0,0,0,0
62,261,2.054,34.777,2640.1,0,0,0,0.28576,0,0.032763,7.2652,0,0,0,0.3823,0,0,0,0,0.086943
62,261,2.054,34.777,2640.1,0,0,0,3.0435,0,0,0,0,0,1.1822,0.22358,0,0,0,0,0
62,261,2.054,34.777,2640.1,2.1932,0,0,0,0,0,0,0,0,0,12.6,0,0,0,0,0
62,261,2.054,34.777,2640.1,0.2194,0,0,0,0,0,0,0,0,1.808,0.18667,0,0,0,0,1.9128
62,261,2.054,34.777,2640.1,0.84005,0,0,0,0,0,4.8888,0,0,21.917,4.8003,0,0,0,0,0
62,261,2.054,34.777,2640.1,0.002011,0,0,0,7.5496,0,0,0,0,0.76342,0.45538,0,0,0,0,0
62,261,2.054,34.777,2640.1,0.093008,0,0,0,0,0.99999,0,0,0,1.7327,18.456,0,0,0,0,0
62,261,2.054,34.777,2640.1,0,0,0,0,0,0,0,0,0,0.72035,0.18667,0,0,0,0,0
62,261,2.054,34.777,2640.1,0,0,0,0,0.002508,1.0261,0,0,0,0.68445,0.18667,0,0,0,0,0
62,261,2.054,34.777,2640.1,0.067235,0,0,0,0,0,0,0,0,13.788,13.082,0,0,0,0,0
62,261,2.054,34.777,2640.1,0,0,0,0,0,0,0,0,0,0,0.33634,0,0,0,0,0
62,261,2.054,34.777,2640.1,0.077588,0,0,2.4045,0,0,0,0,0,0,0.18667,0,0,0,0,0
62,261,2.054,34.777,2640.1,0.30574,0,0,0,0,0,0,0,0,0,7.2436,0,0,0,0,0
62,261,2.054,34.777,2640.1,0,0,0,0,0,6.6358,0,0,0,1.5859,0.18667,0,0,0,0,0
62,261,2.054,34.777,2640.1,0,0,0,0,0.002741,0.32898,0.76622,0,0,0,1.445,0,0,0,0,0
62,261,2.054,34.777,2640.1,0,0,0,0.066388,0.00833,0,0,0,0,0,11.953,0,0,0,0,0
62,261,2.054,34.777,2640.1,0,0,0,0,0.28,0.99999,0,0,0,0,0.18667,0,0,0,0,0
62,261,2.054,34.777,2640.1,0.023102,0,0,0,0,1.2338,0.16424,0,0,0,7.8198,0,0,0,0,0
62,261,2.054,34.777,2640.1,0.57029,0,12.259,0,0,0,0,0,0,0.55196,0.29739,0,0,0,0,0
62,261,2.054,34.777,2640.1,0,0,0,0,0,0.77378,0,0,0,0.72035,8.8787,0,0,0,0,0
62,261,2.054,34.777,2640.1,1.9578,0,0,0,0,0,0.76622,0,0,0,0.18667,0,0,0,0,0
62,261,2.054,34.777,2640.1,0,0,0,0,0.00644,0,0.8784,0,0,0,0.18667,0,0,0,0,0
62,261,2.054,34.777,2640.1,0,0,0,8e-05,0,0,0,0,0,9.1202,1.9365,0,0,0,0,0
62,261,2.054,34.777,2640.1,0,0,0,0.56268,0,0,0,0,0,16.378,0.18667,0,0,0,0,0
62,261,2.054,34.777,2640.1,0,0,0,3.5292,0.00524,0,0,0,0,0.68445,0.18667,0,0,0,0,0
62,261,2.054,34.777,2640.1,0,0,0,0,0,0,0,0,0,0,0.18667,0,0,0,0,0.086943
62,261,2.054,34.777,2640.1,0,0,0,0,0.00524,0,0,0,0,1.0245,2.8841,0,0,0,0,0
62,261,2.054,34.777,2640.1,0,0,0,4.3242,0,0.99999,0.16424,0,0,0,24.007,0,0,0,0,0
62,261,2.054,34.777,2640.1,0.002139,0,0,0,0,0,0,0,0,19.403,0.18667,0,0,0,0,0
62,261,2.054,34.777,2640.1,0,0,0,5.23,0,0.98521,0,0,0.044337,0.44575,0.18667,0,0,0,0,0
62,261,2.054,34.777,2640.1,0,0,0,0,0,0,0,0,0,0,0.18667,0,0,0,0,0.086943
62,261,2.054,34.777,2640.1,0,0,0.014817,0,0.008642,0,0,0,0,21.917,3.2576,0,0,0,0,0
62,261,2.054,34.777,2640.1,0,0,0,0,0,0.057464,0,0,0,0,0.18667,0,0,0,0,0
62,261,2.054,34.777,2640.1,0.029081,0,0,0,0,0.99035,0,0,0,8.5959,16.651,0,0,0,0,0
62,261,2.054,34.777,2640.1,0,0,0,0,0,0,3.7838,0,0,3.8737,0.18667,0,0,0,0,0
62,261,2.054,34.777,2640.1,0.001205,0,0,0.65075,1.1733,0,0.53887,0,0,3.8254,0.18667,0,0,0,0,0
62,261,2.054,34.777,2640.1,0.00524,0,0,0,0.002508,0,0,0,0,0,5.6787,0,0,0,0,0
62,261,2.054,34.777,2640.1,0.025079,0,0,0,0,0,0,0,0,5.7109,0.18667,0,0,0,0,0
62,261,2.054,34.777,2640.1,0.003346,0,0,0,0,0,0,0,0,0.8932,0.33263,0,0,0,0,0
62,261,2.054,34.777,2640.1,0.00247,0,0,0,0,0,0,0,0,1.0245,11.85,0,0,0,0,0.086943
62,261,2.054,34.777,2640.1,0,0,0,0.10795,0,0,0,0,0,0,0.18667,0,0,0,0,1.565
62,261,2.054,34.777,2640.1,0,0,0,0,0,1.0023,0,0,0,0,0.59267,0,0,0,0,0
62,261,2.054,34.777,2640.1,3.9579,0,6.7013,0,0,0,0,0,0,0,17.756,0,0,0,0,0.086943
62,261,2.054,34.777,2640.1,0,0,0,0,0,0,0.010505,0,0,0,8.0482,0,0,0,0,0
62,261,2.054,34.777,2640.1,10.44,0,0,0.097068,0,0,0,0,0,3.8737,3.1118,0,0,0,0,0
62,261,2.054,34.777,2640.1,2.5993,0,0,1.4748,0,0,0,0,0,0.55196,4.6158,0,0,0,0,0
62,261,2.054,34.777,2640.1,0.52666,0,0,0,0.007148,0,0,0,0,1.1034,9.0595,0,0,0,0,0.86943
62,261,2.054,34.777,2640.1,0.11091,0,0,0.013572,0,0,12.732,0,0,13.788,0.18667,0,0,0,0,0
62,261,2.054,34.777,2640.1,0,0,0,0,0,0,0.16424,0,0,5.7231,0.3516,0,0,0,0,0
62,261,2.054,34.777,2640.1,0.005239,0,0,0.67186,0,0.0018078,0.16424,0,0,3.8737,0.18667,0,0,0,0,0
62,261,2.054,34.777,2640.1,0,0,0,0,0,0,16.264,0,0,1.0076,13.42,0,0,0,0,0
62,261,2.054,34.777,2640.1,0,0,0,2.7049,0,9.8334e-05,0,0,0,0.44682,0.86716,0,0,0,0,0
62,261,2.054,34.777,2640.1,0,0,0,0,0,0,0,0,0,0,17.84,0,0,0,0,0.52166
62,261,2.054,34.777,2640.1,0,0,0,0,0,0,0.075512,0,0,0,0.18667,0,0,0,0,3.3038
62,261,2.054,34.777,2640.1,0.029081,0,0,0,0,0,11.827,0,0,0,0.18667,0,0,0,0,0
62,261,2.054,34.777,2640.1,0,0,0,0,0,0.00078163,0,0,0,0.18355,0.18667,0,0,0,0,0
62,261,2.054,34.777,2640.1,0,0,0,0,0,1.0004,0,0,0,9.1202,0.34503,0,0,0,0,0
62,261,2.054,34.777,2640.1,0,0,0,0,0.000376,0,0,0,0,0,0.18667,0,0,0,0,0.86943
62,261,2.054,34.777,2640.1,0,0,0,0,0,0,0,0,0,0,13.42,0,0,0,0,0
62,261,2.054,34.777,2640.1,0,0,1.9991,0,0,0,0.76622,0,0,0.76342,10.537,0,0,0,0,0
62,261,2.054,34.777,2640.1,0,0,0,5.7012,0,0,19.226,0,0,0,0.18667,0,0,0,0,0
62,261,2.054,34.777,2640.1,0,0,0,0,0,0,0,0,0,1.164,3.9931,0,0,0,0,0
62,261,2.054,34.777,2640.1,0.00495,0,0,0,0,0,0,0,0,1.0834,27.831,0,0,0,0,0
62,261,2.054,34.777,2640.1,0,0,0,0,0,0,0,0,0,0.44682,0.18667,0,0,0,0,0.086943
62,261,2.054,34.777,2640.1,0,0,0,0.0061905,0,0,0,0,0,0.65812,2.5119,0,0,0,0,0
62,261,2.054,34.777,2640.1,0.012821,0,0,0,0,0,0.16424,0,0,1.4449,0.18667,0,0,0,0,0
62,261,2.054,34.777,2640.1,0,0,0,0,0.31032,0,26.607,0,0,0.27721,0.18667,0,0,0,0,0
62,261,2.054,34.777,2640.1,0,0,0,0,0,0,0,0,0,1.4449,2.3406,0,0,0,0,0
62,261,2.054,34.777,2640.1,0.003416,0,0,0.016975,0,0,0,0,0,0,0.18667,0,0,0,0,0
62,261,2.054,34.777,2640.1,0,0,0,5.2881,0,0,0,0,0,1.0167,1.3038,0,0,0,0,0
62,261,2.054,34.777,2640.1,0,0,0,0,0.94494,0.081761,0,0,0,2.6253,9.0595,0,0,0,0,0
62,261,2.054,34.777,2640.1,0,0,0,0,0,0.99999,0,0,0,1.164,0.18667,0,0,0,0,0
62,261,2.054,34.777,2640.1,0,0,0,0.01929,0,0,0,0,0,1.057,3.9931,0,0,0,0,1.565
62,261,2.054,34.777,2640.1,11.957,0,0,0.93379,0,0,0,0,0,1.0076,0.18667,0,0,0,0,0
62,261,2.054,34.777,2640.1,0,0,0,0,0,0,0,0,0,1.261,7.5145,0,0,0,0,0
62,261,2.054,34.777,2640.1,0,0,0,0,0.002508,0,21.94,0,0,1.0834,0.18667,0,0,0,0,0
62,261,2.054,34.777,2640.1,0,0,0,0.00895,0,0,16.39,0,0,0,0.33589,0,0,0,0,0
62,261,2.054,34.777,2640.1,0,0,0,0.01929,0,0,0,0,0,0,0.18667,0,0,0,0,0
62,261,2.054,34.777,2640.1,0.16154,0,0,0,0,0,0.13695,0,0,0.14685,0.18667,0,0,0,0,0
62,261,2.054,34.777,2640.1,0.001493,0,0,0.0045035,0,1.0017,0.16424,0,0,0,13.082,0,0,0,0,0
62,261,2.054,34.777,2640.1,0.11707,0,0,0,0,0,7.1437,0,0,0,0.18667,0,0,0,0,0
62,261,2.054,34.777,2640.1,0,0,0,0,0,0,0.16424,0,0,0.55196,3.3133,0,0,0,0,0
62,261,2.054,34.777,2640.1,0,0,0,0,0,1.0694,0.010505,0,0,0.55196,18.739,0,0,0,0,0
62,261,2.054,34.777,2640.1,0,0,0,0,0,0,0,0,0,1.1034,0.18667,0,0,0,0,0
62,261,2.054,34.777,2640.1,0,0,0,6.3e-05,0.21191,0,0.02739,0,0,0,2.4339,0,0,0,0,0
62,261,2.054,34.777,2640.1,0,0,0,0.11432,0,0,0,0,0,0.14685,0.42559,0,0,0,0,0
62,261,2.054,34.777,2640.1,0.002031,0,0,0,0.016772,0.017111,0,0,0,0,0.34441,0,0,0,0,0
62,261,2.054,34.777,2640.1,0.10471,0,0,0.012154,0,0.0018444,0,0,0,4.212,0.18667,0,0,0,0,0
62,261,2.054,34.777,2640.1,0,0,0,0,0.001267,0,0.50998,0,0,3.4087,3.6126,0,0,0,0,0
62,261,2.054,34.777,2640.1,0,0,0,5.781,0,0.19151,0,0,0,0.91947,21.275,0,0,0,0,0
62,261,2.054,34.777,2640.1,0,0,0,0,0,0,0,0,0,0,31.446,0,0,0,0,0
62,261,2.054,34.777,2640.1,0.046643,0,0,0,0.0097035,0,0.16424,0,0,0.056957,0.40813,0,0,0,0,0
62,261,2.054,34.777,2640.1,0.62569,0,0,0.030064,0,1.0057,0,0,0,0.21027,17.802,0,0,0,0,0
62,261,2.054,34.777,2640.1,0,0,0,0.055247,0,0,0,0,0,5.7109,5.7625,0,0,0,0,0
62,261,2.054,34.777,2640.1,0,0,0,0,0,0,0.53887,0,0,0,0.34397,0,0,0,0,0
62,261,2.054,34.777,2640.1,2.514,0,0,2.8884,0,0,0,0,0,0,0.18667,0,0,0,0,0
62,261,2.054,34.777,2640.1,0.96609,0,0,4.3532,0,0,26.54,0,0,0.76342,0.18667,0,0,0,0,0
62,261,2.054,34.777,2640.1,0.035093,0,0,0,0,0,0,0,0,0,0.18667,0,0,0,0,0
62,261,2.054,34.777,2640.1,0,0,0,0,0,0,0,0,0,0,2.4226,0,0,0,0,0
62,261,2.054,34.777,2640.1,0,0,0,0,0,0,0,0,0,0.73557,0.18667,0,0,0,0,0
62,261,2.054,34.777,2640.1,3.2752,0,0,0.42147,0,0,0,0,0,19.403,0.18667,0,0,0,0,0
62,261,2.054,34.777,2640.1,0.11434,0,0,0.001415,0,0,0,0,0,0.72035,7.0517,0,0,0,0,0
62,261,2.054,34.777,2640.1,0.019152,0,0,0.08972,0,0,0,0,0,0,0.34385,0,0,0,0,0
62,261,2.054,34.777,2640.1,0,0,0,0,0.005769,2.7061,0,0,0,13.788,0.18667,0,0,0,0,0
62,261,2.054,34.777,2640.1,0.03451,0,0,13.719,0,0,0,0,0,0.91947,13.418,0,0,0,0,0
62,261,2.054,34.777,2640.1,0.8143,0,0,0,0,14.547,0,0,0,8.0476,0.18667,0,0,0,0,0
62,261,2.054,34.777,2640.1,0.000688,0,0,12.779,0,0,0,0,0,0.4212,0.18667,0,0,0,0,0
62,261,2.054,34.777,2640.1,0,0,0,0,0,0,0,0,0,0.44682,0.86986,0,0,0,0,0
62,261,2.054,34.777,2640.1,2.0252,0,0,0,0,0.19151,0,0,0,0,0.36132,0,0,0,0,0
62,261,2.054,34.777,2640.1,0,0,0,0.93043,7.8e-05,0,0,0,0,0.4212,14.813,0,0,0,0,0.52166
62,261,2.054,34.777,2640.1,0,0,0,1.2148,0,0,0,0,0,0,15.182,0,0,0,0,0.86943
62,261,2.054,34.777,2640.1,0.002031,0,0,0.3642,0,0,0,0,0,19.403,5.4517,0,0,0,0,0
62,261,2.054,34.777,2640.1,0,0,0,0,0,0,0,0,0,3.8254,22.553,0,0,0,0,0
62,261,2.054,34.777,2640.1,0,0,0,0,0,0,0.53887,0,0,1.5079,2.4012,0,0,0,0,0
62,261,2.054,34.777,2640.1,5.0643,0,0,0.18687,0.010234,1.0113,0,0,0,0,0.18667,0,0,0,0,0
62,261,2.054,34.777,2640.1,0,0,0,0,0,0,5.8158,0.41153,0,0,15.261,0,0,0,0,0
62,261,2.054,34.777,2640.1,0.002998,0,0,0,0,0,0,0,0,0,0.18667,0,0,0,0,0
62,261,2.054,34.777,2640.1,0,0,0,0.14028,0,0,0,0,0,0,0.34426,0,0,0,0,0
62,261,2.054,34.777,2640.1,0,0,0,0,0,0,0,0,0,13.788,0.18667,0,0,0,0,0.86943
62,261,2.054,34.777,2640.1,0,0,0,0.11432,0,0,0,0,0,1.5079,2.777,0,0,0,0,0
62,261,2.054,34.777,2640.1,0.032457,0,0,0.007449,0,0,0,0,0,1.0076,0.18667,0,0,0,0,0
62,261,2.054,34.777,2640.1,0.00062,0,0,7.4839,0,0,0,0,0,0,0.18667,0,0,0,0,0
62,261,2.054,34.777,2640.1,0,0,0,0,0,0,0,0,0,1.0139,0.18667,0,0,0,0,0
62,261,2.054,34.777,2640.1,0,0,0,0,0.008642,0,0.53887,0,0,0,0.18667,0,0,0,0,0
62,261,2.054,34.777,2640.1,1.51,0,0,0,0,0,0,0,0,0,0.35197,0,0,0,0,0
62,261,2.054,34.777,2640.1,0.048101,0,0,0.007982,0,0,0,0,0.008333,1.0167,8.0313,0,0,0,0,0
62,261,2.054,34.777,2640.1,0.62569,0,0,21.675,0,0,0,0,0,8.4961,0.18667,0,0,0,0,0
62,261,2.054,34.777,2640.1,0,0,0,0,0,0,1.0096,0,0,10.481,1.8398,0,0,0,0,0
62,261,2.054,34.777,2640.1,0,0,0,0,0,0,0,0,0,5.7231,4.6158,0,0,0,0,0
62,261,2.054,34.777,2640.1,0,0,0,0,0,0,0.16424,0,0,0,27.825,0,0,0,0,0.52166
62,261,2.054,34.777,2640.1,0,0,0,16.396,0,0.99035,0.13695,0,0,1.1822,0.18667,0,0,0,0,0.086943
62,261,2.054,34.777,2640.1,0,0,0,0,0,0,0,0,0,5.7231,0.18667,0,0,0,0,0.086943
62,261,2.054,34.777,2640.1,1.9992,0,0,0,0,0,0.53887,0,0,0.44682,10.724,0,0,0,0,0
62,261,2.054,34.777,2640.1,0.000172,0,0,1.6807,0,0,0,0,0,1.0834,6.329,0,0,0,0,0
62,261,2.054,34.777,2640.1,0,0,0,6.3e-05,0,0.00078163,0.13695,0,0,0,0.18667,0,0,0,0,0
62,261,2.054,34.777,2640.1,0,0,0,0,0.00524,0,20.785,0,0,8.4961,0.18667,0,0,0,0,0
62,261,2.054,34.777,2640.1,0,0,0,0,0,0,0,0,0,1.0245,0.18667,0,0,0,0,0
62,261,2.054,34.777,2640.1,0,0,0,0.52091,0,0,0,0,0,0.4212,1.4513,0,0,0,0,1.2172
62,261,2.054,34.777,2640.1,0,0,0,0.030064,0,0,0,0,0,0,0.3343,0,0,0,0,0.086943
62,261,2.054,34.777,2640.1,0,0,0,0,0.017786,0,0,0,0,0,2.0171,0,0,0,0,0
62,261,2.054,34.777,2640.1,0.32489,0,0,0.041874,0,0,0,0,0,0.14685,0.18667,0,0,0,0,0
62,261,2.054,34.777,2640.1,0,0,0,0,0,0,0,0,0,16.378,1.4513,0,0,0,0,0
62,261,2.054,34.777,2640.1,0,0,5.8519,0.35097,0,0,0,0,0,0,7.7253,0,0,0,0,0
62,261,2.054,34.777,2640.1,0,0,0,4.2324,0,0,0,0,0,1.2479,0.18667,0,0,0,0,0
62,261,2.054,34.777,2640.1,0,0,0,0,0,0,0.16424,0,0,1.4449,0.18667,0,0,0,0,0
62,261,2.054,34.777,2640.1,0.093008,0,0,0,0,0.10178,0,0,0,1.9819,0.51886,0,0,0,0,1.9128
62,261,2.054,34.777,2640.1,0.042717,0,0,0,0,0,31.304,0,0,1.0167,0.18667,0,0,0,0,0
62,261,2.054,34.777,2640.1,0.001493,0,0,0,0,0,0,0,0,0,7.8478,0,0,0,0,0
62,261,2.054,34.777,2640.1,0,0,0,0,0,0,0,0,0,5.6716,0.18667,0,0,0,0,0
62,261,2.054,34.777,2640.1,0,0,0,0.26692,0,0,0.0029097,0,0,3.4087,0.93382,0,0,0,0,0
62,261,2.054,34.777,2640.1,0.32489,0,0,0.033408,0,3.7277,16.39,0,0,7.6506,0.18667,0,0,0,0,0
62,261,2.054,34.777,2640.1,0.15204,0,0,0,0.008335,0,0.16424,0,0,4.212,0.18667,0,0,0,0,0
62,261,2.054,34.777,2640.1,3.0532,0,0,2.6536,0,0,0,0,0,0.44682,7.5145,0,0,0,0,0
62,261,2.054,34.777,2640.1,0,0,0,0,0,0,0,0,0,0.21027,0.18667,0,0,0,0,0
62,261,2.054,34.777,2640.1,14.489,0,0,0,0,0,0,0,0,1.1822,1.9365,0,0,0,0,0
62,261,2.054,34.777,2640.1,8.1e-05,0,0,0,0,0.013212,0.16424,0,0,1.7864,0.18667,0,0,0,0,0
62,261,2.054,34.777,2640.1,0.062136,0,0,0,0.00524,0,0,0,0,3.8737,1.4447,0,0,0,0,0
62,261,2.054,34.777,2640.1,0,0,0,4.1021,0,0,0,0,0,19.403,6.1969,0,0,0,0,0
62,261,2.054,34.777,2640.1,0,0,0,0,0,0,0,0,0,3.4087,0.33356,0,0,0,0,0
62,261,2.054,34.777,2640.1,0.30574,0,0,0,0,0.99992,25.748,0,0,0,0.45538,0,0,0,0,0
62,261,2.054,34.777,2640.1,7.8e-05,0,0,0,0,0,29.704,0,0,1.2479,0.18667,0,0,0,0,0
62,261,2.054,34.777,2640.1,0,0,0,0,3.1094,0,0.16424,0,0,0.72035,1.8398,0,0,0,0,0
62,261,2.054,34.777,2640.1,5.6983,0,0,0.34963,8.354,0,0,0,0,0.21027,0.33631,0,0,0,0,1.2172
62,261,2.054,34.777,2640.1,0,0,0,0,0.003538,0.0055723,0,0,0,1.261,1.3329,0,0,0,0,0
62,261,2.054,34.777,2640.1,7.8e-05,0,0,0,0,0,0.75485,0,0,7.8617,0.18667,0,0,0,0,0
62,261,2.054,34.777,2640.1,0,0,0,0,0,0,0.75485,0,0,0,0.18667,0,0,0,0,0
62,261,2.054,34.777,2640.1,0.02347,0,0,0.013953,0,0,0,0,0,0.18355,0.6212,0,0,0,0,0
62,261,2.054,34.777,2640.1,0,0,0,0,0,0,0,0,0,0.65812,0.18667,0,0,0,0,0.86943
62,261,2.054,34.777,2640.1,0,0,0,0,0,0.0018444,0,0,0,1.9819,1.4513,0,0,0,0,0
62,261,2.054,34.777,2640.1,2.9061,0,0,0,0,0.032763,0,0,0,0.27721,21.143,0,0,0,0,2.3475
62,261,2.054,34.777,2640.1,0.88404,0,0.003416,0,0,1.0064,0,0,0,0.18355,0.33589,0,0,0,0,0
62,261,2.054,34.777,2640.1,0,0,0,0,0,0,0.99097,0,0,5.6716,2.0593,0,0,0,0,0.086943
62,261,2.054,34.777,2640.1,1.9992,0,0,0,0,0,0,0,0,1.164,23.624,0,0,0,0,0
62,261,2.054,34.777,2640.1,0.001309,0,0,0,0.008335,0,0,0,0,1.9819,0.18667,0,0,0,0,0
62,261,2.054,34.777,2640.1,5.0643,0,0,0,2.2054,0,0,0,0,0,0.18667,0,0,0,0,0
62,261,2.054,34.777,2640.1,0,0,0,0.013953,0,0,0,0,0,0,0.18667,0,0,0,0,0
62,261,2.054,34.777,2640.1,0.002139,0,0,0,0,0,0,0,0,0.056957,0.18667,0,0,0,0,0
62,261,2.054,34.777,2640.1,0,0,5.4202,0,0,0,0,0,0,7.8617,2.9499,0,0,0,0,0
62,261,2.054,34.777,2640.1,0,5.0016,0,4.3532,0,0,0,0,0,0,0.18667,0,0,0,0,0
62,261,2.054,34.777,2640.1,0.081919,0,0,0,0,0,23.18,0,0,3.8737,0.18667,0,0,0,0,0
62,261,2.054,34.777,2640.1,0.00062,0,0,0,0,0,0.02739,0,0,0.44575,0.96176,0,0,0,0,0
62,261,2.054,34.777,2640.1,0,0,0,0,0,0.0073404,0,0,0,0,6.9144,0,0,0,0,0
62,261,2.054,34.777,2640.1,0,0,0,0,0,0,0,0,0,0.72035,12.927,0,0,0,0,0
62,261,2.054,34.777,2640.1,0.0064177,0,0,11.994,0,0.99999,0,0,0,16.378,0.18667,0,0,0,0,0
62,261,2.054,34.777,2640.1,2.2873,0,0,12.779,0,0,0.16424,0,0,1.5859,0.18667,0,0,0,0,0
62,261,2.054,34.777,2640.1,0,0,0,0,0.098167,0,0,0,0,1.0139,0.18667,0,0,0,0,0
62,261,2.054,34.777,2640.1,0.03073,0,0,0,0,0,0,0,0,1.261,2.274,0,0,0,0,0
62,261,2.054,34.777,2640.1,0,0,0,0,0,0,0,0,0,1.057,0.34071,0,0,0,0,0
62,261,2.054,34.777,2640.1,0.18142,0,0,0,0,0,0,0,0,5.7109,0.34441,0,0,0,0,0.52166
62,261,2.054,34.777,2640.1,0,0,0,0.097068,0,0,29.704,0,0,0,0.90931,0,0,0,0,0
62,261,2.054,34.777,2640.1,23.386,0,0,0.031836,0,0,0.16424,0,0,0.39237,0.18667,0,0,0,0,0.086943
62,261,2.054,34.777,2640.1,0,0,0,0.3176,0,0,0,0,0.37375,0,0.33263,0,0,0,0,0
62,261,2.054,34.777,2640.1,0,0,0,0.13674,7.9922,0,0,0,0,1.5859,0.25179,0,0,0,0,0
62,261,2.054,34.777,2640.1,0.005245,0,0,0,0,0,0.16424,0,0,0,13.954,0,0,0,0,0
62,261,2.054,34.777,2640.1,0.005239,0,0,0.19138,0,0,0,0,0,1.2479,0.18667,0,0,0,0,0
62,261,2.054,34.777,2640.1,0,0,0,2.6977,0,0,0,0,0,0.65812,0.34398,0,0,0,0,0
62,261,2.054,34.777,2640.1,1.0004,0,0,0.001214,0.86686,0.27923,0,0,0,0,0.18667,0,0,0,0,0
62,261,2.054,34.777,2640.1,0,0,0,0.012203,0,0,0.16424,0,0,1.7327,6.1969,0,0,0,0,0
62,261,2.054,34.777,2640.1,2.514,0,0,0,0,0,0,0,0,3.4087,8.8643,0,0,0,0,0
62,261,2.054,34.777,2640.1,0,0,0,0,0,0,0,0,0,0,0.18667,0,0,0,0,0
62,261,2.054,34.777,2640.1,0.00247,0,0,0.87642,0.0032265,0,0,0,0,1.7327,8.6779,0,0,0,0,5.0427
62,261,2.054,34.777,2640.1,0.021074,0,0,0,0,1.0004,13.307,0,0,13.788,0.18667,0,0,0,0,0
62,261,2.054,34.777,2640.1,0,0,0,0.11025,0,0,0.075512,0,0,0,0.22358,0,0,0,0,0
62,261,2.054,34.777,2640.1,0,0,0,0,0,0,13.851,0,0,1.0834,0.18667,0,0,0,0,0
62,261,2.054,34.777,2640.1,0.090565,0,0,0,0,0,0,0,0,3.8254,17.386,0,0,0,0,0
62,261,2.054,34.777,2640.1,0,0,0,0,0,0,0,0,0,1.0834,0.34267,0,0,0,0,0
62,261,2.054,34.777,2640.1,8.1e-05,0,0,2.1617,0,1.2338,0,0,0,4.212,14.372,0,0,0,0,0
62,261,2.054,34.777,2640.1,0,0,0,2.9693,0,0,0,0,0,1.0167,0.18667,0,0,0,0,0
62,261,2.054,34.777,2640.1,0.22928,0,0,0,0,0,0,0,0,0,0.59267,0,0,0,0,0
62,261,2.054,34.777,2640.1,8.1e-05,0,0,0.0045035,0.00524,0,0,0,0,0,5.723,0,0,0,0,0.086943
62,261,2.054,34.777,2640.1,0,0,0,9.8813,0.008333,0,0,0,0,1.0834,0.18667,0,0,0,0,1.565
62,261,2.054,34.777,2640.1,0,0,0,0,0.40211,0,0,0,0,0,0.18667,0,0,0,0,0
62,261,2.054,34.777,2640.1,13.135,0,0,0,0,0,0,0,0,1.7327,0.18667,0,0,0,0,0
62,261,2.054,34.777,2640.1,0,0,0,0,0,3.7277,0,0,0,0.68445,15.761,0,0,0,0,0
62,261,2.054,34.777,2640.1,0,0,0,0,0,0,0,0,0,0.73557,0.86986,0,0,0,0,0
62,261,2.054,34.777,2640.1,0,0,0,0,0,0,0,0,0,1.1034,0.18667,0,0,0,0,0
62,261,2.054,34.777,2640.1,0,0,0,0,0,0,0,0,0,1.261,0.18667,0,0,0,0,0
62,261,2.054,34.777,2640.1,0,0,0,0,0,0.34794,0.16424,0,0,0,0.18667,0,0,0,0,0
62,261,2.054,34.777,2640.1,0.0053895,0,0,1.5,0,0,0,0,0,1.4449,0.18667,0,0,0,0,0
62,261,2.054,34.777,2640.1,0.00524,0,0,13.855,0.002741,0,0,0,0,0,2.5353,0,0,0,0,0
62,261,2.054,34.777,2640.1,0,0,0,0,0,0,0,0,0,9.1202,0.18667,0,0,0,0,0
62,261,2.054,34.777,2640.1,0,0,3.6281,0,0,0,0,0,0,0.44575,0.18667,0,0,0,0,0
62,261,2.054,34.777,2640.1,0,0,0,0,0,1.0028,0,0,0,1.7864,0.18667,0,0,0,0,0
62,261,2.054,34.777,2640.1,0.000654,0,0,2.0589,0,0,0.0029097,0,0,0,0.18667,0,0,0,0,0
62,261,2.054,34.777,2640.1,1.269,0,0,0,2.6929,0,0.16424,0,0,9.1622,9.34,0,0,0,0,0
62,261,2.054,34.777,2640.1,0,0,0,0,0,0,0.16424,0,0,9.1202,21.324,0,0,0,0,0
62,261,2.054,34.777,2640.1,0,0,0,0,0,0,0,0,0,0,10.537,0,0,0,0,0
62,261,2.054,34.777,2640.1,0.046643,0,0,0,0,0,0.16424,0,0,0.18086,0.55577,0,0,0,0,0
62,261,2.054,34.777,2640.1,0,0,0,0,0,0,0,0,0,0.76342,0.33589,0,0,0,0,0
62,261,2.054,34.777,2640.1,0.0021738,0,0,0,0,0,0,0,0,1.7864,0.35238,0,0,0,0,2.9561
62,261,2.054,34.777,2640.1,3.4013,0,0,0.012203,0,0,6.0667,0,0,1.1034,0.18667,0,0,0,0,0
62,261,2.054,34.777,2640.1,0,0,1.1335,0,0,0,18.904,0,0,0.55196,0.18667,0,0,0,0,0
62,261,2.054,34.777,2640.1,0,0,0,0,0,0,0,0.13289,0,3.4087,0.18667,0,0,0,0,0
62,261,2.054,34.777,2640.1,0.78618,0,0,0,0,0,10.056,0,0,0.18355,0.3343,0,0,0,0,0
62,261,2.054,34.777,2640.1,0,0,0,0,0,0,0,0,0,0,5.9899,0,0,0,0,0
62,261,2.054,34.777,2640.1,0,0,0,0,0,0,0.16424,0,0,0.8932,0.18667,0,0,0,0,0
62,261,2.054,34.777,2640.1,0,0,0,0,0,0,0.39583,0,0,5.6716,11.85,0,0,0,0,0
62,261,2.054,34.777,2640.1,6.5216,0,0,0,0,0.34794,0,0,0,1.0245,0.18667,0,0,0,0,0
62,261,2.054,34.777,2640.1,4.8389,0,0,0,0,0,0.02739,0,0,21.917,0.18667,0,0,0,0,0
62,261,2.054,34.777,2640.1,0,0,0,0,0,0,0,0,0,10.481,3.6192,0,0,0,0,0
62,261,2.054,34.777,2640.1,0.017759,0,0,0.088419,0,0.0026412,0,0,0,1.5079,0.18667,0,0,0,0,0
62,261,2.054,34.777,2640.1,0.44995,0,0,0,0,0,0.16424,0,0,0,0.18667,0,0,0,0,0
62,261,2.054,34.777,2640.1,0,0,0,0,0,0.01514,26.607,0,0,1.0834,0.18667,0,0,0,0,0
62,261,2.054,34.777,2640.1,0,0,0,0.10982,0.00524,0,0,0,0,1.5079,0.18667,0,0,0,0,0
62,261,2.054,34.777,2640.1,0,0,0,0,0,0.70947,0,0,0,0.27721,3.65,0,0,0,0,0
62,261,2.054,34.777,2640.1,0,0,0,0,4.696,0,0,0,0,0,2.5955,0,0,0,0,0
62,261,2.054,34.777,2640.1,0,0,0,0,0,0,0.16424,0,0,0.55196,0.36132,0,0,0,0,0.086943
62,261,2.054,34.777,2640.1,0.032457,0,0,0.002889,0,0.99999,0,0,0,0,0.18667,0,0,0,0,2.6083
62,261,2.054,34.777,2640.1,0,0,0,0,0,0,0,0,0,0,24.569,0,0,0,0,0
62,261,2.054,34.777,2640.1,0,0,0,0,0,0,0.16424,0,0,0.72035,0.96176,0,0,0,0,0.52166
62,261,2.054,34.777,2640.1,0,0,0,0.30688,0,0.00078163,0.02739,0,0,5.7231,0.18667,0,0,0,0,0
62,261,2.054,34.777,2640.1,0.000688,0,0,0.030064,0,0,0,0,0,19.403,5.4517,0,0,0,0,0
62,261,2.054,34.777,2640.1,0,0,0,0,0,0,0,0,0,0,5.9677,0,0,0,0,0
62,261,2.054,34.777,2640.1,0,0,0,0,0,0.47199,0,0,0,0.44682,0.33356,0,0,0,0,0
62,261,2.054,34.777,2640.1,0,0,0,0,0,0,0,0,0,1.808,0.18667,0,0,0,0,0
62,261,2.054,34.777,2640.1,0,0,0,7.7101,0,0,0,0,0,0,0.18667,0,0,0,0,0
62,261,2.054,34.777,2640.1,0.003355,0,0,1.4748,0,0,0,0,0,0,3.4073,0,0,0,0,0
62,261,2.054,34.777,2640.1,0.005239,0,0,0.26692,0,0,0,0,0,8.4961,0.18667,0,0,0,0,0
62,261,2.054,34.777,2640.1,0,0,0,0,0,0,0,0,0,0,0.92485,0,0,0,0,0
62,261,2.054,34.777,2640.1,0,0,0,7.052,0,0,0.16424,0,0,1.5859,20.511,0,0,0,0,0.086943
62,261,2.054,34.777,2640.1,0.048101,0,0,0,0,0,0.16424,0,0,1.0167,0.29739,0,0,0,0,0
62,261,2.054,34.777,2640.1,0,0,0,0,0,1.0064,0,0,0,0,0.18667,0,0,0,0,0.52166
62,261,2.054,34.777,2640.1,0,0,0,0,0.65697,0.0053144,0,0,0,8.5959,0.18667,0,0,0,0,0
62,261,2.054,34.777,2640.1,0,0,0,0,0,0,0,0,0,1.0139,0.18667,0,0,0,0,0
62,261,2.054,34.777,2640.1,0,0,0,1.7193,0.0021738,0,0,0,0,7.8617,2.8437,0,0,0,0,0
62,261,2.054,34.777,2640.1,0,0,0,0,0,0,0,0,0,1.164,0.18667,0,0,0,0,0
62,261,2.054,34.777,2640.1,0,0,0,0.22607,0,0,0,0,0,0.44682,0.93382,0,0,0,0,0
62,261,2.054,34.777,2640.1,0,0,0,0,0,0,0.16424,0,0,9.1622,0.18667,0,0,0,0,0
62,261,2.054,34.777,2640.1,2.7754,0,0,0,0,0,0,0,0,0.68445,0.18667,0,0,0,0,0
62,261,2.054,34.777,2640.1,0,0,3.0926,0.020772,0,0,0,0,0,0.76342,19.523,0,0,0,0,0
62,261,2.054,34.777,2640.1,0.00036,0,0.000172,0,0,0,0,0,0,0,33.902,0,0,0,0,0.52166
62,261,2.054,34.777,2640.1,0.0062152,0,0,0,0,2.493,0,0,0,0,17.117,0,0,0,0,0
62,261,2.054,34.777,2640.1,0,0,0,8.0188,0,0,0.02739,0,0,1.7864,8.0844,0,0,0,0,0
62,261,2.054,34.777,2640.1,0,0,0,0,0,2.9514,0,0,0,6.8425,0.18667,0,0,0,0,1.2172
62,261,2.054,34.777,2640.1,0,0,0.046641,6.3e-05,0,0.16026,0,0,0,8.0476,0.67417,0,0,0,0,0
62,261,2.054,34.777,2640.1,0.00524,0,0,0,0,0.018596,0,0,0,0,0.34287,0,0,0,0,0
62,261,2.054,34.777,2640.1,0,0,0,0,0,0.00078163,0,0,0,1.5851,12.182,0,0,0,0,0
62,261,2.054,34.777,2640.1,0.0067626,0,0,0,0,0,0,0,0,0.76777,23.122,0,0,0,0,0
62,261,2.054,34.777,2640.1,0,0,2.003,0,0,0,5.5298,0,0,1.5851,18.598,0,0,0,0,0
63,262,1.418,96.661,7338,2.4783,6.0067,0,0,0.002139,0.017111,0.39583,0,0,0,0.18667,0,0,0,4.2562,0
63,262,1.418,96.661,7338,0.00524,0,0,0,0,0,33.926,0,0,1.5859,0.18667,0,0,0,0,0
63,262,1.418,96.661,7338,0.0094374,0,0,0,0,0,0,0,0,0,0.37122,0,0,0,0,0
63,262,1.418,96.661,7338,0.062136,0,0,0.25199,0,0,0,0,0,0,0.18667,0,0,0,0,0
63,262,1.418,96.661,7338,0.017759,0,0,0.013953,4.119,23.851,0.13695,0,0,0,1.1382,0,0,0,0,0
63,262,1.418,96.661,7338,0.65023,0,0,0,0,0.99837,0,0,0,7.8617,11.749,0,0,0,0,0
63,262,1.418,96.661,7338,13.135,0,0,0.002506,0,0,0,0,0,19.403,0.18667,0,0,0,0,0
63,262,1.418,96.661,7338,0,0,0,0,0,0,0,0,1.6206,0.18086,68.934,0,0,0,0,0
63,262,1.418,96.661,7338,0.004345,0,0,0.010799,6.2591,0,0,0,0,1.1822,0.18667,0,0,0,0,0
63,262,1.418,96.661,7338,2.6264,0,0,0.001415,0,0,0,0,0,0,13.082,0,0,0,0,0
63,262,1.418,96.661,7338,14.953,0,0,0,0,0,66.65,0,0,0,0.18667,0,0,0,0,0
63,262,1.418,96.661,7338,4.7258,0,0,0,0,0,0,0,0,0,55.071,0,0,0,0,0
63,262,1.418,96.661,7338,0,0,0,0,0,0,0,0,0,0,5.5492,0,0,0,0,0
63,262,1.418,96.661,7338,0,0,0,0,0,0,0,0,0,1.2479,11.953,0,0,0,0,0
63,262,1.418,96.661,7338,0.017759,0,0,0,0,0.00031643,0,0,0,55.455,1.9337,0,0,0,0,0
63,262,1.418,96.661,7338,0,0,0,5.5986,0,0,0,0,0,9.1622,27.831,0,0,0,0,0
63,262,1.418,96.661,7338,0.13125,0,0,0,0,0,0,0,0,1.9819,1.2594,0,0,0,0,0
63,262,1.418,96.661,7338,0.00014,0,0,0,0,0,0,0,0,3.8737,0.18667,0,0,0,0,0
63,262,1.418,96.661,7338,0,0,0,0,0,0,0,0,0,0.63421,19.58,0,0,0,0,0
63,262,1.418,96.661,7338,0,0,0,0.40043,10.353,0,0,0,0,18.081,0.18667,0,0,0,0,0
63,262,1.418,96.661,7338,0,0,0,0,0,5.065,0,0,0,55.455,1.6999,0,0,0,0,0
63,262,1.418,96.661,7338,0,0,0,2.6536,0,0,0,0,0,0,0.18667,0,0,0,0,0
63,262,1.418,96.661,7338,0.003465,0,0,0,0.11604,0,0,0,0,7.6506,4.481,0,0,0,0,0
63,262,1.418,96.661,7338,26.584,0,0,0.000639,0,1.0023,0.53887,0,0,10.481,8.8787,0,0,0,0,0
63,262,1.418,96.661,7338,0.10677,0,0,0,0.071412,4.845,0,0,0,0.68445,2.5955,0,0,0,0,0
63,262,1.418,96.661,7338,0,0,0,2.8884,6.3833,0,2.2066,0,0,16.378,2.0593,0,0,0,0,0
63,262,1.418,96.661,7338,0.000254,0,0,8.8394,0,0,0.13695,0,0,3.4087,19.71,0,0,0,0,0
63,262,1.418,96.661,7338,0,0,0,0,0,0,15.406,0,0,10.481,1.3429,0,0,0,0,0
63,262,1.418,96.661,7338,11.292,0,0,0,0,0,0,0,0,0,4.8003,0,0,0,0,2.4165
63,262,1.418,96.661,7338,0,0,0,0.18883,0,0,0,0,0,1.4449,74.071,0,0,0,0,0
63,262,1.418,96.661,7338,0,0,0,0,5.9232,0,0,0,0,21.917,0.18667,0,0,0,0,0
63,262,1.418,96.661,7338,0.067235,0,0,0,0,0,0,0,0,9.1202,7.8478,0,0,0,0,0
63,262,1.418,96.661,7338,0,0,0,0.092259,0,0,0,0,0,7.6506,1.2594,0,0,0,0,0
63,262,1.418,96.661,7338,9.1288,0,0,0,0,2.0956,0,0,0,1.5079,0.18667,0,0,0,0,0
63,262,1.418,96.661,7338,0.099919,0,8.5368,0,0,0,0,0.79774,0,0.76777,0.18667,0,0,0,0,0
63,262,1.418,96.661,7338,0,0,0,2.6536,0,0,0,0,0,1.0245,1.1511,0,0,0,0,0
63,262,1.418,96.661,7338,0,0,0,75.514,0,0,0,0,0,1.261,12.182,0,0,0,0,0
63,262,1.418,96.661,7338,0,0,0,0,0,0,0.16424,0,0,0.18086,14.407,0,0,0,0,0
63,262,1.418,96.661,7338,0,0,0,0,0.032034,0,0,0,0,36.785,0.18667,0,0,0,0,0
63,262,1.418,96.661,7338,0.2116,0,0.029107,0,0,0,0.16424,0,0,0.27721,0.36085,0,0,0,0,0
63,262,1.418,96.661,7338,1.0754,0,0,0,0,0,11.027,0,0,1.1822,11.686,0,0,0,0,0
63,262,1.418,96.661,7338,0,0,0,0,0,0,0,0,0,16.378,6.4269,0,0,0,0,0
63,262,1.418,96.661,7338,9.5035,0,0,0.043698,0.008333,0,0.16424,0,0,8.4961,0.34266,0,0,0,0,0
63,262,1.418,96.661,7338,0,0,0,0.019967,0,0,0,0,0,0,0.18667,0,0,0,0,0
63,262,1.418,96.661,7338,0.081919,0,0,0,0,0,0,0,0,1.5859,1.4513,0,0,0,0,0
63,262,1.418,96.661,7338,0,0,0,0.33725,0,0,0.16424,0,0,8.0476,0.18667,0,0,0,0,0
63,262,1.418,96.661,7338,0,0,0,0,0,0,0,0,0,0,22.86,0,0,0,0,0
63,262,1.418,96.661,7338,0.25322,0,0,2.4735,0,0,32.701,0,0,0.76777,17.117,0,0,0,0,0
63,262,1.418,96.661,7338,0.001292,0,0,3.1028,8.7513,0,0.16424,0,0,36.785,13.648,0,0,0,0,0
63,262,1.418,96.661,7338,0,0,0,0.23739,0,0.99999,0,0,0,18.081,17.117,0,0,0,0,0
63,262,1.418,96.661,7338,2.7201,0,0,0,0,0,0.16424,0,0,8.5959,0.18667,0,0,0,0,0
63,262,1.418,96.661,7338,0.053919,0,0,0,0,0.017111,0.13695,0,0,0,0.18667,0,0,0,0,2.4165
63,262,1.418,96.661,7338,0,0,0,0,0,0,89.934,0,0,0,0.18667,0,0,0,0,0
63,262,1.418,96.661,7338,12.639,0,0,0,0,0,0,0,0,0.27721,0.18667,0,0,0,0,0
63,262,1.418,96.661,7338,3.6896,0,0,0,0,0,0,0,0,1.1822,15.34,0,0,0,0,0
63,262,1.418,96.661,7338,0.34113,0,0.001009,7.052,0,0.0018444,0,0,0,0,14.717,0,0,0,0,0
63,262,1.418,96.661,7338,0.88404,0,0,0,0,0,6.4894,0,0,0.76777,2.9179,0,0,0,0,0
63,262,1.418,96.661,7338,0,0,0,0,0,9.8334e-05,2.2777,0,0,0,0.33632,0,0,0,0,0
63,262,1.418,96.661,7338,0,0,0,0,0,0,1.0096,0,0,9.1622,15.182,0,0,0,0,0
63,262,1.418,96.661,7338,0.52666,0,0,5.5986,0,0.0018444,34.484,0,0,0.39237,9.4508,0,0,0,0,0
63,262,1.418,96.661,7338,0.13125,0,0,0.42863,0,59.384,0,0,0,0,0.18667,0,0,0,0,0
63,262,1.418,96.661,7338,1.3144,0,0,0.01954,0,0,23.18,0,0,0.91947,52.753,0,0,0,0,0
63,262,1.418,96.661,7338,0,0,0,0,0,0.98459,0,0,0,1.0167,2.4339,0,0,0,0,0
63,262,1.418,96.661,7338,0,0,0,0,0,0.024696,0,0,0,1.261,0.24309,0,0,0,0,0
63,262,1.418,96.661,7338,0.004588,0,0,0.29954,0,0,87.667,0,0,0,0.55577,0,0,0,0,0
63,262,1.418,96.661,7338,0.016623,0,0,1.9503,0,67.231,0,0,0,0,0.84122,0,0,0,0,0
63,262,1.418,96.661,7338,7.8e-05,0,0,0,0,0,0,0,0,1.5851,4.6158,0,0,0,0,0
63,262,1.418,96.661,7338,0.45677,0,0,0.081923,0,0,0.16424,0,0,55.455,0.18667,0,0,0,0,0
63,262,1.418,96.661,7338,0.031671,0,0,0,0,0,0,0,0,0.21027,0.18667,0,0,0,0,1.4499
63,262,1.418,96.661,7338,0.44161,0,0,0.013575,0,0,0,0,0,0,0.34267,0,0,0,0,0
63,262,1.418,96.661,7338,0,0,0,0,0,0,37.535,0,0,0.44575,0.18667,0,0,0,0,0
63,262,1.418,96.661,7338,0.18142,0,0,0,0,0,0,0,0,0.14685,0.45538,0,0,0,0,0
63,262,1.418,96.661,7338,0.008225,0,0,0,0,0,0,0,0,0,42.828,0,0,0,0,0
63,262,1.418,96.661,7338,0,0,0,0,0,0.002111,0,0,0,4.212,0.18667,0,0,0,0,0
63,262,1.418,96.661,7338,0,0,0,0,0,0,0,0,0,7.8617,4.1917,0,0,0,0,0
63,262,1.418,96.661,7338,0.005245,0,0,0,0.57162,0,0,0,0,0.27721,0.34426,0,0,0,0,0
63,262,1.418,96.661,7338,0,0,0,0,0.00644,0,0,0,0,3.8254,2.7159,0,0,0,0,5.3164
63,262,1.418,96.661,7338,0,0,0,0,0,0,0,0,0,1.261,7.5145,0,0,0,0,0
63,262,1.418,96.661,7338,0,0,0,0,0.059962,0,0,0,0,0.44682,0.18667,0,0,0,0,2.4165
63,262,1.418,96.661,7338,0.11091,0,0,0,0,0,0,0,0,1.0167,9.6013,0,0,0,0,0
63,262,1.418,96.661,7338,0.16373,0,0,8.0188,0.003485,0,0,0,0,1.7864,11.313,0,0,0,0,0
63,262,1.418,96.661,7338,0,0,0,0,10.353,0,0,0,0,5.7231,1.3357,0,0,0,0,0
63,262,1.418,96.661,7338,0.003465,0,0,0,0,0.11078,0.16424,0,0,55.455,17.117,0,0,0,0,0
63,262,1.418,96.661,7338,0.001669,0,0,0.0065823,0,0,0,0,0,0.39237,1.569,0,0,0,0,0
63,262,1.418,96.661,7338,0.04398,0,0,0,0,0,0,0,0,21.917,1.8458,0,0,0,0,0
63,262,1.418,96.661,7338,0.015697,0,0,0.18883,0,0.99999,0,0,0,19.403,1.263,0,0,0,0,0
63,262,1.418,96.661,7338,0,0,0,0,0,0,0.16424,0,0,0,0.22358,0,0,0,0,0
63,262,1.418,96.661,7338,0,0,0,0,0,0.99999,35.41,0,0,1.164,0.33589,0,0,0,0,0
63,262,1.418,96.661,7338,0,0,0,1.3744,0,0,0.010505,0,0,0,0.96176,0,0,0,0,0
63,262,1.418,96.661,7338,1.4291,0,0,0,0,0,0,0,0,1.261,82.014,0,0,0,0,0
63,262,1.418,96.661,7338,0.052186,0,0,0,0,0,23.18,0,0,1.5859,0.18667,0,0,0,0,0
63,262,1.418,96.661,7338,15.156,0,0,0,0,0,0,0,0,0,8.4911,0,0,0,0,0
63,262,1.418,96.661,7338,0.067235,0,4.2386,0,0.00524,1.0261,0,0,0,0,2.3406,0,0,0,0,0
63,262,1.418,96.661,7338,0,0,0,0,0,0,10.056,0,0,2.6253,58.227,0,0,0,0,0
63,262,1.418,96.661,7338,0,0.7563,0,0,0,0,0,0,0,2.6253,0.18667,0,0,0,0,0
63,262,1.418,96.661,7338,0,0,0,0,0,0,34.484,0,0,0,1.2594,0,0,0,0,0
63,262,1.418,96.661,7338,0,0,0,0,0,0,0,0,0,1.4449,0.3452,0,0,0,0,0
63,262,1.418,96.661,7338,0.001009,0,0,0,0,0,0,0,0,5.7109,0.18667,0,0,0,0,0
63,262,1.418,96.661,7338,44.635,0,0,0,0.002031,0.9846,0,0,0,9.1622,0.51886,0,0,0,0,3.3832
63,262,1.418,96.661,7338,0,0,0,0,22.188,0,0,0,0,13.788,2.8966,0,0,0,0,0
63,262,1.418,96.661,7338,0.0066886,0,0,0.94773,0,0,0,0.004977,0,55.455,0.18667,0,0,0,0,0
63,262,1.418,96.661,7338,0,0,0,0,0,0.70947,0,0,0,0,0.33632,0,0,0,0,0
63,262,1.418,96.661,7338,3.7764,0,0,0,0,0,0,0,0,1.0139,0.18667,0,0,0,0,0
63,262,1.418,96.661,7338,0,0,0,0.000966,0,0,2.2777,0,0,0,0.34267,0,0,0,0,0
63,262,1.418,96.661,7338,0.00524,0,0,0,0,0,0.16424,0,0,0.76777,8.3848,0,0,0,0,0
63,262,1.418,96.661,7338,0.00062,0,0,0,0,0,6.1194,0,0,0.14685,0.18667,0,0,0,0,0
63,262,1.418,96.661,7338,0,0,0.38246,0,5.9232,0.00047402,34.505,0,0,0,0.18667,0,0,0,0,0
63,262,1.418,96.661,7338,0,0,0,0,3.1094,0,0,0,0,1.0167,0.3407,0,0,0,0,0
63,262,1.418,96.661,7338,0,0,0,0,0,0,38.393,0,0,0,2.5955,0,0,0,0,0
63,262,1.418,96.661,7338,0,0,0,0.12387,0,0.99999,0,0,0,3.8254,0.95751,0,0,0,0,0
63,262,1.418,96.661,7338,0,0,0,0,0,59.384,18.904,0,0,1.0834,15.803,0,0,0,0,0
63,262,1.418,96.661,7338,0.016665,0,0,0.10023,0,0.00031643,27.622,0,0,0,0.18667,0,0,0,0,0
63,262,1.418,96.661,7338,0,0,0,0,0,0.51173,0.16424,0,0,0.44682,0.18667,0,0,0,0,0
63,262,1.418,96.661,7338,0,0,0,0,0.007148,0,0,0,0,0,14.249,0,0,0,0,0
63,262,1.418,96.661,7338,0,0,0,0,0,0,0,0,0,21.917,1.4513,0,0,0,0,0
63,262,1.418,96.661,7338,0.40798,0,0,0.004919,0,0.0025491,0,0,0,1.9819,0.18667,0,0,0,0,0
63,262,1.418,96.661,7338,0,0,0,13.719,0,0,0,0,0,10.481,0.18667,0,0,0,0,0
63,262,1.418,96.661,7338,0.004345,0,0,0,0,0,0,0,0,0,14.773,0,0,0,0,0
63,262,1.418,96.661,7338,0.012255,0,0,0,0,0,0,0,0,0,0.18667,0,0,0,0,3.3832
63,262,1.418,96.661,7338,0,0,0,0,0,0,0,0,0,0,1.2873,0,0,0,0,0
63,262,1.418,96.661,7338,18.962,0,0,0,0,0.99999,0,0,0,0,12.757,0,0,0,0,0
63,262,1.418,96.661,7338,0,0,0,0.081923,0,0,0,0,0,0.18086,0.18667,0,0,0,0,0
63,262,1.418,96.661,7338,0,0,0,0,0,0,57.964,0,0,0.68445,7.8198,0,0,0,0,0
63,262,1.418,96.661,7338,0,0,0,0,0,0,0,0,0,1.164,71.79,0,0,0,0,0
63,262,1.418,96.661,7338,0,0,0,0,0,0,0,0.022539,0,1.0834,3.2745,0,0,0,0,0
63,262,1.418,96.661,7338,0.004588,0,0.59956,0,0,0,0,0,0,0.55196,0.18667,0,0,0,0,0
63,262,1.418,96.661,7338,1.8111,0,0,0.78773,0,0,20.898,0,0,16.378,1.1382,0,0,0,0,3.3832
63,262,1.418,96.661,7338,0,0,0,2.1617,0,0,48.755,0,0,8.0476,1.4447,0,0,0,0,0
63,262,1.418,96.661,7338,0,0,0,0,0,0,0,0,0,3.4087,0.18667,0,0,0,0,0
63,262,1.418,96.661,7338,0,0,0.025079,0,0,0,0.16424,0,0,0.73557,3.8842,0,0,0,0,0
63,262,1.418,96.661,7338,0,0,0,5.5986,0.008333,0,0,0,0,0,0.18667,0,0,0,0,0
63,262,1.418,96.661,7338,4.2339,0,0,2.7049,0,0,0,0,0,0,8.0482,0,0,0,0,0
63,262,1.418,96.661,7338,0,0,0,0,0,0,0,0,0,0.76342,0.47918,0,0,0,0,0
63,262,1.418,96.661,7338,0,0,0,0,0.001326,0,0.11746,0,0,0,10.325,0,0,0,0,0
63,262,1.418,96.661,7338,0.32489,0,0,0,0,0,0,0,0,0,6.2316,0,0,0,0,0
63,262,1.418,96.661,7338,0.004588,0,0,1.4346,0,0,32.701,0,0,0,31.227,0,0,0,0,0
63,262,1.418,96.661,7338,0,0,0,1.4748,0,0,0,0,0,0,7.5145,0,0,0,0,0
63,262,1.418,96.661,7338,0.19441,0,0,0,0.046237,0.025839,0,0,0,0,7.5072,0,0,0,0,0
63,262,1.418,96.661,7338,0,0,0,11.994,0,0,0,0,0,0,10.601,0,0,0,0,0
63,262,1.418,96.661,7338,0,0,0,0,1.1733,0.99999,0,0,0,0.72035,0.33589,0,0,0,0,0
63,262,1.418,96.661,7338,0.00802,0,0,0,0,10.218,0.76622,0,0,1.164,2.9179,0,0,0,0,0
63,262,1.418,96.661,7338,0,0,0,0,0,0,0,0,0,1.7864,0.26048,0,0,0,0,0
63,262,1.418,96.661,7338,0,0,0,0,0,0,17.328,0,0,1.1822,43.733,0,0,0,0,1.4499
63,262,1.418,96.661,7338,0,0,0,0.080285,0,0,0,0,0,5.7231,10.511,0,0,0,0,0
63,262,1.418,96.661,7338,0,0,0,0,0,0,0,0,0,7.6506,0.18667,0,0,0,0,0
63,262,1.418,96.661,7338,8.3673,0,0,0,0.014212,0,0,0,0,0.65812,0.18667,0,0,0,0,0
63,262,1.418,96.661,7338,0,0,3.6281,36.701,0,0,0,0.001493,0,1.0245,0.86539,0,0,0,0,0
63,262,1.418,96.661,7338,0.003355,0,0.004143,0,0,0.024696,0,0,0,0,0.18667,0,0,0,0,0
63,262,1.418,96.661,7338,0.0021738,6.6245,0,0.032727,0,0,0,0,0,10.481,0.18667,0,0,0,0,0
63,262,1.418,96.661,7338,0,0,0,0,0,0,0,0,0,10.481,8.8643,0,0,0,0,0
63,262,1.418,96.661,7338,0.007595,0,0,0,0,0,0,0,0,5.7231,4.7914,0,0,0,0,0
63,262,1.418,96.661,7338,0,0,0,0.20279,0,0,0,0,0,0.8932,7.8198,0,0,0,0,1.4499
63,262,1.418,96.661,7338,0,0,0,0,0.0014155,0,0,0,0,1.4449,0.18667,0,0,0,0,0
63,262,1.418,96.661,7338,0.00495,0,0,0,0,0,0,0,0,3.4087,0.18667,0,0,0,0,0
63,262,1.418,96.661,7338,0.46331,0,0,0,0,0,0,0,0,0,6.2445,0,0,0,0,0
63,262,1.418,96.661,7338,0,0,0.002011,0,0,0,44.252,0,0,0.55196,3.3067,0,0,0,0,0
63,262,1.418,96.661,7338,0,0,0,0,0,0,0,0,0,0,4.4641,0,0,0,0,0
63,262,1.418,96.661,7338,0,0,0,0,0,0,9.416,0,0,18.081,0.18667,0,0,0,0,0
63,262,1.418,96.661,7338,0.00036,0,0,3.8162,0,0,0,0,0,10.481,0.18667,0,0,0,0,0
63,262,1.418,96.661,7338,0,0,0,8.14,0,0,0,0,0,0,23.796,0,0,0,0,0
63,262,1.418,96.661,7338,0,0,0,0,0,0,0,0,0,0.68445,6.8495,0,0,0,0,0
63,262,1.418,96.661,7338,0.001493,0,0,0,0.000125,0,0,0,0,9.1202,0.70126,0,0,0,0,0
63,262,1.418,96.661,7338,0,0,0,28.307,0,0,0,0,0,0,0.18667,0,0,0,0,9.1828
63,262,1.418,96.661,7338,0.005838,0,0,0,0,0,0,0,0,8.4961,39.913,0,0,0,0,0
63,262,1.418,96.661,7338,0,0,0,0,0,0,0,0,0,4.212,22.86,0,0,0,0,0
63,262,1.418,96.661,7338,0.045593,0,0,0.000583,0,0,39.523,0,0,1.4449,3.65,0,0,0,0,0
63,262,1.418,96.661,7338,0.13125,0,0,0.52091,0,0,0,0,0,9.1202,33.902,0,0,0,0,0
63,262,1.418,96.661,7338,0,0,0,0,0.00498,0.98597,0,0,0,0,15.182,0,0,0,0,0
63,262,1.418,96.661,7338,0,0,0,0,0,0,0,0,0,0.4212,13.566,0,0,0,0,0
63,262,1.418,96.661,7338,0,0,0,3.743,0,5.065,0,0,0,0,12.927,0,0,0,0,0
63,262,1.418,96.661,7338,0.017186,0,0,0.013535,0,0,0,0.000251,0,8.4961,0.35737,0,0,0,0,0
63,262,1.418,96.661,7338,0,0,0,0,0,0.0040468,0.16424,0,0,0.27721,2.0171,0,0,0,0,0
63,262,1.418,96.661,7338,2.2873,0,0,0,0,0,0,0,0,0,8.0593,0,0,0,0,0
63,262,1.418,96.661,7338,0.005239,0,0,0,0,0,0.16424,0,0,1.0167,0.33626,0,0,0,0,0.24165
63,262,1.418,96.661,7338,0,0,0,0,0,0,5.8158,0,0,5.7109,0.18667,0,0,0,0,0
63,262,1.418,96.661,7338,0.11344,0,0,0,0,0.017111,0,0,0,0,25.69,0,0,0,0,0
63,262,1.418,96.661,7338,0.8598,0,0,0,0,3.7277,9.834,0,0,0,17.711,0,0,0,0,0
63,262,1.418,96.661,7338,0,0,0,0,0,0,0.075512,0,0,1.5079,0.18667,0,0,0,0,0
63,262,1.418,96.661,7338,8.3673,0,0.065127,0,12.356,0,0.76622,0,0,0.27721,10.816,0,0,0,0,0
63,262,1.418,96.661,7338,0.37606,0,0,0,0,0,0,0,0,0,31.982,0,0,0,0,0
63,262,1.418,96.661,7338,0,0,5.4202,0.0003845,0,0,0,0.79551,0,0.27721,0.3516,0,0,0,0,15.949
63,262,1.418,96.661,7338,0.00524,0,0.006314,12.135,0,0.00086736,0,0,0,0.14685,4.2836,0,0,0,0,0
63,262,1.418,96.661,7338,0,0,0,8.8394,0,1.0098,37.034,0,0,0.27721,23.624,0,0,0,0,0
63,262,1.418,96.661,7338,0,0,0,0,0,0,0,0,0,1.2479,0.18667,0,0,0,0,0
63,262,1.418,96.661,7338,0,0,0,0.29954,0,0.013211,0.50998,0,0,1.4449,2.4012,0,0,0,0,0
63,262,1.418,96.661,7338,0.003932,0,0,0.088419,0,0,0,0,0,1.5859,4.5419,0,0,0,0,0
63,262,1.418,96.661,7338,0,0,0,0.74517,0,0,0,0,0,0.14685,0.18667,0,0,0,0,0
63,262,1.418,96.661,7338,0.008776,0,0,0,0,0,0,0,0,0,52.897,0,0,0,0,0
63,262,1.418,96.661,7338,0,0,4.2386,8.7752,0,0,11.027,0,0,1.5079,6.3294,0,0,0,0,0
63,262,1.418,96.661,7338,0.65807,0,0,1.2426,0,0,0.11746,0,0,0.76342,0.33631,0,0,0,0,0
63,262,1.418,96.661,7338,0.11344,0,0,0.34963,0,0,0,0,1.2546,0,0.18667,0,0,0,0,0
63,262,1.418,96.661,7338,0,0,0,0,1.1407,0,0,0,0,7.6506,0.18667,0,0,0,0,0
63,262,1.418,96.661,7338,0,0,0,3.743,0,0,0,0,0,36.785,1.2894,0,0,0,0,0
63,262,1.418,96.661,7338,0.007595,0,0,6.3e-05,0,0,0.16424,0,0,0.14685,0.18667,0,0,0,0,0
63,262,1.418,96.661,7338,0.16373,0,0,4.1021,0,0,0.76622,0,0,0,0.18667,0,0,0,0,0
63,262,1.418,96.661,7338,3.0532,0,0,0.002413,0,0,0,0,0,0,1.1542,0,0,0,0,0
63,262,1.418,96.661,7338,0,0,0,0,0,0.99999,0,0,0,13.788,23.864,0,0,0,0,0
63,262,1.418,96.661,7338,0,0,0,0,0.35329,0,0,0,0,0,45.427,0,0,0,0,0
63,262,1.418,96.661,7338,0,0,2.9248,0.08972,0,0,0,0,0,1.0076,1.8398,0,0,0,0,0
63,262,1.418,96.661,7338,0,0,0,0.56268,0,0,0,0,0,1.0076,0.33631,0,0,0,0,0
63,262,1.418,96.661,7338,4.5389,0,0,0,0,10.218,0.010505,0,0,0,0.86986,0,0,0,0,0
63,262,1.418,96.661,7338,0,0,0,0.000966,0,0,0,0,0,1.5851,12.791,0,0,0,0,0
63,262,1.418,96.661,7338,0,0,0,3.743,0,0.0040468,0.010505,0,0,0,0.18667,0,0,0,0,0
63,262,1.418,96.661,7338,0,0,0,0,0,0.99999,0,0,0,0,2.5119,0,0,0,0,0
63,262,1.418,96.661,7338,0.00524,0,0,2.0451,0,0,0,0,0,0,6.4269,0,0,0,0,0
63,262,1.418,96.661,7338,0,0,0,0,0,0,0,0,0,7.6506,0.18667,0,0,0,0,0
63,262,1.418,96.661,7338,0,0,0,32.742,0,0,0,0,0,8.0476,14.249,0,0,0,0,0
63,262,1.418,96.661,7338,0,0,0,2.0589,0,0,0,0,0,8.5959,13.418,0,0,0,0,0
63,262,1.418,96.661,7338,0.017397,0,0,0,0,0.00078163,0,0,0,5.7231,0.18667,0,0,0,0,0
63,262,1.418,96.661,7338,0.00062,0,0,0,0,0,0,0,0,36.785,0.18667,0,0,0,0,0
63,262,1.418,96.661,7338,0,0,0,2.0095,0,0,0,0,0,0.18086,0.18667,0,0,0,0,0
63,262,1.418,96.661,7338,0,0,0,0.59937,0,0,0,0,0,0,0.18667,0,0,0,0,0
63,262,1.418,96.661,7338,0,0,0,0,0,0,0,0,0,0.18086,7.2436,0,0,0,0,0
63,262,1.418,96.661,7338,0,0,0,0.77685,0,0,0,0,0,0,0.55577,0,0,0,0,0
63,262,1.418,96.661,7338,0,0,0,0.007748,0,3.3357,2.1326,0,0,0,5.4517,0,0,0,0,0
63,262,1.418,96.661,7338,0,0,0,0.002413,0,0,20.898,0,0,1.164,1.0725,0,0,0,0,0
63,262,1.418,96.661,7338,0,0,0,0,0,0,0,0,0,0,22.311,0,0,0,0,0
63,262,1.418,96.661,7338,0,0,0,0,0,0,0,0,0,0,0.18667,0,0,0,0,0
63,262,1.418,96.661,7338,0,0,0,0.003551,0,0,0,0,0,0.27721,0.96176,0,0,0,0,0
63,262,1.418,96.661,7338,0.003485,0,0,0,0,0,0.16424,0,0,0,0.18667,0,0,0,0,0
63,262,1.418,96.661,7338,0,0,0,0,0,0,0,0,0,0,1.1651,0,0,0,0,0
63,262,1.418,96.661,7338,0,0,0,0.014442,0,0,0,0,0,8.5959,54.222,0,0,0,0,0
63,262,1.418,96.661,7338,0.15734,0,0,0,0,0,0,0,0,7.8617,9.4002,0,0,0,0,0
63,262,1.418,96.661,7338,0.6663,0,1.6134,0.3141,1.1815,0,0,0,0,0,0.18667,0,0,0,0,0
63,262,1.418,96.661,7338,0,0,0,0,0,0.98597,0.16424,0,0,0,75.625,0,0,0,0,0
63,262,1.418,96.661,7338,0,0,0.005263,0,0,0,11.027,0,0,1.7864,0.18667,0,0,0,0,0
63,262,1.418,96.661,7338,0,0,0,0,0,0,0,0,0,0,0.18667,0,0,0,0,0
63,262,1.418,96.661,7338,0,0,0,0,0,0,0,0,0,4.212,14.773,0,0,0,0,0
63,262,1.418,96.661,7338,0,0,0,13.719,0,0,0,0,0,9.1202,0.92485,0,0,0,0,0
63,262,1.418,96.661,7338,0.021074,0,0,0,2.9774,0,7.2652,0,0,16.378,64.83,0,0,0,0,0
63,262,1.418,96.661,7338,4.2918,0,0,0,0,0,0,0,0,0,6.3294,0,0,0,0,0
63,262,1.418,96.661,7338,0.002139,0,0,1.5648,0,0.018596,0,0,0,0,0.18667,0,0,0,0,0
63,262,1.418,96.661,7338,0,0,0,0,0,0,0,0,0,18.081,1.6408,0,0,0,0,0
63,262,1.418,96.661,7338,0,0,0,3.325,0,0,0,0,0,0.44682,62.342,0,0,0,0,0
63,262,1.418,96.661,7338,0,0,0,0.79971,0,0,20.785,0,0,2.6253,22.86,0,0,0,0,0
63,262,1.418,96.661,7338,0.00014,0,0,11.662,0,0,0,0,0,8.4961,0.18667,0,0,0,0,0
63,262,1.418,96.661,7338,2.1454,0,0,0,0,1.4985,0,0,0,0,0.18667,0,0,0,0,0
63,262,1.418,96.661,7338,0,0,0,0,0,0,0.02739,0,0,0.55196,23.153,0,0,0,0,0
63,262,1.418,96.661,7338,0,0,0,0,0,0.033803,36.424,0,0,0,2.9179,0,0,0,0,0
63,262,1.418,96.661,7338,0.001309,0,0,0.002413,38.298,0.1296,0.16424,0,0,0.8932,1.9933,0,0,0,0,0
63,262,1.418,96.661,7338,0,0,7.943,14.92,0,0,22.844,0,0,9.1202,0.83155,0,0,0,0,0
63,262,1.418,96.661,7338,0,0,0,0,0,0,0.16424,0,0,0,0.18667,0,0,0,0,0
63,262,1.418,96.661,7338,0,0,0,0,0.48102,0,0,0,0,13.788,0.22358,0,0,0,0,0
63,262,1.418,96.661,7338,0,0,0,0,0,0,0,0,0,0.056957,6.4269,0,0,0,0,0
63,262,1.418,96.661,7338,0.22928,0,0,1.0548,0,0,0.53887,0,0,0,0.18667,0,0,0,0,3.3832
63,262,1.418,96.661,7338,0,0,0,0,0,0,38.312,0,0,0,0.18667,0,0,0,0,0
63,262,1.418,96.661,7338,0,0,0,0,0.003485,0.0032185,0,0,0,0,0.34267,0,0,0,0,0
63,262,1.418,96.661,7338,0,0,2.4671,0,0,0,0,0,0,0.21027,0.35238,0,0,0,0,0
63,262,1.418,96.661,7338,0.20323,0,0,0.015108,0,0.99999,0.16424,0,0,0.27721,2.1299,0,0,0,0,0
63,262,1.418,96.661,7338,0,0,0,0.012921,0,0,0,0,0,0.18355,0.35074,0,0,0,0,0
63,262,1.418,96.661,7338,0,0,0,0,0,0,0,0,0,8.4961,0.18667,0,0,0,0,0
63,262,1.418,96.661,7338,0,0,0,0,0.008333,0,3.2328,0,0,0.27721,0.18667,0,0,0,0,0
63,262,1.418,96.661,7338,0.001436,0,0,0,0,0,0.16424,0,0,1.808,5.6466,0,0,0,0,0
63,262,1.418,96.661,7338,0.003173,0,0.00062,28.307,0,0,0,0,0,7.8617,0.18667,0,0,0,0,0
63,262,1.418,96.661,7338,0,0,0,0,0.012565,0,0,0,0,0,0.18667,0,0,0,0,0
63,262,1.418,96.661,7338,0,0,0,0.011871,0,0,0,0,0,2.6253,28.053,0,0,0,0,0
63,262,1.418,96.661,7338,0.035093,0,0,0,0,0,2.1637,0,0,8.4961,5.2617,0,0,0,0,0
63,262,1.418,96.661,7338,0,0,0,0.19762,0,0.00045385,0,0,0,0.44682,0.18667,0,0,0,0,0
63,262,1.418,96.661,7338,0,0,0,0,0,0,52.549,0,0,1.7864,0.33589,0,0,0,0,0
63,262,1.418,96.661,7338,0.44995,0,0,0,0,41.942,0,0,0,1.1822,0.40813,0,0,0,0,0
63,262,1.418,96.661,7338,0,0,0,0,0,0,0.53887,0,0,0,0.18667,0,0,0,0,17.882
63,262,1.418,96.661,7338,0,0,0,0,0,0,0,0,0,0,0.18667,0,0,0,0,3.3832
63,262,1.418,96.661,7338,0,0,0,0,0,0,0,0,0,0,0.18667,0,0,0,0,0
63,262,1.418,96.661,7338,0,0,0,0,0,0.98521,0,0,0,16.378,3.9699,0,0,0,0,0
63,262,1.418,96.661,7338,0.00052,0,0,1.699,0,0,0.53887,0,0,0,52.236,0,0,0,0,0
63,262,1.418,96.661,7338,0,0,0,0,0,0.99999,0,0,0,1.4449,0.18667,0,0,0,0,0
63,262,1.418,96.661,7338,1.4748,0,0,0.012155,0,0.77378,0,0,0,0.44682,0.18667,0,0,0,0,0
63,262,1.418,96.661,7338,0,0,0,0,0,0.057464,0,0,0,0.76777,14.773,0,0,0,0,0
63,262,1.418,96.661,7338,0.37606,0,0,0,0,0,0,0,0,1.0245,11.85,0,0,0,0,0
63,262,1.418,96.661,7338,0,0,0,0,0.6169,0,0,0,0,0,0.18667,0,0,0,0,0
63,262,1.418,96.661,7338,0.003932,0,0,0,0,0,37.535,0,0,0.44575,0.18667,0,0,0,0,0
63,262,1.418,96.661,7338,0.003822,0,0,3.9757,0,0,0.16424,0,0,0.64617,2.5119,0,0,0,0,0
63,262,1.418,96.661,7338,0.000765,0,0,0,0,0,0,0,0,0.44682,1.2873,0,0,0,0,0
63,262,1.418,96.661,7338,0,0,0,0,0,0,0.16424,0,0,0,0.18667,0,0,0,0,0
63,262,1.418,96.661,7338,0,0,0,15.692,0,1.6606,0,0,0,0,0.83155,0,0,0,0,0
63,262,1.418,96.661,7338,3.7435,0,0,0,0,0,0,0,0,16.378,0.18667,0,0,0,0,0
63,262,1.418,96.661,7338,0,0,0,0.71957,0,0.99271,0,0,0,0,0.18667,0,0,0,0,0
63,262,1.418,96.661,7338,0,0,0,0,0,0,0,0,0,0,0.18667,0,0,0,0,0
63,262,1.418,96.661,7338,28.342,0,0,0,0,0,0,0,0,36.785,5.3971,0,0,0,0,0
63,262,1.418,96.661,7338,0,0,0,0,0,0,0.16424,0,0,0.73557,24.007,0,0,0,0,0
63,262,1.418,96.661,7338,0,0,0,0,0,0,0,0,0,0,15.182,0,0,0,0,0
63,262,1.418,96.661,7338,0,0,0,0,0,5.065,0,0,0,0.44682,70.646,0,0,0,0,0
63,262,1.418,96.661,7338,0.16154,0,0,0,0,0,0,0,0,1.0245,0.96176,0,0,0,0,0
63,262,1.418,96.661,7338,0,0,0,0.088419,7.8e-05,0,0,0,0,3.4087,2.436,0,0,0,0,0
63,262,1.418,96.661,7338,0,0,0,0,0,0,0.16424,0,0,0,10.846,0,0,0,0,0
63,262,1.418,96.661,7338,0,0,0,5.0853,0,0,0,0,0,0,0.18667,0,0,0,0,0
63,262,1.418,96.661,7338,0,0,0,1.5,0,0,0,0,0,1.808,0.18667,0,0,0,0,0
63,262,1.418,96.661,7338,0,0,0,2.9141,0,0,0,0,0,0.056957,28.053,0,0,0,0,0
63,262,1.418,96.661,7338,4.2918,0,0,0.055247,0,1.0374,26.607,0,0,36.785,0.18667,0,0,0,0,0
63,262,1.418,96.661,7338,0.001205,0,0,0.18883,0,0,0,0,0,0.4212,1.9337,0,0,0,0,0
63,262,1.418,96.661,7338,0,0,0,0,0,1.3972,31.304,0,0,0.44682,7.2436,0,0,0,0,0
63,262,1.418,96.661,7338,0.081919,0,0,0,0.026102,0,47.452,0,0,1.261,0.18667,0,0,0,0,0
63,262,1.418,96.661,7338,0.0059505,0,0,0,0,0,15.406,0,0,1.0167,10.511,0,0,0,0,0
63,262,1.418,96.661,7338,0,0,0,0,0,0,2.1326,0,0,0,17.117,0,0,0,0,0
63,262,1.418,96.661,7338,0,0,0,0.012476,0,0,0,0,0,8.5959,16.454,0,0,0,0,0
63,262,1.418,96.661,7338,0,0,0,0,0,0,0,0,0,0,0.18667,0,0,0,0,0
63,262,1.418,96.661,7338,22.296,0,0,0.003152,0.000335,0,0,0,0,19.403,0.18667,0,0,0,0,0.24165
63,262,1.418,96.661,7338,0,0,0,0,0,4.2031,0,2.7293,0,0,23.254,0,0,0,0,0
63,262,1.418,96.661,7338,0,0,0,0.12387,0,0,0,0,0,3.4087,0.18667,0,0,0,0,0
63,262,1.418,96.661,7338,0,0,0,0,0,0,0,0,0,1.0834,0.18667,0,0,0,0,0
63,262,1.418,96.661,7338,0,0,0,0,0,0,0,0,0,0,0.18667,0,0,0,0,0
63,262,1.418,96.661,7338,0,0,0,0,0,0,0.010505,0,0,0,0.29739,0,0,0,0,0
63,262,1.418,96.661,7338,0,0,0,0,0.41323,0.00086736,35.47,0,0,1.0834,0.18667,0,0,0,0,0
63,262,1.418,96.661,7338,0,0,0,0,6.2591,0,0.16424,0,0,0,0.18667,0,0,0,0,0
63,262,1.418,96.661,7338,0,0,0.025079,0,0.002741,0,0,0,0,0.63421,1.4447,0,0,0,0,0
63,262,1.418,96.661,7338,0,0,0,0,0,0,0,0,0,0,0.34071,0,0,0,0,0
63,262,1.418,96.661,7338,0.016466,0,0,0.60546,0,0,0,0,0,8.4961,0.18667,0,0,0,0,0
63,262,1.418,96.661,7338,0,0,0,0,0,0,0,0,0,0.39237,0.37122,0,0,0,0,0
63,262,1.418,96.661,7338,0,0,0.014169,0,0,0,0.8784,0,0,0.18086,0.18667,0,0,0,0,0
63,262,1.418,96.661,7338,0,1.4731,0,0,0,0,0,0,0,0,56.178,0,0,0,0,0
63,262,1.418,96.661,7338,0.005239,0,0,0.001415,0,0,0,0,0,5.7231,14.773,0,0,0,0,0
63,262,1.418,96.661,7338,0,0,0,0,0,0,0,0,0,0,1.349,0,0,0,0,0
63,262,1.418,96.661,7338,0,0,0,0,0,0,0,0,0,0,0.59267,0,0,0,0,0
63,262,1.418,96.661,7338,0.046832,0,0,0.013572,0,0,0.16424,0,0,1.261,21.324,0,0,0,0,0
63,262,1.418,96.661,7338,0.005239,0,0.00014,0.40043,0,0,0,0,0,13.788,0.18667,0,0,0,0,0
63,262,1.418,96.661,7338,0,0,0,0,20.841,0,0.76622,0,0,0,15.543,0,0,0,0,0
63,262,1.418,96.661,7338,0,0,0,0.056168,0,0,13.875,0,0,0.73557,7.5072,0,0,0,0,0
63,262,1.418,96.661,7338,0.75436,0,0,1.1325,0,0,0,0,0,0.18086,0.18667,0,0,0,0,0
63,262,1.418,96.661,7338,0,0,0,0,0,0,0,0,0,0.4212,8.0313,0,0,0,0,0
63,262,1.418,96.661,7338,3.485,0,0,0,0,0,0,0,0,0,24.214,0,0,0,0,0
63,262,1.418,96.661,7338,0,0,0,4.9903,0.65697,0,0,0,0,0,0.18667,0,0,0,0,0
63,262,1.418,96.661,7338,0.003346,0,0,0,0,0.00045385,0,0,0,0.72035,0.18667,0,0,0,0,0
63,262,1.418,96.661,7338,0,0,0,0,0,0,0,0,0,9.1202,9.34,0,0,0,0,0
63,262,1.418,96.661,7338,0,0,0,0,0,0,0,0,0,7.6506,0.18667,0,0,0,0,0
63,262,1.418,96.661,7338,0.001436,0,0,0,0,0,0,0,0,1.4449,0.18667,0,0,0,0,0
63,262,1.418,96.661,7338,18.164,0,0,0,0,0,0,0,0,1.7327,0.18667,0,0,0,0,0
63,262,1.418,96.661,7338,0,0,0,0,0,0.018596,0.16424,0,0,1.9819,8.6779,0,0,0,0,0
63,262,1.418,96.661,7338,0,0,0,0.001157,0,0,0,0,0,0,2.0171,0,0,0,0,0
63,262,1.418,96.661,7338,0,0,0,0,0,0,0.11746,0,0,0.63421,6.4269,0,0,0,0,0
63,262,1.418,96.661,7338,0,0,0,0.071919,0,0.0018444,0,0,0,0.4212,0.18667,0,0,0,0,0
63,262,1.418,96.661,7338,0,0,0,13.248,0,0,0.16424,1.0734,0,0.55196,0.18667,0,0,0,0,0
63,262,1.418,96.661,7338,0,0,0,0.086946,0,0,0,0,0,1.0834,0.18667,0,0,0,0,0
63,262,1.418,96.661,7338,0,0,0,0,0,0,0,0,0,1.164,0.34789,0,0,0,0,0
63,262,1.418,96.661,7338,0.000172,0,0,0,0,0,0,0,0,13.788,1.1542,0,0,0,0,0
63,262,1.418,96.661,7338,0.41744,0,0,11.662,0,0,0.13695,0,0,1.808,0.47944,0,0,0,0,0
63,262,1.418,96.661,7338,0.077588,0,0,3.8956,0.14206,0,0,0,0,10.481,0.51886,0,0,0,0,0
63,262,1.418,96.661,7338,0,0,0,0,0,0,0,0.001326,0,5.7109,3.8481,0,0,0,0,0
63,262,1.418,96.661,7338,0,0,0,3.8162,0,0,0,0,0,18.081,9.1186,0,0,0,0,0
63,262,1.418,96.661,7338,0,0,0,1.4123,0,0,0,0,0,1.1822,10.304,0,0,0,0,0
63,262,1.418,96.661,7338,0.000254,0,0,4.1021,0,0,0.02739,0,0,4.212,0.18667,0,0,0,0,1.4499
63,262,1.418,96.661,7338,4.4085,0,0,0,0,0,0,0,0,0.73557,24.887,0,0,0,0,0
63,262,1.418,96.661,7338,0,0,0,0,0,0,12.732,0,0,0.27721,0.18667,0,0,0,0,3.3832
63,262,1.418,96.661,7338,0.11344,0,0,0.043698,0.65697,0,0,0,0,36.785,0.18667,0,0,0,0,0
63,262,1.418,96.661,7338,0.007448,0,0,0.015753,13.494,0.017111,0,0.79351,0,0.91947,52.897,0,0,0,0,0
63,262,1.418,96.661,7338,0,0,0.00021,0,2.7547,0,0.16424,0,0,3.4087,2.5353,0,0,0,0,0
63,262,1.418,96.661,7338,0.098492,0,0,0.080285,0,0,0,0,0,5.6716,12.901,0,0,0,0,0
63,262,1.418,96.661,7338,1.4291,0,0,0,0,0,0.16424,0,0,2.6253,1.5754,0,0,0,0,0
63,262,1.418,96.661,7338,0,0,0,0,0,0,0,0,0,1.0834,53.964,0,0,0,0,0
63,262,1.418,96.661,7338,0.005248,0,0,0,0,0,0,0,0,3.4087,0.18667,0,0,0,0,0
63,262,1.418,96.661,7338,0.25322,0,0,0,0,0,0,0,0,0.21027,0.96176,0,0,0,0,0
63,262,1.418,96.661,7338,0,0,0,0,0,0,0,0,0,0.44575,0.18667,0,0,0,0,0
63,262,1.418,96.661,7338,0,0,0,0,0,0,0,0,0,0,0.18667,0,0,0,0,0
63,262,1.418,96.661,7338,0,0,0.081846,0,0,0,0.16424,0,0,1.5851,0.18667,0,0,0,0,0
63,262,1.418,96.661,7338,0,0,0,0.013535,0.2516,0,9.0148,0,0,1.1822,13.556,0,0,0,0,0
63,262,1.418,96.661,7338,0,0,0,0,0,0,0,0,0,18.081,0.97191,0,0,0,0,0
63,262,1.418,96.661,7338,0,0,0,4.841,0,0,0,0,0,0.18355,0.33631,0,0,0,0,0
63,262,1.418,96.661,7338,5.8648,0,0,0.10023,1.8423,0,0,0,0,0,0.33626,0,0,0,0,0
63,262,1.418,96.661,7338,0,0,0,0,0,0,0,0,0,0,58.909,0,0,0,0,0
63,262,1.418,96.661,7338,0,0,0,0,0,0,0.13695,0,0,0,0.6212,0,0,0,0,0
63,262,1.418,96.661,7338,0,0,0,0.89958,0,0,0,0,0,1.0139,82.014,0,0,0,0,0
63,262,1.418,96.661,7338,2.2873,0,0,0,0,0,0,0,0,1.808,0.18667,0,0,0,0,0
63,262,1.418,96.661,7338,0,0,0.059951,0,31.237,0,9.834,0,0,0,31.441,0,0,0,0,0
63,262,1.418,96.661,7338,0,0,0,0,0,0,5.8158,0,0,16.378,25.69,0,0,0,0,0
63,262,1.418,96.661,7338,0,0,0,0,0,3.3357,0.76622,0,0,0.056957,14.459,0,0,0,0,0
63,262,1.418,96.661,7338,0,0,0,0,0.00833,0,0,0,0,1.808,6.9144,0,0,0,0,0
63,262,1.418,96.661,7338,0,0,0,0,0.008397,0,0.8784,0,0,1.0139,8.8964,0,0,0,0,0
63,262,1.418,96.661,7338,0.002139,0,0,1.2426,0,0,0.76622,0,0,0.056957,1.3038,0,0,0,0,0
63,262,1.418,96.661,7338,6.3502,0,0,0,0,0,0.16424,0,0,1.057,9.34,0,0,0,0,0
63,262,1.418,96.661,7338,0,0,0,0.014093,0,0,0,0,0,3.8254,1.2593,0,0,0,0,0
63,262,1.418,96.661,7338,0,0,0,0,0,0,0,0,0,0.14685,1.445,0,0,0,0,0
63,262,1.418,96.661,7338,0,0,0,0,0.51759,3.9766,2.2066,0,0,0,0.18667,0,0,0,0,0
63,262,1.418,96.661,7338,0,0,0,0.30178,0,0,0,0,0,1.1822,1.8398,0,0,0,0,0
63,262,1.418,96.661,7338,0,0,0,0,0.071412,0.0032185,0,0,0,3.8737,0.18667,0,0,0,0,0
63,262,1.418,96.661,7338,0,0,43.303,0,0,0,19.338,0,0,0,0.18667,0,0,0,0,0
63,262,1.418,96.661,7338,0.40798,0,0,3.1028,0,0,0,0,0,1.0167,6.2397,0,0,0,0,0
63,262,1.418,96.661,7338,0,0,4.5168,0.019967,0,0,0.16424,0,0,16.378,0.18667,0,0,0,0,0
63,262,1.418,96.661,7338,0.76748,0,0,0,0,0,0,0,0,6.8425,15.543,0,0,0,0,0
63,262,1.418,96.661,7338,32.99,0,0,0,0,0.99999,0,0,0,7.8617,4.2611,0,0,0,0,0
63,262,1.418,96.661,7338,0,0,0,0,0,1.0142,0,0,0,0.27721,0.33631,0,0,0,0,0
63,262,1.418,96.661,7338,0.035093,0,0,1.1325,0,0,52.549,0,0,3.4087,23.19,0,0,0,0,0
63,262,1.418,96.661,7338,0.003485,0,0,2.0589,0,0,0,0,0,0,3.2906,0,0,0,0,0
63,262,1.418,96.661,7338,0,0,0,0.57243,0,0,0,0,0,0.8932,2.7159,0,0,0,0,0
63,262,1.418,96.661,7338,0,0,0.37146,0.004063,0,0,0,0,0,3.8737,3.2092,0,0,0,0,0
63,262,1.418,96.661,7338,0.33369,0,0,0,0.002031,0,0,0,0,0.76342,6.8495,0,0,0,0,0
63,262,1.418,96.661,7338,0,0,0,2.7882,0,0,44.252,0,0,0,0.22358,0,0,0,0,0
63,262,1.418,96.661,7338,0,0,0,0.055247,0,0,0,0,0,0,0.22358,0,0,0,0,0
63,262,1.418,96.661,7338,6.7661,0,0,0,0,0,0,0,0,1.4449,5.9677,0,0,0,0,0
63,262,1.418,96.661,7338,0,0,0,0,0.008333,0,0,0,0,1.5079,0.34441,0,0,0,0,0
63,262,1.418,96.661,7338,1.4748,0,0,0,0,0,0,0.79453,0,0.63421,6.329,0,0,0,0,0
63,262,1.418,96.661,7338,0,0,0,0,0,0,0,0,0,1.0076,1.2592,0,0,0,0,0
63,262,1.418,96.661,7338,0,0,0,0,0,0,0,0,0,0.68445,1.4513,0,0,0,0,0
63,262,1.418,96.661,7338,0,0,0,0,0,0,0.075512,0,0,0.91947,2.274,0,0,0,0,0
63,262,1.418,96.661,7338,0,0,0.087845,0,0.010635,0,0,0,0,0.21027,1.0623,0,0,0,0,0
63,262,1.418,96.661,7338,0,0,0,0,0,0,0,0,0,8.5959,4.8003,0,0,0,0,0
63,262,1.418,96.661,7338,0,0,5.4202,0,0,0,0,0,0,0.18086,12.035,0,0,0,0,0
63,262,1.418,96.661,7338,0,0,0,0,10.936,0,0.075512,0,0,0,15.093,0,0,0,0,0
63,262,1.418,96.661,7338,0.00052,0,0,0,0,0,0.16424,0,0,0.76777,0.18667,0,0,0,0,0
63,262,1.418,96.661,7338,4.2339,0,0,0.011521,0,0,13.851,0,0,0,7.1196,0,0,0,0,0
63,262,1.418,96.661,7338,0,0,0,0,4.5351,0,0,0,0,5.6716,0.34266,0,0,0,0,0
63,262,1.418,96.661,7338,0,0,0,1.9258,0,0,0,0.040409,0,5.7231,4.2611,0,0,0,0,0
63,262,1.418,96.661,7338,0,0,0,0,0,0,0,0,0,0,0.18667,0,0,0,0,0
63,262,1.418,96.661,7338,0,0,0,0,0,0,52.549,2.6705,0,0.68445,0.18667,0,0,0,0,0
63,262,1.418,96.661,7338,0,0,0,0,3.1094,0,0,0,0,0,75.625,0,0,0,0,0
63,262,1.418,96.661,7338,0,0,0,0,0,1.1633,0,0,0,1.057,6.3294,0,0,0,0,0
63,262,1.418,96.661,7338,0,0,0,0,0,0,0.075512,8.6379,0,0,0.71492,0,0,0,0,0
63,262,1.418,96.661,7338,0.00524,0,0,0.012154,0,0.11831,12.487,0,0,0,0.18667,0,0,0,0,0
63,262,1.418,96.661,7338,0,0,4.5824,0,0,0,57.964,0,0,0.8932,0.18667,0,0,0,0,0
63,262,1.418,96.661,7338,0,0,0,0,0,0,0.76622,0,0,7.8617,0.18667,0,0,0,0,0
63,262,1.418,96.661,7338,0,0,0,0,0,0.38075,0.16424,0,0,4.212,13.052,0,0,0,0,0
63,262,1.418,96.661,7338,0.02347,0,0,0,0,0,0.16424,0,0,1.057,15.182,0,0,0,0,0
63,262,1.418,96.661,7338,0,0,0,0.026197,0,2.149,0.16424,0,0,8.4961,14.813,0,0,0,0,0
63,262,1.418,96.661,7338,0,0,0,0.013572,6.3833,0,0,0,0,0,11.001,0,0,0,0,0
63,262,1.418,96.661,7338,0,0,0.15876,0,4.119,0,5.5298,0,0,0,0.18667,0,0,0,0,0
63,262,1.418,96.661,7338,0,0,0,4.1424,0,0,0,0,0,0.55196,0.18667,0,0,0,0,0
63,262,1.418,96.661,7338,0,0.001146,0,0.013572,0,0,0,0,0,13.788,0.18667,0,0,0,0,0
63,262,1.418,96.661,7338,0.4962,0,0,0,0,0,0,0,0,0.4212,0.18667,0,0,0,0,0
63,262,1.418,96.661,7338,5.0643,0,1.7068,0.028822,0,0,35.47,0,0,1.0167,1.1511,0,0,0,0,0
63,262,1.418,96.661,7338,0,0,0,0.13946,0.00524,0,0,0,0,36.785,0.86986,0,0,0,0,0
63,262,1.418,96.661,7338,6.5498,0,0,0,0.001326,0,0,0,0,0,81.992,0,0,0,0,0
63,262,1.418,96.661,7338,0.016666,0,0,0,0,0,22.844,0,0,1.0139,0.18667,0,0,0,0,0
63,262,1.418,96.661,7338,0,0,0,0,0,0,0.02739,0,0,0.056957,6.4398,0,0,0,0,0
63,262,1.418,96.661,7338,0,0,0,0,0,0,0.76622,0,0,21.917,19.71,0,0,0,0,0
63,262,1.418,96.661,7338,0,0,0,0.10402,0,0,64.592,0,0,1.2479,0.18667,0,0,0,0,0
63,262,1.418,96.661,7338,0.007125,0,0,0,0,0,0,0,0,0.27721,14.459,0,0,0,0,0
63,262,1.418,96.661,7338,0,0,0,0,0,0,0,0,0,0.91947,0.45538,0,0,0,0,0
63,262,1.418,96.661,7338,0,0,0,27.901,0,0.99999,5.0643,0,0,1.0076,0.18667,0,0,0,0,0
63,262,1.418,96.661,7338,0.011486,0,0,0,0,0,0,0,0,0.4212,8.3756,0,0,0,0,0
63,262,1.418,96.661,7338,0,0,0,0,0,0,0,0,0,1.9819,0.18667,0,0,0,0,0
63,262,1.418,96.661,7338,0.017397,0,0,0,0,0,0,0,0,21.917,8.3756,0,0,0,0,0
63,262,1.418,96.661,7338,0,0,0,28.307,0,0,0,0,0,0.44682,0.18667,0,0,0,0,0
63,262,1.418,96.661,7338,0,0,0,18.304,0,0,0,0,0,0,0.18667,0,0,0,0,0
63,262,1.418,96.661,7338,4.6157,0,0,0,12.356,0,0,0,0,55.455,0.33631,0,0,0,0,0
63,262,1.418,96.661,7338,0.016666,0,0,0,0,0,44.12,0,0,0.91947,1.445,0,0,0,0,0
63,262,1.418,96.661,7338,14.953,0,0,0,0,0,0,0,0,1.0245,9.34,0,0,0,0,0
63,262,1.418,96.661,7338,0,0,0,0,0,0,0,0,0,0.73557,0.93382,0,0,0,0,91.828
63,262,1.418,96.661,7338,0.058652,0,0,0.051582,0,0,0,0,0,0.44682,0.18667,0,0,0,0,0
63,262,1.418,96.661,7338,0,0,0,0.13674,0,0,0,0,0,1.261,6.2397,0,0,0,0,0
63,262,1.418,96.661,7338,0,0,0,0,0,0,37.034,0,0,1.0245,0.6212,0,0,0,0,0
63,262,1.418,96.661,7338,0,0,0,0.000966,0,0,0,0,0,0.68445,0.18667,0,0,0,0,0.24165
63,262,1.418,96.661,7338,7.2012,0,0,0.012068,0.046237,0,0,0,0,0,0.34441,0,0,0,0,0
63,262,1.418,96.661,7338,0,0,0,0,0,0.13667,0,0,0,0,17.304,0,0,0,0,2.4165
63,262,1.418,96.661,7338,0.00524,0,0,47.31,0,0,0,0,0,0.27721,0.18667,0,0,0,0,0
63,262,1.418,96.661,7338,0.9984,1.919,0,0.002194,0,0,0,0,0,0.27721,6.1969,0,0,0,0,0
63,262,1.418,96.661,7338,0.040773,0,0,0,0,0.98666,0,0,0,0.68445,6.329,0,0,0,0,0
63,262,1.418,96.661,7338,0.00052,0,0,0.002506,0,0,22.844,0,0,0.18086,0.18667,0,0,0,0,0
63,262,1.418,96.661,7338,0,0,0,1.699,0,0.064218,1.7604,0,0,18.081,16.651,0,0,0,0,0
63,262,1.418,96.661,7338,0,0,1.167,0,0,1.2338,0.76622,0,0,0,8.0593,0,0,0,0,0
63,262,1.418,96.661,7338,0.00495,0.12054,0,0,0,0,0,0,0,0.27721,0.18667,0,0,0,0,0
63,262,1.418,96.661,7338,0.005248,0,0,0.23739,0,0,0,0,0,0.4212,4.6158,0,0,0,0,9.1828
63,262,1.418,96.661,7338,0,0,0,0,0,0.00078163,0,0,0,10.481,0.45538,0,0,0,0,0
63,262,1.418,96.661,7338,0,0,0,0.059422,0.22297,0,0,0,0,0.27721,0.18667,0,0,0,0,0
63,262,1.418,96.661,7338,0,0,0,0,0,1.1633,52.549,0,0,1.7864,5.9677,0,0,0,0,0
63,262,1.418,96.661,7338,0,0,0,0,0,0,0,0,0,0,0.55577,0,0,0,0,0
63,262,1.418,96.661,7338,0.00062,0,0,0,0,1.3033,0.16424,0,0,0,71.79,0,0,0,0,0
63,262,1.418,96.661,7338,0,0,0,0,0,0,35.47,0,0,0,0.18667,0,0,0,0,0
63,262,1.418,96.661,7338,0.055164,0,0,0,0,0,4.8888,0,0,8.5959,24.214,0,0,0,0,0
63,262,1.418,96.661,7338,0.12588,0,0.0095815,0.071919,0,0.99999,0.0029097,0,0,1.0245,0.18667,0,0,0,0,0
63,262,1.418,96.661,7338,1.0855,0,0,0.40442,0,0.99999,0,0,0,3.8254,0.18667,0,0,0,0,0
63,262,1.418,96.661,7338,0,0,0,0,0,0.01514,17.559,0,0,0,0.18667,0,0,0,0,0
63,262,1.418,96.661,7338,4.92,0,0,6.0778,0,0,0,0,0,0,5.7625,0,0,0,0,0
63,262,1.418,96.661,7338,0.45677,0,0,0,0,0,0,0,0,1.0139,15.182,0,0,0,0,0
63,262,1.418,96.661,7338,0.084803,0,0,0,0,0,0,0,0,0,4.4641,0,0,0,0,0
63,262,1.418,96.661,7338,0,0,0.016802,6.4645,0,0,66.65,0,0,0.8932,18.455,0,0,0,0,0
63,262,1.418,96.661,7338,0.932,0,0,0.004063,0,0,0,0,0,55.455,0.34267,0,0,0,0,0
63,262,1.418,96.661,7338,0,0,0,13.248,0,0,0.16424,0,0,0,0.18667,0,0,0,0,0.24165
63,262,1.418,96.661,7338,6.5498,0,0,0,0.41323,0,2.2777,0,0,0.27721,8.3756,0,0,0,0,0
63,262,1.418,96.661,7338,2.5258,0,0,4.4326,0,0,0,0,0,0.39237,0.3516,0,0,0,0,0
63,262,1.418,96.661,7338,0,0,0,0.26692,0,0,0,0,0,0,2.0171,0,0,0,0,0
63,262,1.418,96.661,7338,0.00524,0,0,0,0,0,0,0,0,9.1622,0.3343,0,0,0,0,0
63,262,1.418,96.661,7338,0,0,0,0,0,0,0.76622,0,0,1.2479,30.71,0,0,0,0,0
63,262,1.418,96.661,7338,0,0,0,0.000583,0,8.3662,0,0,0,1.9819,1.556,0,0,0,0,0
63,262,1.418,96.661,7338,0.49085,0,0,0,0,0.99999,0,0,0,9.1622,0.18667,0,0,0,0,0
63,262,1.418,96.661,7338,0,0,0,0,0,0,0,0,0,0.76342,0.18667,0,0,0,0,0
63,262,1.418,96.661,7338,0,0,0,0,1.8423,0,0,0,0,1.5859,27.831,0,0,0,0,0
63,262,1.418,96.661,7338,0,0,0,10.937,0,0,0,0,0,0,3.9699,0,0,0,0,0
63,262,1.418,96.661,7338,0,0,0,0.008155,0,0,0,0,0,0.056957,0.18667,0,0,0,0,0
63,262,1.418,96.661,7338,0.18142,0,0,0,0,0,0,0,0,0,0.18667,0,0,0,0,0
63,262,1.418,96.661,7338,2.1264,0,0,4.5804,0,0,0.010505,0,0,1.2479,0.18667,0,0,0,0,0
63,262,1.418,96.661,7338,0.046643,0,0,0,0,0,6.1194,0,0,0,0.18667,0,0,0,0,0
63,262,1.418,96.661,7338,0,0,0,0,0,0,0.16424,0,0,0,0.18667,0,0,0,0,0
63,262,1.418,96.661,7338,0,0,0,0,0.059962,0,3.423,0,0,0.39237,1.7499,0,0,0,0,0
63,262,1.418,96.661,7338,2.9061,0,0,0,0,0,0.010505,0,0,0,42.493,0,0,0,0,0
63,262,1.418,96.661,7338,0,0,0,0,0,0,0,0.001434,0,0.44575,4.8003,0,0,0,0,0
63,262,1.418,96.661,7338,0,0,0,0,0,0,0,0,0,1.0167,0.18667,0,0,0,0,0
63,262,1.418,96.661,7338,0.03451,0,0,2.7049,0,0.013211,0,0,0,5.7231,1.349,0,0,0,0,0
63,262,1.418,96.661,7338,0,0,0,0,0,0,65.642,0,0,0,5.6466,0,0,0,0,0
63,262,1.418,96.661,7338,0,0,0,0,0,0.99837,0,0,0,0,38.957,0,0,0,0,0
63,262,1.418,96.661,7338,0.00495,0,0,0,0,0,0,0,0,21.917,0.59267,0,0,0,0,0
63,262,1.418,96.661,7338,2.1216,0,4.1917,0,0,3.3357,56.393,0,0,5.6716,2.0268,0,0,0,0,0
63,262,1.418,96.661,7338,0,0,0,0,0,0,0,0,0,1.0139,0.24309,0,0,0,0,0
63,262,1.418,96.661,7338,3.485,0,0,0,0,0,0.16424,0,0,16.378,13.954,0,0,0,0,0
63,262,1.418,96.661,7338,0,0,0,0,0,0,0.50998,0,0,0,1.7467,0,0,0,0,0
63,262,1.418,96.661,7338,2.7754,0,0,0,0,0.0018444,0.16424,0,0,1.7864,0.18667,0,0,0,0,0
63,262,1.418,96.661,7338,0,0,0,50.992,0,0,0,0,0,19.403,0.47918,0,0,0,0,0
63,262,1.418,96.661,7338,1.9578,0,0,0,0,0,0,0,0,0,21.143,0,0,0,0,0
63,262,1.418,96.661,7338,0,0,0,0,0,0,0,0,0,13.788,2.5119,0,0,0,0,0
63,262,1.418,96.661,7338,0.094953,0,0,3.4899,0,0,0,0,0,0.27721,0.54798,0,0,0,0,0
63,262,1.418,96.661,7338,1.8111,0,0,0,0,0,0,0,0,4.212,23.153,0,0,0,0,0
63,262,1.418,96.661,7338,0,0,0,0.045416,0,0,0.16424,0,0,8.4961,0.18667,0,0,0,0,0
63,262,1.418,96.661,7338,0.00524,0,0,0.71957,0,0,35.41,0,0,0.14685,0.22358,0,0,0,0,0
64,263,1.942,191.95,14572,0.003346,0,0,0,0,0,0.16424,0,0,0.72035,4.7914,0,0,0,0,0
64,263,1.942,191.95,14572,0,0,0,0,0,0,0,0,0,0.63421,64.83,0,0,0,0,0
64,263,1.942,191.95,14572,0,0,0,0,0,0.34794,0,0,0,1.1822,18.598,0,0,0,0,0
64,263,1.942,191.95,14572,0.001192,0,0,0.032727,0,1.0374,0,0,0,5.7231,48.099,0,0,0,0,0
64,263,1.942,191.95,14572,19.942,0,0,1.699,0,0.064218,0,0,0,0,0.18667,0,0,0,0,0
64,263,1.942,191.95,14572,0,0,0,0,0,0,0,0,0,0,0.35864,0,0,0,0,0
64,263,1.942,191.95,14572,0,0,0,0,0,0,0,0,0,0,0.18667,0,0,0,0,0
64,263,1.942,191.95,14572,0.03451,0,0,0,0,0,0.16424,0,0,127.87,0.37122,0,0,0,0,0
64,263,1.942,191.95,14572,0,0,0.89069,0.42147,0,0,0,0,0,0,0.18667,0,0,0,0,0
64,263,1.942,191.95,14572,0.005239,0,0,0.002194,0,0,15.406,0,0,0.39237,1.556,0,0,0,0,0
64,263,1.942,191.95,14572,0,0,0,47.31,0,0.99999,0,0,0,0.27721,8.0593,0,0,0,0,0
64,263,1.942,191.95,14572,0.015697,0,0,0,0,0,0.11746,0,0,0,0.18667,0,0,0,0,0
64,263,1.942,191.95,14572,0,0,0,65.484,0,0,0,0,0,0.21027,2.436,0,0,0,0,0
64,263,1.942,191.95,14572,0,0,0,17.083,0,0,0.16424,0,0,0.21027,0.63213,0,0,0,0,0
64,263,1.942,191.95,14572,0,0,0,1.5648,0,8.8417,0,0,0,1.0834,0.34266,0,0,0,0,0
64,263,1.942,191.95,14572,0.0067626,0,0,0,0.046237,0,0,0,0,0.18086,34.51,0,0,0,0,0
64,263,1.942,191.95,14572,0,0,0,0,0,0,0.75485,0,0,0,35.434,0,0,0,0,0
64,263,1.942,191.95,14572,0.008225,0,0,0,0,0,0,0,0,1.1822,15.093,0,0,0,0,0
64,263,1.942,191.95,14572,0,0,0.067575,0,0,0,0,0,0,1.0076,0.18667,0,0,0,0,0
64,263,1.942,191.95,14572,0,0,0,0.040357,0,0,0,0,0,0,14.717,0,0,0,0,0
64,263,1.942,191.95,14572,0,0,0,13.855,0,0,0,0,0,6.8425,46.172,0,0,0,0,0
64,263,1.942,191.95,14572,0,0,0,0,0,0,0,0,0,2.6253,0.34398,0,0,0,0,0
64,263,1.942,191.95,14572,0,0,0,0,0,0,0.16424,0,0,1.164,1.4391,0,0,0,0,0
64,263,1.942,191.95,14572,0,0,0,7.052,0,0,0,0,0,0,0.33631,0,0,0,0,0
64,263,1.942,191.95,14572,0,0,0,0.67186,2.2717,0,0,0,0,0.27721,120.54,0,0,0,0,0
64,263,1.942,191.95,14572,0,0,0,0.39723,0,0,0,0.083609,0,0.39237,1.4513,0,0,0,0,0
64,263,1.942,191.95,14572,0,0,0,10.937,0,0,0,0,0,7.6506,0.18667,0,0,0,0,0
64,263,1.942,191.95,14572,0,0,0,0,0,0,0,0,0,3.4087,0.45538,0,0,0,0,0
64,263,1.942,191.95,14572,1.2379,0,0,0,0,0,0,0,0,0,8.3848,0,0,0,0,0
64,263,1.942,191.95,14572,0,0,0,57.687,0,0,0,0,0,0.65812,0.22358,0,0,0,0,0
64,263,1.942,191.95,14572,0.003932,0,0,0,0,0,0,0,0,2.6253,153.58,0,0,0,0,0
64,263,1.942,191.95,14572,0,0,0,0,0,0,0.16424,0,0,0,0.18667,0,0,0,0,2.8793
64,263,1.942,191.95,14572,0,0,0,0,0,0,0,0,0,0.72035,19.708,0,0,0,0,0
64,263,1.942,191.95,14572,0.053919,0,0,0,0,0.024696,0,0,0,0.8932,0.6212,0,0,0,0,0
64,263,1.942,191.95,14572,0,0,0.051403,0,0,0,0,0,0,1.5079,0.18667,0,0,0,0,0
64,263,1.942,191.95,14572,0,0,0,0.014442,0,0,0,0,0,0.056957,0.33589,0,0,0,0,0
64,263,1.942,191.95,14572,1.7727,0,0,0,0,0,5.8158,0,0,0,96.039,0,0,0,0,0
64,263,1.942,191.95,14572,0.016818,0,0,0,0,0,0,0,0,0,14.249,0,0,0,0,0
64,263,1.942,191.95,14572,0,0,0,0,0,0,0,0,0,5.7231,0.3452,0,0,0,0,0
64,263,1.942,191.95,14572,0.000126,0,2.3946,0,74.584,1.4985,0,0,0,1.0139,42.493,0,0,0,0,0
64,263,1.942,191.95,14572,0,0,0,0,0,0,0,0,0,0,18.235,0,0,0,0,0
64,263,1.942,191.95,14572,49.898,0,0,0,0,0.13158,0,0,0,7.6506,132.14,0,0,0,0,0
64,263,1.942,191.95,14572,0,0,0,0,0.86686,0,0,0,0,1.0834,2.1299,0,0,0,0,0
64,263,1.942,191.95,14572,0,0,0,0,0,0,0,0,0,0.72035,0.18667,0,0,0,0,0
64,263,1.942,191.95,14572,0,0,0,0,18.873,0,0.02739,0,0,0,8.4911,0,0,0,0,0
64,263,1.942,191.95,14572,0,0,0,0,0,0.98889,0.16424,0,0,0,1.3329,0,0,0,0,0
64,263,1.942,191.95,14572,0.025781,0,0,0,0,0,96.28,0,0,13.788,0.18667,0,0,0,0,0
64,263,1.942,191.95,14572,2.6264,0,0,0,0.084505,0,0,0,0,1.4449,120.54,0,0,0,0,0
64,263,1.942,191.95,14572,1.9992,0,0,0,0,0,59.269,0,0,9.1622,0.18667,0,0,0,0,0
64,263,1.942,191.95,14572,0,0,0,0,0.002741,0,0,0,0,13.788,13.052,0,0,0,0,0
64,263,1.942,191.95,14572,0.000172,0,0,0,49.932,0.0073404,0,0,0,1.164,0.18667,0,0,0,0,0
64,263,1.942,191.95,14572,5.4939,0,7.943,4.3242,0,0,0,0,0,1.5859,0.18667,0,0,0,0,0
64,263,1.942,191.95,14572,0.00052,0,0,2.7574,0,0,0,0,0,0,0.18667,0,0,0,0,0
64,263,1.942,191.95,14572,0,0,0.005263,4.0275,0,0,0,0,0,0,8.4911,0,0,0,0,0
64,263,1.942,191.95,14572,0.11,0,0,0,0,0.98459,0,0,0,1.808,6.2316,0,0,0,0,0
64,263,1.942,191.95,14572,0,0,0,0,0,0,21.318,0,0,0,0.18667,0,0,0,0,0
64,263,1.942,191.95,14572,8.6656,0,0,0,0.77132,0,0,0,0,1.0834,17.386,0,0,0,0,0
64,263,1.942,191.95,14572,0,0,0,0,0,0,0,0,0,0,71.79,0,0,0,0,0
64,263,1.942,191.95,14572,0.73019,0,0,0.99393,0,0,0,0,0,55.455,0.18667,0,0,0,0,0
64,263,1.942,191.95,14572,0,0,0,0,0,0,0.76622,0,0,2.6253,1.6724,0,0,0,0,0
64,263,1.942,191.95,14572,0,0,3.6133,0,0,0.025225,0,0,0,21.917,0.34789,0,0,0,0,0
64,263,1.942,191.95,14572,0,0,0,0,0,0,0,0,0,1.164,0.34288,0,0,0,0,0
64,263,1.942,191.95,14572,0,0,0,0,0,0,0,0,0,0.18355,0.18667,0,0,0,0,0
64,263,1.942,191.95,14572,0,0,0,6.3e-05,0,0,0.16424,0,0,0.8932,0.43851,0,0,0,0,0
64,263,1.942,191.95,14572,0,0,0,0,0,0,0,0,0,0,1.3038,0,0,0,0,0
64,263,1.942,191.95,14572,0,0,0,0,0,0,0,0,0,0,2.0171,0,0,0,0,0
64,263,1.942,191.95,14572,0,0,0.97671,0,0,0,0,0,0,0.65812,31.982,0,0,0,0,0
64,263,1.942,191.95,14572,7.2515,0,0,0,0,0,0,0,0,3.4087,21.143,0,0,0,0,0
64,263,1.942,191.95,14572,0.11,0,0,0.11025,0.002868,0,0,0,0,0,8.0844,0,0,0,0,0
64,263,1.942,191.95,14572,0,0,0,0,0,0,0,0,0,1.0834,0.18667,0,0,0,0,0
64,263,1.942,191.95,14572,0,9.5398,0,20.38,0,0,0,0,0,0.63421,0.18667,0,0,0,0,0
64,263,1.942,191.95,14572,0.001493,0,0,0,0,0,0,0,0,0,0.18667,0,0,0,0,0
64,263,1.942,191.95,14572,0,0,0,0,6.2591,0,57.964,0,0,1.164,7.7161,0,0,0,0,0
64,263,1.942,191.95,14572,0.24201,0,0,0,0,0,0,0,0,0.18355,7.6991,0,0,0,0,0
64,263,1.942,191.95,14572,0,0,0,0.13351,0,0,0,0,0,0,4.5419,0,0,0,0,0
64,263,1.942,191.95,14572,0,0,0,0,0,0,129.66,0,0,0.4212,18.456,0,0,0,0,0
64,263,1.942,191.95,14572,0,0,0,0.000805,0,0,29.054,0,0,1.261,0.18667,0,0,0,0,0
64,263,1.942,191.95,14572,0,0,0,0,0.00498,0,0,0,0,1.7327,5.9677,0,0,0,0,0
64,263,1.942,191.95,14572,0,0,0,0,0.9793,0,0,0,0,0,0.18667,0,0,0,0,0
64,263,1.942,191.95,14572,0,0,0,0.02512,0.2934,0,0.16424,0,0,0.91947,23.19,0,0,0,0,0
64,263,1.942,191.95,14572,1.0004,0,0,0.001214,0,0.9846,0,0,0,0,11.85,0,0,0,0,0
64,263,1.942,191.95,14572,0,0,0,0.013572,0.94494,0,0.16424,0,0,16.378,85.483,0,0,0,0,0
64,263,1.942,191.95,14572,2.1454,0,0,0,0,0,0.53887,0,0,9.1622,62.342,0,0,0,0,0
64,263,1.942,191.95,14572,0.18567,0,0.11196,0,0,0.024696,0.16424,0,0,0.8932,0.18667,0,0,0,0,0
64,263,1.942,191.95,14572,0.077588,0,6.6356,0.015753,0,0,0.16424,0,0,1.4449,0.18667,0,0,0,0,0
64,263,1.942,191.95,14572,0,0,0,0,0,0.016907,0,0,0,1.164,9.0064,0,0,0,0,0
64,263,1.942,191.95,14572,0.0035835,0,0,3.7058,0,29.035,13.851,0,0,2.6253,0.18667,0,0,0,0,0
64,263,1.942,191.95,14572,24.088,0,0.098525,0.14693,0,0,0,0,0,0,3.4073,0,0,0,0,0
64,263,1.942,191.95,14572,0,0,0,0,0,0.32898,0,0,0,0,2.9511,0,0,0,0,0
64,263,1.942,191.95,14572,0,0,0,0,0,0,64.592,0,0,1.808,0.18667,0,0,0,0,0
64,263,1.942,191.95,14572,0,0,0,0.01839,0,0,0.16424,0,0,18.081,0.18667,0,0,0,0,0
64,263,1.942,191.95,14572,0.75436,0,0,0,0,0,0,0,0,0.18086,0.18667,0,0,0,0,0
64,263,1.942,191.95,14572,0,0,0,11.662,0.008333,0,119.19,0,0,0,0.86539,0,0,0,0,0
64,263,1.942,191.95,14572,0,0,0,0.15063,0,0,0,0,0,0.21027,5.2617,0,0,0,0,0
64,263,1.942,191.95,14572,0,0,0,6.2526,0,0,0,0,0,2.6253,10.665,0,0,0,0,0
64,263,1.942,191.95,14572,0,0,0,0,0.008333,0,0,0,0,0,1.2894,0,0,0,0,0
64,263,1.942,191.95,14572,0,0,0,0,0,0,0,0,0,3.8737,1.1382,0,0,0,0,0
64,263,1.942,191.95,14572,0,0,0,0,0,0,0,0,0,21.917,7.5145,0,0,0,0,0
64,263,1.942,191.95,14572,0.003346,0,0,0,0,0,0.13695,0,0,0.68445,10.522,0,0,0,0,0
64,263,1.942,191.95,14572,0.45677,0,0,0,0,0,0.16424,0,0,1.0167,0.18667,0,0,0,0,0
64,263,1.942,191.95,14572,0.008776,0,0,0,0,1.1633,0,0,0,16.378,23.153,0,0,0,0,0
64,263,1.942,191.95,14572,0,0,0,0,0,1.0023,3.423,0,0,0,0.18667,0,0,0,0,0
64,263,1.942,191.95,14572,0.76748,0,0,0,0.41323,0,0,0,0,1.0167,148.95,0,0,0,0,0
64,263,1.942,191.95,14572,3.0254,0,0,0,0,1.0142,15.227,0,0,0,24.569,0,0,0,0,0
64,263,1.942,191.95,14572,0.007074,0,0,2.3426,0,0,0,0,0,1.7327,17.386,0,0,0,0,0
64,263,1.942,191.95,14572,0,0,0,0,0,0,0,0,0,0,8.3848,0,0,0,0,0
64,263,1.942,191.95,14572,0,0,0,0,0,0,0,0,0,7.6506,3.4073,0,0,0,0,0
64,263,1.942,191.95,14572,52.404,0,0,0,0,0,0.16424,0,0,1.164,18.598,0,0,0,0,0
64,263,1.942,191.95,14572,0,0,0.001434,0,0,0,75.745,0,0,8.5959,1.5754,0,0,0,0,0
64,263,1.942,191.95,14572,0,0,0,0,0.008333,0,13.851,0,0,0.65812,0.18667,0,0,0,0,0
64,263,1.942,191.95,14572,0,0,0,0.021906,2.9292,0,0,0,0,13.788,7.7253,0,0,0,0,0
64,263,1.942,191.95,14572,0,0,0.33293,0,0,0.17476,0,0,0,0.55196,34.614,0,0,0,0,0
64,263,1.942,191.95,14572,0.18567,0,0,0.038363,0,0.0025491,0.50998,0,0,1.5851,17.386,0,0,0,0,0
64,263,1.942,191.95,14572,0.73019,0,0,0,0.008333,0,0,0,0,7.6506,1.2592,0,0,0,0,0
64,263,1.942,191.95,14572,0,0,0,0.00895,0,0,0.75485,0,0,0.14685,0.34397,0,0,0,0,0
64,263,1.942,191.95,14572,0,0,0,0,0,0,0,0,0,0,0.18667,0,0,0,0,0
64,263,1.942,191.95,14572,0.00524,0,0,6.2526,0,1.0261,0.76622,0,0,5.7231,0.18667,0,0,0,0,0
64,263,1.942,191.95,14572,0.0067626,0,0,0,0,0,0,0,0,0.44575,4.8475,0,0,0,0,0
64,263,1.942,191.95,14572,0.65023,0,0,0,0,0,0,0,0,0,0.96176,0,0,0,0,0
64,263,1.942,191.95,14572,0,0,0,0,0,0,0,0,0,0.056957,0.18667,0,0,0,0,0
64,263,1.942,191.95,14572,0,0,0,0,0.008333,0,23.859,0,0,0,0.18667,0,0,0,0,0
64,263,1.942,191.95,14572,0,0,0,0,0,0.99837,0,0,0,0.73557,0.59267,0,0,0,0,0
64,263,1.942,191.95,14572,0,0,0,0,0,0,0,0,0,0.65812,21.335,0,0,0,0,0
64,263,1.942,191.95,14572,0.25322,0,0,0,0.000124,0,0.53887,0,0,0.72035,12.901,0,0,0,0,0
64,263,1.942,191.95,14572,0,0,0,0,0,2.9514,0,0,0,3.4087,0.18667,0,0,0,0,0
64,263,1.942,191.95,14572,0,0,0,1.0548,0.2516,0,0,0,0,0,0.18667,0,0,0,0,0
64,263,1.942,191.95,14572,0,0,0,0,0,0,0.50998,0,0,1.9819,0.18667,0,0,0,0,0
64,263,1.942,191.95,14572,1.1162,0,0,0,0,0,0,0,0,0.27721,31.443,0,0,0,0,0
64,263,1.942,191.95,14572,0,0,0.003416,0.00013,0,0,0,0,0,10.481,0.18667,0,0,0,0,0
64,263,1.942,191.95,14572,0,0,0,0,0.032034,0,21.318,0,0,0,0.18667,0,0,0,0,0
64,263,1.942,191.95,14572,2.7382,0,0,0.038363,0,5.065,0,0,0,0.73557,90.175,0,0,0,0,0
64,263,1.942,191.95,14572,0,0,0,3.4766,0,0.99999,0,0,0,3.8254,27.942,0,0,0,0,0
64,263,1.942,191.95,14572,0,0,0,0,0,5.7068,0,0,0,18.081,13.082,0,0,0,0,0
64,263,1.942,191.95,14572,0.021074,0,0,0,0,0,0,0,0,8.0476,53.964,0,0,0,0,0
64,263,1.942,191.95,14572,0.62569,0,0,0,0,0,0,0,0,0.056957,3.3484,0,0,0,0,0
64,263,1.942,191.95,14572,0,0,0,0,0,0.1296,153.01,0,0,5.7231,0.33865,0,0,0,0,0
64,263,1.942,191.95,14572,0,0,0,0,0,0,0,0,0,0,0.18667,0,0,0,0,0
64,263,1.942,191.95,14572,0,0,0,0,2.1074,0,62.469,0,0,0,0.18667,0,0,0,0,0
64,263,1.942,191.95,14572,0.003346,0,0,0,0,0.00078163,0.0029097,0,0,0,0.54798,0,0,0,0,0
64,263,1.942,191.95,14572,0,0,0,5.23,0,0.081761,111.99,0,0,0.27721,0.18667,0,0,0,0,0
64,263,1.942,191.95,14572,0.932,0,0,0,0,0,0.16424,0,0,5.6716,9.34,0,0,0,0,0
64,263,1.942,191.95,14572,0.068081,0,0,0,0,0,0,0,0,1.0167,0.18667,0,0,0,0,0
64,263,1.942,191.95,14572,0,0,0,0,0,0,0.16424,0,0,1.8949,0.90931,0,0,0,0,0
64,263,1.942,191.95,14572,0,0,0.003465,2.6977,0,0,0.0029097,0,0,1.5079,0.18667,0,0,0,0,0
64,263,1.942,191.95,14572,0,0,0,0.77204,0,0.024696,34.484,0,0,1.5079,0.90931,0,0,0,0,0
64,263,1.942,191.95,14572,0.003173,0,1.1542,0,0,0,0,0,0,0.91947,3.4013,0,0,0,0,0
64,263,1.942,191.95,14572,11.957,0,0,0,5.6635,0,0,0,0,0,0.18667,0,0,0,0,0
64,263,1.942,191.95,14572,0.39786,0,0,0.18883,0,0,0.16424,0,0,55.455,12.757,0,0,0,0,0
64,263,1.942,191.95,14572,0.003127,0,0,6.5391,0,0.16026,0,0.533,0,0,6.3294,0,0,0,0,0
64,263,1.942,191.95,14572,0,0,0,0.028822,0,0.99999,47.452,0,0,0.73557,3.65,0,0,0,0,0
64,263,1.942,191.95,14572,0.004143,0,0,0,62.676,0,0,0,0,5.7231,1.2594,0,0,0,0,0
64,263,1.942,191.95,14572,0,0,0,0.89958,0,0.0015973,0,0,0,13.788,6.3191,0,0,0,0,0
64,263,1.942,191.95,14572,0,0,0,0,0.001669,0,0,0,0,4.212,0.34092,0,0,0,0,0
64,263,1.942,191.95,14572,0.016666,0,0,0,0,0.01514,0,0,0,1.0139,31.446,0,0,0,0,0
64,263,1.942,191.95,14572,0,0,0,0.0018375,0,0,38.393,0,0,0,0.18667,0,0,0,0,0
64,263,1.942,191.95,14572,14.489,0,0,0.01954,0,0,0,0,0,4.212,0.97191,0,0,0,0,0
64,263,1.942,191.95,14572,3.485,0,0,0,0,0,0,0,0,1.0167,0.18667,0,0,0,0,0
64,263,1.942,191.95,14572,0,0,0,0,0,0,0,0,0,0,4.2902,0,0,0,0,0
64,263,1.942,191.95,14572,0,0,0,0,0,0,0,0.3081,0,1.0139,0.33263,0,0,0,0,0
64,263,1.942,191.95,14572,0,0,0,5.2881,0,0,0,0,0,1.0076,6.9144,0,0,0,0,0
64,263,1.942,191.95,14572,0,0,0.003355,9.8813,0,0,0,0,0,9.1622,0.18667,0,0,0,0,0
64,263,1.942,191.95,14572,1.0004,0,0,0,0,0,29.471,0,0,1.0139,0.18667,0,0,0,0,0
64,263,1.942,191.95,14572,0.003485,0,0,0.073954,0,0,0,0,0,0.91947,0.18667,0,0,0,0,0
64,263,1.942,191.95,14572,0.18567,0,0.004345,49.29,0,0,0.16424,0,0,0,132.14,0,0,0,0,0
64,263,1.942,191.95,14572,0,0.14556,0,7.052,0.059962,0,0,0,0,0.18355,8.3848,0,0,0,0,0
64,263,1.942,191.95,14572,0.80017,0,0,0,0,0,26.14,0,0,18.081,46.172,0,0,0,0,0
64,263,1.942,191.95,14572,0,0,0,0,0,0,0,0,0,7.6506,10.522,0,0,0,0,0
64,263,1.942,191.95,14572,28.342,0,0,31.855,0,0,0.02739,0,0,3.8254,0.18667,0,0,0,0,0
64,263,1.942,191.95,14572,0,0,0,0,0,0,3.7838,0,0,0.68445,0.18667,0,0,0,0,0
64,263,1.942,191.95,14572,0,0,0.045182,3.2393,0,0,0,0,0,1.5859,2.7159,0,0,0,0,0
64,263,1.942,191.95,14572,0,0,0,3.7058,0.0088495,9.0625,0,0,0,0,0.18667,0,0,0,0,0
64,263,1.942,191.95,14572,0,0,0,0,0,0,0,0,0,0,3.3484,0,0,0,0,0
64,263,1.942,191.95,14572,0.20158,0,0,15.972,0,0,0,0,0,0.76777,0.34092,0,0,0,0,0
64,263,1.942,191.95,14572,1.1853,0,0,1.3028,0.010635,0.17476,0,0,0,0,47.387,0,0,0,0,0
64,263,1.942,191.95,14572,0.004345,0,0,0,0,0,0,0,0,0.8932,0.18667,0,0,0,0,0
64,263,1.942,191.95,14572,0,0,0,1.4346,0,0,6.0667,0,0,8.0476,0.18667,0,0,0,0,0
64,263,1.942,191.95,14572,0,0,0,0,0,0,0,0,0,16.378,1.0356,0,0,0,0,0
64,263,1.942,191.95,14572,0.20323,0,0,0.00895,0,1.0694,0,0,0,0,8.6779,0,0,0,0,0
64,263,1.942,191.95,14572,0.73657,0,0,0,0,0,0,0,0,0,1.2286,0,0,0,0,0
64,263,1.942,191.95,14572,0,0,0,0.084198,0,0,15.831,0,0,1.4449,0.35503,0,0,0,0,0
64,263,1.942,191.95,14572,0,0,0,0,0,0,35.47,0,0,5.7231,2.5119,0,0,0,0,0
64,263,1.942,191.95,14572,0,0,6.7013,0,0,0.0028706,0,0,0,0.18086,33.902,0,0,0,0,0
64,263,1.942,191.95,14572,3.7435,0,0,0,0,0,0.76622,0,0,0,33.902,0,0,0,0,0
64,263,1.942,191.95,14572,0,0,0,0.026001,0,0,0,0,0,0.72035,0.34398,0,0,0,0,0
64,263,1.942,191.95,14572,0,0,0,0.22607,0,0,0,0,0,1.5079,6.4398,0,0,0,0,0
64,263,1.942,191.95,14572,0.03073,0,0,0,0,0,0.13695,0,0,0.14685,0.18667,0,0,0,0,0
64,263,1.942,191.95,14572,0,0,0,5.4083,0,0,164.29,0.010292,0,0,2.4226,0,0,0,0,0
64,263,1.942,191.95,14572,0.21764,0,0,0,0,0,0,0,0,0,21.372,0,0,0,83.25,0
64,263,1.942,191.95,14572,0,0,0,0,0,0,0,0,0,1.0834,7.7253,0,0,0,0,0
64,263,1.942,191.95,14572,0.003173,0,0,0,0,0,0.010505,0,0,0.21027,23.222,0,0,0,0,0
64,263,1.942,191.95,14572,0,0,1.1542,6.5391,0,0.013211,0,0,0,0,3.8481,0,0,0,0,0
64,263,1.942,191.95,14572,0.000654,0,0,4.1021,0.011445,0,25.436,0,0,1.261,0.35074,0,0,0,0,0
64,263,1.942,191.95,14572,0.022682,0,0,0,0.43135,0,0,0,0,0,0.344,0,0,0,0,8.6378
64,263,1.942,191.95,14572,0,0,0,0.0018375,0,0,0,0,0,5.7231,0.96176,0,0,0,0,0
64,263,1.942,191.95,14572,0.02398,0,0,0,0,0,0.50998,0,0,0,0.18667,0,0,0,0,0
64,263,1.942,191.95,14572,18.164,0,0,0,0.68837,0,0,0,0,1.808,0.18667,0,0,0,0,0
64,263,1.942,191.95,14572,0,0,0,0,0,0,0,0,0,0,42.976,0,0,0,0,0
64,263,1.942,191.95,14572,0.016666,0,0,0.3141,0,0,0,0,0,21.917,15.803,0,0,0,0,0
64,263,1.942,191.95,14572,0,0,0,0,0,0.00021684,0,0,0,0,10.846,0,0,0,0,0
64,263,1.942,191.95,14572,0,0,0,0,0,0,10.606,0,0,0.55196,0.96176,0,0,0,0,0
64,263,1.942,191.95,14572,0,0,0,0,0.058285,0,19.338,0,0,5.7231,0.52439,0,0,0,0,0
64,263,1.942,191.95,14572,2.5258,0,0,0,0.008333,0,70.107,0,0,0.44575,0.18667,0,0,0,0,0
64,263,1.942,191.95,14572,0.42196,0,3.6133,3.4766,0,0,2.2777,0,0,0,0.18667,0,0,0,0,0
64,263,1.942,191.95,14572,0,0,0,0,0,0,0,0,0,1.5851,0.18667,0,0,0,0,0
64,263,1.942,191.95,14572,0.00062,0,0,0,0,0,0,0,0,9.1622,2.9511,0,0,0,0,0
64,263,1.942,191.95,14572,0,0,0,0,0.11604,0,0,0,0,5.7231,0.18667,0,0,0,0,0
64,263,1.942,191.95,14572,0,0,0,0,0,0,0,0,0,0.65812,5.5492,0,0,0,0,0
64,263,1.942,191.95,14572,0,0,0,0,0.0097035,0,0,0,0,0,0.34071,0,0,0,0,0
64,263,1.942,191.95,14572,0,0,0,37.733,0,0,0,0,0,0,6.4398,0,0,0,0,0
64,263,1.942,191.95,14572,3.2098,0,0,0,0,0,0.16424,0,0,0.65812,8.0593,0,0,0,0,0
64,263,1.942,191.95,14572,0,0,0,0,0,0,0,0,0,1.5859,10.045,0,0,0,0,0
64,263,1.942,191.95,14572,28.342,0,0,0,0,0,0,0,0,10.481,56.178,0,0,0,0,0
64,263,1.942,191.95,14572,0,0,0,0.020181,0,0,59.269,0,0,0,42.747,0,0,0,0,0
64,263,1.942,191.95,14572,0,0,0,0,0,0,0,0,0,2.6253,0.18667,0,0,0,0,0
64,263,1.942,191.95,14572,1.1681,0,0,0,0,0.00078163,20.898,0,0,0,4.2902,0,0,0,0,0
64,263,1.942,191.95,14572,0,0,0,28.307,0,0.99999,0.13695,0,0,1.0834,56.51,0,0,0,0,0
64,263,1.942,191.95,14572,0,0,0,0,0,0,0,0,0,0,23.122,0,0,0,0,0
64,263,1.942,191.95,14572,0.66409,0,0,0,0,0,0.02739,0,0,0,0.88861,0,0,0,0,0
64,263,1.942,191.95,14572,0,0,0,0.84697,0,0,0,0,0,0,4.2611,0,0,0,0,0
64,263,1.942,191.95,14572,0,0,0,0,0,2.493,0,0,0,5.7231,23.19,0,0,0,0,0
64,263,1.942,191.95,14572,0,0,0,0,0,0,0,0,0,8.0476,0.18667,0,0,0,0,0
64,263,1.942,191.95,14572,0.002068,0,0,0.10468,0,0,0,0,0,0,14.249,0,0,0,0,0
64,263,1.942,191.95,14572,0,0,0,0,0,0,47.452,0,0,10.481,0.33263,0,0,0,0,0
64,263,1.942,191.95,14572,0,0,0,2.9693,0,0.99999,0,0,0,1.164,0.29739,0,0,0,0,0
64,263,1.942,191.95,14572,0,0,0,0,0,0,0,0,0,127.87,0.84122,0,0,0,0,0
64,263,1.942,191.95,14572,10.685,0,0,0,0,0,16.264,0,0,0.76777,7.2436,0,0,0,0,0
64,263,1.942,191.95,14572,2.1264,0,0,19.879,0,0.040543,0,0,0,0.72035,3.2364,0,0,0,0,0
64,263,1.942,191.95,14572,0.098492,0,0,0,0,0,0.16424,0,0,0,14.249,0,0,0,0,0
64,263,1.942,191.95,14572,0,0,0,0,0,0,0,0,0,0.76342,9.0064,0,0,0,0,0
64,263,1.942,191.95,14572,0,0,0,0,0,1.0028,0.75485,0,0,1.5079,10.724,0,0,0,0,0
64,263,1.942,191.95,14572,0,0,0,108.95,0,0,0,0,0,0,5.114,0,0,0,0,0
64,263,1.942,191.95,14572,0,0,0,0,0,0,38.393,0,0,0,4.8003,0,0,0,0,0
64,263,1.942,191.95,14572,0.005838,0,0,0.29954,0,0,0,0,0,1.1822,0.18667,0,0,0,0,6.7183
64,263,1.942,191.95,14572,0,0,0,0,0,0,0,0,0,0,1.8398,0,0,0,0,0
64,263,1.942,191.95,14572,0,0,0,0,0,0,0,0,0,0,87.107,0,0,0,0,0
64,263,1.942,191.95,14572,0,0,0,50.992,0,0,7.2833,0,0,0,0.18667,0,0,0,0,0
64,263,1.942,191.95,14572,62.674,0,0,0,0,0,0.16424,0,0,0,14.69,0,0,0,0,0
64,263,1.942,191.95,14572,1.0414,0,0,0.040357,0,0,0.16424,0,0,5.7109,0.18667,0,0,0,0,0
64,263,1.942,191.95,14572,0,0,0,0,0,0,0.16424,0,0,0,0.18667,0,0,0,0,0
64,263,1.942,191.95,14572,4.2339,0,0,0,0,0.99999,0,0,0,1.7327,8.8787,0,0,0,0,0
64,263,1.942,191.95,14572,0,0,0,0,0,0,15.212,0,0,0.55196,0.86539,0,0,0,0,0
64,263,1.942,191.95,14572,8.142,0,0,0,0,0.010178,0,0,0,0,0.18667,0,0,0,0,0
64,263,1.942,191.95,14572,3.6896,0,0,0,0,0,0.50998,0,0,8.5959,15.761,0,0,0,0,0
64,263,1.942,191.95,14572,0.000172,0,0,0.25819,0,1.0017,0,0,0,0,0.3823,0,0,0,0,0
64,263,1.942,191.95,14572,0,0,0,0.13674,0,0,0,0,0,0.72035,0.18667,0,0,0,0,0
64,263,1.942,191.95,14572,0,0,0,0,0,0,0.010505,0.024626,0,1.808,0.18667,0,0,0,0,0
64,263,1.942,191.95,14572,0,0,0,0,0,0,0,0,0,0,1.9365,0,0,0,0,0
64,263,1.942,191.95,14572,0,0,0,0,0,0,0,0,0,5.6716,24.887,0,0,0,0,0
64,263,1.942,191.95,14572,0,0,0,7.4444,0,0,0,0,0,1.0076,37.875,0,0,0,0,0
64,263,1.942,191.95,14572,0,0,0,0,0,0,11.827,0,0,0,0.18667,0,0,0,0,0
64,263,1.942,191.95,14572,0.12327,0,0,0.019967,0,0,0,0,0,0.21027,2.0991,0,0,0,0,0
64,263,1.942,191.95,14572,0,0,0,0,0,0,0,0,0,0,153.58,0,0,0,0,0
64,263,1.942,191.95,14572,0.4042,0,0,0,0,0,0,0,0,1.0834,2.9499,0,0,0,0,0
64,263,1.942,191.95,14572,2.4428,0,0,6.3e-05,0,0,0.16424,0,0,3.8737,1.09,0,0,0,0,0
64,263,1.942,191.95,14572,0,0,0,0,0,0.0058282,0,0,0,5.7109,0.33356,0,0,0,0,0
64,263,1.942,191.95,14572,0,0,0,0,0,0,137.94,0,0,1.5859,0.18667,0,0,0,0,0
64,263,1.942,191.95,14572,0.00524,0,0,0,0,0,0,0,0,0,5.723,0,0,0,0,0
64,263,1.942,191.95,14572,0,0,0,0,0,1.2014,0.075512,0,0,0.63421,5.5606,0,0,0,0,0
64,263,1.942,191.95,14572,0,0,0,0.46517,0,0.9846,1.0096,0,0,0,1.2592,0,0,0,0,0
64,263,1.942,191.95,14572,0,0,0,0.026001,0,0,0.075512,0,0,9.1622,9.6013,0,0,0,0,0
64,263,1.942,191.95,14572,0,0,0,0,0,0.011937,0,0,0,0,15.803,0,0,0,0,0
64,263,1.942,191.95,14572,0.015961,0,0,0,0,0.0032185,0.02739,0,0,0,11.075,0,0,0,0,0
64,263,1.942,191.95,14572,0,0,0,0,0,0.0053144,0,0,0,0.63421,8.8643,0,0,0,0,0
64,263,1.942,191.95,14572,0.000172,0,0,11.114,0,0.064218,39.523,0,0,36.785,2.9511,0,0,0,0,0
64,263,1.942,191.95,14572,0,0,0,0,0,0,0,0,0,8.4961,0.18667,0,0,0,0,0
64,263,1.942,191.95,14572,0,0,0.001267,0,0,0,0,0,0,0,0.18667,0,0,0,0,0
64,263,1.942,191.95,14572,0,0,0,0,0,0,0.16424,0,0,1.808,0.18667,0,0,0,0,0
64,263,1.942,191.95,14572,0,0,0,0,0,0,0,0,0,7.8617,64.83,0,0,0,0,0
64,263,1.942,191.95,14572,1.3144,0,0,0.26181,0,0.98376,0,0,0,1.0167,0.18667,0,0,0,0,0
64,263,1.942,191.95,14572,9.1288,0,0,0.30178,0,0.53666,0,0,0,0.55196,0.18667,0,0,0,0,2.8793
64,263,1.942,191.95,14572,0,0,0,0,0,0.99559,15.227,0,0,0.73557,64.83,0,0,0,0,0
64,263,1.942,191.95,14572,0,0,0,0,0,0.98376,0,0,0,21.917,24.214,0,0,0,0,0
64,263,1.942,191.95,14572,1.0855,0,0,0.12387,0,0,0,0,0,0,2.5955,0,0,0,0,0
64,263,1.942,191.95,14572,0,0,0,0,0,5.7068,0,0,0,0.44682,0.18667,0,0,0,0,0
64,263,1.942,191.95,14572,0,0,0,0,0,0,0,0,0,0,0.33865,0,0,0,0,0
64,263,1.942,191.95,14572,0.14996,0.001902,0,8.7752,0,0,0,0,0,0,2.2905,0,0,0,0,0
64,263,1.942,191.95,14572,0,0,0,0,0,0,0,0,0,0.27721,62.342,0,0,0,0,0
64,263,1.942,191.95,14572,0,0,0,0,0,0,0,0,0,0,8.0593,0,0,0,0,0
64,263,1.942,191.95,14572,0,0,0,0,0,0,0.53887,0,0,3.8737,0.18667,0,0,0,0,0
64,263,1.942,191.95,14572,0.007595,0,0,2.0191,0,0,0,0,0,5.7231,0.18667,0,0,0,0,0
64,263,1.942,191.95,14572,0,0,0,0,0,0.17476,0,0,0,0.27721,6.3294,0,0,0,0,0
64,263,1.942,191.95,14572,0,0,0,0,0.00833,0,0,0,0,1.0167,53.964,0,0,0,0,0
64,263,1.942,191.95,14572,0,0,0,0,0,0.00078163,0,0,0,0.14685,1.4513,0,0,0,0,0
64,263,1.942,191.95,14572,0,0,0,6.3288,0,0.0053144,0,0,0,1.4449,0.18667,0,0,0,0,0
64,263,1.942,191.95,14572,0,0,0,0.010673,0,0,0,0,0,0.55196,0.18667,0,0,0,0,0
64,263,1.942,191.95,14572,0,0,0,0,0,0,0.16424,0,0,0.8932,0.59267,0,0,0,0,0
64,263,1.942,191.95,14572,0,0,0,0,0,0,0,0,0,0.76777,62.342,0,0,0,0,0
64,263,1.942,191.95,14572,0,0,0,0,0.64192,0,21.318,0,0,4.212,0.3452,0,0,0,0,0
64,263,1.942,191.95,14572,0.013065,0,0,0,0,0,0,0,0,1.5851,0.18667,0,0,0,0,0
64,263,1.942,191.95,14572,0,0,0,0,0,0,0.02739,0,0,0.44575,8.7668,0,0,0,0,0
64,263,1.942,191.95,14572,0,0,0,0,0,0,0.16424,0,0,1.261,0.40813,0,0,0,0,0
64,263,1.942,191.95,14572,1.3758,0,0,7.7871,0,0,0,0,0,0.4212,0.47944,0,0,0,0,0
64,263,1.942,191.95,14572,7.7659,0,0,0,0,0,0,0,0,0.44682,1.3429,0,0,0,0,0
64,263,1.942,191.95,14572,0,0,0,0,0,0.0015973,0,0,0,0,27.825,0,0,0,0,0
64,263,1.942,191.95,14572,0,0,0,0,0,0.99999,0,0,0,0.18355,0.18667,0,0,0,0,0
64,263,1.942,191.95,14572,0,0,0,0,0,0,0,0,0,0.8932,0.18667,0,0,0,0,0
64,263,1.942,191.95,14572,0.025079,1.5747,0,0.002889,0,0,0.8784,0,0,0.68445,0.18667,0,0,0,0,0
64,263,1.942,191.95,14572,0,0,0,0,0,8.8417,0,0,0,0.44682,2.9179,0,0,0,0,0
64,263,1.942,191.95,14572,0,0,0,0,0,0,0,0,0,4.212,0.18667,0,0,0,0,0
64,263,1.942,191.95,14572,0,0,0,0,0,0,0,0,0,1.261,13.648,0,0,0,0,0
64,263,1.942,191.95,14572,0,0,0,0,0,0,0.8784,0,0,0,5.5492,0,0,0,0,0
64,263,1.942,191.95,14572,0.000376,0,0,0,0,0,0,0,0,1.0076,0.35197,0,0,0,0,0
64,263,1.942,191.95,14572,0,0,0,0.043698,0,0,0,0,0,3.8737,0.18667,0,0,0,0,0
64,263,1.942,191.95,14572,0,0,0,0,0.00014,0.99035,0.16424,0,0,1.7327,0.34288,0,0,0,0,0
64,263,1.942,191.95,14572,0,0,0,0,0,0,7.2833,0,0,8.5959,13.254,0,0,0,0,2.8793
64,263,1.942,191.95,14572,0,0,0,0,0,0,0,0,0,0,19.467,0,0,0,0,0
64,263,1.942,191.95,14572,0,0,0,0,0,0.34794,0.50998,0,0,0,53.964,0,0,0,0,0
64,263,1.942,191.95,14572,0,0,0,0,0,0,0,0,0,19.403,2.9179,0,0,0,0,0
64,263,1.942,191.95,14572,0,0,0,0,0,0,0,0,0,0,0.18667,0,0,0,0,0
64,263,1.942,191.95,14572,0,0,0,0.0065823,0,0,0.75485,0,0,1.164,8.3848,0,0,0,0,0
64,263,1.942,191.95,14572,0,0,0,0,0,0,0.16424,0,0,3.8254,0.3823,0,0,0,0,0
64,263,1.942,191.95,14572,0,0,0,0.14693,0,1.021,0.53887,0,0,0,0.18667,0,0,0,0,0
64,263,1.942,191.95,14572,0.002068,0,0,0,0,0,0,0,0,3.8737,4.2264,0,0,0,0,0
64,263,1.942,191.95,14572,0,0,0,0,0,0,0,0,0,1.5859,0.18667,0,0,0,0,0
64,263,1.942,191.95,14572,0,0,0,0,0,0,0,0,0,0.056957,3.6126,0,0,0,0,0
64,263,1.942,191.95,14572,0,0,0,0,0,0,0,0,0,7.6506,0.35197,0,0,0,0,0
64,263,1.942,191.95,14572,2.0252,0,0,0,0,0,0,0,0,0.44682,2.8966,0,0,0,0,0
64,263,1.942,191.95,14572,0,0,0,1.9258,0,0,57.964,0,0,5.7231,18.456,0,0,0,0,0
64,263,1.942,191.95,14572,0.47545,0,0,0,0,0,0,0,0,1.164,80.929,0,0,0,0,0
64,263,1.942,191.95,14572,0.11344,0,0,0.026197,0,0,0,0,0,0.76342,17.802,0,0,0,0,0
64,263,1.942,191.95,14572,0.003173,0,0,0,0,0,0,0,0,0.63421,0.18667,0,0,0,0,0
64,263,1.942,191.95,14572,0.002139,0,0,0,0,0,0,0,0,0.72035,1.4513,0,0,0,0,0
64,263,1.942,191.95,14572,0,0,0,0,0,0,0,0,0,1.808,0.59267,0,0,0,0,0
64,263,1.942,191.95,14572,1.0754,0,0,0,0,0.13158,0,0,0,0.72035,7.8198,0,0,0,0,0
64,263,1.942,191.95,14572,0.61575,0,0,0,0,0,0,0,0,0.44682,0.34092,0,0,0,0,0
64,263,1.942,191.95,14572,0.042717,0,0,0,0,0,0,0,0,0.44575,2.7192,0,0,0,0,0
64,263,1.942,191.95,14572,3.7435,0,0,0.25199,0,0.96917,0.16424,0,0,0,0.18667,0,0,0,0,0
64,263,1.942,191.95,14572,0,0,0,0,0,0,0,0,0,1.0076,0.33632,0,0,0,0,0
64,263,1.942,191.95,14572,0,0,0,0,0,1.6606,0,0,0,0,11.749,0,0,0,0,0
64,263,1.942,191.95,14572,0.43617,0,0,3.5292,0,59.384,0,0,0,0.44575,0.18667,0,0,0,0,0
64,263,1.942,191.95,14572,0,0,0,0.13946,0,0,0.16424,0,0,1.0167,0.18667,0,0,0,0,0
64,263,1.942,191.95,14572,0,0,0,0,0,0,47.452,0,0,8.5959,30.71,0,0,0,0,0
64,263,1.942,191.95,14572,0,0,0,0,0,0,0,0,0,1.0167,3.9699,0,0,0,0,0
64,263,1.942,191.95,14572,0,0,0,0,0,0,0.16424,0,0,0,0.54798,0,0,0,0,0
64,263,1.942,191.95,14572,0,0,0,0,0,1.0053,0,0,0,0,9.4002,0,0,0,0,0
64,263,1.942,191.95,14572,0.008776,0,0,0,0,0,0,0,0,2.6253,0.18667,0,0,0,0,0
64,263,1.942,191.95,14572,0.017759,0,0,0,0,0,0,0,0,1.2479,4.6158,0,0,0,0,0
64,263,1.942,191.95,14572,0.65807,0,0,11.114,3.1376,0,0,0,0,0,0.33589,0,0,0,0,0
64,263,1.942,191.95,14572,0,0,0,0,0,0,0,0,0,13.788,0.18667,0,0,0,0,0
64,263,1.942,191.95,14572,0.062136,0,0,0.38662,0,0,129.66,0,0,5.7109,0.18667,0,0,0,0,0
64,263,1.942,191.95,14572,0.003465,0,0,0,0.026102,0,0,0,0,0,1.6181,0,0,0,0,0
64,263,1.942,191.95,14572,4.2339,0,0,0,0,1.4985,0.16424,0,0,0,102.39,0,0,0,0,0
64,263,1.942,191.95,14572,12.639,0,0,0,0,0,11.692,0,0,3.4087,24.214,0,0,0,0,0
64,263,1.942,191.95,14572,0.016466,0,0,0,0,0,0,0,0,0.27721,23.624,0,0,0,0,0
64,263,1.942,191.95,14572,0,0,0,0,0.008513,0,0.02739,0,0,4.212,5.5621,0,0,0,0,0
64,263,1.942,191.95,14572,0,0,0,0,0,0,98.782,0,0,10.481,11.85,0,0,0,0,0
64,263,1.942,191.95,14572,0,0,0,0,0,0.016907,0,0,0,55.455,0.33356,0,0,0,0,0
64,263,1.942,191.95,14572,8.1756,0,62.684,0.87642,0,0.017111,0.16424,0,0,0,0.35074,0,0,0,0,0
64,263,1.942,191.95,14572,2.5689,0,0,0,0.19476,0,0.16424,0,0,0,3.2364,0,0,0,0,0
64,263,1.942,191.95,14572,0.002068,0,0,0,0.00524,0,0.16424,0,0,1.1034,0.34503,0,0,0,0,0
64,263,1.942,191.95,14572,0,0,0,0,0,0,11.213,0,0,0,4.4969,0,0,0,0,0
64,263,1.942,191.95,14572,0,0,0,0,0,0,164.51,0,0,0.91947,0.18667,0,0,0,0,0
64,263,1.942,191.95,14572,8.5811,0,0,5.2881,0,0.0028706,0.16424,0,0,0,0.99867,0,0,0,0,0
64,263,1.942,191.95,14572,0,0,0,0.0001355,0,10.218,0,0,0,1.808,8.3756,0,0,0,0,0
64,263,1.942,191.95,14572,6.3112,0,0,0,0,0,89.025,0,0,0,0.24309,0,0,0,0,0
64,263,1.942,191.95,14572,0,0,0,0,0,0,38.393,0,0,127.87,3.7001,0,0,0,0,0
64,263,1.942,191.95,14572,0,0,0,0,0,0.017111,0,0,0,0,1.3385,0,0,0,0,0
64,263,1.942,191.95,14572,0,0,5.8519,9.8813,0,0,0.0029097,0,0,0.21027,0.34266,0,0,0,0,0
64,263,1.942,191.95,14572,0.053919,0,0,0,14.42,0,0,0,0,0,1.3357,0,0,0,0,0
64,263,1.942,191.95,14572,0,0,0,0.086946,0,0,0,0,0,1.0834,0.18667,0,0,0,0,12.957
64,263,1.942,191.95,14572,0,0,0.10621,0,0.032034,0.00047402,0,0,0,0,8.0844,0,0,0,0,0
64,263,1.942,191.95,14572,0,0,0,12.779,0,0,0.76622,0,0,0,36.541,0,0,0,0,0
64,263,1.942,191.95,14572,2.4428,0,0,0,0,0,12.732,0,0,36.785,14.813,0,0,0,0,0
64,263,1.942,191.95,14572,0,0,0,0,0,0,0,0,0,0,0.83155,0,0,0,0,0
64,263,1.942,191.95,14572,0,0,0,0.0045035,0,0,0,0,0,0,12.914,0,0,0,0,0
64,263,1.942,191.95,14572,0,0,0,3.4286,0,0,0.11746,0,0,0,0.18667,0,0,0,0,8.6378
64,263,1.942,191.95,14572,2.828,0,0,0,0,0,3.0234,0,0,0.76342,8.7668,0,0,0,0,0
64,263,1.942,191.95,14572,0.00524,0,0,0,0,0,38.393,0,0,0,0.40813,0,0,0,0,0
64,263,1.942,191.95,14572,0,0,0,0,0,0,0,0,0,9.1202,36.283,0,0,0,0,0
64,263,1.942,191.95,14572,0,0,0,6.3e-05,0,0,0,0,0,16.378,98.291,0,0,0,0,0
64,263,1.942,191.95,14572,0,0,0,0,0.72858,0,0.11746,0,0,0,0.33927,0,0,0,0,0
64,263,1.942,191.95,14572,0,0,0,3.6181,0,0,37.929,0,0,13.788,0.33632,0,0,0,0,0
64,263,1.942,191.95,14572,3.7764,0,0,0,0,0,0,0,0,0.44575,0.18667,0,0,0,0,0
64,263,1.942,191.95,14572,0.011135,0,0,0.19138,0,0,0,0,0,5.7231,10.511,0,0,0,0,0
64,263,1.942,191.95,14572,0,0,5.9404,0,0,0,0.16424,0,0,0,0.40813,0,0,0,0,0
64,263,1.942,191.95,14572,0,0,0.006195,0.056168,0,0,0,0,0,0.65812,1.6724,0,0,0,0,0
64,263,1.942,191.95,14572,0,0,0,0.01929,0,0,0,0,0,0,15.74,0,0,0,0,0
64,263,1.942,191.95,14572,0,0,0,0,0,0,0,0,0,0.72035,1.7499,0,0,0,0,0
64,263,1.942,191.95,14572,0,5.3519,0,0.53412,0,0,0,0,0,8.4961,0.34789,0,0,0,0,6.7183
64,263,1.942,191.95,14572,0.005245,0,0,0.012203,0,0,0,0,0,3.4087,0.35688,0,0,0,0,0
64,263,1.942,191.95,14572,1.5801,0,0,0,0,0,0.16424,0,0,13.788,12.901,0,0,0,0,0
64,263,1.942,191.95,14572,0,0,0,0,0,0,0,0,0,1.5079,0.18667,0,0,0,0,0
64,263,1.942,191.95,14572,7.8e-05,0,0,0,0,0,0,0,0,1.7864,2.0321,0,0,0,0,0
64,263,1.942,191.95,14572,0,0,0,0,0,0,17.05,0,0,7.8617,1.0356,0,0,0,0,0
64,263,1.942,191.95,14572,1.201,0,0,0,0.2934,0,0.39583,0,0,1.9819,0.47944,0,0,0,0,0
64,263,1.942,191.95,14572,0,0,0,0,0,0.99999,0,0,0,13.788,13.363,0,0,0,0,0
64,263,1.942,191.95,14572,0,0,53.21,0,0,0.0015973,38.393,0,0,0.056957,0.95751,0,0,0,0,0
64,263,1.942,191.95,14572,0.002139,0,0,0,0,9.8334e-05,0,0,0,0,0.18667,0,0,0,0,0
64,263,1.942,191.95,14572,0,0,0,0,0,0,31.786,0,0,0.18086,23.796,0,0,0,0,0
64,263,1.942,191.95,14572,0,0,0,0,0,0,0,0,0,0,81.597,0,0,0,0,4.7988
64,263,1.942,191.95,14572,0.2116,0,0,0,0,0,0.16424,0,0,1.261,1.2873,0,0,0,0,0
64,263,1.942,191.95,14572,0.003485,0,0,0,0,0,0,0,0,0,35.434,0,0,0,0,0
64,263,1.942,191.95,14572,0,0,0,1.1238,0,0,0,0,0,3.8254,1.4513,0,0,0,0,0
64,263,1.942,191.95,14572,0,0,0,2.4568,0,0,0,0,0,0,0.18667,0,0,0,0,0
64,263,1.942,191.95,14572,0,0,0,0,0,0,0,0,0,1.0834,1.5006,0,0,0,0,0
64,263,1.942,191.95,14572,0.00524,0,0.31646,0.18883,0.13376,1.0057,44.12,0,0,1.7864,24.214,0,0,0,0,0
64,263,1.942,191.95,14572,4.2828,0,0,3.7058,0,0,75.745,0,0,6.8425,0.18667,0,0,0,0,0
64,263,1.942,191.95,14572,0.00036,0,0,10.672,0,0,0,0,0,1.9819,13.648,0,0,0,0,0
64,263,1.942,191.95,14572,0.001292,0,0,0.53412,0,0,0,0,0,9.1622,0.67417,0,0,0,0,0
64,263,1.942,191.95,14572,0,0,0,0,0.000172,0,0,0,0,0.64617,1.09,0,0,0,0,0
64,263,1.942,191.95,14572,1.6322,0,0,18.304,0,0,0,0,0,0,6.1969,0,0,0,0,0
64,263,1.942,191.95,14572,0.37606,0,0,0,0,6.8589,0,0,0,1.0139,0.18667,0,0,0,0,6.7183
64,263,1.942,191.95,14572,0.11091,0,0,0,0,0,0.16424,0,0,0,4.7763,0,0,0,0,0
64,263,1.942,191.95,14572,0,0,0,0,0,0,0,0,0,0.18355,0.18667,0,0,0,0,0
64,263,1.942,191.95,14572,0,0,0,0.99393,0,0,0,0,0,3.8737,1.3429,0,0,0,0,0
64,263,1.942,191.95,14572,0.001292,0,0,0.4407,0,0,0,0,0,0.55196,0.6212,0,0,0,0,0
64,263,1.942,191.95,14572,82.624,0,0,0,0,0,0,0.059951,0,0,0.3516,0,0,0,0,0
64,263,1.942,191.95,14572,0,0,0,0,0,0,64.592,0,0,5.7109,1.4391,0,0,0,0,0
64,263,1.942,191.95,14572,1.8111,0,0,0,0,1.0142,0,0,0,0.44575,1.2594,0,0,0,0,0
64,263,1.942,191.95,14572,0,0,0,0,0,0,0,0,0,0,5.8887,0,0,0,0,0
64,263,1.942,191.95,14572,0.002031,0,0,0,0,0.021243,0,0,0,36.785,0.18667,0,0,0,0,0
64,263,1.942,191.95,14572,0,0,0,0.0018375,0.084505,0,0,0,0,3.4087,0.18667,0,0,0,0,0
64,263,1.942,191.95,14572,0,0,0,0,0,0,0,0,0,1.7864,46.172,0,0,0,0,0
64,263,1.942,191.95,14572,22.296,0,0,0,0,0,0,0,0,5.6716,0.18667,0,0,0,0,0
64,263,1.942,191.95,14572,0.003485,0,0,0.019967,0,0,0.75485,0,0,2.6253,0.18667,0,0,0,0,0
64,263,1.942,191.95,14572,0.008225,0,0,0,0,0,0,0,0,1.0245,33.902,0,0,0,0,0
64,263,1.942,191.95,14572,0.074814,0,0,0,0,0,0,0,0,3.8254,3.4013,0,0,0,0,0
64,263,1.942,191.95,14572,0,0,0,15.972,0,0,0,0,0,19.403,3.8481,0,0,0,0,0
64,263,1.942,191.95,14572,0,0,0,0,0,0.99999,0,0,0,0.056957,0.18667,0,0,0,0,0
64,263,1.942,191.95,14572,0,0,0,0,0,0.0049873,1.0096,0,0,1.1822,0.18667,0,0,0,0,0
64,263,1.942,191.95,14572,0,0,0,0,0,1.4985,0,0,0,0,0.18667,0,0,0,0,0
64,263,1.942,191.95,14572,0,0,0,0,0,0,44.252,0,0,8.4961,0.34267,0,0,0,0,0
64,263,1.942,191.95,14572,0,0,0,0,0,0,0.16424,0,0,18.081,0.18667,0,0,0,0,0
64,263,1.942,191.95,14572,0,0,0,49.29,0,1.0028,0,0,0,1.5079,36.545,0,0,0,0,0
64,263,1.942,191.95,14572,0,0,0,0,0,0,0,0,0,1.0834,5.3971,0,0,0,0,0
64,263,1.942,191.95,14572,0,0,0,0,0,2.0956,0,47.655,0,8.0476,0.29739,0,0,0,0,0
64,263,1.942,191.95,14572,0.27826,0,0,0,0.008333,0,0,0,0,4.212,0.18667,0,0,0,0,0
64,263,1.942,191.95,14572,0.00247,0,0,0.019967,0,0,0.16424,0,0,1.808,0.18667,0,0,0,0,0
64,263,1.942,191.95,14572,3.2752,0,0,0.062075,0,0,8.4013,0,0,1.0076,57.027,0,0,0,0,0
64,263,1.942,191.95,14572,0.88404,0,0,0,0,0,0,0,0,0,0.18667,0,0,0,0,0
64,263,1.942,191.95,14572,0,0,0,0,0,49.285,0,0,0,0,45.427,0,0,0,0,0
64,263,1.942,191.95,14572,0,0,0,0,0,0,0,0,0,16.378,117.22,0,0,0,0,0
64,263,1.942,191.95,14572,5.0643,0,0,49.677,0,0,0,0,0,3.8254,11.075,0,0,0,0,0
64,263,1.942,191.95,14572,0.8143,0,0,0,0,0,0,0,0,7.8617,13.254,0,0,0,0,0
64,263,1.942,191.95,14572,0,0,0.12256,0,0,0,0,0,0,1.0167,5.9814,0,0,0,0,0
64,263,1.942,191.95,14572,0,0,0,0,0,0,0,0,0,0.44682,0.18667,0,0,0,0,0
64,263,1.942,191.95,14572,0.44995,0,0,0,0,0.77378,0,0.066961,0,0,10.3,0,0,0,0,0
64,263,1.942,191.95,14572,0,0,0,0,24.991,0,0,0,0,1.5851,0.18667,0,0,0,0,0
64,263,1.942,191.95,14572,1.8111,0,0,0,0,0,0.75485,0,0,0.27721,21.335,0,0,0,0,0
64,263,1.942,191.95,14572,0,0,0,36.701,0,0,0,0,0,5.6716,42.747,0,0,0,0,0
64,263,1.942,191.95,14572,0,0,0,0.01929,0,0,0,0,0,55.455,1.8126,0,0,0,0,0
64,263,1.942,191.95,14572,7.8e-05,0,0,3.6181,6.3833,18.937,26.607,0,0,0,9.4508,0,0,0,0,0
64,263,1.942,191.95,14572,0,0,0,6.4021,0,0,0,0,0,0,0.18667,0,0,0,0,0
64,263,1.942,191.95,14572,0,0,0,0.70086,0,0,103.84,0,0,9.1622,10.964,0,0,0,0,0
64,263,1.942,191.95,14572,3.0532,0,0,0.012155,0,6.3939,0,0,0,0.55196,0.18667,0,0,0,0,0
64,263,1.942,191.95,14572,0.062136,0,0,0,0,0,0,0,0,1.7327,0.18667,0,0,0,0,0
64,263,1.942,191.95,14572,0,0,0,0,0,0,0,0,0,4.212,62.342,0,0,0,0,0
64,263,1.942,191.95,14572,0,0,0,0,0,0,0,0,0,3.4087,19.429,0,0,0,0,0
64,263,1.942,191.95,14572,0,0,0,0.052916,0,0,31.304,0,0,8.0476,0.34288,0,0,0,0,0
64,263,1.942,191.95,14572,0,0,0,0,0,0,0,0,0,0,1.0623,0,0,0,0,0
64,263,1.942,191.95,14572,0.002139,0,0,0.002413,0,0,0,0,0,0,0.18667,0,0,0,0,0
64,263,1.942,191.95,14572,0,0,0,0,0,0,0,0,0,0,53.964,0,0,0,0,0
64,263,1.942,191.95,14572,0,0,0,0,0,0.99999,0,0,0,0,1.6724,0,0,0,0,4.7988
64,263,1.942,191.95,14572,0,0,0,0,0,0,78.37,0,0,1.9819,0.22358,0,0,0,0,0
64,263,1.942,191.95,14572,0,0,0,0,0,0,0.50998,0,0,1.261,7.7161,0,0,0,0,0
64,263,1.942,191.95,14572,0.6663,0,1.1542,0,0,0,0,0,0,9.1622,10.3,0,0,0,0,4.7988
64,263,1.942,191.95,14572,5.2628,0,0,4.0275,0,0,0,0,0,0.65812,0.18667,0,0,0,0,0
64,263,1.942,191.95,14572,0,0,0,0,0,1.0017,0,0,0,0,9.4508,0,0,0,0,0
64,263,1.942,191.95,14572,0,0,0,0,0,0,0,0,0,0,0.18667,0,0,0,0,0
64,263,1.942,191.95,14572,4.2828,0,0,40.343,0,0,0.50998,0,0,21.917,0.41588,0,0,0,0,0
64,263,1.942,191.95,14572,0,0,0,4.0275,0,0,0,0,0,0,14.813,0,0,0,0,0
64,263,1.942,191.95,14572,0,0,0,0,0,0,0,0,0,1.164,11.075,0,0,0,0,0
64,263,1.942,191.95,14572,0,0,0,0,0,3.4152,0,0,0,0.44682,0.18667,0,0,0,0,0
64,263,1.942,191.95,14572,0,0,0,0.007982,0,0,52.549,0,0,0.8932,0.55577,0,0,0,0,0
64,263,1.942,191.95,14572,4.8389,0,0,0,0,1.0053,0.16424,0,0,0.55196,0.18667,0,0,0,0,0
64,263,1.942,191.95,14572,0,0,7.8049,57.687,0,0,0,0,0,5.6716,0.33631,0,0,0,0,0
64,263,1.942,191.95,14572,0,0,0,0,0,0.99999,0,0,0,0.056957,5.4517,0,0,0,0,0
64,263,1.942,191.95,14572,0.016623,0,0,0.0003845,0,1.5949,57.19,0,0,0,1.09,0,0,0,0,0
64,263,1.942,191.95,14572,0,0,0,6.3e-05,0,0,0.16424,0,0,3.4087,0.18667,0,0,0,0,0
64,263,1.942,191.95,14572,0.005239,0,0,0,0,0,0,0,0,127.87,0.18667,0,0,0,0,0
64,263,1.942,191.95,14572,0.0056052,0,0,0,0,0,75.745,0,0,0,0.18667,0,0,0,0,0
64,263,1.942,191.95,14572,0,0,0,0,0,0.99999,0,0,0,0,1.5754,0,0,0,0,0
64,263,1.942,191.95,14572,0,0,0,0.84697,0,0,0,0,0,0,0.18667,0,0,0,0,0
64,263,1.942,191.95,14572,1.1681,0,0,0,0,0,0.16424,0,0,0,3.9699,0,0,0,0,0
64,263,1.942,191.95,14572,0,0,0,0,0,1.0004,0,0,0,0,5.6466,0,0,0,0,0
64,263,1.942,191.95,14572,3.485,0,0,0,21.567,0,11.213,0,0,1.7327,0.97191,0,0,0,0,0
64,263,1.942,191.95,14572,0,0,0,0,0,0,164.29,0,0,0,5.6466,0,0,0,0,0
64,263,1.942,191.95,14572,0.0021738,0,0,87.703,0,0,0,0,0,1.0167,0.42559,0,0,0,0,0
64,263,1.942,191.95,14572,0,0,0,0,0,0,0,0,0,0.65812,2.7401,0,0,0,0,0
64,263,1.942,191.95,14572,0.000376,0,0,0,0,0,0,0,0,4.212,0.18667,0,0,0,0,0
64,263,1.942,191.95,14572,0.042717,0,0,1.0548,0,0,0.010505,0,0,0,0.18667,0,0,0,0,0
64,263,1.942,191.95,14572,0,0,0,0.37619,0,43.805,0,0,0,1.5079,0.18667,0,0,0,0,0
64,263,1.942,191.95,14572,0.39786,0,0,0.18883,0,0,0,0,0,1.0139,0.18667,0,0,0,0,0
64,263,1.942,191.95,14572,1.51,0,0,2.9141,0.0071766,0,0,0,0,0,13.14,0,0,0,0,0
64,263,1.942,191.95,14572,0.000126,0,0,0,0,0,0,0,0,7.6506,27.942,0,0,0,0,0
64,263,1.942,191.95,14572,0,0,0,0,2.3953,0,0,0,0,0.18086,0.47944,0,0,0,0,0
64,263,1.942,191.95,14572,1.2379,0,0,0,0,0,0,0,0,0.73557,38.957,0,0,0,0,0
64,263,1.942,191.95,14572,0,0,0,0,0.43135,0,137.86,0,0,1.7864,1.4513,0,0,0,0,0
64,263,1.942,191.95,14572,4.6157,0,0,0,0,0,0.13695,0,0,0.44682,3.65,0,0,0,0,0
64,263,1.942,191.95,14572,0,0,0,0,0,0,0,0,0,7.8617,31.446,0,0,0,0,0
64,263,1.942,191.95,14572,57.315,0,0,0,0,0,0.02739,0,0,0,0.18667,0,0,0,0,0
64,263,1.942,191.95,14572,0.022682,0,0,0,0,0.98459,0.50998,0,0,16.378,1.8458,0,0,0,0,0
64,263,1.942,191.95,14572,0,0,0,0,0,9.0625,0,0,0,1.5079,0.18667,0,0,0,0,0
64,263,1.942,191.95,14572,0.15204,0,0,0.48023,0,0,0,0,0,0,14.407,0,0,0,0,0
64,263,1.942,191.95,14572,1.1853,0,0,0,0.008515,0,0.075512,0,0,3.8737,1.4447,0,0,0,0,0
64,263,1.942,191.95,14572,0,0,0,0,0,0,0,0,0,1.0167,54.222,0,0,0,0,0
64,263,1.942,191.95,14572,0,0,0,36.701,0,0.0028706,0.76622,0,0,0,12.6,0,0,0,0,0
64,263,1.942,191.95,14572,0,0,0,0,0,0.025225,0,0,0,0.55196,4.481,0,0,0,0,0
64,263,1.942,191.95,14572,0.008815,0,0,0,0,0,0,0,0,0,0.18667,0,0,0,0,0
64,263,1.942,191.95,14572,0.003465,0,0,0,0,0,0,0,0,0,8.0593,0,0,0,0,0
65,264,3.01,435.3,33046,0,0,0,0,0,0,0,0,0,16.378,1.0623,0,0,0,0,0
65,264,3.01,435.3,33046,0.050329,0,0,0,0,0,7.1437,0,0,0.55196,0.3516,0,0,0,0,0
65,264,3.01,435.3,33046,2.8732,0,0,0,0,0,0,0,0,1.0834,13.648,0,0,0,0,0
65,264,3.01,435.3,33046,0.048101,0,0,0.004063,0,0,0,0,0,4.212,0.33634,0,0,0,0,0
65,264,3.01,435.3,33046,0.007595,0,0,0,0,0,0,0,0,0.4212,0.18667,0,0,0,0,0
65,264,3.01,435.3,33046,0,0,0,0,0.80562,0,0,0,0,0.39237,0.34426,0,0,0,0,0
65,264,3.01,435.3,33046,0,0,0,0,1.476,2.0956,0,0,0,0,15.093,0,0,0,0,0
65,264,3.01,435.3,33046,0,0,0,17.083,0,0.27923,0,0,0,0.056957,0.18667,0,0,0,0,0
65,264,3.01,435.3,33046,0,0,0,3.0414,0,0,0,0,0,1.0834,11.686,0,0,0,0,0
65,264,3.01,435.3,33046,0,0,0,4.387,0,0,0,0,0,1.1822,0.34441,0,0,0,0,0
65,264,3.01,435.3,33046,0,0,0,0.002413,0,0.013212,0,0,0,1.5079,5.5492,0,0,0,0,0
65,264,3.01,435.3,33046,0.12588,0,0,0,0,0,0,0,0,5.6716,0.18667,0,0,0,0,0
65,264,3.01,435.3,33046,4.6157,0,0,0.10982,0,0,0,0,0,0.68445,1.09,0,0,0,0,0
65,264,3.01,435.3,33046,0,0,0,49.29,0,0,0,0,0,1.1822,5.8887,0,0,0,0,0
65,264,3.01,435.3,33046,0.8143,0,0,2.9141,0,0,0.16424,0,0,0,0.18667,0,0,0,0,0
65,264,3.01,435.3,33046,0.66409,0,0,2.196,0,0,0,0,0,21.917,5.3971,0,0,0,0,0
65,264,3.01,435.3,33046,0,0,0,0,0,0,24.769,0,0,0.76777,0.18667,0,0,0,0,0
65,264,3.01,435.3,33046,0,0,0,2.2575,0,0.025839,0,0,0,6.8425,8.6779,0,0,0,0,0
65,264,3.01,435.3,33046,0,0,0,0,0.00524,0,0,0,0,0.39237,1.0623,0,0,0,0,0
65,264,3.01,435.3,33046,0.10677,0,0,0.77204,0,0,9.7191,0,0,1.0167,9.4002,0,0,0,0,0
65,264,3.01,435.3,33046,36.198,0,0,0.0052395,0,0.19151,310.17,0,0,1.0076,0.18667,0,0,0,0,0
65,264,3.01,435.3,33046,0.090565,0,0,0.032727,0,0.99559,0,0,0,0.18355,4.2264,0,0,0,0,0
65,264,3.01,435.3,33046,0,0,0,0,0,0,0,0.81331,0,0,0.44504,0,0,0,0,0
65,264,3.01,435.3,33046,0,0,0,25.247,53.152,0,0,0,0,4.212,68.794,0,0,0,0,0
65,264,3.01,435.3,33046,0.66409,0,0,0,0,0,0,0,0,1.4449,0.18667,0,0,0,0,0
65,264,3.01,435.3,33046,0,0,0,0,0,0,0,0,0,1.0245,0.43851,0,0,0,0,0
65,264,3.01,435.3,33046,0,0,0,0,0,6.6358,0,0,0,0.8932,0.18667,0,0,0,0,0
65,264,3.01,435.3,33046,0,0,0,13.719,0,0.0032185,0.16424,0,0,0.4212,16.454,0,0,0,0,0
65,264,3.01,435.3,33046,0,0,0,1.699,0,0.17476,0,0,0,21.917,17.711,0,0,0,0,0
65,264,3.01,435.3,33046,0,0,0,0.045416,0,0,0,0,0,1.0167,1.2593,0,0,0,0,0
65,264,3.01,435.3,33046,0,0,0,0,0,0,0,0,0,3.4087,0.18667,0,0,0,0,0
65,264,3.01,435.3,33046,0.00802,0,0,0,0,0.095282,0,0,0,19.403,25.69,0,0,0,0,0
65,264,3.01,435.3,33046,0,0,0,0,0,0,0.16424,0,0,8.4961,2.6226,0,0,0,0,0
65,264,3.01,435.3,33046,13.135,0,0,0,0,0,0,0,0,1.0245,132.14,0,0,0,0,0
65,264,3.01,435.3,33046,0,0,0,0.30178,18.873,0,0,0,0,0,8.8643,0,0,0,0,0
65,264,3.01,435.3,33046,0,0,0,0,0,0.16026,0,0,0,18.081,0.33589,0,0,0,0,0
65,264,3.01,435.3,33046,0.73019,0,1.7439,4.4326,0,0,0,0,0,1.2479,5.114,0,0,0,0,0
65,264,3.01,435.3,33046,0,0,0,0,0,0,0,0,0,0.4212,6.3294,0,0,0,0,0
65,264,3.01,435.3,33046,0.094953,0,0,0,0,0,0,0,0,8.5959,21.324,0,0,0,0,0
65,264,3.01,435.3,33046,0.016818,0,50.194,0,0,0,6.8761,0,0,1.4449,12.6,0,0,0,0,0
65,264,3.01,435.3,33046,0,0,0,0.28576,0,0.99999,0.16424,0,0,0.63421,0.34267,0,0,0,0,0
65,264,3.01,435.3,33046,0,0,0.015661,0,0,0,0.16424,0,0,0,3.9931,0,0,0,0,0
65,264,3.01,435.3,33046,0,0,0,0,0,0,0,0,0,0.63421,0.18667,0,0,0,0,0
65,264,3.01,435.3,33046,0.046643,0,0,0,0,0,0,0,0,0,0.22358,0,0,0,0,0
65,264,3.01,435.3,33046,0,0,0,0,0,0,0.16424,0,0,5.7109,0.45538,0,0,0,0,0
65,264,3.01,435.3,33046,0,0,0,0,0,0,21.318,0,0,1.5859,3.8481,0,0,0,0,0
65,264,3.01,435.3,33046,0.016317,0,0,0.01929,0,6.3939,0,0,0,0,0.33631,0,0,0,0,0
65,264,3.01,435.3,33046,0,0,0,0,0,0,0.16424,0,0,1.0167,0.18667,0,0,0,0,0
65,264,3.01,435.3,33046,0,0,0,0,0,0,0.76622,0,0,1.164,0.34503,0,0,0,0,0
65,264,3.01,435.3,33046,0,0,0,0,0,0,0,0,0,3.8254,0.18667,0,0,0,0,0
65,264,3.01,435.3,33046,3.1184,0,0,0,0,0,0,0,0,0.4212,15.543,0,0,0,0,0
65,264,3.01,435.3,33046,0,0,0,0.012154,0,4.4592,0.075512,0,0,55.455,13.538,0,0,0,0,0
65,264,3.01,435.3,33046,1.6322,1.8923,4.1917,0,0,0,0,0,0,1.0834,0.18667,0,0,0,0,0
65,264,3.01,435.3,33046,0,0,0,3.7058,0,0.0040468,0,0,0,1.808,27.825,0,0,0,0,0
65,264,3.01,435.3,33046,0,0,0,0.10288,0,0,0,0,0,127.87,8.3756,0,0,0,0,0
65,264,3.01,435.3,33046,0,0,0,0,0,0,0,0,0,36.785,13.142,0,0,0,0,0
65,264,3.01,435.3,33046,0,0,0,0,0,0.13158,0,0,0,1.0139,0.18667,0,0,0,0,0
65,264,3.01,435.3,33046,0,0,0,0.35097,0,0,0,0,0,0.72035,2.4012,0,0,0,0,0
65,264,3.01,435.3,33046,1.0855,0,0,0,0,12.971,0,0,0,0.44575,0.29739,0,0,0,0,0
65,264,3.01,435.3,33046,0,0,0,0,0,0,0,0,0,1.057,0.18667,0,0,0,0,0
65,264,3.01,435.3,33046,0,0,0,1.1694,0,0,0,0,0,1.0139,0.18667,0,0,0,0,0
65,264,3.01,435.3,33046,0,0,0,1.9426,0,0,0,0,0,4.212,11.001,0,0,0,0,0
65,264,3.01,435.3,33046,0.00062,0,0,26.223,0,0,0,0,0,0.21027,132.14,0,0,0,0,0
65,264,3.01,435.3,33046,0,0,0,0,0,0,0.16424,0,0,0,45.427,0,0,0,0,0
65,264,3.01,435.3,33046,0.005239,0,0,0,0,0,0.16424,0,0,3.8737,0.18667,0,0,0,0,0
65,264,3.01,435.3,33046,52.404,0,0,0,0,0,0,0,0,1.7327,0.3823,0,0,0,0,0
65,264,3.01,435.3,33046,0,0,0,0.092259,0,0,0,0,0,1.2479,0.18667,0,0,0,0,0
65,264,3.01,435.3,33046,2.6264,0,0,0.0052395,0,0,1.0096,0,0,0.27721,0.18667,0,0,0,0,0
65,264,3.01,435.3,33046,0.081919,0,0,0,0,0,261.97,0,0,1.0076,9.9675,0,0,0,0,0
65,264,3.01,435.3,33046,0,0,0,0,0,0,35.41,0,0,0,2.9179,0,0,0,0,0
65,264,3.01,435.3,33046,0,0,0,0,0,0,0,0,0,0,90.189,0,0,0,0,0
65,264,3.01,435.3,33046,0,0,0,0,0.008333,1.0023,0,0,0,0.39237,0.18667,0,0,0,0,0
65,264,3.01,435.3,33046,0,0,0,6.1258,0,0,0.16424,0,0,1.0167,0.47944,0,0,0,0,0
65,264,3.01,435.3,33046,0,0,0,2.8884,0,0,1.0096,0,0,13.788,3.8842,0,0,0,0,0
65,264,3.01,435.3,33046,0,0,0,0,0,0,0,0,0,3.8737,5.5492,0,0,0,0,0
65,264,3.01,435.3,33046,0.002139,0,0,0,0,0,0,0,0,7.6506,0.59267,0,0,0,0,0
65,264,3.01,435.3,33046,18.962,0,0,0,0,0,0.16424,0,0,1.2479,34.614,0,0,0,0,0
65,264,3.01,435.3,33046,0,0,0,0,0,41.942,0,0,0,1.0076,33.928,0,0,0,0,0
65,264,3.01,435.3,33046,2.6264,0,0,0,0,0,0.16424,0,0,3.8737,0.18667,0,0,0,0,0
65,264,3.01,435.3,33046,0,0,0,0,0,0,378.3,0,0,1.5859,0.34426,0,0,0,0,0
65,264,3.01,435.3,33046,0,0,0,0,0,0,0,0,0,0,2.2905,0,0,0,0,0
65,264,3.01,435.3,33046,0,0,0,0,0,0,0.16424,0,0,0.27721,0.18667,0,0,0,0,0
65,264,3.01,435.3,33046,0,0,4.5824,0,0,0,0,0,0,0,0.18667,0,0,0,0,0
65,264,3.01,435.3,33046,0,0,0,0,0,0,89.934,0,0,0,64.52,0,0,0,0,0
65,264,3.01,435.3,33046,0,0,0,0.012155,0,0,0,0,0,0,153.58,0,0,0,0,0
65,264,3.01,435.3,33046,0,0,0,0,0,1.1633,0,0,0,1.7327,31.446,0,0,0,0,0
65,264,3.01,435.3,33046,0.077588,0,0,0,0,0,0,0,0,13.788,0.18667,0,0,0,0,0
65,264,3.01,435.3,33046,0.20323,0,0,0,0,0,2.1326,0,0,0.18086,0.18667,0,0,0,0,0
65,264,3.01,435.3,33046,2.8732,0,0,0,0,0.27923,62.469,0,0,0,0.18667,0,0,0,0,0
65,264,3.01,435.3,33046,0,0,0,0,0,0,0.16424,0,0,8.5959,0.37122,0,0,0,0,0
65,264,3.01,435.3,33046,1.018,0,0,8.9848,0,0,0,0,0,0,13.254,0,0,0,0,0
65,264,3.01,435.3,33046,10.685,0,0,0,0,0,406.74,0,0,1.0076,12.757,0,0,0,0,0
65,264,3.01,435.3,33046,0,0,0,0,0,0,0,0,0,0,7.2436,0,0,0,0,0
65,264,3.01,435.3,33046,0,0,0,0,0,0,0,0,0,0,0.37122,0,0,0,0,0
65,264,3.01,435.3,33046,0,0,0,0,0,0.70947,0,0,0,0.18355,6.6904,0,0,0,0,0
65,264,3.01,435.3,33046,0,0,0,0.40043,0.017389,0,0.0029097,0,0,0,4.1917,0,0,0,0,0
65,264,3.01,435.3,33046,0,0,0,0,0,0,0,0,0,1.0076,0.18667,0,0,0,0,0
65,264,3.01,435.3,33046,0.000234,0,0,0,4.696,0.13667,0.16424,0,0,0.44682,85.483,0,0,0,0,0
65,264,3.01,435.3,33046,0,0,0,14.92,0,0,0.11746,0,0,0,2.8966,0,0,0,0,0
65,264,3.01,435.3,33046,0,0,0,0,0,0,0,0,0,1.7327,0.34441,0,0,0,0,0
65,264,3.01,435.3,33046,0,0,0,0,0.003932,0,7.0655,0,0,0.44682,215.61,0,0,0,0,0
65,264,3.01,435.3,33046,0.00062,0,0,7.7101,0.005239,0,0,0,0,6.8425,5.9677,0,0,0,0,0
65,264,3.01,435.3,33046,0.00062,0,0,4.3242,0,0,0.53887,0,0,1.1822,0.18667,0,0,0,0,0
65,264,3.01,435.3,33046,0.016666,0,1.3978,4.3532,0,0,0,0,0,0.44575,0.18667,0,0,0,0,0
65,264,3.01,435.3,33046,0,0,0,0,0,0.98376,22.844,0,0,1.808,0.18667,0,0,0,0,0
65,264,3.01,435.3,33046,0.78618,0,0,3.5554,1.0372,0.98597,0.39583,0,0,13.788,0.35238,0,0,0,0,0
65,264,3.01,435.3,33046,0.016666,0,0,0,0.013577,0,2.2777,0,0,7.6506,0.3343,0,0,0,0,0
65,264,3.01,435.3,33046,0.003465,0,0,0,0.0071766,0,0,0,0,1.0245,6.2445,0,0,0,0,0
65,264,3.01,435.3,33046,0,0,0,0,0,0,0,0,0,3.4087,0.18667,0,0,0,0,0
65,264,3.01,435.3,33046,0,0,0,3.9757,0,0,0,0,0,1.5859,0.22358,0,0,0,0,0
65,264,3.01,435.3,33046,0,0,0,0,3.1376,0,17.187,0,0,1.0834,0.90931,0,0,0,0,0
65,264,3.01,435.3,33046,0,0,0,1.2148,0,0,0,0,0,3.8737,14.717,0,0,0,0,0
65,264,3.01,435.3,33046,0.006966,0,0,1.9258,0,0,305.25,0,0,0,2.0171,0,0,0,0,0
65,264,3.01,435.3,33046,0.0035835,0,0,0,0,0,0,0,0,1.164,0.18667,0,0,0,0,0
65,264,3.01,435.3,33046,0,0,0,0,0,0,0.02739,0,0,4.212,0.18667,0,0,0,0,0
65,264,3.01,435.3,33046,0,0,0,0.0079985,0,0,44.252,0,0,1.0076,1.556,0,0,0,0,0
65,264,3.01,435.3,33046,0.008815,0,0,0,0,0,12.487,0,0,1.7864,80.929,0,0,0,0,0
65,264,3.01,435.3,33046,0,0,0,8.7752,0,0,0,0,0,1.1822,37.706,0,0,0,0,0
65,264,3.01,435.3,33046,0.040773,0,0,0,0,0,145.74,0,0,0.21027,8.4911,0,0,0,0,0
65,264,3.01,435.3,33046,0,0,0,0.86074,0,0,0,0,0,0,0.18667,0,0,0,0,0
65,264,3.01,435.3,33046,0,0,0,0,0,0.98597,0,0,0,0.18355,2.8966,0,0,0,0,0
65,264,3.01,435.3,33046,22.296,0,0,8.8394,0,0,0,0,0,1.0167,0.34267,0,0,0,0,0
65,264,3.01,435.3,33046,0,0,0,0,0,0.0029674,0,0,0,1.1034,3.1118,0,0,0,0,0
65,264,3.01,435.3,33046,0,0,0,0,0,0,0,0,0,0.76342,6.1969,0,0,0,0,0
65,264,3.01,435.3,33046,0,0,0,0,0,0,0,0,0,1.5851,0.18667,0,0,0,0,0
65,264,3.01,435.3,33046,0,0,0,0.34963,0,0,51.134,0,0,0.68445,0.33213,0,0,0,0,0
65,264,3.01,435.3,33046,0.005239,0,0,0.014442,0,0,0,0,0,0,0.18667,0,0,0,0,0
65,264,3.01,435.3,33046,0,0,0,0,0,0,0,0,0,1.5851,53.964,0,0,0,0,0
65,264,3.01,435.3,33046,0,0,0,0,0,0,0,0,0,0.44682,15.34,0,0,0,0,0
65,264,3.01,435.3,33046,0.003355,0,0.65798,0,0,0,0,0,0,36.785,17.756,0,0,0,0,0
65,264,3.01,435.3,33046,0,0,0,3.659,0,0,0.16424,0,0,1.9819,31.047,0,0,0,0,0
65,264,3.01,435.3,33046,0.025781,0,0,0,0.010234,0,0,0,0,9.1622,0.18667,0,0,0,0,0
65,264,3.01,435.3,33046,0,0,0,5.0853,0,0,0,0,0,1.0245,9.4508,0,0,0,0,0
65,264,3.01,435.3,33046,0,19.127,0,9.543,0.99914,0,164.51,0,0,0,23.19,0,0,0,0,0
65,264,3.01,435.3,33046,0.005248,0,0,1.1694,0,0.057464,0,0,0,21.917,0.18667,0,0,0,0,0
65,264,3.01,435.3,33046,0.21764,0,0,0,0,0.99999,0.0029097,0,0,5.6716,0.18667,0,0,0,0,0
65,264,3.01,435.3,33046,0.023102,0,0,0,0,0,0,0,0,1.7864,1.3308,0,0,0,0,0
65,264,3.01,435.3,33046,0,0,0,0,0,0,0,0,0,0.4212,5.9677,0,0,0,0,0
65,264,3.01,435.3,33046,0.00062,0,0,0.59937,0,0,0,0,0,0.73557,185.82,0,0,0,0,0
65,264,3.01,435.3,33046,0.00014,0,0,0,0,0,0.16424,0,0,6.8425,37.06,0,0,0,0,0
65,264,3.01,435.3,33046,0,0,0,0,0,0,0,0,0,3.8737,53.964,0,0,0,0,0
65,264,3.01,435.3,33046,0.96609,0,0,0,0,0,0,0,0,1.5859,0.36132,0,0,0,0,0
65,264,3.01,435.3,33046,0,0,0,0,0,0,0,0,0,9.1622,5.9814,0,0,0,0,0
65,264,3.01,435.3,33046,0,0,0,0,0,0.99999,0,0,0,0.55196,0.18667,0,0,0,0,0
65,264,3.01,435.3,33046,0,0,0,0.010673,0,0,31.614,0,0,3.8737,15.858,0,0,0,0,0
65,264,3.01,435.3,33046,0,0,0,0,0,0,12.814,0,0,0.056957,14.813,0,0,0,0,0
65,264,3.01,435.3,33046,0.91487,0,0,0,0,0,0.075512,0,0,1.7327,3.9699,0,0,0,0,0
65,264,3.01,435.3,33046,0,0,0,3.5554,0,0,0,0,0,0,24.569,0,0,0,0,0
65,264,3.01,435.3,33046,0,0,0,0,0,0,7.2833,0,0,0,0.18667,0,0,0,0,0
65,264,3.01,435.3,33046,0,0,0,0,0,0,0.16424,0,0,0,0.38211,0,0,0,0,0
65,264,3.01,435.3,33046,0,0,0,0,0,0,0,0,0,1.0245,5.2617,0,0,0,0,0
65,264,3.01,435.3,33046,0,0,0,0.67186,0,0,0.16424,0,0,0,1.9933,0,0,0,0,0
65,264,3.01,435.3,33046,0,0,0,0,0,0,35.91,0,0,1.1034,0.18667,0,0,0,0,0
65,264,3.01,435.3,33046,0,0,0,0,0.0055799,0,0,0,0,1.808,0.86539,0,0,0,0,0
65,264,3.01,435.3,33046,0,0,0,0.5934,0,0.017111,0,0,0,0,2.9179,0,0,0,0,0
65,264,3.01,435.3,33046,0,0,0,0,0.007102,0,0,23.746,0,3.4087,6.2445,0,0,0,0,0
65,264,3.01,435.3,33046,0.003346,0,0,0,0.007102,0,0,0,0,0,1.8458,0,0,0,0,0
65,264,3.01,435.3,33046,0.046643,0,0,3.0675,0,0,0,0,0,0.44682,0.45538,0,0,0,0,0
65,264,3.01,435.3,33046,0,0,0,0.005628,0,1.0261,0,0,0,21.917,6.2445,0,0,0,0,0
65,264,3.01,435.3,33046,0,0,0,6.3e-05,13.886,0,0,0,0,1.7327,0.34069,0,0,0,0,0
65,264,3.01,435.3,33046,0,0,0,0,3.6136,0,0,0,0,8.5959,0.70126,0,0,0,0,0
65,264,3.01,435.3,33046,0.44995,0,0,1.1939,0,0,0,0,0,0.72035,23.222,0,0,0,0,0
65,264,3.01,435.3,33046,0,0,0,0,0,0,11.213,0,0,0.18086,8.0313,0,0,0,0,0
65,264,3.01,435.3,33046,0,0,0,3.8956,0,0,0.11746,0,0,1.0139,0.40813,0,0,0,0,0
65,264,3.01,435.3,33046,0.42196,0,0,0.006228,0,0,24.769,0,0,18.081,2.274,0,0,0,0,0
65,264,3.01,435.3,33046,0.80017,0,0,0,0,0,26.607,0,0,0,1.569,0,0,0,0,0
65,264,3.01,435.3,33046,6.8828,0,0,0,0,1.7632,0,0,0,1.9819,23.864,0,0,0,0,0
65,264,3.01,435.3,33046,0,0,0,0.097068,0,0,0,0,0,5.7109,0.18667,0,0,0,0,0
65,264,3.01,435.3,33046,0,0,0,2.5572,0.005239,0,0,0,0,9.1622,0.18667,0,0,0,0,0
65,264,3.01,435.3,33046,0,0,0,0,0,0,0.075512,0,0,0,4.2836,0,0,0,0,0
65,264,3.01,435.3,33046,0,0,0,0,0.48102,0,0,0,0,0,0.18667,0,0,0,0,0
65,264,3.01,435.3,33046,0,0,0,0,0,0,0,0,0,0,37.706,0,0,0,0,0
65,264,3.01,435.3,33046,0,0,0,0,0,0.10178,0,0,0,0,0.18667,0,0,0,0,0
65,264,3.01,435.3,33046,0,0,0,0,0,0,0,0,0,9.1202,0.18667,0,0,0,0,0
65,264,3.01,435.3,33046,0,0,0,0.000337,0,0,0,0,0,0,14.813,0,0,0,0,0
65,264,3.01,435.3,33046,0.007125,0,0,0.10468,0,17.139,0,0,0,55.455,12.914,0,0,0,0,19.589
65,264,3.01,435.3,33046,2.5993,0,0,0,0.13376,0,21.318,0,0,1.1822,0.33085,0,0,0,0,0
65,264,3.01,435.3,33046,0.6663,0,0,0.3141,0,0,0,0,0,8.4961,3.3067,0,0,0,0,0
65,264,3.01,435.3,33046,0,0,8.1995,0,0,0,24.797,0,0,1.0408,0.59267,0,0,0,0,0
65,264,3.01,435.3,33046,0.00014,0,0,2.0929,0,0,0,0,0,16.378,64.83,0,0,0,0,0
65,264,3.01,435.3,33046,0,0,0,17.083,0,0,0,0,0,0.76342,132.14,0,0,0,0,0
65,264,3.01,435.3,33046,0,0,0,0,0.003465,0.013953,0,0,0,8.5959,4.7763,0,0,0,0,0
65,264,3.01,435.3,33046,0,0,0,0,0,0.00078163,0,0,0,1.5079,6.1969,0,0,0,0,0
65,264,3.01,435.3,33046,0.099919,0,50.713,21.33,0.008333,0.27923,7.1437,0,0,1.2479,0.93382,0,0,0,0,0
65,264,3.01,435.3,33046,0,0,0,0,0,0.98889,0.16424,0,0,1.164,0.18667,0,0,0,0,0
65,264,3.01,435.3,33046,0.025079,0,0.0090427,0,0,1.0004,0,0,0,3.4087,0.18667,0,0,0,0,0
65,264,3.01,435.3,33046,0,0,0,0,0,0,0,0,0,1.5851,9.1186,0,0,0,0,0
65,264,3.01,435.3,33046,0,0,0,0.003089,0,0.11078,0,0,0,5.7109,0.35321,0,0,0,0,0
65,264,3.01,435.3,33046,0,0,0,0,0,0,0,0,0,0,0.36085,0,0,0,0,0
65,264,3.01,435.3,33046,0,0,0,0,0,0,0,0,0,8.0476,0.22358,0,0,0,0,0
65,264,3.01,435.3,33046,0,0,0,0,0,1.471,0,0,0,0,0.22358,0,0,0,0,0
65,264,3.01,435.3,33046,57.315,0,0,0.020181,0,0,0,0,0,1.4449,0.18667,0,0,0,0,0
65,264,3.01,435.3,33046,0.015697,0,0,0,0,0,0,0,0,3.4087,5.114,0,0,0,0,0
65,264,3.01,435.3,33046,0,0,0,6.1258,0,1.2338,0,0,0,0.76342,0.18667,0,0,0,0,0
65,264,3.01,435.3,33046,0,0,0,0,0,0,0,0,0,0.8932,0.84122,0,0,0,0,0
65,264,3.01,435.3,33046,0,0,0,2.6536,0,0,0,0,0,0,5.6787,0,0,0,34.399,0
65,264,3.01,435.3,33046,0.015552,0,0.093059,21.675,0,0,0,0,0,8.4961,0.18667,0,0,0,0,0
65,264,3.01,435.3,33046,3.0254,0,0,0,0,1.021,0,0,0,0,8.6757,0,0,0,0,0
65,264,3.01,435.3,33046,0,0,0,0,0,0,0,0,0,0.91947,68.794,0,0,0,0,0
65,264,3.01,435.3,33046,0.069657,0,0,0,0,0.013212,0,0,0,0,6.3294,0,0,0,0,0
65,264,3.01,435.3,33046,0,0,0,8.5247,0,0,0,0,0,0,0.18667,0,0,0,0,0
65,264,3.01,435.3,33046,0,0,0,0,0,0,0,0,0,0,45.427,0,0,0,0,0
65,264,3.01,435.3,33046,0,0,0,37.733,0,0,0.075512,0,0,0.91947,14.278,0,0,0,0,0
65,264,3.01,435.3,33046,0.28052,0,0,0.74517,0.046237,0,0,0,0,1.5859,0.18667,0,0,0,0,0
65,264,3.01,435.3,33046,0,0,0,3.0675,0,0,0.0029097,0,0,0.8932,1.9365,0,0,0,0,0
65,264,3.01,435.3,33046,0,0,0,0,0,0,0,0,0,9.1622,0.18667,0,0,0,0,0
65,264,3.01,435.3,33046,0.61575,0,0,0,0,0.6555,0,0,0,3.4087,0.18667,0,0,0,0,0
65,264,3.01,435.3,33046,0,0,1.9701,3.4899,0,0,0.53887,0,0,21.917,0.18667,0,0,0,0,0
65,264,3.01,435.3,33046,0.14783,0,0,5.2881,0,0,0,0,0,0.4212,9.0359,0,0,0,0,0
65,264,3.01,435.3,33046,0,0,0,0,0,0.19151,4.1876,0,0,1.7327,0.18667,0,0,0,0,0
65,264,3.01,435.3,33046,0,0,0,0.0002,0,0,0,0,0,1.261,7.5145,0,0,0,0,0
65,264,3.01,435.3,33046,0,0,0,40.343,0.11604,0,0,0,0,0.55196,9.4508,0,0,0,0,0
65,264,3.01,435.3,33046,0,0,0,0,0,0,3.423,0,0,0,219.68,0,0,0,0,0
65,264,3.01,435.3,33046,6.5216,0,0,0,0,0,0,0,0,0,0.18667,0,0,0,0,0
65,264,3.01,435.3,33046,0,0,0,0,0,0,0,0,0,0,0.18667,0,0,0,0,0
65,264,3.01,435.3,33046,0.001009,0,0,5.8889,0,0,0,0,0,0,0.34789,0,0,0,0,0
65,264,3.01,435.3,33046,0,0,0,0,0,0,0,0,0,3.8737,23.901,0,0,0,0,0
65,264,3.01,435.3,33046,0,0,0,0.0065823,0,0.00021684,0,0,0,0.39237,4.481,0,0,0,0,0
65,264,3.01,435.3,33046,0.00524,0,0,0,0,0,0.16424,0,0,1.9819,0.18667,0,0,0,0,0
65,264,3.01,435.3,33046,0.003538,0,0,0,0,0,0.075512,0,0,1.808,0.18667,0,0,0,0,0
65,264,3.01,435.3,33046,0,0,0,0.013573,0,0,0,0,0,5.6716,102.39,0,0,0,0,0
65,264,3.01,435.3,33046,0.093008,0,0,0,0,0,0,0,0,0,0.18667,0,0,0,0,0
65,264,3.01,435.3,33046,3.582,0,0,0,0,0,0,0,0,0,0.18667,0,0,0,0,0
65,264,3.01,435.3,33046,0,0,0,0.000515,0,0.96917,0,0,0,8.0476,3.2364,0,0,0,0,0
65,264,3.01,435.3,33046,0.002068,0,0,0,0,0,0,0,0,0.21027,31.441,0,0,0,0,0
65,264,3.01,435.3,33046,0.73657,0,0,0,0,0.99999,35.47,0,0,6.8425,16.651,0,0,0,0,0
65,264,3.01,435.3,33046,1.1853,0,0,0,0,0,0,0,0,0.4212,0.18667,0,0,0,0,0
65,264,3.01,435.3,33046,0,0,0,0,0,0,0.010505,0,0,1.4449,21.275,0,0,0,0,0
65,264,3.01,435.3,33046,1.7727,0,0,0,0,0,0,0,0,0.72035,82.014,0,0,0,0,0
65,264,3.01,435.3,33046,0.11,0,14.418,0,0,0,91.356,0,0,0.18086,0.35074,0,0,0,0,0
65,264,3.01,435.3,33046,0,0,0,3.0414,0,0,0,0,0,21.917,0.18667,0,0,0,0,0
65,264,3.01,435.3,33046,0.048101,0,0.38246,0,0,0,36.831,0.009158,0,0,2.9499,0,0,0,0,0
65,264,3.01,435.3,33046,0,0,0,0,0,0,0,0,0,0.55196,2.6226,0,0,0,0,0
65,264,3.01,435.3,33046,0,0,0,0,0,0,0,0,0,1.5859,57.027,0,0,0,0,0
65,264,3.01,435.3,33046,1.4291,0,0,0.007982,0,0,0,0,0,4.212,0.18667,0,0,0,0,0
65,264,3.01,435.3,33046,0.000254,0,0,0,0,0,0,0,0,8.4961,0.18667,0,0,0,0,0
65,264,3.01,435.3,33046,0,0,0,0,0,0,0.13695,0,0,0,4.3035,0,0,0,0,0
65,264,3.01,435.3,33046,1.018,77.516,0,0,0,0.99999,0,0,0,36.785,0.18667,0,0,0,0,0
65,264,3.01,435.3,33046,0.042717,0,0,1.26,0,0,0,0,0,0,30.71,0,0,0,0,0
65,264,3.01,435.3,33046,0,0,0,0,0,0,66.65,0,0,36.785,0.35421,0,0,0,0,0
65,264,3.01,435.3,33046,7.2515,0,0,0,0,0,0.16424,0,0,0,11.075,0,0,0,0,0
65,264,3.01,435.3,33046,3.582,0,0,0,0,0.0029674,3.0234,0,0,3.8737,0.18667,0,0,0,0,0
65,264,3.01,435.3,33046,9.5757,0,0,0,0,0,0,0,0,1.1034,6.2316,0,0,0,0,0
65,264,3.01,435.3,33046,0,0,0,0,0,0,0,0,0,2.6253,2.5353,0,0,0,0,0
65,264,3.01,435.3,33046,0,0,0,0.26692,0,0,0,0,0,9.1202,1.7499,0,0,0,0,0
65,264,3.01,435.3,33046,0,0,0,0,0,0,63.828,0,0,0.18086,8.4911,0,0,0,0,0
65,264,3.01,435.3,33046,2.7809,0,0,0.013572,0,0,0,0,0,0.4212,0.18667,0,0,0,0,0
65,264,3.01,435.3,33046,0,0,0,0,0,1.0017,0,0,0,0.056957,0.18667,0,0,0,0,0
65,264,3.01,435.3,33046,0,0,0,0.030064,15.648,1.021,0.13695,0,0,5.7109,2.5353,0,0,0,0,0
65,264,3.01,435.3,33046,0.029081,0,0,0,0,0,0,0,0,1.0167,0.18667,0,0,0,0,0
65,264,3.01,435.3,33046,0,0,0,5.4083,0,0,0,0,0,0,1.1094,0,0,0,0,0
65,264,3.01,435.3,33046,0,0,0.003932,0,0,0,29.471,0,0,19.403,7.5145,0,0,0,0,0
65,264,3.01,435.3,33046,1.5368,0,0,49.29,0,0,0.16424,0,0,1.1822,2.9179,0,0,0,0,0
65,264,3.01,435.3,33046,0,0,0.010108,0,0,0,0,0,0,9.1202,0.18667,0,0,0,0,0
65,264,3.01,435.3,33046,0,0,0,1.5,0,0,0,0,0,0.91947,0.18667,0,0,0,0,0
65,264,3.01,435.3,33046,0,0,0,0,0,0.00078163,0,0,0,0,0.18667,0,0,0,0,0
65,264,3.01,435.3,33046,0,0,0,0,0,0,0,0,0,0,0.18667,0,0,0,0,0
65,264,3.01,435.3,33046,0,0,0,0,0,0,25.765,0,0,0,0.18667,0,0,0,0,0
65,264,3.01,435.3,33046,23.386,0,0,0,0,0,0,0,0,0.44575,3.6126,0,0,0,0,0
65,264,3.01,435.3,33046,0.016666,0,0,0,0,9.0625,0,0,0,0,1.3357,0,0,0,0,0
65,264,3.01,435.3,33046,0.001434,0,0.053214,0,0,0.00045385,0.16424,0,0,3.8254,0.18667,0,0,0,0,0
65,264,3.01,435.3,33046,13.135,0,0,0.013575,0,0,0,0,0,0,0.18667,0,0,0,0,0
65,264,3.01,435.3,33046,0,0,0,0.088419,0,0,0,0,0,1.5851,0.40813,0,0,0,0,0
65,264,3.01,435.3,33046,11.292,0,0,0.006228,0,0,0,0,0,7.8617,7.1196,0,0,0,0,0
65,264,3.01,435.3,33046,0,0,0,0.2954,0,0,0,0,0,1.0245,0.18667,0,0,0,0,0
65,264,3.01,435.3,33046,0,0,0,0,0,0,0,0,0,1.1822,8.0844,0,0,0,0,0
65,264,3.01,435.3,33046,0.062136,0,0.0011985,0,0,49.285,0.75485,0,0,0.44575,22.553,0,0,0,0,0
65,264,3.01,435.3,33046,1.0377,0,0,0,0,0,51.134,0,0,0,12.757,0,0,0,0,0
65,264,3.01,435.3,33046,0,0,0,0,0.000376,0,0,0,0,36.785,2.0171,0,0,0,0,0
65,264,3.01,435.3,33046,0.005239,0,0.17534,0,0,0,0,0,0,0,0.18667,0,0,0,0,0
65,264,3.01,435.3,33046,0,0,0,0,0,3.9766,0,0,0,0,5.8887,0,0,0,0,0
65,264,3.01,435.3,33046,0,0,0,12.135,0,0,0,0,0,0,53.643,0,0,0,0,0
65,264,3.01,435.3,33046,0.000172,0,0,11.662,0,0,0,0,0,1.9819,1.4447,0,0,0,0,0
65,264,3.01,435.3,33046,0.47545,11.047,0,0.29954,0,0,0,0,0,0.056957,1.263,0,0,0,0,0
65,264,3.01,435.3,33046,0.11091,0,0,8.7752,0,0,0,0,0,0.21027,23.122,0,0,0,0,0
65,264,3.01,435.3,33046,0,0,0,0.86074,0,0,21.94,0,0,3.8737,96.039,0,0,0,0,0
65,264,3.01,435.3,33046,7.2515,0,0,0.04767,0,4.845,0,0,0,1.4449,31.443,0,0,0,0,0
65,264,3.01,435.3,33046,0.005239,0,0,0.37619,0,0,0,0,0,5.7109,0.18667,0,0,0,0,0
65,264,3.01,435.3,33046,0,0,0,0,0,1.5949,0,0,0,0,0.33589,0,0,0,0,0
65,264,3.01,435.3,33046,0,0,0,0.001415,0,0,0,0,0,0,0.18667,0,0,0,0,0
65,264,3.01,435.3,33046,0.27588,0,0,0,0,0.6555,77.405,0,0,0,3.3133,0,0,0,0,0
65,264,3.01,435.3,33046,0.075774,0,0,0,0,0,0,0,0,1.261,0.24309,0,0,0,0,0
65,264,3.01,435.3,33046,0,0,0,6.4645,0,0.00021684,0,0,0,8.0476,28.707,0,0,0,0,0
65,264,3.01,435.3,33046,0,0,0,1.5648,0.11604,1.0113,0,0,0,55.455,2.5353,0,0,0,0,0
65,264,3.01,435.3,33046,0,0,0,0,0.00043,0,21.318,0,0,5.7231,15.182,0,0,0,0,0
65,264,3.01,435.3,33046,0.00036,0,0,0.016975,2.5232,0,0.16424,0,0,1.0167,0.18667,0,0,0,0,0
65,264,3.01,435.3,33046,0,0,0,0,0,0,0,0,0,1.1822,15.182,0,0,0,0,0
65,264,3.01,435.3,33046,0.000654,0,0,0,0,0,0,0,0,4.212,3.6192,0,0,0,0,0
65,264,3.01,435.3,33046,0,0,0,0,0.38116,0.99999,0,0,0,1.5851,1.3357,0,0,0,0,0
65,264,3.01,435.3,33046,3.6896,0,0,0,8.354,0,0,0,0,0.27721,75.625,0,0,0,0,0
65,264,3.01,435.3,33046,0.2646,0,0,0,0,0,0,0,0,0.63421,5.5621,0,0,0,0,0
65,264,3.01,435.3,33046,0,0,0,0,0,0,0.075512,0,0,0.44682,7.0517,0,0,0,0,0
65,264,3.01,435.3,33046,0,0,0,0.16568,0,0,0.16424,0,0,0.73557,0.33589,0,0,0,0,0
65,264,3.01,435.3,33046,0,0,0,0.27777,0,0,0,0,0,0,3.2364,0,0,0,0,0
65,264,3.01,435.3,33046,0,0,0,1.2148,0,0,0,0,0,8.5959,0.18667,0,0,0,0,0
65,264,3.01,435.3,33046,0,0,0.01603,7.7101,0.00524,0.0058282,0,0,0,0,0.18667,0,0,0,0,0
65,264,3.01,435.3,33046,0.003932,0,0,0,0.005239,0,211.87,0,0,1.0834,0.86539,0,0,0,0,0
65,264,3.01,435.3,33046,0.062136,0,0,0.013572,0,2.493,0,0,0,1.164,2.9072,0,0,0,0,0
65,264,3.01,435.3,33046,0,0,0,1.0548,0,0,0,0,0,0.44575,96.039,0,0,0,0,0
65,264,3.01,435.3,33046,0,0,0,0.0052395,0,0,0,0,0,0,77.618,0,0,0,0,0
65,264,3.01,435.3,33046,0,0,0,0,0,0,56.393,0,0,0.14685,0.22358,0,0,0,0,0
65,264,3.01,435.3,33046,0,0,0,0.088419,0,0.99837,0,0,0,5.7109,34.587,0,0,0,0,0
65,264,3.01,435.3,33046,0,0,7.787,13.719,0,0,0,0,0,0,0.18667,0,0,0,0,0
65,264,3.01,435.3,33046,2.828,0,0,0,0,0,105.22,0,0,21.917,5.4517,0,0,0,0,0
65,264,3.01,435.3,33046,0.000376,0,0,0,0,0.21612,0,0,0,1.5079,0.34266,0,0,0,0,0
65,264,3.01,435.3,33046,0,0.18362,0,0,0,0.0073404,0,0,0,7.8617,0.88794,0,0,0,0,0
65,264,3.01,435.3,33046,0.11434,0,0,0,0,0,0,0,0,127.87,0.18667,0,0,0,0,0
65,264,3.01,435.3,33046,0,0,0,0,0.030895,0,34.484,0,0,0.27721,21.275,0,0,0,0,0
65,264,3.01,435.3,33046,0,0,0,0,0.00498,0,0,0,0,1.0167,10.816,0,0,0,0,0
65,264,3.01,435.3,33046,0,0,0,0,0,0.076187,0,0,0,0.73557,0.18667,0,0,0,0,0
65,264,3.01,435.3,33046,0,0,0.85846,0,0,0,0,0,0,0.44575,0.3343,0,0,0,0,0
65,264,3.01,435.3,33046,0,0,0,21.33,0,0,98.782,0,0,1.0076,0.18667,0,0,0,0,0
65,264,3.01,435.3,33046,0.069657,0,0,9.6017,216.56,0,6.8761,0,0,1.261,19.708,0,0,0,0,0
65,264,3.01,435.3,33046,0.000251,0,0,0.010673,0,0.13158,0,0,0,3.8737,0.18667,0,0,0,0,0
65,264,3.01,435.3,33046,0.001292,0,0,0.53412,0,0,57.964,0,0,0,0.18667,0,0,0,0,0
65,264,3.01,435.3,33046,0.00524,0,0,1.4748,0,0,0,0,0,0,46.172,0,0,0,0,0
65,264,3.01,435.3,33046,0.019152,0,0,0.011724,0,0,0.0029097,0,0,3.8254,0.18667,0,0,0,0,0
65,264,3.01,435.3,33046,0.11344,0,0,0.007748,0,0,11.827,0,0,0,1.0356,0,0,0,0,0
65,264,3.01,435.3,33046,0.042717,0,0,0,0,0,0,0,0,21.917,0.18667,0,0,0,0,0
65,264,3.01,435.3,33046,1.201,0,0,0,0,0,0.16424,0,0,1.0245,7.8478,0,0,0,0,0
65,264,3.01,435.3,33046,0,0,0,0.080285,0,0,0,0,0,0.55196,0.34267,0,0,0,0,0
65,264,3.01,435.3,33046,0.035722,0,0,0.081923,0,0,0,0,0,1.5851,4.1917,0,0,0,0,0
65,264,3.01,435.3,33046,0.016818,0,0.1112,0,0,0,0,0,0,1.7327,3.2364,0,0,0,0,0
65,264,3.01,435.3,33046,0,0,0,0,0,0,189.65,3.0293,0,0,0.97191,0,0,0,0,0
65,264,3.01,435.3,33046,0.040445,0,0,4.1021,0,0,0.50998,0,0,5.6716,0.18667,0,0,0,0,0
65,264,3.01,435.3,33046,0,0,0,0.011871,0.31032,0,63.828,0,0,9.1202,19.58,0,0,0,0,0
65,264,3.01,435.3,33046,0,0,0,0,0,0,57.964,0,0,0.27721,9.6013,0,0,0,0,0
65,264,3.01,435.3,33046,0,0,0,0,0.0011985,0,0,0,0,1.1822,64.83,0,0,0,0,0
65,264,3.01,435.3,33046,0,0,0,0,0,0.002111,0,0,0,1.0076,17.304,0,0,0,6.6971,0
65,264,3.01,435.3,33046,0.002011,0,0,0,0,0,0,0,0,0.68445,1.1094,0,0,0,0,0
65,264,3.01,435.3,33046,0.9984,0,0,0,0,0,0,0,0,9.1622,2.3279,0,0,0,0,0
65,264,3.01,435.3,33046,0.002139,0,0,0,2.2054,0,0,0,0,0,0.33085,0,0,0,0,0
65,264,3.01,435.3,33046,0.002784,0,0,6.1258,0,0,33.551,0,0,0,0.71492,0,0,0,0,0
65,264,3.01,435.3,33046,0,0,0,0.095691,0.005769,0,0.16424,0,0,0,0.18667,0,0,0,0,0
65,264,3.01,435.3,33046,0.000234,0,0,0,0,0,0,0,0,1.1822,0.34397,0,0,0,0,0
65,264,3.01,435.3,33046,0.2916,0,0,0.01954,0,0,0.16424,0,0,127.87,0.18667,0,0,0,0,0
65,264,3.01,435.3,33046,2.7201,0,0,0,0,0,0,0,0,1.0139,0.34385,0,0,0,0,10.883
65,264,3.01,435.3,33046,0.0091124,0,0,2.6977,6.2591,0,0,0,0,18.081,0.33356,0,0,0,0,0
65,264,3.01,435.3,33046,74.902,0,0,0.038018,0,0,0,0,0,0.72035,0.18667,0,0,0,0,0
65,264,3.01,435.3,33046,0.015961,0,0,0,0,0,0.010505,0,0,5.6716,0.18667,0,0,0,0,0
65,264,3.01,435.3,33046,0,0,0,0,0,0,0,0,0,1.7864,0.18667,0,0,0,0,0
65,264,3.01,435.3,33046,0.11091,0,0,0,8.7513,0,0,0,0,16.378,0.18667,0,0,0,0,0
65,264,3.01,435.3,33046,0.96609,0,0,0,0,0,0,0,0,0,3.65,0,0,0,0,0
65,264,3.01,435.3,33046,0.65023,0,0.4334,0,0,0.017111,0.010505,0,0,1.057,24.887,0,0,0,0,0
65,264,3.01,435.3,33046,1.0855,0,0,0,0,0,0.16424,0,0,1.5079,0.18667,0,0,0,0,0
65,264,3.01,435.3,33046,0,0,0,0,0,0.86541,0,0,0,1.0167,0.18667,0,0,0,0,0
65,264,3.01,435.3,33046,0,0,0,0.53412,0,0,0,0,0,0.73557,0.18667,0,0,0,0,0
65,264,3.01,435.3,33046,0.2116,0,0,0.17457,0,0,261.97,0,0,0,6.2316,0,0,0,0,0
65,264,3.01,435.3,33046,0,0,0,0.013572,0,0,0,0,0,1.0139,1.6408,0,0,0,0,0
65,264,3.01,435.3,33046,0,0,0,0,0.000124,1.4985,0,0,0,0,5.114,0,0,0,0,0
65,264,3.01,435.3,33046,0,0,0,0,0,0,0,0,0,0,25.69,0,0,0,0,0
65,264,3.01,435.3,33046,0,0,0.10538,0.000966,0,3.7277,0,0,0,0,35.434,0,0,0,0,0
65,264,3.01,435.3,33046,0,0,0,0,0,0,0,0,0,0.91947,16.651,0,0,0,0,0
65,264,3.01,435.3,33046,0,0,0,0.14028,0,0.99999,0,0,0,0.73557,5.8887,0,0,0,0,0
65,264,3.01,435.3,33046,0.016818,0,0,2.9693,0,0,0.075512,0,0,0,5.5621,0,0,0,0,0
65,264,3.01,435.3,33046,0,0,0,7.5817,0,0,35.47,0,0,0,0.22358,0,0,0,0,0
65,264,3.01,435.3,33046,0,0,0,0.012154,0,0,0,0,0,4.212,0.29739,0,0,0,0,0
65,264,3.01,435.3,33046,0,0,0,3.743,0,0,13.875,0,0,0,0.18667,0,0,0,0,0
65,264,3.01,435.3,33046,0,0,0.045182,3.5292,0,233.01,0.16424,0,0,1.057,0.96176,0,0,0,0,0
65,264,3.01,435.3,33046,0,0,0,6.1258,0,0,0,0,0,1.1822,25.69,0,0,0,0,0
65,264,3.01,435.3,33046,0.12327,0,0,0,0,0,0,0,0,0,0.18667,0,0,0,0,0
65,264,3.01,435.3,33046,0,0,0,0,0,0,0,0,0,0,0.18667,0,0,0,0,0
65,264,3.01,435.3,33046,0,0,0,0,0,0,0,0,0,0,21.324,0,0,0,0,0
65,264,3.01,435.3,33046,0.08854,0,0.01603,0.008155,0,1.0142,0,0,0,1.0076,68.794,0,0,0,0,0
65,264,3.01,435.3,33046,11.957,0,0,0,53.152,1.0017,0,0,0,0.8932,8.8787,0,0,0,0,0
65,264,3.01,435.3,33046,6.3502,0,0,0,0,0.99999,75.745,0,0,1.1822,0.18667,0,0,0,0,0
65,264,3.01,435.3,33046,0.017759,0,0,0,0,0,0.11746,0,0,0,0.18667,0,0,0,0,0
65,264,3.01,435.3,33046,0,7.6997,0,0.097068,0,0,0,0,0,1.7864,0.18667,0,0,0,0,0
65,264,3.01,435.3,33046,0.49085,0,0,0,0,0,0.76622,0,0,0.44682,1.0623,0,0,0,0,0
65,264,3.01,435.3,33046,0.58816,0,0,0,0,0.99999,0,0,0,6.8425,3.3067,0,0,0,0,0
65,264,3.01,435.3,33046,0.040773,0,0,0.081923,0,0.00045385,164.51,0,0,0.4212,0.18667,0,0,0,0,0
65,264,3.01,435.3,33046,0,0,0,0,0,0,0,0,0,1.1822,0.18667,0,0,0,0,0
65,264,3.01,435.3,33046,9.5035,0,0,0.20413,0,0,0,0,0,0.27721,0.18667,0,0,0,0,0
65,264,3.01,435.3,33046,0,0,0,12.135,0,0,0.50998,0,0,1.1034,0.18667,0,0,0,0,0
65,264,3.01,435.3,33046,0,0,0,0,0,0,17.328,0,0,1.9819,0.18667,0,0,0,0,0
65,264,3.01,435.3,33046,0,0,0,0,0,0,0,0,0,55.455,74.071,0,0,0,0,0
65,264,3.01,435.3,33046,0,0,0,0,0,0,0.16424,0,0,0,9.0359,0,0,0,0,0
65,264,3.01,435.3,33046,0.003346,0,0,0,0,0,0,0,0,0.91947,0.34397,0,0,0,0,0
65,264,3.01,435.3,33046,0.68758,0,0,0.26692,0,0,0,0,0,0.39237,12.314,0,0,0,0,0
65,264,3.01,435.3,33046,0,0,0,1.1694,0,0,0,0,0,13.788,22.184,0,0,0,0,0
65,264,3.01,435.3,33046,0,0,0,0,0,0,0,0,0,2.6253,0.18667,0,0,0,0,0
65,264,3.01,435.3,33046,0.02398,0,0,0.14028,0,0,96.28,0,0,1.0245,0.34267,0,0,0,0,0
65,264,3.01,435.3,33046,0,0,0,15.692,0,0,0,0,0,0.44682,23.035,0,0,0,0,0
65,264,3.01,435.3,33046,0.004345,0,0,1.9258,0.00644,0,34.484,0,0,0.4212,0.22358,0,0,0,0,0
65,264,3.01,435.3,33046,0,0,0,0.19762,0,0.057464,0,0,0,0.27721,5.4517,0,0,0,0,0
65,264,3.01,435.3,33046,0.01603,0,0,8e-05,0,0,2.1326,0,0,0,52.753,0,0,0,0,0
65,264,3.01,435.3,33046,0,0,0.62501,0,0.00676,0,0.16424,0,0,8.0476,0.18667,0,0,0,0,0
65,264,3.01,435.3,33046,0,0,0,6.3288,0,0,0,0,0,36.785,0.22358,0,0,0,0,0
65,264,3.01,435.3,33046,0.69312,0,0,0,0,0,0,0,0,0,0.18667,0,0,0,0,0
65,264,3.01,435.3,33046,0.65807,0,0,0,0,0,0,0,0,4.212,1.4513,0,0,0,0,0
65,264,3.01,435.3,33046,0.011135,0,0,0,0,1.0028,0,0,0,0.18086,17.117,0,0,0,0,0
65,264,3.01,435.3,33046,0,0,0,0,0.003346,0,21.94,0,0,0,56.953,0,0,0,0,0
65,264,3.01,435.3,33046,0,0,0,0.000337,0,0,0,0,0,1.9819,0.22358,0,0,0,0,0
65,264,3.01,435.3,33046,0,0,0.0032415,0.0052395,0,0.34794,0,0,0,0,1.2894,0,0,0,0,0
65,264,3.01,435.3,33046,0.00062,0,0,0,0,0,0,0,0,1.1034,4.3035,0,0,0,0,0
65,264,3.01,435.3,33046,0,0,0,0,0.007102,0,0.0029097,0,0,1.1822,10.511,0,0,0,0,0
65,264,3.01,435.3,33046,0.34864,0,0,0.030064,0,0,0,0,0,1.5079,3.3067,0,0,0,0,0
65,264,3.01,435.3,33046,0.20158,0,0,0.11864,0,0,22.844,0,0,0,0.18667,0,0,0,0,0
65,264,3.01,435.3,33046,0.003355,0,0,2.1617,5.3405,0,0,0,0,0,0.18667,0,0,0,0,0
65,264,3.01,435.3,33046,0.00062,0,0,0,0,0,52.265,0,0,0.63421,1.3038,0,0,0,0,0
65,264,3.01,435.3,33046,0,0,0.001493,0,0,0,0,0,0,6.8425,8.8964,0,0,0,0,0
65,264,3.01,435.3,33046,0.78618,0,0,6.4645,0,0,0,0,0,1.0167,5.6787,0,0,0,0,0
65,264,3.01,435.3,33046,0,0,1.4322,0.031836,0,0,15.227,0,0,8.4961,37.06,0,0,0,0,0
65,264,3.01,435.3,33046,0,0,0,0.10288,0,0.017111,0.13695,0,0,1.5079,10.964,0,0,0,0,0
65,264,3.01,435.3,33046,1.0004,0,0,0.0079985,0.005239,0.0073404,0,0,0,4.212,13.538,0,0,0,0,0
65,264,3.01,435.3,33046,0,0,0,4.3242,0,0,140.4,0,0,0.44682,0.18667,0,0,0,0,0
65,264,3.01,435.3,33046,0.2916,0,0,37.733,0,0,0,0,0,0.056957,150.42,0,0,0,0,0
65,264,3.01,435.3,33046,0,0,0,0,0,0.00078163,0.53887,0,0,16.378,0.18667,0,0,0,0,0
65,264,3.01,435.3,33046,0,0,43.303,0,0,3.4152,0,0,0,0,0.18667,0,0,0,0,0
65,264,3.01,435.3,33046,0.24201,0,0,0,6.3833,0,0,0,0,1.261,53.643,0,0,0,0,0
65,264,3.01,435.3,33046,0.025079,0,0,0,0,0.0026412,0,0,0,0,0.18667,0,0,0,0,0
65,264,3.01,435.3,33046,0,0,0,0,0.017938,1.471,0,0,0,0,1.4513,0,0,0,0,0
65,264,3.01,435.3,33046,0,0,0,2.7574,0,0,0,0,0,1.164,85.483,0,0,0,0,0
65,264,3.01,435.3,33046,0,0,0,3.659,0,0,0,0,0,0,0.35688,0,0,0,0,0
65,264,3.01,435.3,33046,0,0,0,0,0,0,7.1437,0,0,0.68445,0.18667,0,0,0,0,0
65,264,3.01,435.3,33046,0,0,0,0,0,0,0,0,0,1.7864,0.18667,0,0,0,0,0
65,264,3.01,435.3,33046,0.16154,0,0,0,0,0,0,0,0,0.27721,0.18667,0,0,0,0,0
65,264,3.01,435.3,33046,0.098492,0,0,0.10795,0,0,0.16424,0,0,3.4087,6.0116,0,0,0,0,0
65,264,3.01,435.3,33046,0,0,0,0,0,0,0,0,0,7.6506,0.18667,0,0,0,0,0
65,264,3.01,435.3,33046,0,0,0.010108,0.77204,0,0.11831,0.16424,0,0,0,6.7845,0,0,0,0,0
65,264,3.01,435.3,33046,0,0,0,0,0,0,0,0,0,0.27721,12.314,0,0,0,0,0
65,264,3.01,435.3,33046,0.00328,0,0,4.387,0,0,0,0,0,0.44682,0.18667,0,0,0,0,0
65,264,3.01,435.3,33046,0,0,0,0,0,18.937,0,0,0,19.403,34.003,0,0,0,0,0
65,264,3.01,435.3,33046,0,0,0,0.46517,7.4033,1.0076,0,0,0,1.164,2.4339,0,0,0,0,0
65,264,3.01,435.3,33046,0,0,0,49.29,0,0,0,0,0,8.4961,0.18667,0,0,0,0,0
65,264,3.01,435.3,33046,0.002998,0,0,0,4.4043,0,0,0,0,0.91947,0.18667,0,0,0,0,0
65,264,3.01,435.3,33046,0,0,0,0.092259,0,0,0,0,0,1.7864,12.914,0,0,0,0,0
65,264,3.01,435.3,33046,0,0,0,28.307,0,0.99999,0,0,0,9.1202,2.9685,0,0,0,0,0
65,264,3.01,435.3,33046,0.78618,0,0,0,0.19476,0,0,0,0,13.788,0.18667,0,0,0,0,0
65,264,3.01,435.3,33046,0,0,0,0,0,0,0,0,0,0,71.79,0,0,0,0,0
65,264,3.01,435.3,33046,0,0,0,0,0,0,0,0,0,55.455,18.235,0,0,0,0,0
65,264,3.01,435.3,33046,0,0,0,0,0,0.99559,0,0,0,3.8254,4.3035,0,0,0,0,0
65,264,3.01,435.3,33046,0.069657,0,0,0,0,0,0,0,0,1.0076,0.34287,0,0,0,0,0
65,264,3.01,435.3,33046,0,0,0,0,0,0,0,0,0,4.212,0.18667,0,0,0,0,1.0883
65,264,3.01,435.3,33046,0,0,0.10352,0,0,6.3939,0,0,0,8.4961,0.33865,0,0,0,0,0
65,264,3.01,435.3,33046,0,0,0,20.38,0.0092955,0,2.1326,0,0,0,2.8966,0,0,0,0,0
65,264,3.01,435.3,33046,0,0,0,0.003551,0,0,0,0,0,1.5851,0.22358,0,0,0,0,0
65,264,3.01,435.3,33046,0,0,0.000251,0,0,29.035,0,0,0,0.21027,3.3484,0,0,0,0,0
65,264,3.01,435.3,33046,0.00524,0,0,0,0,0,0.50998,0,0,0,0.18667,0,0,0,0,0
65,264,3.01,435.3,33046,0.25322,0,0,0.013584,0,0,0,0,0,1.7864,13.42,0,0,0,0,0
65,264,3.01,435.3,33046,0,0,0,0,0,1.1633,15.227,0,0,0.21027,10.045,0,0,0,0,0
65,264,3.01,435.3,33046,11.292,0,0,13.855,0,0,27.308,0,0,8.5959,1.556,0,0,0,0,0
65,264,3.01,435.3,33046,0.005239,0,0,0.84697,0,0.99999,0,0,0,1.164,4.2264,0,0,0,0,0
65,264,3.01,435.3,33046,8.9343,0,0,2.9141,0,0,8.6313,0,0,0.91947,0.34519,0,0,0,0,0
65,264,3.01,435.3,33046,0,0,0,1.4346,0,0,63.828,0,0,3.4087,4.2836,0,0,0,0,0
65,264,3.01,435.3,33046,0.1026,0,0,0,0,0,261.97,0,0,0.63421,0.18667,0,0,0,0,0
65,264,3.01,435.3,33046,0.007074,0,0,0,0,0,119.19,0,0,2.6253,13.082,0,0,0,0,0
65,264,3.01,435.3,33046,0.2116,0,0,1.26,0,0,0,0,0,0.44682,85.483,0,0,0,0,0
65,264,3.01,435.3,33046,0,0,0.31646,0,0,0,0,0,0,2.6253,0.18667,0,0,0,0,0
65,264,3.01,435.3,33046,0,0,0,0,47.036,0.00021684,0.16424,0,0,1.0834,2.7225,0,0,0,0,0
65,264,3.01,435.3,33046,0,0,0,6.5391,0,0,0.16424,0,0,0,42.976,0,0,0,0,0
65,264,3.01,435.3,33046,0,0,0,0,0,0.032763,0,0,0,1.0139,15.182,0,0,0,0,0
65,264,3.01,435.3,33046,0,0,0,3.8162,0,0.00086736,0.53887,0,0,1.7327,0.29739,0,0,0,0,0
65,264,3.01,435.3,33046,0.007595,0,0,0,0,1.3972,0,0,0,0.55196,26.096,0,0,0,0,0
65,264,3.01,435.3,33046,0,0,0,0,0,0,0,0,0,1.0139,0.18667,0,0,0,0,0
65,264,3.01,435.3,33046,0.16373,0,0,0,0,0,0,0,0,1.7327,1.4513,0,0,0,0,0
65,264,3.01,435.3,33046,5.7998,0,0,5.7012,0,0,211.87,0,0,0,0.18667,0,0,0,0,0
65,264,3.01,435.3,33046,0.00062,0,0,0,0,0,0.0029097,0,0,55.455,6.9144,0,0,0,0,0
65,264,3.01,435.3,33046,0.52666,0,0,0,0,0,31.304,0,0,0,0.18667,0,0,0,0,0
65,264,3.01,435.3,33046,0,0,0,0,0,14.547,0,0,0,3.8737,13.254,0,0,0,0,0
65,264,3.01,435.3,33046,0,0,0,0,0,0,0,0,0,10.481,14.813,0,0,0,0,0
65,264,3.01,435.3,33046,0.011486,0,0,0,0,0,0,0,0,7.6506,0.18667,0,0,0,0,0
65,264,3.01,435.3,33046,0,0,0,26.223,0,43.805,0,0,0,5.7109,0.44504,0,0,0,0,0
65,264,3.01,435.3,33046,0,0,0,0,0,0,0,0,0,0,0.18667,0,0,0,0,0
65,264,3.01,435.3,33046,1.4415,0,0,2.5943,0,0,0,0,0,3.4087,0.18667,0,0,0,0,0
65,264,3.01,435.3,33046,0,0,0,6.4645,0,0,0,0,0,1.5859,0.43851,0,0,0,0,0
65,264,3.01,435.3,33046,0,0,0,0,0.28,0,0,0,0,0,0.35513,0,0,0,0,0
65,264,3.01,435.3,33046,0,0,0,0,0.008333,0,0.16424,0,0,1.9819,0.18667,0,0,0,0,0
65,264,3.01,435.3,33046,0,0,0,19.879,0,0,0,0,0,0,0.18667,0,0,0,0,0
65,264,3.01,435.3,33046,1.3144,0,6.9601,0,0,0.99999,48.755,0,0,8.4961,0.18667,0,0,0,0,0
65,264,3.01,435.3,33046,0,0,0,0,0,0,0.16424,0,0,1.0076,0.34069,0,0,0,0,0
65,264,3.01,435.3,33046,0,0,0,3.1028,0,0.99999,0,0,0,36.785,0.18667,0,0,0,0,0
65,264,3.01,435.3,33046,0,0,0,0,0,0.00078163,0,0,0,1.2479,0.18667,0,0,0,0,0
65,264,3.01,435.3,33046,0,0,0,0,0.0032265,0.002111,13.875,0,0,13.788,0.18667,0,0,0,0,0
65,264,3.01,435.3,33046,0,0,0,0,0,0,1.0096,0,0,7.6506,1.8398,0,0,0,0,0
65,264,3.01,435.3,33046,0.39786,0,0,0.013573,0,0,0,0,0,9.1202,0.18667,0,0,0,0,0
65,264,3.01,435.3,33046,0,0,0,5.23,0,0,0,0,0,0,14.69,0,0,0,0,0
65,264,3.01,435.3,33046,0,0,0.426,0.01839,0,0,0,0,0,0.39237,0.18667,0,0,0,0,0
65,264,3.01,435.3,33046,0,0,0,0,0,14.547,156.72,0,0,0,0.35421,0,0,0,0,0
65,264,3.01,435.3,33046,0.003346,0,0,0.0018375,0.11023,0,0,0,0,0,11.961,0,0,0,0,0
65,264,3.01,435.3,33046,0,0,0,0,0,0,0,0,0,1.0245,14.813,0,0,0,0,0
65,264,3.01,435.3,33046,0,0,0,0.002194,0,0,0,0,0,127.87,0.18667,0,0,0,0,0
65,264,3.01,435.3,33046,0,0,4.1917,0.27777,0,0,0,0,0,2.6253,6.6904,0,0,0,0,0
65,264,3.01,435.3,33046,0.003127,0,0,0,14.42,0,0,0,0,0,112.45,0,0,0,0,0
65,264,3.01,435.3,33046,0.13642,0,0,0,0,0,0,0,0,3.8254,0.34267,0,0,0,0,0
65,264,3.01,435.3,33046,8.142,0,0,0,0,0,0.53887,0,0,7.6506,1.4513,0,0,0,0,0
65,264,3.01,435.3,33046,19.942,0,0,0,0,0,0,0,0,0,0.18667,0,0,0,0,0
65,264,3.01,435.3,33046,0,0,0,0,0,0,0,0,0,0.44682,0.18667,0,0,0,0,0
65,264,3.01,435.3,33046,0,0,0,0.020181,0,0,0,0,0,7.8617,0.18667,0,0,0,0,0
65,264,3.01,435.3,33046,11.957,0,0,0,0,0.076187,0.16424,0,0,1.0167,6.9144,0,0,0,0,0
65,264,3.01,435.3,33046,0,0,0,0,0,0,0,0,0,0.65812,0.18667,0,0,0,0,0
65,264,3.01,435.3,33046,0,0,0,0.095691,0,0,0,0,0,0,0.34397,0,0,0,0,0
65,264,3.01,435.3,33046,49.898,0,0,0,0,0,78.37,0,0,55.455,0.35074,0,0,0,0,0
65,264,3.01,435.3,33046,0,0,0,0,0,0,0,0,0,10.481,22.184,0,0,0,0,0
65,264,3.01,435.3,33046,0.00524,12.136,0,0,0,0,0,0,0,0,0.18667,0,0,0,0,0
65,264,3.01,435.3,33046,0,0,0,13.719,0,0,0,0,0,0.056957,0.45538,0,0,0,0,0
65,264,3.01,435.3,33046,0.003127,0,0,0,0,0,0,0,0,0.18086,1.7499,0,0,0,0,0
65,264,3.01,435.3,33046,0,0,0,12.779,0,0,0,0,0,0.76777,36.545,0,0,0,0,0
65,264,3.01,435.3,33046,0.014616,0,0,0,0,0,34.254,0,0,7.6506,2.4339,0,0,0,0,0
65,264,3.01,435.3,33046,0.005273,0,0,0,0,0,0,0,0,5.7231,1.0725,0,0,0,0,0
66,265,2.16,955.49,72536,0.00247,0,0,0,0.00524,0.99999,0,0,0,0,0.18667,0,0,0,0,0
66,265,2.16,955.49,72536,0,0,0,0.011799,0,0,0,0,0,0,0.35074,0,0,0,0,0
66,265,2.16,955.49,72536,18.164,3.4805,0,0,0,0,0,0,0,1.1822,27.942,0,0,0,0,0
66,265,2.16,955.49,72536,0,0,0,0,0,0,0,0,0,0,16.651,0,0,0,0,0
66,265,2.16,955.49,72536,9.1288,0,0,0,0,0,0,0,0,1.2479,0.55577,0,0,0,0,0
66,265,2.16,955.49,72536,0,0,0,0,0,0,0.16424,0,0,1.5079,0.34267,0,0,0,0,0
66,265,2.16,955.49,72536,0,0,0,0.022686,10.936,0,0,0,0,9.1202,0.18667,0,0,0,0,0
66,265,2.16,955.49,72536,0,0,0,839.51,0,0,0,0,0,0,31.982,0,0,0,0,0
66,265,2.16,955.49,72536,0.040773,0,0,0,0,0,30.064,0,0,1.164,0.84122,0,0,0,0,0
66,265,2.16,955.49,72536,0,0,0,0,0,3.144,0.16424,0,0,8.4961,90.175,0,0,0,0,0
66,265,2.16,955.49,72536,3.6896,0,0,0,0,0,0.8784,0,0,0.27721,2.0321,0,0,0,0,0
66,265,2.16,955.49,72536,0,0,0,0,0,0,83.179,0,0,0,2.9511,0,0,0,0,0
66,265,2.16,955.49,72536,0,0,0,0,0,0,0,0,0,0.39237,9.4508,0,0,0,0,0
66,265,2.16,955.49,72536,0,0,0,0.10023,0.0014155,0,0.16424,0,0,1.1034,0.18667,0,0,0,0,0
66,265,2.16,955.49,72536,0.032457,0,0,5.7012,0,0,0.16424,0,0,13.788,0.18667,0,0,0,0,0
66,265,2.16,955.49,72536,1.6977,0,0,0,0,1.0023,38.393,0,0,8.4961,3.6126,0,0,0,0,0
66,265,2.16,955.49,72536,0,0,0,0.011521,0.008333,1.5949,0,0.45914,0,0.65812,0.18667,0,0,0,0,0
66,265,2.16,955.49,72536,0,0,0,0,0,0,0,0,0,1.0834,6.8495,0,0,0,0,0
66,265,2.16,955.49,72536,1.7727,0,0,0.013572,0,0,189.65,0,0,5.7109,2.9179,0,0,0,0,0
66,265,2.16,955.49,72536,0,0,0,0,0,0,486.05,0,0,0.27721,0.18667,0,0,0,0,0
66,265,2.16,955.49,72536,0,0,0.28219,4.841,0,0,0.02739,0,0,0.68445,1.9365,0,0,0,0,0
66,265,2.16,955.49,72536,3.9579,0,0,5.2881,0,0,0,0,0,4.212,0.18667,0,0,0,0,0
66,265,2.16,955.49,72536,0.032457,0,0,3.5554,0.002011,0,0,0,0,0,0.33865,0,0,0,0,0
66,265,2.16,955.49,72536,0.000688,0,0,0,0,0,0.02739,0,0,0.056957,0.35321,0,0,0,0,0
66,265,2.16,955.49,72536,2.1216,0,0,2.1213,0,0,137.94,0,0,0.65812,1.4513,0,0,0,0,0
66,265,2.16,955.49,72536,0,0,0,0,0,0,0,0,0,10.481,6.9144,0,0,0,0,0
66,265,2.16,955.49,72536,0,0,0,3.8956,0,0.0016131,0,0,0,1.5079,1.6999,0,0,0,0,42.997
66,265,2.16,955.49,72536,8.3673,0,0,0,0,0,0,0,0,0.63421,25.69,0,0,0,0,0
66,265,2.16,955.49,72536,0,0,0,1.9258,0,0,29.471,0,0,8.5959,0.18667,0,0,0,0,0
66,265,2.16,955.49,72536,0,0,0,0.010799,0,0.002585,83.179,0,0,1.5079,0.18667,0,0,0,0,0
66,265,2.16,955.49,72536,0,0,0,0.000532,0,0,0,0,0,1.5851,0.18667,0,0,0,0,0
66,265,2.16,955.49,72536,0,0,0,0,0,0,0,0,0,13.788,8.0844,0,0,0,0,0
66,265,2.16,955.49,72536,0.001309,0,0,0,0,0,0,0,0,4.212,148.95,0,0,0,0,0
66,265,2.16,955.49,72536,0.093008,0,0,0.19138,0,0,0,0,0,0,1.4447,0,0,0,0,0
66,265,2.16,955.49,72536,0,0,0,0.084198,0,0,28.885,0,0,55.455,26.096,0,0,0,0,0
66,265,2.16,955.49,72536,0.069657,0,0,5.7012,0,0,0,0,0,0,0.3823,0,0,0,0,0
66,265,2.16,955.49,72536,0,0,0,1.4346,0,0,0.75485,0,0,0.65812,0.18667,0,0,0,0,0
66,265,2.16,955.49,72536,0,0,0,0,0,0,0,0,0,0,0.18667,0,0,0,0,0
66,265,2.16,955.49,72536,3.7435,0,0,0,0,0,0,0,0,127.87,6.0116,0,0,0,0,0
66,265,2.16,955.49,72536,0,0,0,0,0,0,0,0,0,1.0245,0.18667,0,0,0,0,0
66,265,2.16,955.49,72536,0,0,0,0,0,0,0,0,0,5.6716,0.18667,0,0,0,0,0
66,265,2.16,955.49,72536,0,0,0,0,0,0.095282,0,0,0,9.1622,4.2836,0,0,0,0,0
66,265,2.16,955.49,72536,5.4939,0.073635,0,0,0,0,0.50998,0,0,18.081,0.18667,0,0,0,0,0
66,265,2.16,955.49,72536,0.008534,0,0,0.051582,0,0,515.64,0,0,0,4.6158,0,0,0,0,0
66,265,2.16,955.49,72536,839.56,0,0,0.0018375,0,0,0.14485,0,0,3.8254,102.39,0,0,0,0,0
66,265,2.16,955.49,72536,0.001205,0,0,0.65075,0,0,0,0,0,0.76342,1.3308,0,0,0,0,0
66,265,2.16,955.49,72536,1.5368,0,0,0,0,0,0,0,0,1.7864,0.67417,0,0,0,0,0
66,265,2.16,955.49,72536,0,0,0,0,0,0,0,0,0,2.6253,2.1299,0,0,0,0,0
66,265,2.16,955.49,72536,0.01603,0,0,0,0,0.38075,0,0,0,0.18086,0.33632,0,0,0,0,0
66,265,2.16,955.49,72536,0,0,0,0,0,0,13.875,0,0,1.0076,0.18667,0,0,0,0,0
66,265,2.16,955.49,72536,0,0,0,0,0,0,0,0,0,0.76777,14.407,0,0,0,0,0
66,265,2.16,955.49,72536,0.46331,0,0,0,0,0.081761,0,0,0,5.7109,0.34426,0,0,0,0,0
66,265,2.16,955.49,72536,0,0,0,0,0,0,0,0,0,13.788,0.18667,0,0,0,0,0
66,265,2.16,955.49,72536,0,0,0,0.013572,0,0,6.8761,0,0,0,5.6787,0,0,0,0,0
66,265,2.16,955.49,72536,0.016665,0,0,0,0,0,0.16424,0,0,0,0.18667,0,0,0,0,0
66,265,2.16,955.49,72536,0,0,0,0,0.007102,0,0,0,0,0,4.1917,0,0,0,0,0
66,265,2.16,955.49,72536,0,0,0,0,0,0,0,0,0,13.788,0.18667,0,0,0,0,0
66,265,2.16,955.49,72536,13.135,0,0,9.6017,0,0,0.11746,0,0,0,34.614,0,0,0,0,0
66,265,2.16,955.49,72536,0,0,0.053214,0,0,0,0,0,0,1.5079,3.65,0,0,0,0,0
66,265,2.16,955.49,72536,0.27826,0,0,0.059422,0,0,0,0,0,36.785,7.8198,0,0,0,0,0
66,265,2.16,955.49,72536,0.077588,0,0,0,0,0,0,0,0,0,0.43851,0,0,0,0,0
66,265,2.16,955.49,72536,0,0,0,0,0,0,0,0,0,0.4212,0.93382,0,0,0,0,0
66,265,2.16,955.49,72536,0,0,0,0,0,0,0,0,0,5.7231,0.18667,0,0,0,0,0
66,265,2.16,955.49,72536,0,0,0,0,0,2.149,0,0,0,1.0139,0.18667,0,0,0,0,0
66,265,2.16,955.49,72536,0,0,0,0,0,0.25519,0.16424,0,0,1.5079,34.614,0,0,0,0,0
66,265,2.16,955.49,72536,0,0,0,3.5292,0,0,0.16424,0,0,0.8932,12.791,0,0,0,0,0
66,265,2.16,955.49,72536,0,0,0,0,0,1.0028,568.08,0,0,0.91947,0.34266,0,0,0,0,0
66,265,2.16,955.49,72536,0.045593,0,0,0,0.008333,0,0,0,0,1.164,0.18667,0,0,0,0,0
66,265,2.16,955.49,72536,0,0,0,0,0,0,0,0,0,36.785,0.18667,0,0,0,0,0
66,265,2.16,955.49,72536,0,0,0,0,0,0,0,0,0,1.0167,0.18667,0,0,0,0,0
66,265,2.16,955.49,72536,0,0,0,0,0,1.0113,0,0,0,1.9819,1.3038,0,0,0,0,0
66,265,2.16,955.49,72536,0,0,0,0,0,0.0029674,0,0,0,1.057,1.569,0,0,0,0,0
66,265,2.16,955.49,72536,1.9992,0,0,0,0.007148,0.024696,0,0,0,0,0.18667,0,0,0,0,0
66,265,2.16,955.49,72536,6.5498,0,0,1.2884,0,0,0,0,0,0.21027,0.18667,0,0,0,0,0
66,265,2.16,955.49,72536,0.91487,0,0,78.911,0,0,0,0,0,0,71.79,0,0,0,0,0
66,265,2.16,955.49,72536,0,0,0,234.47,0,0,0,0,0,9.1202,13.42,0,0,0,0,0
66,265,2.16,955.49,72536,0,0,0,13.248,0,0,0,0,0,0,0.18667,0,0,0,0,0
66,265,2.16,955.49,72536,0.66409,0,0,0,0,0.017111,0,0,0,0.76777,7.7253,0,0,0,0,0
66,265,2.16,955.49,72536,0,0,0,31.855,0.000124,0.0095737,3.423,0,0,0,0.35688,0,0,0,0,0
66,265,2.16,955.49,72536,0,0,0.013139,0,2.5232,1.0113,0,0,0,21.917,0.18667,0,0,0,0,0
66,265,2.16,955.49,72536,0,0,0.10352,0,0,0,0,0,0,0.27721,0.33634,0,0,0,0,0
66,265,2.16,955.49,72536,0,0,4.4924,0,2.6929,0.99999,0,0,0,0,56.51,0,0,0,0,0
66,265,2.16,955.49,72536,0,0,0,0.020772,0,0,26.607,0,0,1.1034,0.22358,0,0,0,0,0
66,265,2.16,955.49,72536,0,0,0,0,0,0,0,0,0,1.7864,0.3868,0,0,0,0,0
66,265,2.16,955.49,72536,0,0,12.578,0,0,0,170.21,0,0,0,14.278,0,0,0,0,0
66,265,2.16,955.49,72536,0,0,0,0,0,0,26.14,0,0,18.081,2.0991,0,0,0,0,0
66,265,2.16,955.49,72536,0,0,2.952,0,0,0,36.697,0,0,13.788,30.71,0,0,0,0,0
66,265,2.16,955.49,72536,12.639,0,0,0,0,0,89.025,0,0,8.4961,0.18667,0,0,0,0,0
66,265,2.16,955.49,72536,0.00062,0,0,30.547,0,0.00021684,0,0,0,0.65812,4.8003,0,0,0,0,0
66,265,2.16,955.49,72536,0.04398,0,0,0.67186,0,67.231,0,0,0,0.55196,0.18667,0,0,0,0,0
66,265,2.16,955.49,72536,0,0,0,0.043698,0,0,0.16424,0,0,0.27721,0.18667,0,0,0,0,0
66,265,2.16,955.49,72536,0,0,0,1.557,0,0,0,0,0,0.44575,14.459,0,0,0,0,0
66,265,2.16,955.49,72536,0,0,0,0,0,0.0017889,0,0,0,3.8737,2.2905,0,0,0,0,0
66,265,2.16,955.49,72536,0.34113,0,0,6.3e-05,0,0,0,0,0,0,0.18667,0,0,0,0,0
66,265,2.16,955.49,72536,0,0,0,0,0,0,0,0,0,1.1822,6.941,0,0,0,0,0
66,265,2.16,955.49,72536,0.20158,0,0,0,0,0,0,0,0,0,11.961,0,0,0,0,0
66,265,2.16,955.49,72536,0,0,0,0,0,0.99471,17.559,0,0,6.8425,0.33632,0,0,0,0,0
66,265,2.16,955.49,72536,0,0,0,0.038363,0,0,0,0,0,0.91947,0.33626,0,0,0,0,0
66,265,2.16,955.49,72536,0,0,0,0,0,0,0,0,0,0,1.8126,0,0,0,0,0
66,265,2.16,955.49,72536,0,0,0,0,0,0,0,0,0,127.87,6.1969,0,0,0,0,0
66,265,2.16,955.49,72536,0.015697,0,0,0,0,0.51173,486.05,0,0,0,0.18667,0,0,0,0,0
66,265,2.16,955.49,72536,0,0,0,2.5943,0,0,0,0,0,1.261,0.18667,0,0,0,0,0
66,265,2.16,955.49,72536,3.485,0,0,0,0,0,0,0,0,0,0.33589,0,0,0,0,0
66,265,2.16,955.49,72536,0,0,0,0.002506,0,0,0,0,0,1.261,4.5419,0,0,0,0,0
66,265,2.16,955.49,72536,0,0,0,0.71957,0,0,0,0,0,1.0139,34.614,0,0,0,0,0
66,265,2.16,955.49,72536,0,0,0,87.703,0,0,0,0,0,0,0.99867,0,0,0,0,0
66,265,2.16,955.49,72536,2.6264,0,0,4.841,0.022568,0,0,0,0,55.455,15.858,0,0,0,0,0
66,265,2.16,955.49,72536,0.007658,0,0.55063,1.3548,0,0,11.213,0,0,127.87,83.837,0,0,0,0,0
66,265,2.16,955.49,72536,0,0,0,0,0,0,0,0,0,8.0476,1.3385,0,0,0,0,0
66,265,2.16,955.49,72536,0,0,0,0.11025,0,0,0,0,0,0.056957,3.2906,0,0,0,0,0
66,265,2.16,955.49,72536,0.077375,0,0,0.70086,0,0,0,0,0,1.4449,3.4073,0,0,0,0,0
66,265,2.16,955.49,72536,1.0855,0,0,0.0079985,0,0,0,0,0,7.6506,0.18667,0,0,0,0,0
66,265,2.16,955.49,72536,0.001309,0,0,0.59937,24.991,0,0,0,0,0.91947,0.18667,0,0,0,0,0
66,265,2.16,955.49,72536,0.055164,0,0,0,0,0,0,0,0,1.4449,0.18667,0,0,0,0,0
66,265,2.16,955.49,72536,0.010259,0,0,0.008155,6.0262,6.6358,0,0,0,16.378,0.18667,0,0,0,0,0
66,265,2.16,955.49,72536,25.11,0,0,1.9258,0,0.99999,0,0,0,2.6253,0.18667,0,0,0,0,0
66,265,2.16,955.49,72536,0.12327,0,0,0.095691,0,0,0.16424,0,0,19.403,0.18667,0,0,0,0,0
66,265,2.16,955.49,72536,0,0,0,0,0,0,0.53887,0,0,0,2.5353,0,0,0,0,0
66,265,2.16,955.49,72536,0,0,0,0,0,0,0,0,0,3.8254,0.97191,0,0,0,0,0
66,265,2.16,955.49,72536,0,0,0,7.1918,0,11.348,0,0,0,1.0245,0.18667,0,0,0,0,0
66,265,2.16,955.49,72536,0,0,0,0.40043,0,0,0,0,0,0,2.9499,0,0,0,0,0
66,265,2.16,955.49,72536,0,0,0,0,0,0,0,0,0,127.87,0.35197,0,0,0,0,0
66,265,2.16,955.49,72536,0,0,0,0.092259,0,2.612,0.53887,0,0,10.481,0.18667,0,0,0,0,0
66,265,2.16,955.49,72536,0.13642,0,0,0,0,0,0,0,0,0.27721,0.18667,0,0,0,0,0
66,265,2.16,955.49,72536,1.4291,0,0,0,0,1.021,0.075512,0,0,0.4212,14.407,0,0,0,0,0
66,265,2.16,955.49,72536,0.013065,0,0,0.10623,0,0,0,0,0,18.081,0.35513,0,0,0,0,0
66,265,2.16,955.49,72536,0,0,0,0,0,0.32898,0,0,0,7.6506,1.0356,0,0,0,0,0
66,265,2.16,955.49,72536,2.6264,0,0,0,0,0,0,0,0,10.481,0.45538,0,0,0,0,0
66,265,2.16,955.49,72536,0.22928,0,0,0,0,0,35.41,0,0,8.5959,0.18667,0,0,0,0,0
66,265,2.16,955.49,72536,0,0,0,0.043698,0,1.0023,0.13695,0,0,5.7109,12.6,0,0,0,0,0
66,265,2.16,955.49,72536,0,0,0,0,0,10.218,0,0,0,1.1822,0.18667,0,0,0,0,0
66,265,2.16,955.49,72536,0.00062,0,0,0,0,0,0.010505,0,0,0,18.235,0,0,0,0,0
66,265,2.16,955.49,72536,0.029081,0,0,0,3.1376,0,0,0,0,1.0167,0.18667,0,0,0,0,0
66,265,2.16,955.49,72536,0.02181,0,0,0,0,0.13158,0,0,0,3.8737,4.8003,0,0,0,0,0
66,265,2.16,955.49,72536,0.055164,0,0.0091837,0,0,0,0,0,0,0,0.18667,0,0,0,0,0
66,265,2.16,955.49,72536,1.4415,0,0,0,0,0,0.16424,0,0,0,10.816,0,0,0,0,0
66,265,2.16,955.49,72536,0,0,0,0,0,1.1633,26.607,0,0,3.8254,1.09,0,0,0,91.384,0
66,265,2.16,955.49,72536,0,0,0,0.040357,0.018878,0.017111,0,0,0,0,0.18667,0,0,0,0,0
66,265,2.16,955.49,72536,0,0,0,1.6252,0,0,0,0,0,1.0245,0.18667,0,0,0,0,0
66,265,2.16,955.49,72536,0,0,0.075068,0.015108,0,0.99999,66.65,0,0,0,0.18667,0,0,0,0,0
66,265,2.16,955.49,72536,2.1454,0,0.01538,1.6226,0,0,0,0,0,0.27721,0.18667,0,0,0,0,0
66,265,2.16,955.49,72536,0,0,0,0.52091,0,0,0.0029097,0,0,0,5.7625,0,0,0,0,0
66,265,2.16,955.49,72536,0.65023,0,0,0.007748,0.11023,2.7061,0,0,0,0.21027,0.34266,0,0,0,0,0
66,265,2.16,955.49,72536,0,0,0,0,0,0,0,0,0,0,83.837,0,0,0,0,0
66,265,2.16,955.49,72536,0,0,0,0,0,0.0053144,0,0,0,0,1.4513,0,0,0,0,0
66,265,2.16,955.49,72536,0.39786,0,0.0091837,0,0,0,0.13695,0,0,0,0.18667,0,0,0,0,0
66,265,2.16,955.49,72536,0,0,0,0,0,0,486.05,0,0,1.2479,0.54798,0,0,0,0,0
66,265,2.16,955.49,72536,22.296,0,0,0,0,0,0,0,0,1.0076,0.18667,0,0,0,0,0
66,265,2.16,955.49,72536,0.15204,0,0,0,0,0.00021684,0,0,0,4.212,0.18667,0,0,0,0,0
66,265,2.16,955.49,72536,0,0,0,2.7882,0,0,0,0,0,1.0139,19.429,0,0,0,0,0
66,265,2.16,955.49,72536,0.003346,0,0,0.93043,0,0.00078163,0.16424,0,0,5.6716,0.34384,0,0,0,0,0
66,265,2.16,955.49,72536,0,0,0,0,0,0,0,0,0,1.9819,39.913,0,0,0,0,0
66,265,2.16,955.49,72536,0.15734,0,0,0,0,0,0,0,0,0.76342,15.093,0,0,0,0,0
66,265,2.16,955.49,72536,0,0,0,0,0,0,0,0,0,0.8932,87.107,0,0,0,0,0
66,265,2.16,955.49,72536,0,0,0,0,0,0,0,0,0,0.68445,1.263,0,0,0,0,0
66,265,2.16,955.49,72536,4.2828,0,0,12.779,0,0,0,0,0,0,11.85,0,0,0,0,0
66,265,2.16,955.49,72536,0.000251,0,0,0,0,9.0625,52.265,0,0,1.0245,15.543,0,0,0,0,0
66,265,2.16,955.49,72536,0,0,0.010825,0,0,0,0,0,0,0.14685,5.5621,0,0,0,0,0
66,265,2.16,955.49,72536,0,0,0,0.012154,0,0,0,0,0,0,0.18667,0,0,0,0,0
66,265,2.16,955.49,72536,0,0,0,0,0,1.6606,0,0,0,0.18355,31.982,0,0,0,0,0
66,265,2.16,955.49,72536,0,0,0,0,0,0.98889,103.84,0,0,3.8737,1.6452,0,0,0,0,0
66,265,2.16,955.49,72536,0,0,0,0,0.008332,0,0,0,0,0.21027,15.761,0,0,0,0,0
66,265,2.16,955.49,72536,0,0,0,0,2.6449,0,0,0,0,0.76777,34.614,0,0,0,0,0
66,265,2.16,955.49,72536,7.7659,0,0,0,0,0,0.16424,0,0,3.8254,0.18667,0,0,0,0,0
66,265,2.16,955.49,72536,0.016668,0,0,0,0,0,0,0,0,1.0139,8.6779,0,0,0,0,0
66,265,2.16,955.49,72536,0.03451,0,0,2.1213,0.0014155,0,12.675,0,0,0,11.749,0,0,0,0,0
66,265,2.16,955.49,72536,0,0,0,0,0,1.0076,0,0,0,36.785,0.33632,0,0,0,0,0
66,265,2.16,955.49,72536,0,0,0,0,0,0,0,0,0,0.64617,0.52439,0,0,0,0,0
66,265,2.16,955.49,72536,0,0,0,0,47.036,0,0,0,0,2.6253,8.0313,0,0,0,0,0
66,265,2.16,955.49,72536,3.0532,0,0,13.719,0,10.629,0,0,0,5.6716,13.363,0,0,0,0,0
66,265,2.16,955.49,72536,0,0,0.016802,0,0.00062,0.99999,0,0,0,0,6.2013,0,0,0,0,0
66,265,2.16,955.49,72536,0.84005,0,0,1.9503,0.99914,0,0,0,0,0.18086,0.18667,0,0,0,0,0
66,265,2.16,955.49,72536,0,0,0,0,0,0,0,0,0,7.8617,0.18667,0,0,0,0,0
66,265,2.16,955.49,72536,2.9061,0,0,7.5817,0,0,83.088,0,0,0.91947,22.707,0,0,0,0,0
66,265,2.16,955.49,72536,1.0754,0,0,0.11025,0,0,0,0,0,10.481,20.059,0,0,0,0,0
66,265,2.16,955.49,72536,0,0,0,0,1.476,59.384,0,0,0,9.1622,0.35238,0,0,0,0,0
66,265,2.16,955.49,72536,0.02181,0,0,7.7871,0,0,0,0,0,0.14685,0.18667,0,0,0,0,0
66,265,2.16,955.49,72536,0.007074,0,0,0,0,0,0,0,0,1.5859,5.6787,0,0,0,0,0
66,265,2.16,955.49,72536,0.11707,0,0,0,0,0,0,0,0,0,0.18667,0,0,0,0.25837,0
66,265,2.16,955.49,72536,0,0,0,0,0,0,35.47,0,0,0,0.18667,0,0,0,0,0
66,265,2.16,955.49,72536,0.016668,0,0,0.071919,0,0,0,0,0,1.0076,24.007,0,0,0,0,0
66,265,2.16,955.49,72536,0,0,0,0,0.21191,0,23.18,0,0,8.5959,0.18667,0,0,0,0,0
66,265,2.16,955.49,72536,0,0,0,0,0,0,0,0,0,1.057,1.09,0,0,0,0,0
66,265,2.16,955.49,72536,0,0,0,0,0,0,34.254,0,0,0.63421,0.18667,0,0,0,0,0
66,265,2.16,955.49,72536,0,0,0,0.086946,0,0,37.034,0,0,0,42.493,0,0,0,0,0
66,265,2.16,955.49,72536,0,0,0,0,0,0,0,0,0,1.1822,9.34,0,0,0,0,0
66,265,2.16,955.49,72536,0,0,0,0,0,0,12.814,0,0,7.8617,19.708,0,0,0,0,0
66,265,2.16,955.49,72536,0,0,0,0,0,0,0,0,0,6.8425,13.142,0,0,0,0,0
66,265,2.16,955.49,72536,0,0,0,0,0,0,9.416,0,0,7.6506,7.6991,0,0,0,0,0
66,265,2.16,955.49,72536,4.2339,0,0,0.25199,0,0,0.16424,0,0,0.14685,0.18667,0,0,0,0,0
66,265,2.16,955.49,72536,0,0,0,4.4326,0,0,0,0,0,0,0.33263,0,0,0,0,0
66,265,2.16,955.49,72536,4.2828,0,0,0,0,0,0.16424,0,0,1.0245,0.18667,0,0,0,0,0
66,265,2.16,955.49,72536,0,0,0,0.2954,0,0,0,0,0,0,0.18667,0,0,0,0,0
66,265,2.16,955.49,72536,0,0,0,0.0061905,6.3e-05,0,0,0,0,36.785,0.18667,0,0,0,0,0
66,265,2.16,955.49,72536,0,0,0,15.972,0,0.010178,0,0,0,0.21027,0.18667,0,0,0,0,0
66,265,2.16,955.49,72536,0,0,0,0,0.009984,0,0.02739,0,0,1.5859,1.9337,0,0,0,0,0
66,265,2.16,955.49,72536,0.042717,0,0,0.48023,0,0,0,0,0,6.8425,0.22358,0,0,0,0,0
66,265,2.16,955.49,72536,52.404,0,0,0.53412,0,2.7061,0.16424,0,0,0.76777,55.071,0,0,0,0,0
66,265,2.16,955.49,72536,0.11549,0,0,0,0,0,0,0,0,0,0.55577,0,0,0,0,0
66,265,2.16,955.49,72536,0.077375,0,0,0,0,0,0.16424,0,0,0.27721,24.007,0,0,0,0.46727,0
66,265,2.16,955.49,72536,0.001434,0,0,0.000639,0,0,27.622,0,0,3.4087,9.4508,0,0,0,0,0
66,265,2.16,955.49,72536,0,0,0,0,0,0,0.50998,0,0,0,1.6408,0,0,0,0,0
66,265,2.16,955.49,72536,0.081919,0,0,0.0014,0.48102,0,0,0,0,1.0834,0.18667,0,0,0,0,0
66,265,2.16,955.49,72536,0,0,0,0,0.80562,0,0.16424,0,0,1.0167,0.18667,0,0,0,0,0
66,265,2.16,955.49,72536,0,0,0,0,0.037672,0,0,0,0,1.9819,5.723,0,0,0,0,0
66,265,2.16,955.49,72536,0,0,0,16.396,0,0.99999,26.607,0,0,1.1822,1.8458,0,0,0,0,0
66,265,2.16,955.49,72536,0,0,10.173,0,2.6449,0,0,0,0,3.4087,9.6013,0,0,0,0,0
66,265,2.16,955.49,72536,0,0,0,0,0,23.851,0,0,0,0.21027,19.523,0,0,0,0,0
66,265,2.16,955.49,72536,0,0,0,0,0,0,0,0,0,8.4961,34.003,0,0,0,0,0
66,265,2.16,955.49,72536,0,0,0,7.1918,0,0.011937,0,0,0,8.0476,0.34288,0,0,0,0,0
66,265,2.16,955.49,72536,0,0,0,0,0,0,0,0,0,8.4961,0.34092,0,0,0,0,0
66,265,2.16,955.49,72536,0,0,0,0,0,0.013211,0,0,0,0.72035,0.18667,0,0,0,0,0
66,265,2.16,955.49,72536,0.88404,0,0,21.675,0,1.3033,0.11746,0,0,0,62.342,0,0,0,0,0
66,265,2.16,955.49,72536,0,0,0,0.10623,0,0,0,0,0,55.455,0.18667,0,0,0,0,0
66,265,2.16,955.49,72536,0.22928,0,0,1.1325,0,0.99999,0,0,0,0.76342,56.51,0,0,0,0,0
66,265,2.16,955.49,72536,0.017186,0,0,0,0,0,0,0,0,1.808,5.723,0,0,0,35.347,0
66,265,2.16,955.49,72536,0,0,0,0,2.5232,0,170.21,0,0,0,1.2593,0,0,0,0,0
66,265,2.16,955.49,72536,4.2918,0,0,1.5421,0,0,13.851,0,0,9.1622,3.6126,0,0,0,0,0
66,265,2.16,955.49,72536,2.6264,0,0,0.088419,0,0,0,0,0,0.91947,0.18667,0,0,0,0,0
66,265,2.16,955.49,72536,0,0,0,0.5049,0,0,0.16424,0,0,36.785,0.18667,0,0,0,0,0
66,265,2.16,955.49,72536,0.00524,0,0,0,0,0,0,0,0,0,22.553,0,0,0,0,0
66,265,2.16,955.49,72536,0,0,0,0,0,0.98376,0,0,0,0.63421,14.813,0,0,0,0,0
66,265,2.16,955.49,72536,0,0,0.00062,0,0,2.5282,0,0,0,0,30.71,0,0,0,0,0
66,265,2.16,955.49,72536,0,0,0,0.010673,5.6635,0,0,0,0,6.8425,1.3385,0,0,0,0,0
66,265,2.16,955.49,72536,0.016317,0,0,0,0,0,173.14,0,0,3.4087,0.18667,0,0,0,0,0
66,265,2.16,955.49,72536,0,0,0,17.083,0,0,7.5208,0,0,0,18.235,0,0,0,0,0
66,265,2.16,955.49,72536,0,0,0,0,0,0.016907,0.11746,0,0,0,0.18667,0,0,0,0,0
66,265,2.16,955.49,72536,0,0,0.001267,0,0.008333,0,15.406,0,0,0,0.18667,0,0,0,0,0
66,265,2.16,955.49,72536,3.2752,0,0,0,0,0.002111,0,0,0,0,0.35238,0,0,0,0,0
66,265,2.16,955.49,72536,0,0,0,0,0,0,0,0,0,0,7.5145,0,0,0,0,0
66,265,2.16,955.49,72536,0.13642,0,0,0,0,0,0,0,0,0.73557,23.864,0,0,0,0,0
66,265,2.16,955.49,72536,7.2012,0,0,0,0,0,0,0,0,1.2479,0.18667,0,0,0,0,0
66,265,2.16,955.49,72536,0,0,0,0.16568,0,0,0,0,0,2.6253,0.18667,0,0,0,0,0
66,265,2.16,955.49,72536,0,0,0,0,0,0,0,0,0,0.44682,0.18667,0,0,0,0,0
66,265,2.16,955.49,72536,0.12588,0,0,0,0,0,1.7604,0,0,0,5.4628,0,0,0,0,0
66,265,2.16,955.49,72536,0,0,0,6.6898,0,0,34.505,0,0,0,31.982,0,0,0,0,0
66,265,2.16,955.49,72536,0.000126,0,0,0,0,0,0,0,0,0.39237,0.18667,0,0,0,0,0
66,265,2.16,955.49,72536,11.292,0,0,0,0.00524,0,0,0,0,1.057,0.99867,0,0,0,0,0
66,265,2.16,955.49,72536,0,0,0,0,0,0,0,0,0,0.44682,37.875,0,0,0,0,0
66,265,2.16,955.49,72536,0,2.0962,1.1068,0,0,0,0.010505,0,0,0.72035,10.846,0,0,0,0,33.442
66,265,2.16,955.49,72536,0,0,0,3.9757,0,0,0,0,0,0.63421,0.3823,0,0,0,0,0
66,265,2.16,955.49,72536,9.5757,0,0,0,0,0,0,0,0,0,0.18667,0,0,0,0,0
66,265,2.16,955.49,72536,0,0,0,0,0,1.021,5.1814,0,0,0.21027,0.18667,0,0,0,0,0
66,265,2.16,955.49,72536,0.27588,0,24.449,27.901,0,2.0956,70.107,0,0,1.5851,3.8481,0,0,0,0,0
66,265,2.16,955.49,72536,0,0,0,0,0,0,0,0,0,0,1.9933,0,0,0,0,0
66,265,2.16,955.49,72536,282.37,0,0,0,0,0.00047402,0,0.81835,0,1.808,0.22358,0,0,0,0,0
66,265,2.16,955.49,72536,0,0,0,0,0,0,0,0,0,18.081,0.3516,0,0,0,0,0
66,265,2.16,955.49,72536,0,0,0,0.55079,0.001267,0,2.2066,0,0,1.0139,185.82,0,0,0,0,0
66,265,2.16,955.49,72536,0,0,0,0,0,0.38075,0,0,0,0,0.18667,0,0,0,0,0
66,265,2.16,955.49,72536,0.00495,0,0,0,0.12108,5.065,0.16424,0,0,1.7327,10.516,0,0,0,0,0
66,265,2.16,955.49,72536,0.00062,0,0,3.4286,0,0,0,0,0,3.8254,1.4447,0,0,0,0,0
66,265,2.16,955.49,72536,213.31,0,0.000688,3.325,0,0,0,0,0,5.7231,9.34,0,0,0,0,0
66,265,2.16,955.49,72536,0,0,0,0.0045035,0,0,0,0,0,0,0.18667,0,0,0,0,0
66,265,2.16,955.49,72536,0.001192,0,0,0,0,0,0,0,0,0.76342,0.95751,0,0,0,0,0
66,265,2.16,955.49,72536,1.4415,0,0,0,0,0,0,0,0,2.6253,0.18667,0,0,0,0,0
66,265,2.16,955.49,72536,0.49085,0,0,0.014093,0,0,0,0,0,0,27.942,0,0,0,0,0
66,265,2.16,955.49,72536,0,0,0,0,0,0,0.16424,0,0,0.68445,0.33634,0,0,0,0,0
66,265,2.16,955.49,72536,0,0,0,0,0,0.98376,0,0,0,1.7864,3.65,0,0,0,0,0
66,265,2.16,955.49,72536,0,0,0,0,0,0,0,0,0,36.785,0.18667,0,0,0,0,0
66,265,2.16,955.49,72536,1.8111,0,0,0,0,0,0,0,0,0.44575,0.18667,0,0,0,0,0
66,265,2.16,955.49,72536,0,0,0,0,0,12.971,0.16424,0,0,1.7327,13.556,0,0,0,0,0
66,265,2.16,955.49,72536,0.2086,0,0,0,0,0.44113,19.338,0,0,0,13.254,0,0,0,0,0
66,265,2.16,955.49,72536,0.005239,0,0,0,0,0,0.76622,0,0,0,28.053,0,0,0,0,0
66,265,2.16,955.49,72536,0.008534,0,0,0,0,0,0,0,0,9.1202,23.901,0,0,0,0,0
66,265,2.16,955.49,72536,0.22928,0,0,0,0,0,26.607,0,0,0.8932,8.3848,0,0,0,0,0
66,265,2.16,955.49,72536,0,0,0,0,0,0,0,0,0,1.5859,0.18667,0,0,0,0,0
66,265,2.16,955.49,72536,0.003416,0,0,0,0,0,0,0,0,1.164,0.34384,0,0,0,0,0
66,265,2.16,955.49,72536,0,0,0,0,0,1.9538,0.16424,0,0,0.91947,3.5585,0,0,0,0,0
66,265,2.16,955.49,72536,0,0,0,0,0,0,0,0,0,3.4087,5.5577,0,0,0,0,0
66,265,2.16,955.49,72536,14.953,0,0,0,0,0,67.307,0,0,1.0076,0.18667,0,0,0,0,0
66,265,2.16,955.49,72536,0.52666,0,0,2.2575,0,0,0.16424,0,0,0,1.09,0,0,0,0,0
66,265,2.16,955.49,72536,0,0,0.001434,0,0,0,0,0,0,6.8425,11.313,0,0,0,0,0
66,265,2.16,955.49,72536,213.31,0,0,0,0,0,0,0,0,0,0.18667,0,0,0,0,0
66,265,2.16,955.49,72536,0.0066886,0,0,0,0,0,0.16424,0,0,1.164,0.18667,0,0,0,0,0
66,265,2.16,955.49,72536,0.16154,0,0.01887,0,0,0,0,0,0,0.27721,1.6724,0,0,0,0,0
66,265,2.16,955.49,72536,3.7764,0,0,0,0,0,0.53887,0,0,18.081,5.5621,0,0,0,0,0
66,265,2.16,955.49,72536,0.032457,0,0,0,0,6.3939,0,0,0,0,0.54798,0,0,0,0,0
66,265,2.16,955.49,72536,3.2098,0,0,0,0,0,0,0,0,0,10.846,0,0,0,0,0
66,265,2.16,955.49,72536,8.1e-05,0,0,7.5817,0,0,0,0,0,1.2479,4.8475,0,0,0,0,0
66,265,2.16,955.49,72536,0,0,0,0,0,3.7277,0,0,0,1.5859,0.97191,0,0,0,0,0
66,265,2.16,955.49,72536,0.012821,0,0.0071934,0.46517,0,0,137.86,0,0,0.18355,0.45538,0,0,0,0,0
66,265,2.16,955.49,72536,0,0,0,0,0,0.70947,0,0,0,4.212,0.18667,0,0,0,0,0
66,265,2.16,955.49,72536,0,0,0,8.0188,0,0,5.8158,0,0,1.0834,58.227,0,0,0,0,0
66,265,2.16,955.49,72536,0,0,0,23.455,0,0,0.16424,0,0,0,0.86539,0,0,0,0,0
66,265,2.16,955.49,72536,0.055164,0,0,2.9693,0.80562,0,1.0096,0,0,21.917,0.18667,0,0,0,0,0
66,265,2.16,955.49,72536,0,0,0,0,0,0,0,0,0,0.27721,1.2594,0,0,0,0,0
66,265,2.16,955.49,72536,0.094953,0,0,0,0,0,0,0,0,0,5.4517,0,0,0,0,0
66,265,2.16,955.49,72536,0,0,0,0,0,0.0064522,0.0029097,0,0,1.261,0.18667,0,0,0,0,0
66,265,2.16,955.49,72536,0,0,0,0.57243,0,3.144,65.642,0,0,0.39237,0.18667,0,0,0,0,0
66,265,2.16,955.49,72536,0,0,0,2.5572,0,0,0,0,0,0.056957,0.34789,0,0,0,0,0
66,265,2.16,955.49,72536,0,0,0,0.0065823,0,0,0,0,0,0,0.59267,0,0,0,0,0
66,265,2.16,955.49,72536,0,0,0,0,0,0,0,0,0,10.481,2.0268,0,0,0,0,0
66,265,2.16,955.49,72536,0,0,0,0,0,0.0073404,173.14,0,0,4.212,0.18667,0,0,0,0,0
66,265,2.16,955.49,72536,0.001434,0,0,0.043698,0,0,0,0,0,1.5859,0.18667,0,0,0,0,0
66,265,2.16,955.49,72536,0,0,0,0.3141,0,0,127.36,0,0,0,3.8842,0,0,0,0,0
66,265,2.16,955.49,72536,4.2918,0,0,0.99393,0.48102,0,1.0096,0,0,0,3.2906,0,0,0,0,0
66,265,2.16,955.49,72536,0.11434,0,0,0.78773,0.13376,3.144,0,0,0,16.378,0.18667,0,0,0,0,0
66,265,2.16,955.49,72536,0,0,0,0,0,0,0,0,0,0.44575,0.18667,0,0,0,0,0
66,265,2.16,955.49,72536,0,0,0,0,0,0,0,0,0,1.7864,112.45,0,0,0,0,0
66,265,2.16,955.49,72536,1.51,0,0,0,0,0,0,0,0,0,2.2905,0,0,0,0,0
66,265,2.16,955.49,72536,0,0,0,0,0,0,0,0,0,18.081,12.914,0,0,0,0,0
66,265,2.16,955.49,72536,0,0,0,0,0,0,0,0,0,1.2479,14.813,0,0,0,0,0
66,265,2.16,955.49,72536,7.8e-05,0,0.67946,0.94773,0.32852,0,0,0,0,1.808,1.445,0,0,0,0,0
66,265,2.16,955.49,72536,0.052186,0,0,0,0,0,0,0,0,18.081,24.214,0,0,0,0,0
66,265,2.16,955.49,72536,0,0,0,3.0435,0,0,0,0,0,19.403,0.18667,0,0,0,0,0
66,265,2.16,955.49,72536,3.2098,0,0,0,0,0,0.16424,0,0,1.0834,0.18667,0,0,0,0,0
66,265,2.16,955.49,72536,0,0,0,0,0,0,0.76622,0,0,1.164,1.3329,0,0,0,0,0
66,265,2.16,955.49,72536,12.639,0,0,0.63747,0,0.11078,0,0,0,1.7864,4.2611,0,0,0,0,0
66,265,2.16,955.49,72536,0,0,0,0,0,0.0018078,3.9433,0,0,7.6506,0.18667,0,0,0,0,0
66,265,2.16,955.49,72536,0.074814,0,0,0,0,0,0,0,0,4.212,0.18667,0,0,0,0,0
66,265,2.16,955.49,72536,0,0,0,0,0,0,0.53887,0,0,0,25.69,0,0,0,0,0
66,265,2.16,955.49,72536,0,0,0,0,0,0,0,0,0,1.2479,0.22358,0,0,0,0,0
66,265,2.16,955.49,72536,0,0,0,0,0,1.6606,0,0,0,19.403,0.18667,0,0,0,0,0
66,265,2.16,955.49,72536,0,0,0,1.3548,0.011445,0.00078163,0,0,0,5.7231,0.18667,0,0,0,0,0
66,265,2.16,955.49,72536,0.008776,0,0,19.334,0,0,0,0,0,36.785,7.5145,0,0,0,0,0
66,265,2.16,955.49,72536,0.11344,0,0,702.44,0,0,0,0,0,1.0167,15.74,0,0,0,0,0
66,265,2.16,955.49,72536,0.0091124,0,0,0,0,4.9167e-05,0,0,0,5.6716,0.18667,0,0,0,0,0
66,265,2.16,955.49,72536,3.582,0,0,0,0,0,0,0,0,0.72035,0.33589,0,0,0,0,0
66,265,2.16,955.49,72536,0.00062,0,0,0,0,0,0,0,0,1.5079,0.18667,0,0,0,0,0
66,265,2.16,955.49,72536,0,0,0,21.045,0,0,0,0,0,8.0476,0.18667,0,0,0,0,0
66,265,2.16,955.49,72536,0,0,0,0,0,0,0,0,0,0,0.18667,0,0,0,0,0
66,265,2.16,955.49,72536,0.048101,0,0,8.2889,0,0,0,0,0,0,0.18667,0,0,0,0,0
66,265,2.16,955.49,72536,0,0,0,0,0,0.002111,0,0,0,6.8425,1.4513,0,0,0,0,0
66,265,2.16,955.49,72536,0,0,0,0.13674,0,0,0,0,0,3.8737,0.34266,0,0,0,0,0
66,265,2.16,955.49,72536,0,0,0,0,0,0,0,0,0,0.63421,0.18667,0,0,0,0,0
66,265,2.16,955.49,72536,0,0,0,0,0,0,0,0,0,0.056957,6.3294,0,0,0,0,0
66,265,2.16,955.49,72536,0,0,0,0,0,0.99999,0,0,0,0,0.18667,0,0,0,0,0
66,265,2.16,955.49,72536,8.6656,0,0,0.076467,0,0,0,0,0,19.403,4.481,0,0,0,0,0
66,265,2.16,955.49,72536,0,0,0,0,0,0,349.87,0,0,16.378,0.22358,0,0,0,0,0
66,265,2.16,955.49,72536,0,0,0.27349,0.14028,0,0,0,0,0,0.65812,2.8841,0,0,0,0,0
66,265,2.16,955.49,72536,0.01603,0,0,0,0,0,0,0,0,9.1622,34.003,0,0,0,0,0
66,265,2.16,955.49,72536,7.2515,0,0,0,0,0,0.76622,0,0,0,0.18667,0,0,0,0,0
66,265,2.16,955.49,72536,0,0,0,0,0,0.47199,83.179,0,0,0.39237,0.38292,0,0,0,0,0
66,265,2.16,955.49,72536,2.8732,0,0,23.455,0,0,0.76622,0,0,1.1034,0.18667,0,0,0,0,0
66,265,2.16,955.49,72536,0,0,0,4.2324,0.011109,0,0.76622,0,0,55.455,0.18667,0,0,0,0,0
66,265,2.16,955.49,72536,0,0,0,0,0.008321,0.025839,0,0,0,16.378,0.29739,0,0,0,0,0
66,265,2.16,955.49,72536,0.005248,0,0,0.013535,0,0.99999,0,0,0,0.44682,0.33213,0,0,0,0,0
66,265,2.16,955.49,72536,0.45677,0,0,0.013572,0,0,0,0,0,3.8737,153.58,0,0,0,0,0
66,265,2.16,955.49,72536,0,0,0,0,0,0,0,0,0,8.5959,0.18667,0,0,0,0,0
66,265,2.16,955.49,72536,0.11707,0,0,0,0,0,0,0,0,0.65812,4.4969,0,0,0,0,0
66,265,2.16,955.49,72536,0,0,0.046641,0,0,0,0.16424,0,0,1.5859,48.907,0,0,0,0,0
66,265,2.16,955.49,72536,0,0,0,3.0675,0,0,0,0,0,0,0.18667,0,0,0,0,0
66,265,2.16,955.49,72536,0,0,0,0,0,0,0,0,0,0.8932,0.18667,0,0,0,0,0
66,265,2.16,955.49,72536,0,0,0,0,0,1.3972,0.16424,0,0,21.917,18.739,0,0,0,0,0
66,265,2.16,955.49,72536,0,0,3.0881,3.4899,0,0.99999,0.76622,0,0,8.5959,12.901,0,0,0,0,0
66,265,2.16,955.49,72536,0,0,0,0,0,3.5562,0,0,0,0.55196,0.24309,0,0,0,0,0
66,265,2.16,955.49,72536,0,0,0,0,49.932,0,0,0,0,3.4087,5.5101,0,0,0,0,0
66,265,2.16,955.49,72536,0.014616,0,0,4.4326,0,0,0,0,0,1.5079,0.18667,0,0,0,0,0
66,265,2.16,955.49,72536,0,0,0,0.26181,0,29.035,38.312,0,0,0,56.178,0,0,0,0,0
66,265,2.16,955.49,72536,0,0,0.012681,0,0,0,0.16424,0,0,0,31.227,0,0,0,0,0
66,265,2.16,955.49,72536,0.023102,0,0,0,4.5923,1.0023,0.16424,0,0,16.378,0.18667,0,0,0,0,0
66,265,2.16,955.49,72536,0.57029,0,0,0,0,0.99999,0,0,0,0,5.9677,0,0,0,0,0
66,265,2.16,955.49,72536,52.404,0,0,0,0,0,0,0,0,13.788,0.18667,0,0,0,0,0
66,265,2.16,955.49,72536,0.73019,0,0,0,0,0,0,0,0,19.403,0.34503,0,0,0,0,0
66,265,2.16,955.49,72536,0.040773,0,0,0.000155,0,0,0,0,0,0,0.18667,0,0,0,0,0
66,265,2.16,955.49,72536,0,0,0,0,0,0,0,0,0,1.5859,83.837,0,0,0,0,0
66,265,2.16,955.49,72536,0,0,0,0,0,0.99999,0.16424,0,0,5.6716,0.18667,0,0,0,0,0
66,265,2.16,955.49,72536,0,0,0,0,0,0,0.13695,0,0,0,13.082,0,0,0,0,0
66,265,2.16,955.49,72536,15.156,0,0,5.4083,0.013687,0,0,0,0,3.8737,0.18667,0,0,0,0,0
66,265,2.16,955.49,72536,0.001669,0,0,0,33.413,0,0.16424,0,0,0.76342,132.14,0,0,0,0,0
66,265,2.16,955.49,72536,0,0,0,6.6898,21.567,0,0,0,0,0.27721,0.18667,0,0,0,0,0
66,265,2.16,955.49,72536,3.9579,0,0,0,0.001669,0,0.16424,0,0,21.917,0.18667,0,0,0,0,0
66,265,2.16,955.49,72536,18.164,0,0,0,0,0,0.16424,0,0,0,2.3406,0,0,0,0,0
66,265,2.16,955.49,72536,1.7727,0,0,0,0,0,0.11746,0,0,0.73557,0.33626,0,0,0,0,0
66,265,2.16,955.49,72536,0,0,0,0.080285,0,0,0.76622,0,0,1.2479,47.387,0,0,0,0,0
66,265,2.16,955.49,72536,0.0021738,0,0,0,0,0,0,0,0,8.5959,0.18667,0,0,0,0,0
66,265,2.16,955.49,72536,0,0,0,0,0,0,0,0,0,1.9819,1.6999,0,0,0,0,0
66,265,2.16,955.49,72536,0.08854,0,0,1.3028,0,0,18.904,0,0,1.9819,0.18667,0,0,0,0,0
66,265,2.16,955.49,72536,0.00052,0,0,0,0.002508,0,0,0,0,6.8425,36.545,0,0,0,0,0
66,265,2.16,955.49,72536,0,0,0,0.013535,0,0,30.064,0,0,0.18355,0.18667,0,0,0,11.697,0
66,265,2.16,955.49,72536,74.902,0,0,0.34963,0,1.0017,0,0,0,1.5859,0.93382,0,0,0,0,0
66,265,2.16,955.49,72536,0.10779,0,0,0,0,1.0076,0,0,0,1.057,17.84,0,0,0,0,0
66,265,2.16,955.49,72536,0.30574,0,0,40.343,0,0,0,0,0,8.4961,4.7763,0,0,0,0,0
66,265,2.16,955.49,72536,0,0,0,6.3288,0,0,63.828,0,0,0,0.18667,0,0,0,0,0
66,265,2.16,955.49,72536,0,0,0,0.70086,0,0,0,0,0,0.76342,14.459,0,0,0,0,0
66,265,2.16,955.49,72536,2.5993,0,0,0,0,0.033803,1.0096,0,0,9.1622,0.18667,0,0,0,0,0
66,265,2.16,955.49,72536,0.00062,0,0,0,0,0,19.226,0,0,0,11.686,0,0,0,0,0
66,265,2.16,955.49,72536,9.1288,0,0,4.1021,31.237,0,0,0,0,1.0245,10.3,0,0,0,0,0
66,265,2.16,955.49,72536,0,0,0,0,0,0.98889,0,0,0,5.7109,21.324,0,0,0,0,0
66,265,2.16,955.49,72536,0,0,0,0,0,0,0.16424,0,0,0,12.182,0,0,0,0,0
66,265,2.16,955.49,72536,0,0,0,0,0,0,0,0,0,0.68445,1.3429,0,0,0,0,0
66,265,2.16,955.49,72536,0.12327,0,0,6.0478,0,0,0,0,0,55.455,7.8198,0,0,0,0,0
66,265,2.16,955.49,72536,0,0,0,0,0,0,0,0,0,0,9.1186,0,0,0,0,0
66,265,2.16,955.49,72536,4.2339,0,0,0,0,0.21612,0,0,0,0.21027,1.8754,0,0,0,0,0
66,265,2.16,955.49,72536,0,0,0,0.013535,0,0,0,0,0,0,1.3385,0,0,0,0,0
66,265,2.16,955.49,72536,0,0,0,0,0,0,0,0,0,0,0.18667,0,0,0,0,0
66,265,2.16,955.49,72536,0.003932,0,0,0,0,2.5282,17.797,0,0,0,0.18667,0,0,0,0,0
66,265,2.16,955.49,72536,0,0,0,0,0,0,11.692,0,0,0,0.54798,0,0,0,0,0
66,265,2.16,955.49,72536,0,3.5993,0,0,0,0,0,0,0,1.0076,0.33626,0,0,0,0,0
66,265,2.16,955.49,72536,1.3322,0,0,2.5572,0.003485,0,0,0,0,0,36.545,0,0,0,7.1641,0
66,265,2.16,955.49,72536,0.001493,0,0,0,0.008333,0,0.39583,0,0,0,0.18667,0,0,0,0,0
66,265,2.16,955.49,72536,0,0,0,0,47.036,0.99999,0,0,0,0.55196,8.0844,0,0,0,0,0
66,265,2.16,955.49,72536,0,0,0,0,0,0,0,0,0,0,14.249,0,0,0,0,0
66,265,2.16,955.49,72536,4.7258,0,0,0,0,0.34794,0,0,0,2.6253,0.18667,0,0,0,0,0
66,265,2.16,955.49,72536,4.92,0.40073,0,0,0,0,0,0,0,1.7864,4.0621,0,0,0,0,0
66,265,2.16,955.49,72536,4.3216,0,0,6.3e-05,0,0,0.76622,0,0,0,0.18667,0,0,0,0,0
66,265,2.16,955.49,72536,0,0,0,0.026197,0.003346,1.0004,170.21,0,0,1.057,0.18667,0,0,0,0,0
66,265,2.16,955.49,72536,0,0,0,0.30178,0.0071766,0,0,0,0,0,20.511,0,0,0,0,0
66,265,2.16,955.49,72536,0,0,0,0,0,0,0,0,0,0,42.828,0,0,0,0,0
66,265,2.16,955.49,72536,0,0,0,0.28576,0,0,0,0,0,1.4449,2.1428,0,0,0,0,0
66,265,2.16,955.49,72536,0,0,0,0,0,0,0,0,0,0,0.18667,0,0,0,0,0
66,265,2.16,955.49,72536,0,0,0,0,0,0,0.76622,0,0,0.18355,4.911,0,0,0,0,0
66,265,2.16,955.49,72536,0,0,0,0,0,0,0,0,0,16.378,2.0321,0,0,0,0,0
66,265,2.16,955.49,72536,0.4042,0,0,0,0,0.0018078,6.1194,0,0,2.6253,0.40813,0,0,0,0,0
66,265,2.16,955.49,72536,0.24201,0,0,0,0,0,0,0,0,5.7109,6.2013,0,0,0,0,0
66,265,2.16,955.49,72536,57.315,0,0,0.013584,0,0,0,0,0,6.8425,244.34,0,0,0,0,0
66,265,2.16,955.49,72536,0.062136,0,0,0,0.13376,0,0,0,0,0,1.5006,0,0,0,0,0
66,265,2.16,955.49,72536,0,0,0,0,0,0.002585,0,0,0,21.917,71.79,0,0,0,0,0
66,265,2.16,955.49,72536,0,0,0,0,18.873,0.025225,0,0,0,0,0.18667,0,0,0,0,0
66,265,2.16,955.49,72536,0,0,0,0,0,3.7277,0,0,0,3.8737,1.3308,0,0,0,0,0
66,265,2.16,955.49,72536,0,0,0,0.003089,0,0,0,0,0,5.7231,0.33356,0,0,0,0,0
66,265,2.16,955.49,72536,0.048101,0,0,0.013575,0,0,38.393,0,0,0.18086,30.156,0,0,0,0,0
66,265,2.16,955.49,72536,0,0,0,0,0,0,0.53887,0,0,16.378,0.66136,0,0,0,0,0
66,265,2.16,955.49,72536,0,0,0,0,0.000124,0,0,0,0,19.403,0.18667,0,0,0,393.68,0
66,265,2.16,955.49,72536,0,0,0,0,7.8e-05,0.98459,0,0,0,1.1822,5.9899,0,0,0,0,0
66,265,2.16,955.49,72536,0,0,0,0.57243,0,0.19151,0,0,0,0.21027,0.18667,0,0,0,0,0
66,265,2.16,955.49,72536,0.03451,0,0,0.62306,0,0.99999,0,0,0,0,23.035,0,0,0,0,0
66,265,2.16,955.49,72536,0,0,0,0,0.008333,0,0,0,0,19.403,4.3035,0,0,0,0,0
66,265,2.16,955.49,72536,12.639,0,0,0.42147,0,0,105.22,0,0,1.0245,14.813,0,0,0,0,0
66,265,2.16,955.49,72536,2.0964,0,0,0,0,0,0,0,0,0,0.18667,0,0,0,0,0
66,265,2.16,955.49,72536,0.029713,0,0,0.3141,0.002508,0,0,0,0,1.4449,23.901,0,0,0,0,0
66,265,2.16,955.49,72536,0,0,0.008124,0,0,0,140.4,0,0,0.76342,15.803,0,0,0,0,0
66,265,2.16,955.49,72536,0,0,0,0,0,0,0,0,0,0,0.18667,0,0,0,0,0
66,265,2.16,955.49,72536,0,0,0,0,0,0,0,0,0,0,0.18667,0,0,0,3.7095,0
66,265,2.16,955.49,72536,0,0,0,0.20279,0,0,0,0,0,1.7864,1.9365,0,0,0,0,0
66,265,2.16,955.49,72536,0,0,0,0,0,0,27.622,0,0,0.44575,1.569,0,0,0,0,0
66,265,2.16,955.49,72536,0,0,0,0.007449,0,0,0,0,0,1.0834,0.18667,0,0,0,0,0
66,265,2.16,955.49,72536,0.015511,0,0,0,0.12108,0,0,0,0,0,0.18667,0,0,0,0,0
66,265,2.16,955.49,72536,0,0,0,0.011871,0.008333,0,0,0,0,0,0.18667,0,0,0,0,0
66,265,2.16,955.49,72536,0,0,0.10746,0,0,0,0,0,0,0,10.816,0,0,0,0,0
66,265,2.16,955.49,72536,0,0,0,0,0,0,0,0,0,0.8932,5.6466,0,0,0,0,0
66,265,2.16,955.49,72536,0.1026,0,0,1.1238,0,0,0.16424,0,0,0.68445,0.18667,0,0,0,0,0
66,265,2.16,955.49,72536,0,0,0,0,0,0,0.16424,0,0,1.0076,0.18667,0,0,0,0,0
66,265,2.16,955.49,72536,0,0,0,0,0,0,0.16424,0,0,0.63421,4.481,0,0,0,0,0
66,265,2.16,955.49,72536,0,0,0,0.13674,0,0,29.054,0,0,1.5851,15.803,0,0,0,0,0
66,265,2.16,955.49,72536,0,0,0,0,0,0,0.16424,0,0,36.785,13.556,0,0,0,0,0
66,265,2.16,955.49,72536,7.7659,0,0,0,0,0,0,0,0,8.0476,0.18667,0,0,0,0,0
66,265,2.16,955.49,72536,11.957,0,0,0.52091,10.936,0,0,0,0,0.55196,0.40813,0,0,0,0,0
66,265,2.16,955.49,72536,2.1264,0,0,108.95,0,0,12.732,0,0,1.0167,0.52439,0,0,0,0,0
66,265,2.16,955.49,72536,0,0,0,0,0,0,0,0,0,0.8932,0.18667,0,0,0,0,0
66,265,2.16,955.49,72536,1.5368,0,0,0,0,0,0,0,0,0,2.5119,0,0,0,0,0
66,265,2.16,955.49,72536,0.0057164,0,0,0,0.000335,0,37.034,0,0,0.27721,0.25179,0,0,0,0,0
66,265,2.16,955.49,72536,0.52666,0,0,0,0,0,0.16424,0,0,0.18086,10.846,0,0,0,0,0
66,265,2.16,955.49,72536,0,0,0,0.65075,0,0.01514,17.187,0,0,1.5079,0.37122,0,0,0,0,0
66,265,2.16,955.49,72536,0.003416,0,0,0,0,0,0.16424,0,0,0,22.311,0,0,0,0,0
66,265,2.16,955.49,72536,0.031671,0,0,0,0,1.2338,0,0,0,1.4449,0.22358,0,0,0,0,0
66,265,2.16,955.49,72536,52.887,0,0,0,0,0,0,0,0,10.481,0.18667,0,0,0,0,0
66,265,2.16,955.49,72536,0,0,0,0,0,0.013212,0,0,0,127.87,6.2316,0,0,0,0,0
66,265,2.16,955.49,72536,0.00524,0,0,0,0,0,349.87,0,0,1.8949,1.2873,0,0,0,0,0
66,265,2.16,955.49,72536,3.1184,0,0,1.3028,0,0,0,0,0,1.1034,0.18667,0,0,0,0,0
66,265,2.16,955.49,72536,0.005838,0,0,0,0,0,0,0,0,0.72035,0.18667,0,0,0,0,0
66,265,2.16,955.49,72536,0,0,0,0.18883,0,1.0017,0,0,0,1.0245,1.5754,0,0,0,0,0
66,265,2.16,955.49,72536,2.1932,0,0,0,0,0,0,0,0,1.0167,0.18667,0,0,0,0,0
66,265,2.16,955.49,72536,0,0,0,0,0,0,0,0,0,0.21027,0.18667,0,0,0,0,0
66,265,2.16,955.49,72536,7.1344,0,0,0,0,0.98597,0,0,0,0.39237,0.35688,0,0,0,0,0
66,265,2.16,955.49,72536,0,0,0,0,0,0,51.134,0,0,0.39237,0.18667,0,0,0,0,0
66,265,2.16,955.49,72536,0,0,0,0,0,0,0,0.0081415,0,0.14685,0.18667,0,0,0,0,0
66,265,2.16,955.49,72536,0,0,0,0.000532,0,0,29.471,0,0,0.14685,0.35513,0,0,0,0,0
66,265,2.16,955.49,72536,13.135,0,0,0,0,0,0,0,0,1.0167,15.182,0,0,0,0,0
66,265,2.16,955.49,72536,0,0,0,0,0,0,0,0,0,8.0476,1.4513,0,0,0,0,0
66,265,2.16,955.49,72536,0.40798,0,4.1917,0.0002,0,0,0,0,0,1.5851,0.18667,0,0,0,0,0
66,265,2.16,955.49,72536,1.5801,0,0,0,0,0,0,0,0,36.785,2.9499,0,0,0,0,0
66,265,2.16,955.49,72536,0.0064177,0,0,0,0,0.026678,0.16424,0,0,0,0.18667,0,0,0,0,0
66,265,2.16,955.49,72536,0,0,0,0,4.4043,0,0.02739,0,0,1.1822,0.66136,0,0,0,0,0
66,265,2.16,955.49,72536,0.00062,0,0,0,0,0,0.16424,0,0,1.5851,117.22,0,0,0,0,0
66,265,2.16,955.49,72536,32.99,0,0,28.307,0,0,0,0,0,1.9819,12.927,0,0,0,0,0
66,265,2.16,955.49,72536,0.37606,0,0,6.3288,0,0,0.13695,0,0,1.0076,4.3035,0,0,0,0,0
66,265,2.16,955.49,72536,0.000126,0,0,0,11.545,0.70947,1.0096,0,0,0,0.18667,0,0,0,0,0
66,265,2.16,955.49,72536,0.76748,0,0,0,0,0,0,0,0,0.44575,0.86716,0,0,0,0,0
66,265,2.16,955.49,72536,0.0067626,0,0,0,0,0.033803,0,0,0,0.27721,0.88794,0,0,0,0,0
66,265,2.16,955.49,72536,0,0,0,0,0.008333,0,0.16424,0,0,0.44575,0.33589,0,0,0,0,0
66,265,2.16,955.49,72536,0.6663,0,0,0,0,0.0049873,0.16424,0,0,0,0.92485,0,0,0,0,0
66,265,2.16,955.49,72536,0.068081,0,0,0,0,0,0,0.3303,0,0.76777,0.18667,0,0,0,0,0
66,265,2.16,955.49,72536,0,0,0,0,0,0,0,0,0,0.8932,0.29739,0,0,0,0,0
66,265,2.16,955.49,72536,0,0,0,0,0,5.7068,5.0643,0,0,21.917,0.18667,0,0,0,0,0
66,265,2.16,955.49,72536,0.2086,0,0,0.030064,0,0,110.47,0,0,0.44682,0.18667,0,0,0,0,0
66,265,2.16,955.49,72536,0,0,0,3.325,0,0,0,0,0,0,36.283,0,0,0,83.644,0
66,265,2.16,955.49,72536,0,0,0,0,0,0,0,0,0,1.5851,54.222,0,0,0,0,0
66,265,2.16,955.49,72536,14.953,0,0,0,0,0,39.523,0,0,8.5959,0.18667,0,0,0,0,0
66,265,2.16,955.49,72536,0,0,0,2.0191,0,0,0.16424,0,0,0,3.3133,0,0,0,0,0
66,265,2.16,955.49,72536,0.003485,0,0,1.3548,0,0.16026,0.76622,0,0,0.8932,4.9848,0,0,0,0,0
66,265,2.16,955.49,72536,2.2446,0,0.005378,0.15442,0,0,0,0,0,1.1822,0.18667,0,0,0,0,0
66,265,2.16,955.49,72536,36.198,0,0,0,0,0,0,0,0,0,0.6212,0,0,0,0,0
66,265,2.16,955.49,72536,0,0,0,0,0,0.1257,0,0,0,0.63421,17.778,0,0,0,0,0
66,265,2.16,955.49,72536,0.00021,0,0,0,0,0,0,0,0,0,2.0321,0,0,0,0,0
66,265,2.16,955.49,72536,0.91487,0,0,0.15063,0,0,0.76622,0,0,7.6506,6.2316,0,0,0,0,0
66,265,2.16,955.49,72536,0,0,0,3.7058,0,0,0,0,0,8.0476,8.9997,0,0,0,0,0
66,265,2.16,955.49,72536,0.002344,0,0,0,0,0,0,0,0,0,7.7161,0,0,0,0,0
66,265,2.16,955.49,72536,0.00524,0,0,0,0.008321,0,56.792,0,0,0,185.82,0,0,0,0,0
66,265,2.16,955.49,72536,1.0004,0,0,0,0,0,0,0,0,0.76342,0.42559,0,0,0,0,0
66,265,2.16,955.49,72536,0,0,0,0,0,0,0,0,0,0,1.1542,0,0,0,0,0
66,265,2.16,955.49,72536,0,0,0,0,0,0,0,0,0,0,0.18667,0,0,0,0,0
66,265,2.16,955.49,72536,0,0,0,2.6977,0,0,0,0,0,0,0.18667,0,0,0,0,0
66,265,2.16,955.49,72536,0,0,0,0.0018375,0,0,0,0,0,1.9819,0.18667,0,0,0,0,0
66,265,2.16,955.49,72536,0,0,0,0.00029,0,0,0.16424,0,0,0,0.18667,0,0,0,0,0
66,265,2.16,955.49,72536,2.1216,0,0,5.8889,0,0,0.0029097,0,0,7.8617,81.992,0,0,0,0,0
66,265,2.16,955.49,72536,0,0,0,0,0,0,0,0,0,1.2479,27.942,0,0,0,0,0
66,265,2.16,955.49,72536,0.00062,0,0,0,0.022568,0,0,0,0,21.917,0.34789,0,0,0,0,0
66,265,2.16,955.49,72536,0.002139,0,0,0.3176,0,0.99999,0,0,0,0,10.601,0,0,0,0,0
66,265,2.16,955.49,72536,0.4962,0,0,0,0,0.018596,153.01,0,0,0.27721,0.18667,0,0,0,0,0
67,266,7.228,3366.9,2.5559e+05,3.6399,0,0,0,0,0,0,0,0,0.39237,2.2905,0,0,0,0,0
67,266,7.228,3366.9,2.5559e+05,0,0,0,0,0,0,0,0,0,0,6.4269,0,0,0,0,0
67,266,7.228,3366.9,2.5559e+05,0,0,0,2.4393,24.991,0,89.934,0,0,2.6253,23.624,0,0,0,0,0
67,266,7.228,3366.9,2.5559e+05,1.201,0,0,0,0,0.064218,0,0,0,16.378,52.236,0,0,0,0,0
67,266,7.228,3366.9,2.5559e+05,0.39786,0,0,0.002194,0,0,0,0,0,1.1822,2.4012,0,0,0,0,0
67,266,7.228,3366.9,2.5559e+05,1.1853,0,0,0,13.886,0,0,0,0,2.6253,0.18667,0,0,0,0,0
67,266,7.228,3366.9,2.5559e+05,0,0,0,0,0,0,0.02739,0,0,0,5.6466,0,0,0,0,0
67,266,7.228,3366.9,2.5559e+05,0,0,0,0,0.10547,0,63.828,0,0,1.0245,0.34266,0,0,0,0,0
67,266,7.228,3366.9,2.5559e+05,0,0,0,0,0,1.0142,0,0,0,1.164,0.18667,0,0,0,0,0
67,266,7.228,3366.9,2.5559e+05,1.4291,0,0,0.99393,0,0,52.265,0,0,8.4961,22.184,0,0,0,0,0
67,266,7.228,3366.9,2.5559e+05,0,0,0,0,0,0,0,0,0,4.212,0.34266,0,0,0,0,0
67,266,7.228,3366.9,2.5559e+05,0,0,0,2.0929,0,2.0956,15.212,0,0,0,0.18667,0,0,0,0,0
67,266,7.228,3366.9,2.5559e+05,0,0,0,0,0,0,0,0,0,1.5859,0.18667,0,0,0,0,0
67,266,7.228,3366.9,2.5559e+05,0,0,0,0,0,0.00045385,0,0,0,0,6.2316,0,0,0,0,0
67,266,7.228,3366.9,2.5559e+05,0,0,0,5.781,0,0,0,0,0,5.7231,0.18667,0,0,0,0,0
67,266,7.228,3366.9,2.5559e+05,0,0,0,13.248,0,0,0,0,0,0.73557,3.8842,0,0,0,0,0
67,266,7.228,3366.9,2.5559e+05,14.489,0,0.00014,0,0,0,0,0,0,0.76342,30.71,0,0,0,0,0
67,266,7.228,3366.9,2.5559e+05,0.18567,0,0,0,0,0,19.226,0,0,1.5079,2.4339,0,0,0,0,0
67,266,7.228,3366.9,2.5559e+05,0,0,0,0.12387,0,0,0,0,0,1.0139,1.556,0,0,0,0,0
67,266,7.228,3366.9,2.5559e+05,1.8111,0,0,0.056168,0,0,0,0,0,0,9.0595,0,0,0,0,0
67,266,7.228,3366.9,2.5559e+05,0,0,0,0,0,0,0,0.005709,0,0,0.18667,0,0,0,0,0
67,266,7.228,3366.9,2.5559e+05,0,0,1.0212,0,0.009001,0,0,0,0,1.0245,0.18667,0,0,0,0,0
67,266,7.228,3366.9,2.5559e+05,0,0,0,9.6017,0,0,0.16424,0,0,6.8425,0.18667,0,0,0,0,0
67,266,7.228,3366.9,2.5559e+05,0,0,0.022682,0,0,0.99992,0.50998,0,0,1.0245,6.2397,0,0,0,0,0
67,266,7.228,3366.9,2.5559e+05,2.828,0,0,0,0,0,0,0,0,1.7327,5.5492,0,0,0,0,0
67,266,7.228,3366.9,2.5559e+05,0,0,0,0,0,0,0,0,0,8.4961,2.8966,0,0,0,0,0
67,266,7.228,3366.9,2.5559e+05,12.639,0,0,0,0,0,0,0,0,0,45.427,0,0,0,0,0
67,266,7.228,3366.9,2.5559e+05,0,0,0,21.675,0,0,0,0,0,1.0167,0.18667,0,0,0,0,0
67,266,7.228,3366.9,2.5559e+05,0,0,0,6.1258,0,0.9846,0.16424,0,0,0.27721,0.18667,0,0,0,0,0
67,266,7.228,3366.9,2.5559e+05,15.926,0,0,0,0.002139,0,0,0,0,0,24.007,0,0,0,0,0
67,266,7.228,3366.9,2.5559e+05,0,0,0,65.484,0,0,568.08,0,0,0.4212,0.18667,0,0,0,0,0
67,266,7.228,3366.9,2.5559e+05,0,0,0,0,0,29.035,110.47,0,0,0.76342,10.325,0,0,0,0,0
67,266,7.228,3366.9,2.5559e+05,0,0,0,0.5049,1.1815,0,0,0,0,7.6506,5.6787,0,0,0,0,0
67,266,7.228,3366.9,2.5559e+05,0.0091124,0,0,0,0,0,0,0,0,0,6.3294,0,0,0,0,0
67,266,7.228,3366.9,2.5559e+05,0,0,0,0,0,0,0.02739,0,0,0,0.36085,0,0,0,0.62393,0
67,266,7.228,3366.9,2.5559e+05,2.7754,0,0,0,0,0,0,0,0,8.5959,101.12,0,0,0,0,0
67,266,7.228,3366.9,2.5559e+05,0,0,0.003538,0,0,2.5282,3.7838,0,0,0,0.18667,0,0,0,0,0
67,266,7.228,3366.9,2.5559e+05,0,0,0,9.543,0,0.16026,0,0,0,0,0.55577,0,0,0,0,0
67,266,7.228,3366.9,2.5559e+05,0,0,0,0.79971,0,4.2031,0.13695,0,0,18.081,0.18667,0,0,0,0,0
67,266,7.228,3366.9,2.5559e+05,0.005273,0,0,0,0,0,38.312,0,0,0,3.2906,0,0,0,0,0
67,266,7.228,3366.9,2.5559e+05,4.92,0,0,0,0,0,0,0,0,0.76342,15.34,0,0,0,0,0
67,266,7.228,3366.9,2.5559e+05,0,0,0,0,0.001493,0,0,0,0,0,0.18667,0,0,0,0,0
67,266,7.228,3366.9,2.5559e+05,0,0,0,0,0.00014,0,91.356,0,0,0.14685,0.37122,0,0,0,0,0
67,266,7.228,3366.9,2.5559e+05,1.6322,0,0,0.89958,0,0.0029674,0.16424,0,0,0.76777,0.18667,0,0,0,0,0
67,266,7.228,3366.9,2.5559e+05,0.068081,0,0,8.7752,0,0,17.797,0,0,1.9819,0.18667,0,0,0,0,0
67,266,7.228,3366.9,2.5559e+05,0.0056052,0,0,0,0,0,0,0,0,0.63421,10.537,0,0,0,0,0
67,266,7.228,3366.9,2.5559e+05,0,0,0,0,0,0,0,0,0,3.4087,5.8887,0,0,0,0,0
67,266,7.228,3366.9,2.5559e+05,0,0,0,0.01839,0,0,0,0,0,127.87,0.18667,0,0,0,0,0
67,266,7.228,3366.9,2.5559e+05,0,0,0,0,0,0,0,0,0,0.18086,2.0171,0,0,0,0,0
67,266,7.228,3366.9,2.5559e+05,0,0,0,0.030064,0,0,0,0,0,3.4087,0.18667,0,0,0,2.6844,0
67,266,7.228,3366.9,2.5559e+05,0,0,0,0,0,0,0,0,0,3.8737,0.35197,0,0,0,0,0
67,266,7.228,3366.9,2.5559e+05,0,0,5.9404,839.51,0,0.0018444,0,0,0,0.056957,0.18667,0,0,0,0,0
67,266,7.228,3366.9,2.5559e+05,6.8828,0,0,0,0,0,0,0,0,0,2.7225,0,0,0,0,0
67,266,7.228,3366.9,2.5559e+05,0.00802,0,0,7.1918,0,0,0.13695,0,0,0,0.18667,0,0,0,0,0
67,266,7.228,3366.9,2.5559e+05,0,0,0.003346,0.52091,0,5.065,0,0,0,0.63421,2.4339,0,0,0,0,0
67,266,7.228,3366.9,2.5559e+05,0.004345,0,0,0,0,0,0,0,0,1.1822,4.1917,0,0,0,0,0
67,266,7.228,3366.9,2.5559e+05,0,0,0,0.086946,0,4.2031,0.13695,0,0,0,11.019,0,0,0,0,0
67,266,7.228,3366.9,2.5559e+05,0.00062,0,0,0,0.007221,0.34794,0.16424,0,0,0.44682,55.071,0,0,0,0,0
67,266,7.228,3366.9,2.5559e+05,0.016666,0,0,0,0,0,0,2.7899,0,0.55196,0.18667,0,0,0,158.74,0
67,266,7.228,3366.9,2.5559e+05,0,0,0,0,0,0.00078163,0,0,0,7.6506,0.18667,0,0,0,0,0
67,266,7.228,3366.9,2.5559e+05,0,0,0,0.55079,0,0,0,0,0,0.91947,0.18667,0,0,0,0,0
67,266,7.228,3366.9,2.5559e+05,0,0,0,0.11864,0,0,0,0,0,0,0.18667,0,0,0,0,0
67,266,7.228,3366.9,2.5559e+05,0.11707,0,0,0,0,0,0,0,0,1.0167,10.325,0,0,0,0,0
67,266,7.228,3366.9,2.5559e+05,0.14025,0,1.1068,0,0,0,251.74,0,0,3.4087,0.18667,0,0,0,0,0
67,266,7.228,3366.9,2.5559e+05,0,0,0.017291,0,0.008333,0,0,0,0,9.1622,31.663,0,0,0,0,0
67,266,7.228,3366.9,2.5559e+05,0,0,0,0,0,0,15.406,0,0,1.5859,5.3971,0,0,0,0,0
67,266,7.228,3366.9,2.5559e+05,0.62569,0,0,11.994,0,0,0,0,0,8.0476,5.1602,0,0,0,0,0
67,266,7.228,3366.9,2.5559e+05,0,0,0,24.052,0,3.144,0.010505,0,0,0,0.18667,0,0,0,0,0
67,266,7.228,3366.9,2.5559e+05,0,0,0,2.7574,0,0,0,0,0,0,45.427,0,0,0,0,0
67,266,7.228,3366.9,2.5559e+05,0,0,0,77.353,74.584,0,0,0,0,1.7327,2.5353,0,0,0,0,0
67,266,7.228,3366.9,2.5559e+05,0,0,0,0.008155,0,0,12.814,0,0,0,0.18667,0,0,0,0,0
67,266,7.228,3366.9,2.5559e+05,0.57029,0,0,2.7574,0,0,0,0,0,0.39237,0.18667,0,0,0,0,0
67,266,7.228,3366.9,2.5559e+05,0,0,0,0.99393,4.119,0.0040468,0,0,0,4.212,0.18667,0,0,0,0,0
67,266,7.228,3366.9,2.5559e+05,0,0,0,0,0,0,0.8784,0,0,6.8425,0.18667,0,0,0,0,0
67,266,7.228,3366.9,2.5559e+05,0.00062,0,0,0,0,0,3.7838,0,0,0.91947,0.18667,0,0,0,0,0
67,266,7.228,3366.9,2.5559e+05,0,0,0,0,0,0,17.328,0,0,0,13.566,0,0,0,0,0
67,266,7.228,3366.9,2.5559e+05,0,0,0,7.5817,0,0,0,0,0,36.785,0.18667,0,0,0,0,0
67,266,7.228,3366.9,2.5559e+05,0,0,0,0,0,0,0,0,0,0.8932,36.545,0,0,0,0,0
67,266,7.228,3366.9,2.5559e+05,0,0,0,0,0,0,0,0,0,1.8949,18.235,0,0,0,0,0
67,266,7.228,3366.9,2.5559e+05,0,0,0,8.14,33.413,0,0,0,0,1.0834,6.4269,0,0,0,0,0
67,266,7.228,3366.9,2.5559e+05,0,0,0.015636,25.247,0.0014155,0,0,0,0,0.44682,48.099,0,0,0,0,0
67,266,7.228,3366.9,2.5559e+05,0,0,24.449,0,0.013687,0,0,0,0,0.63421,13.142,0,0,0,0,0
67,266,7.228,3366.9,2.5559e+05,0,0,0,0,0,0,0.02739,0,0,0.73557,13.363,0,0,0,0,0
67,266,7.228,3366.9,2.5559e+05,0,0,0,0,0,0,0,0,0,0,4.7763,0,0,0,0,0
67,266,7.228,3366.9,2.5559e+05,0,0,0,0,0,0,378.3,0,0,0,0.33632,0,0,0,0,0
67,266,7.228,3366.9,2.5559e+05,52.887,0,0,0,0.008333,0,0,0,0,0,4.4486,0,0,0,0,0
67,266,7.228,3366.9,2.5559e+05,0,0,0,3.5686,0,0,0,0,0,0.73557,0.18667,0,0,0,0,0
67,266,7.228,3366.9,2.5559e+05,0,0,0,0,0,2.149,14.671,0,0,0.72035,1.9936,0,0,0,0,0
67,266,7.228,3366.9,2.5559e+05,0.16373,0,0,0,0,0,0.16424,0,0,0,18.848,0,0,0,0,0
67,266,7.228,3366.9,2.5559e+05,0,0,0,0,0,0,0,0,0,6.8425,5.5492,0,0,0,0,0
67,266,7.228,3366.9,2.5559e+05,0.0094374,0,0,0.19762,0,0,0,0,0,1.057,1.6452,0,0,0,0,0
67,266,7.228,3366.9,2.5559e+05,23.386,0,0,0.051582,0,0,29.704,0,0,3.8737,19.58,0,0,0,0,0
67,266,7.228,3366.9,2.5559e+05,0.015961,0,0,2.0589,0,0,0,0,0,5.7231,53.643,0,0,0,0,0
67,266,7.228,3366.9,2.5559e+05,0,0,0,0,0.013577,0,0,0,0,7.6506,0.22358,0,0,0,0,0
67,266,7.228,3366.9,2.5559e+05,0.02181,0,0,0.70086,0,0,0,0,0,0,36.545,0,0,0,0,0
67,266,7.228,3366.9,2.5559e+05,0,0,0,0,0,0,0.75485,0,0,13.788,23.035,0,0,0,0,0
67,266,7.228,3366.9,2.5559e+05,0,0,0,0,3.9243,0,0,0,0,1.0167,0.18667,0,0,0,0,0
67,266,7.228,3366.9,2.5559e+05,0,0,0,0,0,0.0028706,0,0,0,0.21027,0.18667,0,0,0,0,0
67,266,7.228,3366.9,2.5559e+05,0,0,0,0,0,0,0,0,0,1.0167,0.18667,0,0,0,0,0
67,266,7.228,3366.9,2.5559e+05,0,0,0,0,0,0,34.484,0,0,8.5959,0.18667,0,0,0,64.389,0
67,266,7.228,3366.9,2.5559e+05,0,0,0.001326,0,0,0,0,0,0,1.261,42.828,0,0,0,0,0
67,266,7.228,3366.9,2.5559e+05,7.7659,0,0,0,0,0,0.16424,0,0,1.808,10.045,0,0,0,0,0
67,266,7.228,3366.9,2.5559e+05,0.65807,0,0,0,0,0,0.16424,0,0,1.0245,53.964,0,0,0,12.236,0
67,266,7.228,3366.9,2.5559e+05,0,0,0,0,0,0.11831,0,0,0,0.056957,5.6466,0,0,0,0,0
67,266,7.228,3366.9,2.5559e+05,3.6399,0,0,2.1617,0,0.11078,0,0,0,0,0.18667,0,0,0,0,0
67,266,7.228,3366.9,2.5559e+05,0,0,0,0,0,8.13,0,0,0,1.5079,0.18667,0,0,0,0,0
67,266,7.228,3366.9,2.5559e+05,5.0643,0,0,0.46517,0,0,0,0,0,1.5859,35.434,0,0,0,0,0
67,266,7.228,3366.9,2.5559e+05,0,0,0,0.001415,0,0,25.436,0,0,19.403,15.858,0,0,0,0,0
67,266,7.228,3366.9,2.5559e+05,0,0,0,0,0,0,0,0,0,0,0.33589,0,0,0,0,0
67,266,7.228,3366.9,2.5559e+05,0,0,0,1.0864,0,0.99999,25.765,0,0,9.1202,0.18667,0,0,0,0,0
67,266,7.228,3366.9,2.5559e+05,0,0,0,40.343,0.10547,0,36.831,0,0,1.1034,0.18667,0,0,0,0,0
67,266,7.228,3366.9,2.5559e+05,0,0,0,0,0,0,0,0,0,6.8425,0.34384,0,0,0,0,0
67,266,7.228,3366.9,2.5559e+05,0,0,0,0,0,0,19.484,0,0,0.65812,7.2436,0,0,0,0,0
67,266,7.228,3366.9,2.5559e+05,0,0,0,0,0,0,0,0,0,8.0476,0.18667,0,0,0,0,0
67,266,7.228,3366.9,2.5559e+05,1.0004,0,0,0,0.00524,0,0,0,0,0.55196,45.427,0,0,0,0,0
67,266,7.228,3366.9,2.5559e+05,0.11091,0,0,1.6404,0,1.0023,0,0,0,0.44575,0.18667,0,0,0,0,0
67,266,7.228,3366.9,2.5559e+05,1.2379,0,0,0,0,0,16.39,0,0,0,5.5621,0,0,0,0,0
67,266,7.228,3366.9,2.5559e+05,5.7998,0,0,0,0,0,0,0,0,0.55196,55.071,0,0,0,0,0
67,266,7.228,3366.9,2.5559e+05,0,0,2.4671,0.084198,0,0,0,0,0,8.5959,17.117,0,0,0,0,0
67,266,7.228,3366.9,2.5559e+05,0,0,0,0.37619,0,0,0,0,0,0,0.86539,0,0,0,0,0
67,266,7.228,3366.9,2.5559e+05,0.017759,0,0,0,0,0,0.16424,0,0,0,0.18667,0,0,0,0,0
67,266,7.228,3366.9,2.5559e+05,0.8143,0,0,0,0,0,17.05,0,0,8.0476,1.4513,0,0,0,0,0
67,266,7.228,3366.9,2.5559e+05,0,0,0,0,0,0,26.607,0,0,8.5959,1.8126,0,0,0,0,0
67,266,7.228,3366.9,2.5559e+05,0,0,0,2.196,0,0,17.187,0,0,0,5.114,0,0,0,0,0
67,266,7.228,3366.9,2.5559e+05,0.029081,0,0,49.29,0,0,0,0,0,19.403,0.18667,0,0,0,0,0
67,266,7.228,3366.9,2.5559e+05,0,0,0,0,0.00524,0,0,0,0,0.39237,0.18667,0,0,0,0,0
67,266,7.228,3366.9,2.5559e+05,0,0,0,0,0,0.0018444,0,0,0,0,0.34385,0,0,0,0,0
67,266,7.228,3366.9,2.5559e+05,2.9061,0,0,2.1617,0,4.9167e-05,0,0,0,4.212,24.214,0,0,0,7.1641,0
67,266,7.228,3366.9,2.5559e+05,3.0254,0,0.002344,8.9848,0.013577,0,3.423,0,0,19.403,10.964,0,0,0,0,0
67,266,7.228,3366.9,2.5559e+05,0.010259,0,0,1.5,0,5.065,0.76622,0,0,0,1.2286,0,0,0,0,0
67,266,7.228,3366.9,2.5559e+05,0,0,0,0.86074,0,0,0.010505,0,0,0,36.283,0,0,0,0,0
67,266,7.228,3366.9,2.5559e+05,0.0061698,0,0.012681,0,0,0,0.11746,0,0,0.91947,0.18667,0,0,0,91.384,0
67,266,7.228,3366.9,2.5559e+05,0,0,0,0,0,0,0,0,0,0,0.18667,0,0,0,0,0
67,266,7.228,3366.9,2.5559e+05,0.0091124,0,0,2.0095,0,0,6.2349,0,0,0.056957,0.18667,0,0,0,0,0
67,266,7.228,3366.9,2.5559e+05,0,0,0,1.699,0,0,0,0,0,0.65812,0.18667,0,0,0,0,0
67,266,7.228,3366.9,2.5559e+05,0.2116,0,0,1.3744,0,0,0,0,0,1.7864,0.18667,0,0,0,0,0
67,266,7.228,3366.9,2.5559e+05,0.011135,0,0,0,0,0,0,0,0,1.0167,0.18667,0,0,0,0,0
67,266,7.228,3366.9,2.5559e+05,0,0,0,0.003551,0,0,0,0,0,0.55196,0.18667,0,0,0,0,0
67,266,7.228,3366.9,2.5559e+05,0,0,0,0,0,0,0,0,0,0.55196,0.18667,0,0,0,0,0
67,266,7.228,3366.9,2.5559e+05,2.4783,0,0,87.703,0,0,0,0,0,36.785,244.34,0,0,0,0,0
67,266,7.228,3366.9,2.5559e+05,0,0,0,77.353,0,0,0,0,0,10.481,0.33927,0,0,0,0,0
67,266,7.228,3366.9,2.5559e+05,0,0,0,0,0.2516,0,0,0,0,1.0167,13.954,0,0,0,0,0
67,266,7.228,3366.9,2.5559e+05,0.005838,0,0,0,0,0,0.16424,0,0,0,7.6991,0,0,0,0,0
67,266,7.228,3366.9,2.5559e+05,0,0,0,0.10468,0,0,0,0,0,0,0.18667,0,0,0,0,0
67,266,7.228,3366.9,2.5559e+05,0.016818,0,0,1.26,0,0,0,0,0,1.261,0.18667,0,0,0,0,0
67,266,7.228,3366.9,2.5559e+05,0,0,0,0,0,0,0,0,0,0.18355,3.9931,0,0,0,0,0
67,266,7.228,3366.9,2.5559e+05,0,0,0,0,0,0,0,0,10.653,0,14.249,0,0,0,0,0
67,266,7.228,3366.9,2.5559e+05,0.0091124,0,0.17747,0.16651,0,0,0,0,0,2.6253,0.18667,0,0,0,0,0
67,266,7.228,3366.9,2.5559e+05,0,0,0,0.4407,0,0,0,0.005786,0,0.8932,0.35737,0,0,0,0,0
67,266,7.228,3366.9,2.5559e+05,0,0,0,0.0018375,0,0,0,0,0,0.8932,6.7376,0,0,0,0,0
67,266,7.228,3366.9,2.5559e+05,0,0,0,0,0,0,0,0,0,16.378,0.84122,0,0,0,0,0
67,266,7.228,3366.9,2.5559e+05,0,0,0,0.007449,0,0.13158,568.08,0,0,18.081,0.18667,0,0,0,0,0
67,266,7.228,3366.9,2.5559e+05,1.0855,0,0,0,0.2934,1.0046,0,0,0,19.403,0.67417,0,0,0,0,0
67,266,7.228,3366.9,2.5559e+05,0,0,0,0,0.008397,0,0,0,0,5.6716,16.601,0,0,0,0,0
67,266,7.228,3366.9,2.5559e+05,0.001009,0,0,0.34963,0,0,0.11746,0,0,0.76342,13.556,0,0,0,3.0261,0
67,266,7.228,3366.9,2.5559e+05,0,0,0,0,0,0,0.11746,0,0,0.91947,1.0725,0,0,0,0,0
67,266,7.228,3366.9,2.5559e+05,0.003416,0,0,8e-05,0,0,0,0,0,0.39237,43.733,0,0,0,0,0
67,266,7.228,3366.9,2.5559e+05,0,0,0,0.56268,0,0,0,0,0,7.8617,0.43851,0,0,0,129.86,0
67,266,7.228,3366.9,2.5559e+05,0,0,0,0.33725,0,0,35.41,0,0,0,0.18667,0,0,0,0,0
67,266,7.228,3366.9,2.5559e+05,0.0013615,0,0,0,0,0,0,0,0,0.72035,19.71,0,0,0,114.43,0
67,266,7.228,3366.9,2.5559e+05,0,0,0,108.95,0,0,0,0,0,19.403,30.156,0,0,0,0,0
67,266,7.228,3366.9,2.5559e+05,0,0,0,0,7.5496,9.8334e-05,35.91,0,0,5.7231,0.34288,0,0,0,92.067,0
67,266,7.228,3366.9,2.5559e+05,0,0,0,0,0,0,0,0,0,1.0167,0.18667,0,0,0,0,0
67,266,7.228,3366.9,2.5559e+05,0,0,0,0,0,0.38075,52.549,0,0,0,13.566,0,0,0,0,0
67,266,7.228,3366.9,2.5559e+05,0,0,0,0,0.48102,0,0,0,0,0,58.227,0,0,0,0,0
67,266,7.228,3366.9,2.5559e+05,0,0,0.94114,0.84697,0,0,0,0,0,0.8932,5.5606,0,0,0,0,0
67,266,7.228,3366.9,2.5559e+05,0.02398,0,0,0.013953,0.003821,0,0,0,0,0,10.036,0,0,0,0,0
67,266,7.228,3366.9,2.5559e+05,0.00524,0,0,0,0,0,0,0,0,0.14685,0.344,0,0,0,0,0
67,266,7.228,3366.9,2.5559e+05,0,0,0,2.7882,0,0.99999,0.16424,0,0,9.1202,5.1602,0,0,0,0,0
67,266,7.228,3366.9,2.5559e+05,5.0643,0,0,0.22607,0,0,0,0,0,1.2479,9.0595,0,0,0,0,0
67,266,7.228,3366.9,2.5559e+05,0.4042,0,0,0,0,0,0,0,0,0,23.035,0,0,0,0,0
67,266,7.228,3366.9,2.5559e+05,0,0,0,0.0018375,0,0,0,0,0,3.8737,0.90931,0,0,0,0,0
67,266,7.228,3366.9,2.5559e+05,0.008534,0,0,0.3176,0,0.040543,0,0,0,0.76777,0.37122,0,0,0,0,0
67,266,7.228,3366.9,2.5559e+05,0,0,0,7.4444,0,0,0,0,0,0,0.18667,0,0,0,0,0
67,266,7.228,3366.9,2.5559e+05,0.28588,0,0,3.2393,0,1.0113,689.6,0,0,0,4.8475,0,0,0,578.93,0
67,266,7.228,3366.9,2.5559e+05,0,0,0,0,0,0.99999,0,0,0,0,2.9511,0,0,0,0,0
67,266,7.228,3366.9,2.5559e+05,0.10677,0,0,0,0,0,18.904,0,0,0.27721,85.483,0,0,0,0,0
67,266,7.228,3366.9,2.5559e+05,0.31958,0,0.081846,0.25819,0.00043,0,33.926,0,0,36.785,0.18667,0,0,0,0,0
67,266,7.228,3366.9,2.5559e+05,0.00014,0,0,0.020772,0,0,0,0,0,1.0076,15.34,0,0,0,0,0
67,266,7.228,3366.9,2.5559e+05,0.28052,0,0,0,0.00328,0.0015973,0,0,0,16.378,68.934,0,0,0,0,0
67,266,7.228,3366.9,2.5559e+05,0,0,0,0,0,0,0,0,0,1.808,34.614,0,0,0,0,0
67,266,7.228,3366.9,2.5559e+05,0,0,0,0,96.66,0,0,0,0,1.0834,6.2013,0,0,0,0,0
67,266,7.228,3366.9,2.5559e+05,1.3322,0,0,0,0,0,10.606,0,0,36.785,5.2617,0,0,0,0,0
67,266,7.228,3366.9,2.5559e+05,0,0,0,0,0.007102,0,0,0,2.2655,0,0.18667,0,0,0,0,0
67,266,7.228,3366.9,2.5559e+05,0,0.078793,0,0,0.000335,0,0.16424,0,0,0,185.82,0,0,0,0,0
67,266,7.228,3366.9,2.5559e+05,0,0,0,0,0,0,0,0,0,0,7.5072,0,0,0,0,0
67,266,7.228,3366.9,2.5559e+05,0,0,0,0,0,0,0,0,0,1.0139,2.4339,0,0,0,0,0
67,266,7.228,3366.9,2.5559e+05,0.27826,0,0,0,0,0,35.41,0,0,55.455,0.34397,0,0,0,0,0
67,266,7.228,3366.9,2.5559e+05,0,0,0,0,0,0,91.356,0,0,0,0.18667,0,0,0,0,0
67,266,7.228,3366.9,2.5559e+05,0,0,0,0.32389,0,0,0,0,0,0.65812,0.18667,0,0,0,0,0
67,266,7.228,3366.9,2.5559e+05,0,0,0,0.010799,0,0,0,0,0,0,21.275,0,0,0,0,0
67,266,7.228,3366.9,2.5559e+05,0,0,0,0,0,0,0,0,0,19.403,0.18667,0,0,0,0,0
67,266,7.228,3366.9,2.5559e+05,0,0,0,0,0,0,0,0,0,5.7231,13.142,0,0,0,0,0
67,266,7.228,3366.9,2.5559e+05,0,0,0,0.10468,0,0,0,0,0,0.76342,53.964,0,0,0,0,0
67,266,7.228,3366.9,2.5559e+05,0,0,0,0,0.77132,0,0,0,0,5.7231,15.761,0,0,0,0,0
67,266,7.228,3366.9,2.5559e+05,0,0,0,0.00029,0,0,0,0,0,2.6253,0.18667,0,0,0,0,0
67,266,7.228,3366.9,2.5559e+05,0,0,0,0,0,0,55.996,0,0,0.55196,0.33085,0,0,0,0,0
67,266,7.228,3366.9,2.5559e+05,6.1556,0,0,0.65075,0,0,0,0,0,0.18086,0.18667,0,0,0,0,0
67,266,7.228,3366.9,2.5559e+05,0,0,0,0,0,1.2338,0,0,0,1.2479,13.363,0,0,0,0,0
67,266,7.228,3366.9,2.5559e+05,0,0,0,0,0,0,0,0,0,1.164,6.2013,0,0,0,0,0
67,266,7.228,3366.9,2.5559e+05,0,0,0,0,0,0,13.851,0,0,0.44575,11.85,0,0,0,0,0
67,266,7.228,3366.9,2.5559e+05,0,0,0,0,3.6993,0,0.11746,0,0,5.6716,0.54798,0,0,0,0,0
67,266,7.228,3366.9,2.5559e+05,0,0,0,0,0,0,0,0,0,2.6253,0.18667,0,0,0,0,0
67,266,7.228,3366.9,2.5559e+05,0,0,0,0,0,0.34794,0,0,0,127.87,1.7499,0,0,0,0,0
67,266,7.228,3366.9,2.5559e+05,0,0,0,0,0,0,0,0,0,5.7231,5.3971,0,0,0,0,0
67,266,7.228,3366.9,2.5559e+05,0,0,0,0,0,0,0.16424,0,0,0,0.18667,0,0,0,0,0
67,266,7.228,3366.9,2.5559e+05,0,0,0,0,0,0,0,0,0,0,0.18667,0,0,0,0,0
67,266,7.228,3366.9,2.5559e+05,0,0,0,0.013584,0.1545,0.11831,0,0,0,1.9819,18.598,0,0,0,0,0
67,266,7.228,3366.9,2.5559e+05,0,0,0.008124,0,0,0,0,0,0,1.1034,0.18667,0,0,0,0,0
67,266,7.228,3366.9,2.5559e+05,0,0,0,0,0.014212,0,0,0,0,0,5.1602,0,0,0,0,0
67,266,7.228,3366.9,2.5559e+05,0.016666,0,0,0,0,0,0,0,0,1.0076,7.8478,0,0,0,0,0
67,266,7.228,3366.9,2.5559e+05,0,0,0,0,0,0,0,0,0,0,0.6212,0,0,0,0,0
67,266,7.228,3366.9,2.5559e+05,0,0,0,0,0,0,0,0,0,0,4.2836,0,0,0,0,0
67,266,7.228,3366.9,2.5559e+05,0.005273,0,0,0,0.00524,0,0,0,0,3.4087,4.2836,0,0,0,0,0
67,266,7.228,3366.9,2.5559e+05,0,0,0,0,0,0,0,0,0,0.55196,0.18667,0,0,0,0,0
67,266,7.228,3366.9,2.5559e+05,0,0,0.41756,0,0.0068531,0,0,0,0,1.5079,9.9675,0,0,0,0,0
67,266,7.228,3366.9,2.5559e+05,0.022682,0,0,8.5247,0,0.016907,0,0,0,1.9819,0.18667,0,0,0,0,0
67,266,7.228,3366.9,2.5559e+05,0.41744,0,0,0.014751,0,0,0,0,0,0.27721,0.18667,0,0,0,0,0
67,266,7.228,3366.9,2.5559e+05,0.005273,0,0,0,0,0,0,0,0,1.0167,5.2617,0,0,0,0,0
67,266,7.228,3366.9,2.5559e+05,0.003485,0,0,15.972,0,0.00021684,0,0,0,1.1034,1.8458,0,0,0,0,0
67,266,7.228,3366.9,2.5559e+05,0.001669,0,0,0,0,0,0,0,0,0.18086,0.35238,0,0,0,0,0
67,266,7.228,3366.9,2.5559e+05,0.014616,0,0,0,0,0,7.1437,0,0,0,120.54,0,0,0,0,0
67,266,7.228,3366.9,2.5559e+05,0,0,0,0.015753,0.0094835,0,0,0,0,0.8932,1.4447,0,0,0,0,0
67,266,7.228,3366.9,2.5559e+05,0,0,0,0,0,0,0,0,0,0.21027,2.9685,0,0,0,0,0
67,266,7.228,3366.9,2.5559e+05,25.11,0,0,0,0.002508,0,0,0,0,0.4212,0.18667,0,0,0,0,0
67,266,7.228,3366.9,2.5559e+05,0,0,0,0.14693,0,0,0,0,0,0.18355,64.83,0,0,0,0,0
67,266,7.228,3366.9,2.5559e+05,0.093008,0,0,0,0,0,0,0,0,1.9819,0.18667,0,0,0,0,0
67,266,7.228,3366.9,2.5559e+05,0.00524,0,0,0.041874,0,1.3033,0,0,0,0,12.757,0,0,0,0,0
67,266,7.228,3366.9,2.5559e+05,0,0,0,0.10288,0,0,0.53887,0,0,1.0834,0.3516,0,0,0,0,0
67,266,7.228,3366.9,2.5559e+05,0,0,0,0.12743,0,0,0,0,0,127.87,42.976,0,0,0,0,0
67,266,7.228,3366.9,2.5559e+05,6.5216,0,0,0,0,0,0,0,0,0.65812,1.3604,0,0,0,0,0
67,266,7.228,3366.9,2.5559e+05,0.4042,0,0,7.5817,0,0.0029674,0.0029097,0,0,0.27721,46.172,0,0,0,0,0
67,266,7.228,3366.9,2.5559e+05,0,0,0,0.084198,0,0,0.16424,0,0,8.4961,15.34,0,0,0,0,0
67,266,7.228,3366.9,2.5559e+05,0,0,0,9.3748,0,0,0.16424,0,0,7.6506,219.68,0,0,0,0,0
67,266,7.228,3366.9,2.5559e+05,0,0,0,0,16.732,0,0,0,0,16.378,0.33865,0,0,0,0,0
67,266,7.228,3366.9,2.5559e+05,0,0,0,0,53.152,0,0,0,0,0,0.18667,0,0,0,0,0
67,266,7.228,3366.9,2.5559e+05,0,0,0,0.020181,0,5.3761,0,0,0,1.5079,4.8003,0,0,0,0,0
67,266,7.228,3366.9,2.5559e+05,0,0,0,0,0,12.971,0,0,0,1.0139,6.941,0,0,0,0,0
67,266,7.228,3366.9,2.5559e+05,1.0855,0,0,0,0.002508,1.0098,0,0,0,0,0.18667,0,0,0,0,0
67,266,7.228,3366.9,2.5559e+05,0,0,0,5.23,0,0,0,0,0,0,0.22358,0,0,0,0,0
67,266,7.228,3366.9,2.5559e+05,0,0,0,0,0,0,0,0,0,8.5959,22.184,0,0,0,0,0
67,266,7.228,3366.9,2.5559e+05,0,0,0,5.5124,0,0.47199,0,0,0,0,11.686,0,0,0,0,0
67,266,7.228,3366.9,2.5559e+05,0,0,0,0.003833,0,0,0,0,0,7.8617,1.2593,0,0,0,0,0
67,266,7.228,3366.9,2.5559e+05,0,0,0,1.7193,0,0,0,0,0,0,0.18667,0,0,0,0,0
67,266,7.228,3366.9,2.5559e+05,0,0,0,0,0,0.99999,0,0,0,0.72035,0.18667,0,0,0,0,0
67,266,7.228,3366.9,2.5559e+05,4.7258,0,0,0,0,0,0,0,0,0.056957,0.18667,0,0,0,0,0
67,266,7.228,3366.9,2.5559e+05,0,0,0,0,0,0,0,0,0,55.455,19.712,0,0,0,0,0
67,266,7.228,3366.9,2.5559e+05,0,0,0,0.027678,0,0,0,0,0,0.65812,0.18667,0,0,0,0,0
67,266,7.228,3366.9,2.5559e+05,2.5689,0,0,0.73308,0,11.348,15.212,0,0,0.68445,0.18667,0,0,0,0,0
67,266,7.228,3366.9,2.5559e+05,1.9992,0,0,0,0,0,0,0,0,18.081,4.7837,0,0,0,0,0
67,266,7.228,3366.9,2.5559e+05,0,0,0,0,0,1.0057,0,0,0,0,2.8841,0,0,0,0,0
67,266,7.228,3366.9,2.5559e+05,54.229,0,0,14.92,0,0,0,0,0,5.6716,0.18667,0,0,0,0,0
67,266,7.228,3366.9,2.5559e+05,0,0,0,0.012154,0,0,0,0,0,0,8.6757,0,0,0,0,0
67,266,7.228,3366.9,2.5559e+05,0,0,0,0,0,0,0.16424,0,0,0.91947,0.18667,0,0,0,0,0
67,266,7.228,3366.9,2.5559e+05,0.048101,0,0,0.084198,0,0,23.859,0,0,2.6253,0.18667,0,0,0,0,0
67,266,7.228,3366.9,2.5559e+05,0.0061698,0,0,6.1258,0,0,0,0,0,0.44682,9.1186,0,0,0,11.574,0
67,266,7.228,3366.9,2.5559e+05,0,0,0,0,0,0,35.47,0,0,0,0.18667,0,0,0,0,0
67,266,7.228,3366.9,2.5559e+05,4.3216,0,0,0,0,0,0,0,0,1.7327,2.5353,0,0,0,0,0
67,266,7.228,3366.9,2.5559e+05,0.016668,18.624,0,3.325,0,0,0,0,0,1.0245,0.18667,0,0,0,0,0
67,266,7.228,3366.9,2.5559e+05,0,0,0,0,0.12108,0.99999,0,0,0,1.5079,55.071,0,0,0,0,0
67,266,7.228,3366.9,2.5559e+05,0,0,0,0.89958,0,0,0,0,0,0.55196,57.027,0,0,0,0,0
67,266,7.228,3366.9,2.5559e+05,0.75436,0,0,0,0,0,0,0,0,1.0245,6.7845,0,0,0,0,0
67,266,7.228,3366.9,2.5559e+05,0,0,0,0,0,1.0028,0,0.0033675,0,1.5079,153.58,0,0,0,0,0
67,266,7.228,3366.9,2.5559e+05,0.8598,0,0,0,0,5.065,0.75485,0,0,3.4087,0.18667,0,0,0,0,0
67,266,7.228,3366.9,2.5559e+05,0,0,0,10.937,0.009001,0,15.406,0,0,0.8932,6.1969,0,0,0,0,0
67,266,7.228,3366.9,2.5559e+05,0,0,0.016491,0,0,0,0,0,0,10.481,3.3067,0,0,0,0,0
67,266,7.228,3366.9,2.5559e+05,57.315,0,0,19.879,0,0,0,0,0,18.081,0.33356,0,0,0,0,0
67,266,7.228,3366.9,2.5559e+05,0,0,0,75.514,0,0,0,0,0,0.8932,48.907,0,0,0,0,0
67,266,7.228,3366.9,2.5559e+05,3.2752,0,0,0.002194,0,0,0,0,0,3.8737,7.7253,0,0,0,0,0
67,266,7.228,3366.9,2.5559e+05,0.25322,0,0,0.030064,0,0.0073404,0,0,0,19.403,2.0268,0,0,0,12.093,0
67,266,7.228,3366.9,2.5559e+05,0.000251,0,0,32.742,0,0,0,0,0,8.5959,1.556,0,0,0,0,0
67,266,7.228,3366.9,2.5559e+05,0,0,0,0,0,0,0,0,0,0,0.70126,0,0,0,0,0
67,266,7.228,3366.9,2.5559e+05,0,0,0,0.46517,0,3.3357,0,0,0,0,0.34287,0,0,0,0,0
67,266,7.228,3366.9,2.5559e+05,839.56,0,0,24.052,0,0,0.16424,1.174,0,0,0.18667,0,0,0,0,0
67,266,7.228,3366.9,2.5559e+05,0,0,0,19.334,0,0.095282,0,0,0,5.6716,0.42559,0,0,0,0,0
67,266,7.228,3366.9,2.5559e+05,0,0,0,0,0.0032265,0.021243,0,0,0,0,0.35238,0,0,0,0,0
67,266,7.228,3366.9,2.5559e+05,0.094953,0,0,0,0,0,0,0,0,0.21027,0.18667,0,0,0,0,0
67,266,7.228,3366.9,2.5559e+05,0.20158,0,2.0084,0,0,0,0,0,0,0,0.18667,0,0,0,0,0
67,266,7.228,3366.9,2.5559e+05,0,0,0,0.78773,0.31032,0.0025491,0,0,0,0.18355,8.0593,0,0,0,0,0
67,266,7.228,3366.9,2.5559e+05,0.00062,0,0,40.343,0,0,0.50998,0,0,0.18355,0.34287,0,0,0,0,0
67,266,7.228,3366.9,2.5559e+05,0.004143,0,0,0,0,0,15.227,0,0,1.0167,0.83155,0,0,0,0,0
67,266,7.228,3366.9,2.5559e+05,74.902,0,0,0,14.42,0,34.484,0,0,1.0167,0.18667,0,0,0,0,0
67,266,7.228,3366.9,2.5559e+05,0,0,0,0,0,0,0.13695,0,0,0.44575,15.261,0,0,0,0,0
67,266,7.228,3366.9,2.5559e+05,0.094953,0,0,0,0,0,0,0,0,10.481,2.1165,0,0,0,0,0
67,266,7.228,3366.9,2.5559e+05,0,0,0.065127,0,0,0,0,0,0,0,9.6013,0,0,0,0,0
67,266,7.228,3366.9,2.5559e+05,5.7998,0,0,0,2.0198,0,31.304,0,0,0,2.3546,0,0,0,0,0
67,266,7.228,3366.9,2.5559e+05,8.9343,0,0,0,0,0.081761,0,0,0,8.0476,1.3604,0,0,0,0,0
67,266,7.228,3366.9,2.5559e+05,0,0,0,22.562,0,0,37.034,0,0,0,0.47944,0,0,0,0,0
67,266,7.228,3366.9,2.5559e+05,0,0,0,1.4123,0,0,63.828,0,0,9.1202,16.651,0,0,0,0,0
67,266,7.228,3366.9,2.5559e+05,62.674,0,0,0,0.00524,0,0,0,0,0.76777,15.543,0,0,0,0,0
67,266,7.228,3366.9,2.5559e+05,0,0,0,0,0,0,0,0,0,8.0476,0.25179,0,0,0,0,0
67,266,7.228,3366.9,2.5559e+05,0,0,0,0,0,0,0,0,0,0.73557,0.18667,0,0,0,0,0
67,266,7.228,3366.9,2.5559e+05,3.6896,0,0,0,0,0.99999,105.22,0,0,0,58.909,0,0,0,0,0
67,266,7.228,3366.9,2.5559e+05,0.001493,0,0,1.2148,0,0.99471,111.99,0,0,0,10.325,0,0,0,0,0
67,266,7.228,3366.9,2.5559e+05,0,0,0,3.7058,0,0,0,0,0,0.21027,81.202,0,0,0,0,0
67,266,7.228,3366.9,2.5559e+05,0,0,0,2.7049,0,0.38075,0.76622,0,0,0.65812,8.3756,0,0,0,0,0
67,266,7.228,3366.9,2.5559e+05,0,0,0,0,0,0,0,0,0,1.057,0.38292,0,0,0,0,0
67,266,7.228,3366.9,2.5559e+05,0,0,0,0,0,0,0,0,0,13.788,0.47944,0,0,0,0,0
67,266,7.228,3366.9,2.5559e+05,0,0,0,0,0,0,1.7604,0,0,1.2479,112.45,0,0,0,0,0
67,266,7.228,3366.9,2.5559e+05,0,0,0,6.3e-05,0,0,0,0,0,0,17.84,0,0,0,0,0
67,266,7.228,3366.9,2.5559e+05,0.0052605,0,0,4.841,0,0,0,0,0,8.4961,5.6787,0,0,0,0,0
67,266,7.228,3366.9,2.5559e+05,0.075774,0,0,5.5124,0,0,89.025,0,0,0.73557,1.556,0,0,0,0,0
67,266,7.228,3366.9,2.5559e+05,0,0,0,0,0,0,0,0,0,7.8617,0.18667,0,0,0,0,0
67,266,7.228,3366.9,2.5559e+05,2.8732,0,0,0,0,0,0.76622,0,0,0.056957,0.18667,0,0,0,0,0
67,266,7.228,3366.9,2.5559e+05,8.9343,0,0,0,0,0,0.50998,0,0,7.8617,15.74,0,0,0,0,0
67,266,7.228,3366.9,2.5559e+05,4.6157,0,0,2.9006,0,0,0.16424,0,0,16.378,0.34267,0,0,0,0,0
67,266,7.228,3366.9,2.5559e+05,0.001434,0,0,0,0,0,0,0,0,1.1822,1.2286,0,0,0,0,0
67,266,7.228,3366.9,2.5559e+05,0,0,0.023922,0.89958,0,0,0.16424,0.0021738,0,0.21027,90.175,0,0,0,0,0
67,266,7.228,3366.9,2.5559e+05,0.25322,0,0,0,0,0,0,0.023381,0,0,28.053,0,0,0,0,0
67,266,7.228,3366.9,2.5559e+05,0.016666,0,0,0,0,0,0.16424,0,0,0.8932,0.34267,0,0,0,0,0
67,266,7.228,3366.9,2.5559e+05,0,0,0,0,0,0,20.898,0,0,0.056957,1.0725,0,0,0,0,0
67,266,7.228,3366.9,2.5559e+05,0,0,0,0,0.008333,0,0,0,0,1.4449,0.3452,0,0,0,0,0
67,266,7.228,3366.9,2.5559e+05,0,0,0,0,0,0,15.227,0,0,0,2.8841,0,0,0,0,0
67,266,7.228,3366.9,2.5559e+05,0,0,0,2.1213,0,0,0,0,0,127.87,15.74,0,0,0,0,0
67,266,7.228,3366.9,2.5559e+05,0.017397,0,0,0.0018375,0,0,7.2652,0,0,0.21027,13.954,0,0,0,0,0
67,266,7.228,3366.9,2.5559e+05,0.016668,0,0,0,0,0,0,0,0,0,23.624,0,0,0,0,0
67,266,7.228,3366.9,2.5559e+05,0,0,0,0,0,0,0,0,0,127.87,31.446,0,0,0,0,0
67,266,7.228,3366.9,2.5559e+05,0,0,0,0.53412,0,0,0,0,0,55.455,15.761,0,0,0,0,0
67,266,7.228,3366.9,2.5559e+05,0,0,0,0,0,0,0,0,0,1.5859,4.8003,0,0,0,0,0
67,266,7.228,3366.9,2.5559e+05,0.016317,0,0,0.2954,0,0,0,0,0,4.212,15.761,0,0,0,0,0
67,266,7.228,3366.9,2.5559e+05,0,0,0,21.33,0,0,36.697,0,0,1.0167,0.18667,0,0,0,0,0
67,266,7.228,3366.9,2.5559e+05,0,0,0,0,0,0,378.3,0,0,0,0.18667,0,0,0,0,0
67,266,7.228,3366.9,2.5559e+05,0.015511,0,0,0,0,0,0,0,0,1.5851,0.18667,0,0,0,0,0
67,266,7.228,3366.9,2.5559e+05,0,0,0,0,0,0,0,0,0,0,5.9899,0,0,0,0,0
67,266,7.228,3366.9,2.5559e+05,0,0,0,0,5.9232,1.9538,0,0,0,0,0.18667,0,0,0,0,0
67,266,7.228,3366.9,2.5559e+05,0.032457,0,0,0,0,0,11.692,0,0,0,0.18667,0,0,0,135.15,0
67,266,7.228,3366.9,2.5559e+05,7.7659,0,0,0,0,0,0.16424,0,0,0,0.34092,0,0,0,0,0
67,266,7.228,3366.9,2.5559e+05,0,0,0,0,0,0,0,0,0,16.378,1.7467,0,0,0,0,0
67,266,7.228,3366.9,2.5559e+05,0.052186,0,0.19162,1.1059,0,0,0,0,0,0,0.18667,0,0,0,0,0
67,266,7.228,3366.9,2.5559e+05,0,0,0,0,3.6136,1053.5,0,0,0,1.0245,0.3823,0,0,0,6.5556,0
67,266,7.228,3366.9,2.5559e+05,0,0,0,0,0,0,0,0,0,0,0.34267,0,0,0,0,0
67,266,7.228,3366.9,2.5559e+05,0,0,0,0,0,0,0,0,0,10.481,0.18667,0,0,0,0,0
67,266,7.228,3366.9,2.5559e+05,0,0,0,0,0,0,17.559,0,0,7.6506,0.18667,0,0,0,0,0
67,266,7.228,3366.9,2.5559e+05,1.1681,0,0,0,0,0,23.859,0,0,1.7864,0.18667,0,0,0,0,0
67,266,7.228,3366.9,2.5559e+05,0,0,0.008124,0,0,0,0,0,0,0,9.34,0,0,0,0,0
67,266,7.228,3366.9,2.5559e+05,0,0,0,1.2426,0,0,0.16424,0,0,0.72035,0.18667,0,0,0,0,0
67,266,7.228,3366.9,2.5559e+05,0,0,0,0,0,0,0.16424,0,0,7.8617,8.3848,0,0,0,0,0
67,266,7.228,3366.9,2.5559e+05,0.42196,0,0,0,0,0,0,0,0,0.18086,148.95,0,0,0,0,0
67,266,7.228,3366.9,2.5559e+05,0.8143,0,16.525,0.008155,0,0.0055723,0,0,0,3.8737,0.18667,0,0,0,0,0
67,266,7.228,3366.9,2.5559e+05,0,0,0,8e-05,0,0,0.13695,0,0,0.8932,6.9144,0,0,0,0,0
67,266,7.228,3366.9,2.5559e+05,44.635,0,0,0,0,0,0,0,0,1.0139,0.18667,0,0,0,0,0
67,266,7.228,3366.9,2.5559e+05,3.582,0,0.053214,30.547,0.00524,0,0,0,0,2.6253,36.541,0,0,0,0,0
67,266,7.228,3366.9,2.5559e+05,0.47545,0,0,0,0,1.1633,0,0,0,0,8.8787,0,0,0,0,0
67,266,7.228,3366.9,2.5559e+05,19.942,0,0,0.65075,0,0,0.16424,0,0,0.55196,2.5353,0,0,0,0,0
67,266,7.228,3366.9,2.5559e+05,0.016668,0,0,0,0.002741,0,0,0,0,1.0167,0.51886,0,0,0,0,0
67,266,7.228,3366.9,2.5559e+05,0,0,0,0,0,0,0.16424,0,0,0,0.18667,0,0,0,0,0
67,266,7.228,3366.9,2.5559e+05,0,0,0,0.022686,0,0,0,0,0,0.8932,0.96176,0,0,0,0,0
67,266,7.228,3366.9,2.5559e+05,0,0,0,1.3548,0,0,0,0,0,7.8617,0.18667,0,0,0,0,0
67,266,7.228,3366.9,2.5559e+05,4.2918,0,0,0,0,0,67.307,0,0,3.8737,0.35197,0,0,0,0,0
67,266,7.228,3366.9,2.5559e+05,0,0,0,0.63747,0,0,0.010505,0,0,1.0076,8.3848,0,0,0,0,0
67,266,7.228,3366.9,2.5559e+05,0.00062,0,0,0,0,2.5282,0,0,0,36.785,0.18667,0,0,0,0,0
67,266,7.228,3366.9,2.5559e+05,0,0,0,2.6977,0,0,0,0,0,0.14685,0.18667,0,0,0,0,0
67,266,7.228,3366.9,2.5559e+05,1.1853,0,0,0.62306,0.00524,0,6.8761,0,0,0,8.0593,0,0,0,0,0
67,266,7.228,3366.9,2.5559e+05,0.13642,0.59734,0,0,0,0,0.010505,0,0,0,0.54798,0,0,0,0,0
67,266,7.228,3366.9,2.5559e+05,0,0,0,1.4123,0,0,0.76622,0,0,0.76342,0.18667,0,0,0,0,0
67,266,7.228,3366.9,2.5559e+05,0,0,0,2.2575,0,0,0,0,0,2.6253,0.92485,0,0,0,0,0
67,266,7.228,3366.9,2.5559e+05,0,0.14556,0,0,0.046237,0,0,0,0,0.8932,0.18667,0,0,0,0,0
67,266,7.228,3366.9,2.5559e+05,0.11091,0,0,0,0,2.9514,0,0,0,1.7327,0.18667,0,0,0,0,0
67,266,7.228,3366.9,2.5559e+05,0.052186,0,0,0,0,0,0,0,0,2.6253,0.18667,0,0,0,12.705,0
67,266,7.228,3366.9,2.5559e+05,0,0,0,0.5934,0,0,0,0,0,8.5959,0.18667,0,0,0,0,0
67,266,7.228,3366.9,2.5559e+05,2.3595,0,0,5.2881,0,0,0,0,0,0.65812,0.18667,0,0,0,0,0
67,266,7.228,3366.9,2.5559e+05,0,0,0,0,0,0,0,0,0,0,0.35074,0,0,0,0,0
67,266,7.228,3366.9,2.5559e+05,0,0,0,0,0,0.99471,30.869,0,0,18.081,19.467,0,0,0,0,0
67,266,7.228,3366.9,2.5559e+05,0.003932,0,0,0.014442,0,0.99999,0.50998,0,0,0.39237,1.4391,0,0,0,0,0
67,266,7.228,3366.9,2.5559e+05,0.37606,0,0,0.004919,0,0,0,0,0,0,0.3823,0,0,0,0,0
67,266,7.228,3366.9,2.5559e+05,0.000251,0,0,0,0,0.99999,0,0,0,0,0.18667,0,0,0,0,0
67,266,7.228,3366.9,2.5559e+05,0,0,0,0,0,1.3972,0,0,0,1.7327,0.18667,0,0,0,0,0
67,266,7.228,3366.9,2.5559e+05,0.008534,0,0,0,0,0,0,0,0,0,7.6991,0,0,0,0,0
67,266,7.228,3366.9,2.5559e+05,0.014616,0,0,0,0.008333,0,0.16424,0,0,1.7327,2.274,0,0,0,0,0
67,266,7.228,3366.9,2.5559e+05,0,0,0,0,0.008333,1.1633,0,0,0,1.4449,12.6,0,0,0,0,0
67,266,7.228,3366.9,2.5559e+05,0.046832,0,0,0,0.32852,8.13,17.328,0,0,0,0.45538,0,0,0,0,0
67,266,7.228,3366.9,2.5559e+05,0.003346,0,0,0,0,0,0,0,0,0,22.311,0,0,0,0,0
67,266,7.228,3366.9,2.5559e+05,0,0,0,2.7882,0,0,38.393,0,0,1.808,4.481,0,0,0,83.052,0
67,266,7.228,3366.9,2.5559e+05,213.31,0,0,0,0,0,0,0,0,0,0.22358,0,0,0,0,0
67,266,7.228,3366.9,2.5559e+05,5.2628,0,0,0,0,0,0,0,0,9.1622,1.0725,0,0,0,0,0
67,266,7.228,3366.9,2.5559e+05,0,0,0,0,0,0.00086736,0.16424,0,0,0,10.665,0,0,0,0,0
67,266,7.228,3366.9,2.5559e+05,0.001434,0,0,0,0,0,0,0,0,1.5851,0.18667,0,0,0,0,0
67,266,7.228,3366.9,2.5559e+05,0,0,0,0.000532,0,0.98459,0,0,0,0,0.18667,0,0,0,0,0
67,266,7.228,3366.9,2.5559e+05,0.029713,0,0,0.5934,0,0,0.53887,0,0,1.0834,0.67417,0,0,0,0,0
67,266,7.228,3366.9,2.5559e+05,0,0,0,2.196,0,0,37.034,0,0,8.0476,1.8107,0,0,0,0,0
67,266,7.228,3366.9,2.5559e+05,0.046832,0,0.011746,0,0,0,0,0,0,0,0.18667,0,0,0,0,0
67,266,7.228,3366.9,2.5559e+05,0,0,0,0,0,0,0,0,0,5.6716,0.18667,0,0,0,0,0
67,266,7.228,3366.9,2.5559e+05,0.031671,0,0,5.4083,0,0,0,0,0,9.1622,0.18667,0,0,0,0,0
67,266,7.228,3366.9,2.5559e+05,0.007074,0,0,0,0,0,0,0,0,19.403,1.4513,0,0,0,0,0
67,266,7.228,3366.9,2.5559e+05,0,0,0,0,0,0,27.839,0,0,0.73557,0.6212,0,0,0,0,0
67,266,7.228,3366.9,2.5559e+05,0.10779,0,0,0,0,0.0053144,0,0,0,7.6506,0.18667,0,0,0,0,0
67,266,7.228,3366.9,2.5559e+05,0.021074,0,0,0,0,0,568.08,0,0,0.18086,4.2836,0,0,0,0,0
67,266,7.228,3366.9,2.5559e+05,0,0,0,0,0,0,0,0,0,1.5079,0.22358,0,0,0,0,0
67,266,7.228,3366.9,2.5559e+05,0,0,0,0,0,0,0,0,0,6.8425,0.18667,0,0,0,0,0
67,266,7.228,3366.9,2.5559e+05,0,0,0,0.003089,0,0,0,0,0,0,35.434,0,0,0,0,0
67,266,7.228,3366.9,2.5559e+05,0.015511,0,0.011942,49.677,0.0066565,0,10.056,0,0,0,0.18667,0,0,0,0,0
67,266,7.228,3366.9,2.5559e+05,0,0,0,0,0,0,0,0,0,1.164,0.18667,0,0,0,0,0
67,266,7.228,3366.9,2.5559e+05,0.005239,0,0,0,0,0,0,0,0,0,10.964,0,0,0,0,0
67,266,7.228,3366.9,2.5559e+05,0,0,0,0,0,0,16.39,0,0,0.91947,0.18667,0,0,0,0,0
67,266,7.228,3366.9,2.5559e+05,0,0,0,0,2.5232,0,0,0,0,0.8932,31.047,0,0,0,0,0
67,266,7.228,3366.9,2.5559e+05,0.046643,0,0,7.7101,0,0.99999,0,0,0,0,0.18667,0,0,0,0,0
67,266,7.228,3366.9,2.5559e+05,0,0,0,0,2.3953,23.851,0,0,0,0.44575,3.4073,0,0,0,0,0
67,266,7.228,3366.9,2.5559e+05,0.002068,0,0,0,0,0.98521,0,0,0,1.1822,1.3357,0,0,0,0,0
67,266,7.228,3366.9,2.5559e+05,1.3144,0,0,0.031836,0.003346,0,0,0,0,0,0.18667,0,0,0,0,0
67,266,7.228,3366.9,2.5559e+05,0.69312,0,0,0,0,0,0,0,0,3.8737,0.18667,0,0,0,0,0
67,266,7.228,3366.9,2.5559e+05,0.001009,0,0,5.5124,0.008345,0,0,0,0,1.4449,6.4269,0,0,0,0,0
67,266,7.228,3366.9,2.5559e+05,0,0,0,15.972,0,0,0,0,0,0,0.18667,0,0,0,0,0
67,266,7.228,3366.9,2.5559e+05,0,0,0,1.557,4.2132,0,0,0,0,0,0.93382,0,0,0,0,0
67,266,7.228,3366.9,2.5559e+05,0,0,0.010108,0,0,0,0,0,0,8.5959,0.18667,0,0,0,0,0
67,266,7.228,3366.9,2.5559e+05,0.025781,0,0,0,0.008333,0,0,0,0,0.68445,18.598,0,0,0,0,0
67,266,7.228,3366.9,2.5559e+05,0,0,0,0,1.7441,0,0,0,0,0,10.601,0,0,0,0,0
67,266,7.228,3366.9,2.5559e+05,0,0,0,0,0,0,0,0,0,36.785,1.6999,0,0,0,0,0
67,266,7.228,3366.9,2.5559e+05,0,0,0,0.78773,0,0,486.05,0,0,0.76777,0.18667,0,0,0,0,0
67,266,7.228,3366.9,2.5559e+05,2.0964,0,0,0,0,0,3.9433,0,0,0.73557,0.47944,0,0,0,0,0
67,266,7.228,3366.9,2.5559e+05,0,0,0,0,0,0,0,0,0,0.18086,0.18667,0,0,0,0,0
67,266,7.228,3366.9,2.5559e+05,0,0,0,0,0,0,0,0,0,0.73557,0.18667,0,0,0,0,0
67,266,7.228,3366.9,2.5559e+05,10.136,0,0,0,0,41.942,0,0,0,7.8617,19.71,0,0,0,0,0
67,266,7.228,3366.9,2.5559e+05,11.292,0,0,7.1918,0,0,0,0,0.054781,0,0.67417,0,0,0,0,0
67,266,7.228,3366.9,2.5559e+05,0,0,0,0,0,0,0,0,0,9.1622,0.18667,0,0,0,0,0
67,266,7.228,3366.9,2.5559e+05,0.01603,0,0,0,0,0,0,0,0,2.6253,0.45538,0,0,0,0,0
67,266,7.228,3366.9,2.5559e+05,0,0,0,7.7101,0,0,0,0,0,0,3.8842,0,0,0,0,0
67,266,7.228,3366.9,2.5559e+05,0,0,0,6.4021,0,0,1.0096,0,0,0,0.18667,0,0,0,0,0
67,266,7.228,3366.9,2.5559e+05,1.201,0,0,14.259,0.008333,0,0,0,0,0,0.18667,0,0,0,0,0
67,266,7.228,3366.9,2.5559e+05,0.24201,0,0,2.6977,0,0,0.53887,0,0,0.056957,0.18667,0,0,0,0,0
67,266,7.228,3366.9,2.5559e+05,0,0,0,40.343,0,0,0,0,0,1.2479,5.9677,0,0,0,0,0
67,266,7.228,3366.9,2.5559e+05,0,0,0,0,0,0,25.765,0,0,0,0.34789,0,0,0,0,0
67,266,7.228,3366.9,2.5559e+05,0,0,0,0,0,0,0,0,0,0.18355,0.34092,0,0,0,0,0
67,266,7.228,3366.9,2.5559e+05,0,0,0,0,0,0,0,0,0,0,0.18667,0,0,0,0,0
67,266,7.228,3366.9,2.5559e+05,0.43617,0,0,0.006228,0,0,0,0,0,10.481,22.707,0,0,0,0,0
67,266,7.228,3366.9,2.5559e+05,0,0,0,0,0,0,17.187,0,0,3.8737,0.63213,0,0,0,0,0
67,266,7.228,3366.9,2.5559e+05,5.6983,0,0,0,0,0.00021684,0,0,0,0,0.22358,0,0,0,0,0
67,266,7.228,3366.9,2.5559e+05,0,0,0.007796,0,0,0,24.769,0,0,1.2479,117.22,0,0,0,0,0
67,266,7.228,3366.9,2.5559e+05,0,0,0.78462,0,0,0,0,0,0,13.788,4.8475,0,0,0,0,0
67,266,7.228,3366.9,2.5559e+05,0,0,0,0,0,0,0,0,0,0.73557,185.82,0,0,0,0,0
67,266,7.228,3366.9,2.5559e+05,6.1556,0,0,0,0,0,0,0,0,0,2.436,0,0,0,0,0
67,266,7.228,3366.9,2.5559e+05,0,0,0,11.994,0,0,0,0,0,1.5079,1.6724,0,0,0,0,0
67,266,7.228,3366.9,2.5559e+05,0,0,0,0,0,0,0,0,0,1.5079,48.907,0,0,0,0,0
67,266,7.228,3366.9,2.5559e+05,0,0,0,0,0,0,0,0,0,0.72035,107.68,0,0,0,0,0
67,266,7.228,3366.9,2.5559e+05,0,0,0,0,0,0,0,0,0,1.057,8.0593,0,0,0,0,0
67,266,7.228,3366.9,2.5559e+05,1.3322,0,0,702.44,0,0,0,0,0,1.0139,0.18667,0,0,0,0,0
67,266,7.228,3366.9,2.5559e+05,0.012094,0,0,17.083,0,0,0.75485,0,0,9.1202,0.18667,0,0,0,89.241,0
67,266,7.228,3366.9,2.5559e+05,0,0,0,0,13.494,0,40.966,0,0,1.9819,0.18667,0,0,0,0,0
67,266,7.228,3366.9,2.5559e+05,0,0,0,0,0,0.11831,0.16424,0,0,0.73557,10.665,0,0,0,0,0
67,266,7.228,3366.9,2.5559e+05,4.2918,0,0.034478,0,0,0,0.13695,0,0,0.056957,0.18667,0,0,0,0,0
67,266,7.228,3366.9,2.5559e+05,0,0,0,0,0,0,0,0,0,36.785,0.18667,0,0,0,0,0
67,266,7.228,3366.9,2.5559e+05,0.008815,0,0,0,0,0,0,0,0,0,0.18667,0,0,0,0,0
67,266,7.228,3366.9,2.5559e+05,0,0,0,0,0,0,0,0,0,1.0167,0.54798,0,0,0,0,0
67,266,7.228,3366.9,2.5559e+05,0,0,4.5824,0.01954,0,0,156.72,0,0,13.788,0.35074,0,0,0,0,0
67,266,7.228,3366.9,2.5559e+05,0,0,0,0,0,0,0,0,0,36.785,2.9499,0,0,0,0,0
67,266,7.228,3366.9,2.5559e+05,0,0,0,0,0,0,0,0,0,0,0.66136,0,0,0,37.866,0
67,266,7.228,3366.9,2.5559e+05,0,0,0,0,0,0,0,0,0,8.4961,1.8126,0,0,0,0,0
67,266,7.228,3366.9,2.5559e+05,0,0,0,0,0,0,13.875,0,0,0,22.553,0,0,0,0,0
67,266,7.228,3366.9,2.5559e+05,0.007125,0,0,0,0,0,0.075512,0,0,0.18355,0.18667,0,0,0,0,0
67,266,7.228,3366.9,2.5559e+05,0.016623,0,0,0,0,0.00021684,0,0,0,1.057,3.3484,0,0,0,0,0
67,266,7.228,3366.9,2.5559e+05,0,0,0.0032875,0,0,0,31.786,0,0,1.1822,53.643,0,0,0,0,0
67,266,7.228,3366.9,2.5559e+05,0,0,0,0.13946,0,0,39.523,0,0,2.6253,5.9814,0,0,0,0,0
67,266,7.228,3366.9,2.5559e+05,52.887,0,0,0,0,0.98376,23.18,0,0,9.1622,0.18667,0,0,0,0,0
67,266,7.228,3366.9,2.5559e+05,0.24201,0,0,0,0,233.01,15.406,0,0,36.785,153.58,0,0,0,0,0
67,266,7.228,3366.9,2.5559e+05,0,0,0,0,0,0,0,0,0,0,0.18667,0,0,0,0,0
67,266,7.228,3366.9,2.5559e+05,18.962,0,0,0,0.098167,0,0,0,0,0.14685,0.18667,0,0,0,0,0
67,266,7.228,3366.9,2.5559e+05,0.008776,0,0,0.10023,0,0,0,0,0,55.455,0.24309,0,0,0,0,0
67,266,7.228,3366.9,2.5559e+05,0.084803,0,0,0.081923,0,0,0,0,0,1.5855,0.18667,0,0,0,0,0
67,266,7.228,3366.9,2.5559e+05,0,0,0,7.4444,0.00524,0,0,0,0,0.056957,5.114,0,0,0,0,0
67,266,7.228,3366.9,2.5559e+05,0,0,0,0,0,0,0,0,0,0.91947,1.263,0,0,0,0,0
67,266,7.228,3366.9,2.5559e+05,0.002068,0,0,0,0,0,0.16424,0,0,0,0.36085,0,0,0,0,0
67,266,7.228,3366.9,2.5559e+05,0,0,0,0.027678,0,0,305.25,0,0,5.6716,10.3,0,0,0,0,0
67,266,7.228,3366.9,2.5559e+05,0,0,0,77.353,0,0,0,0,0,0.39237,3.65,0,0,0,0,0
67,266,7.228,3366.9,2.5559e+05,0.52666,0,0,0,8.354,6.8589,0,0,0,0,3.8842,0,0,0,0,0
67,266,7.228,3366.9,2.5559e+05,0.015697,1.9128,0,0.002889,0,1.0028,35.91,0,0,6.8425,5.6466,0,0,0,0,0
67,266,7.228,3366.9,2.5559e+05,0,0,0,0,0,0,0,0,0,5.7109,5.9814,0,0,0,0,0
67,266,7.228,3366.9,2.5559e+05,0,0,0,0,0,0,0.16424,0,0,1.808,14.813,0,0,0,0,0
67,266,7.228,3366.9,2.5559e+05,0,0,0,0,0,0,0,0,0,2.6253,11.961,0,0,0,0,0
67,266,7.228,3366.9,2.5559e+05,0,0,0,0,0,0,0.53887,0,0,0.18355,2.5353,0,0,0,0,0
67,266,7.228,3366.9,2.5559e+05,0,0,0,0,0,0,0,0,0,3.8254,0.18667,0,0,0,0,0
67,266,7.228,3366.9,2.5559e+05,0.062136,0,0,0.032727,0.007148,0,0.0029097,0,0,7.8617,11.612,0,0,0,0,0
67,266,7.228,3366.9,2.5559e+05,0,0,0,0.11864,0,0,0.16424,0,0,0.65812,1.7467,0,0,0,0,0
67,266,7.228,3366.9,2.5559e+05,0,0,0,0,0,0,0,0,0,0,2.0321,0,0,0,0,0
67,266,7.228,3366.9,2.5559e+05,0.32209,0,0,6.1258,0,0,0,0,0,1.9819,0.29739,0,0,0,0,0
67,266,7.228,3366.9,2.5559e+05,0,0,0,0,0,3.144,0,0,0,7.6506,0.18667,0,0,0,0,0
67,266,7.228,3366.9,2.5559e+05,0,0,4.5475,0,0,0,0,0,0,0.21027,0.18667,0,0,0,0,0
67,266,7.228,3366.9,2.5559e+05,0,0,0,0,0,0,0,0,0,0.68445,0.3823,0,0,0,0,0
67,266,7.228,3366.9,2.5559e+05,0.2086,0,0,0,0,0,0,0,0,0,0.18667,0,0,0,0,0
67,266,7.228,3366.9,2.5559e+05,5.4939,0,0,0,0,0,18.904,0,0,0,0.40813,0,0,0,0,0
67,266,7.228,3366.9,2.5559e+05,0.029081,0,0.003932,0.5934,0,0,0,0,0,7.6506,12.927,0,0,0,0,0
67,266,7.228,3366.9,2.5559e+05,0.007125,0,0,0,0,0,105.22,0,0,5.6716,4.0621,0,0,0,0,0
67,266,7.228,3366.9,2.5559e+05,1.0377,0,0,0,0,0.13158,0,0,0,0,2.4339,0,0,0,0,0
67,266,7.228,3366.9,2.5559e+05,1.5368,0,0,3.6181,0,0.025839,27.839,0,0,1.4449,27.942,0,0,0,0,0
67,266,7.228,3366.9,2.5559e+05,4.6157,0,0,0,0,0,0.075512,0,0,1.0245,0.18667,0,0,0,0,0
67,266,7.228,3366.9,2.5559e+05,0,0,0,0,0,0,38.393,0,0,0.4212,0.18667,0,0,0,0,0
67,266,7.228,3366.9,2.5559e+05,0,0,0,0,0,0.11831,0,0,0,0.91947,0.93382,0,0,0,0,0
67,266,7.228,3366.9,2.5559e+05,0,0,0,0,0,0,29.704,0,0,18.081,0.18667,0,0,0,0,0
67,266,7.228,3366.9,2.5559e+05,0,0,0,0,0,0,0,0,0,1.8949,3.8481,0,0,0,0,0
67,266,7.228,3366.9,2.5559e+05,0,0,0,0,0,0,0,0,0,3.8737,0.18667,0,0,0,0,0
67,266,7.228,3366.9,2.5559e+05,3.485,0,0,2.2575,0,0,0,0,0,0.91947,10.601,0,0,0,0,0
67,266,7.228,3366.9,2.5559e+05,0,0,0,0,0,0,0,0,0,0.91947,0.88794,0,0,0,0,0
67,266,7.228,3366.9,2.5559e+05,0,0,0,0,0,0.98597,0,0,0,1.164,1.445,0,0,0,0,0
67,266,7.228,3366.9,2.5559e+05,0.016668,0,0,0,0.40211,0.0053144,0.14485,0,0,0,0.6212,0,0,0,0,0
67,266,7.228,3366.9,2.5559e+05,0,0,0,0,0,0.00078163,0.50998,0,0,0,0.18667,0,0,0,0,0
67,266,7.228,3366.9,2.5559e+05,0,0,0,0,0,0,0.16424,0,0,0.63421,143.35,0,0,0,0,0
67,266,7.228,3366.9,2.5559e+05,0,0,0,0.007748,0,0,25.748,0,0,8.0476,0.18667,0,0,0,0,0
67,266,7.228,3366.9,2.5559e+05,0,0,0,0,0,0,0.50998,0,0,0,0.18667,0,0,0,0,0
67,266,7.228,3366.9,2.5559e+05,0,0,0,0,0,0.6555,137.86,0,0,1.261,80.929,0,0,0,0,0
67,266,7.228,3366.9,2.5559e+05,7.8e-05,0,0,0,0,1.5949,0.75485,0,0,21.917,24.569,0,0,0,0,0
67,266,7.228,3366.9,2.5559e+05,7.7659,0,0,0,0,0,0,0,0,0,7.1196,0,0,0,0,0
67,266,7.228,3366.9,2.5559e+05,0.001009,0,0,0,0,0.025839,0,0,0,0.8932,0.18667,0,0,0,0,0
68,267,2.9,9259.3,7.0291e+05,0,0,0,0,0,0,0,0,0,1.2479,2.4226,0,0,0,50.766,0
68,267,2.9,9259.3,7.0291e+05,2.4783,0,0,4.0275,0,0.0049873,0,0,0,3.8737,0.18667,0,0,0,0,0
68,267,2.9,9259.3,7.0291e+05,7.1344,0,0,2.7049,0,0,0.75485,0,0,1.0834,8.6779,0,0,0,0,0
68,267,2.9,9259.3,7.0291e+05,1.3322,0,0,0,0,0,0,0,0,3.8737,8.4911,0,0,0,0,0
68,267,2.9,9259.3,7.0291e+05,0.33369,0,0,0,0.6169,0,0,0,0,7.6506,0.18667,0,0,0,0,0
68,267,2.9,9259.3,7.0291e+05,0,0,0,0,0,0,14.671,0,0,8.4961,0.38211,0,0,0,0,0
68,267,2.9,9259.3,7.0291e+05,8.6656,0,0,0.000958,0,2.5282,0,0,0,0.68445,8.9997,0,0,0,0,0
68,267,2.9,9259.3,7.0291e+05,0,0,0,0,0,0,0,0,0,0,23.153,0,0,0,0,0
68,267,2.9,9259.3,7.0291e+05,0.002344,0,0,1.6252,0,0,0,0,0,0.8932,11.749,0,0,0,0,0
68,267,2.9,9259.3,7.0291e+05,0.000254,0,0.025079,0,0,0.025839,0,0,0,1.7864,14.717,0,0,0,0,0
68,267,2.9,9259.3,7.0291e+05,0,0,1.1068,0,0,0.0017889,5.5298,0,0,0,4.0621,0,0,0,0,0
68,267,2.9,9259.3,7.0291e+05,0.001009,0,0,0,0.57162,0,0,0,0,0,16.205,0,0,0,0,0
68,267,2.9,9259.3,7.0291e+05,0.015697,0,0.33293,0,0,0,0,0,0,0.44575,8.3756,0,0,0,0,0
68,267,2.9,9259.3,7.0291e+05,0.58816,0,0,0,0,0,0,0,0,5.6716,0.99867,0,0,0,86.454,0
68,267,2.9,9259.3,7.0291e+05,0,0,0,6.3e-05,0,0,0,0,0,1.0245,1.4513,0,0,0,0,0
68,267,2.9,9259.3,7.0291e+05,0.00062,0,0,0,0,0,0,0,0,1.2479,1.3308,0,0,0,0,0
68,267,2.9,9259.3,7.0291e+05,0,0,0,0,0,0,0,0,0,0,0.18667,0,0,0,0,0
68,267,2.9,9259.3,7.0291e+05,0,0,0,4.2324,0,4.9167e-05,0,0,0,0.76777,0.18667,0,0,0,0,0
68,267,2.9,9259.3,7.0291e+05,0.0066886,0,0,0,0,0,15.227,0,0,3.8254,0.18667,0,0,0,0,0
68,267,2.9,9259.3,7.0291e+05,0.000765,0,0,0,0,0,0,0,0,0.76342,0.22358,0,0,0,0,0
68,267,2.9,9259.3,7.0291e+05,0,0,1.5498,0.086946,0,0.99999,0,0,0,1.261,0.29739,0,0,0,0,0
68,267,2.9,9259.3,7.0291e+05,0.002139,0,0,0,0.00524,0,18.904,0,0,21.917,3.4073,0,0,0,0,0
68,267,2.9,9259.3,7.0291e+05,0,0,0,0,0,0,0,0,0,0,0.18667,0,0,0,0,0
68,267,2.9,9259.3,7.0291e+05,0,0,0,839.51,0,0,0,0,0,3.8737,1.1511,0,0,0,0,0
68,267,2.9,9259.3,7.0291e+05,0,0,0,0.038363,0,0,51.134,0,0,1.5079,0.18667,0,0,0,0,0
68,267,2.9,9259.3,7.0291e+05,7.7659,0,0,0,0,0,0,0,0,1.0167,6.6904,0,0,0,0,0
68,267,2.9,9259.3,7.0291e+05,3.7435,0,0,0,0,0,64.859,0,0,1.0076,0.96176,0,0,0,13.97,0
68,267,2.9,9259.3,7.0291e+05,0.016623,0,0,0,0.22297,0,0,0,0,0,0.37122,0,0,0,0,0
68,267,2.9,9259.3,7.0291e+05,10.685,0,0,0,0,0,0,0,0,0.4212,2.9072,0,0,0,0,0
68,267,2.9,9259.3,7.0291e+05,0.00524,0,0,9.8813,0,0,0,0,0,127.87,23.137,0,0,0,0,0
68,267,2.9,9259.3,7.0291e+05,0,0,0,0,0,0,57.19,0,0,1.0834,5.5492,0,0,0,0,0
68,267,2.9,9259.3,7.0291e+05,0.000254,0,0,0,0,0,0,0,0,0,112.45,0,0,0,0,0
68,267,2.9,9259.3,7.0291e+05,0.015961,0,0,0,0,0,0,0,0,1.5851,0.18667,0,0,0,0,0
68,267,2.9,9259.3,7.0291e+05,0.000234,0,0,8.0188,0,0,0,0,0,5.7231,0.22358,0,0,0,0,0
68,267,2.9,9259.3,7.0291e+05,0.28052,0,0,36.701,0.000376,0,0,0,0,0.68445,1.1511,0,0,0,0,0
68,267,2.9,9259.3,7.0291e+05,1.4291,0,0,0.003089,0,0.00078163,0.075512,0,0,0,3.6126,0,0,0,176.46,0
68,267,2.9,9259.3,7.0291e+05,8.1756,0,0,0,0,0,0,0,0,0.63421,0.18667,0,0,0,0,0
68,267,2.9,9259.3,7.0291e+05,0,0,0,24.052,3.5297,0,486.05,0,0,0,0.18667,0,0,0,0,0
68,267,2.9,9259.3,7.0291e+05,0.34864,0,0,3.0435,1.8423,0,110.47,0,0,0,23.122,0,0,0,0,0
68,267,2.9,9259.3,7.0291e+05,0,0,0,0,0,0,0,0,0,0.72035,0.18667,0,0,0,0,0
68,267,2.9,9259.3,7.0291e+05,0,0,0,0,0,0,0,0,0,0.44682,0.18667,0,0,0,0,0
68,267,2.9,9259.3,7.0291e+05,0.003416,0,0,0,0,0,0,0,0,1.7327,0.70126,0,0,0,0,0
68,267,2.9,9259.3,7.0291e+05,0,0,0,0.028822,0,0,0,0,0,1.5079,8.6757,0,0,0,0,0
68,267,2.9,9259.3,7.0291e+05,0.017397,0,0,10.672,0,0,15.212,0,0,5.7231,0.3407,0,0,0,0,0
68,267,2.9,9259.3,7.0291e+05,0.074814,0,0,0.89958,0,0,0,0,0,8.0476,1.1511,0,0,0,0,0
68,267,2.9,9259.3,7.0291e+05,0,0,0,78.911,0,0,0,0,0,1.5859,0.54798,0,0,0,6.2189,0
68,267,2.9,9259.3,7.0291e+05,0.00062,0,0.006195,0.94773,0,0.99999,0,0,0,0,1.3385,0,0,0,0,0
68,267,2.9,9259.3,7.0291e+05,0,0,0,0.62687,0,0.99999,0,0,0,55.455,0.71492,0,0,0,0,0
68,267,2.9,9259.3,7.0291e+05,1.8111,0,0,0.13351,0,0,0,0,0,0,2.1165,0,0,0,0,0
68,267,2.9,9259.3,7.0291e+05,3.582,0,0,0,0,0,0,0,0,1.1034,0.54798,0,0,0,0,0
68,267,2.9,9259.3,7.0291e+05,0,0,0,3.8956,0,0,25.869,0,0,1.4449,29.012,0,0,0,0,0
68,267,2.9,9259.3,7.0291e+05,0,0,0,0.10982,0,0,0.16424,0,0,0.44682,3.6126,0,0,0,36.222,0
68,267,2.9,9259.3,7.0291e+05,2.9061,0,0,0.59937,3.9243,0.51173,0,0,0,0.4212,6.8495,0,0,0,0,0
68,267,2.9,9259.3,7.0291e+05,0,0,0,0.071919,0,0,0.010505,0,0,0,0.18667,0,0,0,0,0
68,267,2.9,9259.3,7.0291e+05,0,0,0,0,0,0,0,0,0,8.5959,0.18667,0,0,0,0,0
68,267,2.9,9259.3,7.0291e+05,0,0,0,0,0.00328,3.5562,0,0,0,1.4449,0.18667,0,0,0,0,0
68,267,2.9,9259.3,7.0291e+05,2.0559,0,0,0,0,0.13158,0,0,0,0.44682,0.18667,0,0,0,0,0
68,267,2.9,9259.3,7.0291e+05,0.016623,0,0,0,0,0,56.393,0,0,1.0076,21.143,0,0,0,0,0
68,267,2.9,9259.3,7.0291e+05,4.92,0,0,0,0,0,0,0,0,3.8254,15.543,0,0,0,0,0
68,267,2.9,9259.3,7.0291e+05,0.003346,0,0,0,0,0.99271,0,0,0,0.44682,0.33632,0,0,0,0,0
68,267,2.9,9259.3,7.0291e+05,1.0855,0,0,0.071919,0,0,0,0,0,7.8617,5.5606,0,0,0,0,0
68,267,2.9,9259.3,7.0291e+05,0,0,0,0,0,0.10178,0,0,0,0,12.914,0,0,0,142.82,0
68,267,2.9,9259.3,7.0291e+05,0,0,0,0,0,1.0046,0.0029097,0,0,13.788,0.18667,0,0,0,0,0
68,267,2.9,9259.3,7.0291e+05,0.011135,0,0,0,0,0,0,0,0,0,1.5754,0,0,0,0,0
68,267,2.9,9259.3,7.0291e+05,0.002011,0,0,0,0,0,0,0,0,1.1034,2.0321,0,0,0,0,0
68,267,2.9,9259.3,7.0291e+05,0.24201,0,0,0,18.873,260.13,0.76622,0,0,1.4449,17.711,0,0,0,0,0
68,267,2.9,9259.3,7.0291e+05,2.514,0,0,0,0.11293,0.99999,98.782,0,0,3.4087,5.6466,0,0,0,0,0
68,267,2.9,9259.3,7.0291e+05,0,0,0,0,4.5351,0,0,0,0,1.0076,0.18667,0,0,0,0,0
68,267,2.9,9259.3,7.0291e+05,0,0,0,0.012476,0,0.99999,0.11746,0,0,0.76342,0.34503,0,0,0,0,0
68,267,2.9,9259.3,7.0291e+05,0,0,0,0,0,0,0,0,0,1.5079,0.22358,0,0,0,0,0
68,267,2.9,9259.3,7.0291e+05,0,0,0,0,3.1376,0,0.16424,0,0,4.212,6.3191,0,0,0,0,0
68,267,2.9,9259.3,7.0291e+05,0,0,0,5.1387,0,0,0,0.10958,0,1.7864,0.18667,0,0,0,0,0
68,267,2.9,9259.3,7.0291e+05,0,0,0,0.007748,0,0,0.010505,0,0,1.4449,0.18667,0,0,0,0,0
68,267,2.9,9259.3,7.0291e+05,0,0,0,8.14,0,0,0,0,0,0.18086,24.214,0,0,0,0,0
68,267,2.9,9259.3,7.0291e+05,0,0,0,0,0,0,0,0,0,0,0.54798,0,0,0,0,0
68,267,2.9,9259.3,7.0291e+05,0.0094374,0,0,0,0,0,1.0096,0,0,5.6716,7.2436,0,0,0,0,0
68,267,2.9,9259.3,7.0291e+05,0,0,0,0,0.00644,0,0,0,0,55.455,4.3035,0,0,0,0,0
68,267,2.9,9259.3,7.0291e+05,0.00524,0,0,0,0,0,0.02739,0,0,19.403,1.09,0,0,0,0,0
68,267,2.9,9259.3,7.0291e+05,0,0,0,7.052,0,0,0,0,0,0,73.378,0,0,0,0,0
68,267,2.9,9259.3,7.0291e+05,0.003485,0,0.62501,1.6226,0,0.024696,0,0,0,0,0.18667,0,0,0,0,0
68,267,2.9,9259.3,7.0291e+05,0,0,0,0,0,0,0,0,0,1.057,0.18667,0,0,0,0,0
68,267,2.9,9259.3,7.0291e+05,0,0,0,0,0,6.3939,568.08,0,0,1.5851,5.9677,0,0,0,0,0
68,267,2.9,9259.3,7.0291e+05,14.953,0,0,0,0,0,0,0,0,0.44575,27.942,0,0,0,855.59,0
68,267,2.9,9259.3,7.0291e+05,0,0,0,4.4326,0,0,2.1326,0,0,0,5.3971,0,0,0,0,0
68,267,2.9,9259.3,7.0291e+05,0,0,0,0.013572,0,0,0.53887,0,0,7.8617,0.35421,0,0,0,0,0
68,267,2.9,9259.3,7.0291e+05,0,0,0,0,0,0,0,0,0,1.5859,1.6724,0,0,0,0,0
68,267,2.9,9259.3,7.0291e+05,0,0,0,0.0061905,34.699,0,0,0,0,1.5079,9.6013,0,0,0,0,0
68,267,2.9,9259.3,7.0291e+05,8.5811,0,0,0.028822,0,0,5.5298,0,0,0,0.96176,0,0,0,0,0
68,267,2.9,9259.3,7.0291e+05,0,0,0,0.79971,0,0,12.732,0,0,1.0834,0.18667,0,0,0,0,0
68,267,2.9,9259.3,7.0291e+05,0.10779,0,0,0,0,0,0.16424,0,0,5.6716,14.407,0,0,0,0,0
68,267,2.9,9259.3,7.0291e+05,0.008534,0,0,0,0,0,0.75485,0,0,8.4961,2.1299,0,0,0,0,0
68,267,2.9,9259.3,7.0291e+05,0,0,0,0.59937,0,0,0,0,0,0,0.18667,0,0,0,0,0
68,267,2.9,9259.3,7.0291e+05,0,0,0,3.743,0,0.002585,0,0,0,13.788,0.96176,0,0,0,0,0
68,267,2.9,9259.3,7.0291e+05,0,0,0,4.9903,0,0,29.471,0,0,0.39237,0.35238,0,0,0,0,0
68,267,2.9,9259.3,7.0291e+05,0,0,0,0,0,0,0,0,0,0,0.18667,0,0,0,0,0
68,267,2.9,9259.3,7.0291e+05,0.75436,0,0,0,0,0,0,0,0,1.057,0.18667,0,0,0,0,0
68,267,2.9,9259.3,7.0291e+05,0,0,0,10.491,0,0,0,0,0,5.7109,0.18667,0,0,0,0,0
68,267,2.9,9259.3,7.0291e+05,0,0,0,0,0,0,0,0,0,13.788,0.18667,0,0,0,0,0
68,267,2.9,9259.3,7.0291e+05,18.962,0,0,0,0,0,0,0,0,9.1202,3.36,0,0,0,0,0
68,267,2.9,9259.3,7.0291e+05,0,0,0,0,0.57162,0,38.393,0,0,0,13.082,0,0,0,0,0
68,267,2.9,9259.3,7.0291e+05,0,0,0,0,0,0,0,0,0,5.6716,0.34397,0,0,0,0,0
68,267,2.9,9259.3,7.0291e+05,0,0,0,0,0.001463,0,0,0,0,0,0.18667,0,0,0,0,0
68,267,2.9,9259.3,7.0291e+05,0,0,0,0,0.003485,1.0004,0,0,0,1.7327,219.68,0,0,0,0,0
68,267,2.9,9259.3,7.0291e+05,0.27826,0,0,0,28.781,0.99999,0,0,0,1.7327,8.8643,0,0,0,0,0
68,267,2.9,9259.3,7.0291e+05,0,0,0,0,0,0,0,0,0,0,6.2013,0,0,0,0,0
68,267,2.9,9259.3,7.0291e+05,36.198,0,0,1.9426,0,0,6.0667,0,0,0.4212,16.601,0,0,0,0,0
68,267,2.9,9259.3,7.0291e+05,0.25322,0,0,0,0,0,0.50998,0,0,0.63421,0.26048,0,0,0,0,0
68,267,2.9,9259.3,7.0291e+05,0.46331,0,0,0,0,0,0,0,0,3.4087,15.761,0,0,0,0,0
68,267,2.9,9259.3,7.0291e+05,0.042717,0,0,0.055247,0,0,0,0,0,1.0167,3.36,0,0,0,0,0
68,267,2.9,9259.3,7.0291e+05,0,0,0,0,0,9.0625,35.47,0,0,21.917,0.18667,0,0,0,0,0
68,267,2.9,9259.3,7.0291e+05,0,0,0,0,0,0.032763,0,0,0,21.917,0.18667,0,0,0,0,0
68,267,2.9,9259.3,7.0291e+05,0.001493,0,0,8.6e-05,38.298,0,38.067,0,0,0,0.18667,0,0,0,0,0
68,267,2.9,9259.3,7.0291e+05,0.11091,0,0,5.1387,0,0,0,0,0,36.785,0.37122,0,0,0,0,0
68,267,2.9,9259.3,7.0291e+05,0,0,0,0,0,0,0,0,0,0.55196,1.5754,0,0,0,0,0
68,267,2.9,9259.3,7.0291e+05,23.386,0,2.0562,0,0.57162,0,87.667,0,0,0.63421,0.18667,0,0,0,0,0
68,267,2.9,9259.3,7.0291e+05,0,0,0,0.2954,0,0,0.16424,0,0,0,0.18667,0,0,0,0,0
68,267,2.9,9259.3,7.0291e+05,0,0,0,0,0,0,0,0,0,0.056957,36.283,0,0,0,0,0
68,267,2.9,9259.3,7.0291e+05,0,0,0,0,0,0,0,0,0,0,0.18667,0,0,0,0,0
68,267,2.9,9259.3,7.0291e+05,0,0,0,0.23739,0,1.0004,0,0,0,4.212,0.22358,0,0,0,0,0
68,267,2.9,9259.3,7.0291e+05,0,0,0.1477,0,0,0.00078163,0.16424,0,0,16.378,0.92485,0,0,0,0,0
68,267,2.9,9259.3,7.0291e+05,24.088,0,0,12.779,0,0,168.84,0,0,0,39.913,0,0,0,0,0
68,267,2.9,9259.3,7.0291e+05,0.37464,0,0,0,0,0,0,0,0,0.55196,0.18667,0,0,0,0,0
68,267,2.9,9259.3,7.0291e+05,0,0,2.0084,0.87642,0,0,0,0,0,13.788,0.18667,0,0,0,0,0
68,267,2.9,9259.3,7.0291e+05,6.3112,0,0,0.014442,0,0,0,0,0,1.164,0.34426,0,0,0,0,0
68,267,2.9,9259.3,7.0291e+05,14.953,0,7.8e-05,0,2.3953,0,0,0,0,0.27721,0.18667,0,0,0,175.17,0
68,267,2.9,9259.3,7.0291e+05,0,0,0,0.3642,0,0,11.692,0,0,1.2479,0.33632,0,0,0,0,0
68,267,2.9,9259.3,7.0291e+05,0.025079,0,0,0,0,0.00047402,0.50998,0,0,0.4212,0.18667,0,0,0,0,0
68,267,2.9,9259.3,7.0291e+05,0,0,0,0,0,0,0,0,0,0.76777,12.901,0,0,0,0,0
68,267,2.9,9259.3,7.0291e+05,0.31958,0,0,0.041874,0,0,0,0,0,9.1202,14.178,0,0,0,0,0
68,267,2.9,9259.3,7.0291e+05,0.1026,0,0,0,0,1053.5,1.0096,0,0,6.8425,37.875,0,0,0,0,0
68,267,2.9,9259.3,7.0291e+05,0.064502,0,0,0,0,0,0,0,0,0,0.34441,0,0,0,0,0
68,267,2.9,9259.3,7.0291e+05,0,0,0,0,0,0,0,0,0,0,2.1299,0,0,0,8.1137,0
68,267,2.9,9259.3,7.0291e+05,0,0,0,0,0,0,0,0,0,2.6253,0.35074,0,0,0,0,0
68,267,2.9,9259.3,7.0291e+05,0,0,0,8e-05,0,0,0,0,0,0,0.18667,0,0,0,0,0
68,267,2.9,9259.3,7.0291e+05,0,0,0,0,0,0,0,0,0,1.0167,11.075,0,0,0,0,0
68,267,2.9,9259.3,7.0291e+05,0.016623,0,0,0.35097,0,0.032763,0,0,0,16.378,2.274,0,0,0,0,0
68,267,2.9,9259.3,7.0291e+05,0.44161,0,0,10.491,12.356,0,0,0,0,0.68445,62.342,0,0,0,0,0
68,267,2.9,9259.3,7.0291e+05,1.7234,0,0,2.7049,0,59.384,0,0,0,9.1622,0.18667,0,0,0,0,0
68,267,2.9,9259.3,7.0291e+05,0,0,0,2.7882,0,1.471,0,0,0,0,0.18667,0,0,0,0,0
68,267,2.9,9259.3,7.0291e+05,2.9061,0,0,0,0.008333,1.0113,0,0,0,0,1.7499,0,0,0,0,0
68,267,2.9,9259.3,7.0291e+05,0,0,0,0.25819,0,0,32.701,0,0,0,0.29739,0,0,0,0,0
68,267,2.9,9259.3,7.0291e+05,0,0,0,0,0.039743,0,145.74,0,0,0,34.003,0,0,0,0,0
68,267,2.9,9259.3,7.0291e+05,2.2446,0,0,0,0,0,0.50998,0,0,6.8425,0.18667,0,0,0,0,0
68,267,2.9,9259.3,7.0291e+05,49.594,0,0,0.40043,0,0,1.0096,0,0,0,10.846,0,0,0,13.328,0
68,267,2.9,9259.3,7.0291e+05,0,0,0,0,0.089657,0,0.50998,0,0,0.68445,7.5145,0,0,0,0,0
68,267,2.9,9259.3,7.0291e+05,0.11549,0,0,0,0,0,0,0,0,0,0.96176,0,0,0,0,0
68,267,2.9,9259.3,7.0291e+05,0,0,0,0,0.022568,0,0,0,0,4.212,0.34385,0,0,0,0,0
68,267,2.9,9259.3,7.0291e+05,0,0,0,0.17191,0.005239,0,0,0,0,0.76342,0.18667,0,0,0,0,0
68,267,2.9,9259.3,7.0291e+05,0,0,0,0,0,0,0,0,0,0,0.18667,0,0,0,0,0
68,267,2.9,9259.3,7.0291e+05,0,0,0,0,0,0,48.755,0,0,21.917,0.18667,0,0,0,0,0
68,267,2.9,9259.3,7.0291e+05,0,0,0,0,0,0.0095737,0.02739,0,0,0.056957,1.8458,0,0,0,0,0
68,267,2.9,9259.3,7.0291e+05,0,0,0,0,0,0.076187,35.47,0,0,8.4961,36.283,0,0,0,4.3916,0
68,267,2.9,9259.3,7.0291e+05,0.01603,0,0,0,0,0,0,0,0,9.1202,0.18667,0,0,0,0,0
68,267,2.9,9259.3,7.0291e+05,0,0,0,0.026197,0,1.0098,0,0,0,0,10.511,0,0,0,3.1442,0
68,267,2.9,9259.3,7.0291e+05,0.14515,0,0,0,0.000124,0,0,0,0,0,4.4486,0,0,0,0,0
68,267,2.9,9259.3,7.0291e+05,2.0559,0,0,0,0,0,0.16424,0,0,55.455,0.18667,0,0,0,0,0
68,267,2.9,9259.3,7.0291e+05,0,0,0,0,0,0.0040468,0,0,0,0,1.556,0,0,0,51.846,0
68,267,2.9,9259.3,7.0291e+05,4.8389,0,0,4.0275,0,0.99999,170.21,0,0,0,0.18667,0,0,0,0,0
68,267,2.9,9259.3,7.0291e+05,0,0,0,1.9588,0,0,0,0,0,0.91947,0.34426,0,0,0,0,0
68,267,2.9,9259.3,7.0291e+05,0.01603,0,0,0.055247,0,0,0,0,0,8.5959,3.6192,0,0,0,117.34,0
68,267,2.9,9259.3,7.0291e+05,0,0,0.016431,0,0,0,0,0,0,16.378,2.0171,0,0,0,0,0
68,267,2.9,9259.3,7.0291e+05,0,0,0,0,0,0,0,0,0,0,71.79,0,0,0,0,0
68,267,2.9,9259.3,7.0291e+05,0,0,0,0,0,0,0.16424,0,0,3.8254,0.18667,0,0,0,0,0
68,267,2.9,9259.3,7.0291e+05,0.016466,0,0,0,0,0,0,0,0,0.21027,2.1299,0,0,0,0,0
68,267,2.9,9259.3,7.0291e+05,0,0,0.0057205,19.215,0,0,44.12,0,0,3.4087,1.2593,0,0,0,0,0
68,267,2.9,9259.3,7.0291e+05,0,0,0,0,4.119,0,0,0.35769,0,36.785,0.18667,0,0,0,0,0
68,267,2.9,9259.3,7.0291e+05,0.0066886,0,0,0,0,0,110.47,0,0,0,0.18667,0,0,0,0,0
68,267,2.9,9259.3,7.0291e+05,0,0,0,0.0003845,0.86686,0,0,0,0,21.917,2.7225,0,0,0,0,0
68,267,2.9,9259.3,7.0291e+05,0,0,0,0,0,0,29.471,0,0,0,0.18667,0,0,0,0,0
68,267,2.9,9259.3,7.0291e+05,0,0,0,0.011799,0,0,164.51,0,0,0.72035,0.18667,0,0,0,0,0
68,267,2.9,9259.3,7.0291e+05,3.485,0,0,0.13351,0,1.4985,0,0,0,0.68445,0.18667,0,0,0,0,0
68,267,2.9,9259.3,7.0291e+05,0,0,0,0,0,0.025225,0,0,0,36.785,0.18667,0,0,0,0,0
68,267,2.9,9259.3,7.0291e+05,3.6399,0,0,0.015108,0,0.99999,0,0,0,0,0.34267,0,0,0,0,0
68,267,2.9,9259.3,7.0291e+05,0.023102,0,0,0,0,0,0,0,0,0.056957,13.082,0,0,0,0,0
68,267,2.9,9259.3,7.0291e+05,0,0,0,0,0,0,0,0,0,1.0834,0.18667,0,0,0,0,0
68,267,2.9,9259.3,7.0291e+05,0,0,0,0,0,0,0,0,0,0,0.18667,0,0,0,0,0
68,267,2.9,9259.3,7.0291e+05,0,0.045528,21.032,0,0,0,0,0,0,1.0245,2.9499,0,0,0,0,0
68,267,2.9,9259.3,7.0291e+05,0,1.1e-05,0,5.5986,0,1.0028,34.484,0,0,10.481,0.18667,0,0,0,0,0
68,267,2.9,9259.3,7.0291e+05,0,0,0,0.13946,0,0,0.0029097,0,0,0.4212,3.9931,0,0,0,40.785,0
68,267,2.9,9259.3,7.0291e+05,0,0,0,0.55079,0,0.99999,0.39583,0,0,6.8425,2.9499,0,0,0,0,0
68,267,2.9,9259.3,7.0291e+05,0,0,0,2.196,0,0,0,0,0,0,0.18667,0,0,0,0,0
68,267,2.9,9259.3,7.0291e+05,0.88404,0,0,4.3532,0,0,0.16424,0,0,0.76777,0.18667,0,0,0,0,0
68,267,2.9,9259.3,7.0291e+05,0.00062,0,0,0,0,0,0,0,0,7.6506,0.45538,0,0,0,0,0
68,267,2.9,9259.3,7.0291e+05,0,0,0,0,0,1.2014,0,0,0,19.403,12.182,0,0,0,0,0
68,267,2.9,9259.3,7.0291e+05,0,0,0,0.3141,0,29.035,0,0,0,0,0.18667,0,0,0,0,0
68,267,2.9,9259.3,7.0291e+05,0.0021738,0,0,0,0,0,0,0,0,0.39237,0.22358,0,0,0,0,0
68,267,2.9,9259.3,7.0291e+05,0.040773,0,0,0,0,0,0,0,0,0,0.71492,0,0,0,0,0
68,267,2.9,9259.3,7.0291e+05,0,0,0,4.2324,74.584,0,38.393,0,0,1.0408,0.34267,0,0,0,0,0
68,267,2.9,9259.3,7.0291e+05,0,0,0,0.89958,0,0,3.0234,0,0,13.788,0.18667,0,0,0,0,0
68,267,2.9,9259.3,7.0291e+05,0,0,0,0,0.008332,0,78.37,0,0,0,9.34,0,0,0,177.32,0
68,267,2.9,9259.3,7.0291e+05,0.49085,0,0,0.013572,0,0,0,0,0,2.6253,20.511,0,0,0,0,0
68,267,2.9,9259.3,7.0291e+05,0,0,0,0,0,0.032763,0.16424,0,0,1.0167,15.543,0,0,0,7.64,0
68,267,2.9,9259.3,7.0291e+05,0.24201,0,0,0,74.584,9.0625,0,0,0,6.8425,0.43851,0,0,0,0,0
68,267,2.9,9259.3,7.0291e+05,0,0,0,0,0.008333,0,0,0,0,1.1822,0.18667,0,0,0,0,0
68,267,2.9,9259.3,7.0291e+05,1.51,0,0,1.26,0,0,0,0,0,36.785,0.18667,0,0,0,0,0
68,267,2.9,9259.3,7.0291e+05,0.01603,0,0,0.003089,0,0,0,0,0,0.39237,0.29739,0,0,0,0,0
68,267,2.9,9259.3,7.0291e+05,0,0,0.2094,0,0,0,0,0,0,0,6.7376,0,0,0,0,0
68,267,2.9,9259.3,7.0291e+05,0,0,0,0,0.003465,43.805,0.16424,0,0,0,2.5119,0,0,0,210.76,0
68,267,2.9,9259.3,7.0291e+05,0,0,0,0,0,0,23.859,0,0,0,31.446,0,0,0,0,0
68,267,2.9,9259.3,7.0291e+05,0,0,0,3.5554,0,0,0,0,0,55.455,0.42559,0,0,0,0,0
68,267,2.9,9259.3,7.0291e+05,0.016666,0,0,0,0,0,0,0,0,0,0.18667,0,0,0,0,0
68,267,2.9,9259.3,7.0291e+05,0.002784,0,0,0,0,14.547,0,36.887,0,1.261,0.33356,0,0,0,0,0
68,267,2.9,9259.3,7.0291e+05,1.1162,0,0,2.2575,0,0,0,0,0,0.76342,2.8841,0,0,0,0,0
68,267,2.9,9259.3,7.0291e+05,0,0,0,0,0,0,17.187,0,0,0.21027,3.9931,0,0,0,0,0
68,267,2.9,9259.3,7.0291e+05,0,0,0,0.28576,0,0,0,0,0,0.44682,0.18667,0,0,0,0,0
68,267,2.9,9259.3,7.0291e+05,2.7809,0,0,0.043698,0,0,0.16424,0,0,7.8617,14.813,0,0,0,0,0
68,267,2.9,9259.3,7.0291e+05,0.003485,0,0,0,0,0,0,0,0,0.76777,11.961,0,0,0,0,0
68,267,2.9,9259.3,7.0291e+05,3.0532,0,0,0,0.005239,0.99999,0,0,0,5.7231,0.18667,0,0,0,0,0
68,267,2.9,9259.3,7.0291e+05,0,0,0,0,0,1.5949,0,0,0,16.378,16.454,0,0,0,0,0
68,267,2.9,9259.3,7.0291e+05,0,0,0,0,0.007697,0,0,0,0,0.21027,12.182,0,0,0,0,0
68,267,2.9,9259.3,7.0291e+05,0.00062,0,0,0.62306,0,0,0,0,0,0.27721,132.14,0,0,0,0,0
68,267,2.9,9259.3,7.0291e+05,0.002344,0,0,1.6252,0,0,0,0,0,55.455,8.0482,0,0,0,0,0
68,267,2.9,9259.3,7.0291e+05,0,0,0,0,0,0,0,0,0,0.18086,14.69,0,0,0,193.61,0
68,267,2.9,9259.3,7.0291e+05,0,0,0,0,0,0,0,0,0,0.14685,3.6126,0,0,0,165.76,0
68,267,2.9,9259.3,7.0291e+05,0.012821,0,0,0,0,0,0,0,0,36.785,0.40813,0,0,0,0,0
68,267,2.9,9259.3,7.0291e+05,0,0,0,0.01954,0,0,0,0,0,0.18086,11.85,0,0,0,35.959,0
68,267,2.9,9259.3,7.0291e+05,0.008225,0,0,0,0,0,89.934,0,0,1.808,2.7401,0,0,0,0,0
68,267,2.9,9259.3,7.0291e+05,0,0,0,6.3288,0,0.99999,129.66,0,0,0,0.18667,0,0,0,0,0
68,267,2.9,9259.3,7.0291e+05,0,0,0,0,0,0,13.875,0,0,8.5959,0.34267,0,0,0,0,0
68,267,2.9,9259.3,7.0291e+05,0,0,0.76815,0,0,0,0,0,0,0,0.18667,0,0,0,0,0
68,267,2.9,9259.3,7.0291e+05,0,0,0,0,0,0,0,0,0,0,0.18667,0,0,0,0,0
68,267,2.9,9259.3,7.0291e+05,0,0,0.12735,0,0,0.99999,0,0,0,3.4087,0.18667,0,0,0,0,0
68,267,2.9,9259.3,7.0291e+05,0,0,0,0.013953,0,0.013953,0,0,0,0,4.2611,0,0,0,0,0
68,267,2.9,9259.3,7.0291e+05,0.067235,0,0,0.42863,0,0,0,0,0,1.5859,14.372,0,0,0,0,0
68,267,2.9,9259.3,7.0291e+05,0,0,0,0,0,0,0,0,0,0,58.909,0,0,0,0,0
68,267,2.9,9259.3,7.0291e+05,0,0,0,3.5686,0,0,0,0,0,1.0167,8.0313,0,0,0,0,0
68,267,2.9,9259.3,7.0291e+05,0.68758,0,0,0.18687,0,0,91.356,0,0,0.18086,0.18667,0,0,0,0,0
68,267,2.9,9259.3,7.0291e+05,0.003932,0,0.034584,0,0,0,0,0,0,0,6.7376,0,0,0,159.82,0
68,267,2.9,9259.3,7.0291e+05,0.31958,0,0,0.10468,0,0,0,0,0,0,0.66136,0,0,0,208.1,0
68,267,2.9,9259.3,7.0291e+05,0,0,0,0,0,0,0,0,0,9.1202,0.18667,0,0,0,0,0
68,267,2.9,9259.3,7.0291e+05,0,0,0,0,0,0,0.16424,0,0,1.164,11.001,0,0,0,0,0
68,267,2.9,9259.3,7.0291e+05,0,0,0,0,0,0,0,0,0,0,5.5101,0,0,0,0,0
68,267,2.9,9259.3,7.0291e+05,0,0,0,0,0,0,0,0,0,0,0.18667,0,0,0,0,0
68,267,2.9,9259.3,7.0291e+05,0.017186,0,0.005421,0,0,0,0,0,0,0,0.18667,0,0,0,0,0
68,267,2.9,9259.3,7.0291e+05,28.342,0,0,0.007449,0,0.017111,111.99,0,0,1.0167,4.5419,0,0,0,0,0
68,267,2.9,9259.3,7.0291e+05,0.005838,0,0.5717,1.9426,0,260.13,0,0,0,0,0.34385,0,0,0,0,0
68,267,2.9,9259.3,7.0291e+05,0,0,0,0,0,0,0,0,0,0.63421,3.65,0,0,0,0,0
68,267,2.9,9259.3,7.0291e+05,0.003538,0,0,0,0,0,0,0,0,7.6506,3.4073,0,0,0,0,0
68,267,2.9,9259.3,7.0291e+05,0,0,0,0,0,0,0,0,0,55.455,0.18667,0,0,0,0,0
68,267,2.9,9259.3,7.0291e+05,0.10471,0,0,0,0,0,0.0029097,0,0,0.44575,42.493,0,0,0,0,0
68,267,2.9,9259.3,7.0291e+05,3.2098,0,0,0,0,0,20.785,0,0,0.55196,0.35503,0,0,0,0,0
68,267,2.9,9259.3,7.0291e+05,5.4939,0,11.168,0,0,0.0032185,0,0,0,7.6506,71.79,0,0,0,0,0
68,267,2.9,9259.3,7.0291e+05,0,0,0.005766,0,0.0068531,0,0,0,0,0,3.3484,0,0,0,0,0
68,267,2.9,9259.3,7.0291e+05,0,0,0,0,74.584,0,568.08,0,0,0,82.014,0,0,0,0,0
68,267,2.9,9259.3,7.0291e+05,0,0,0,0,0,0.99999,0,0,0,5.7231,0.18667,0,0,0,0,0
68,267,2.9,9259.3,7.0291e+05,0,0,0,0,0,0,319.71,0,0,0.39237,6.9144,0,0,0,0,0
68,267,2.9,9259.3,7.0291e+05,0,0,0,0,0,0.21612,0,0,0,0.4212,13.42,0,0,0,0,0
68,267,2.9,9259.3,7.0291e+05,0,0,0,0,0,0,0.16424,0,0,0,0.18667,0,0,0,0,0
68,267,2.9,9259.3,7.0291e+05,0,0,0,0,0,4.2031,0,0,0,1.057,0.18667,0,0,0,0.33692,0
68,267,2.9,9259.3,7.0291e+05,0,0,0,0.051582,0,0,0,0,0,1.164,5.5492,0,0,0,0,0
68,267,2.9,9259.3,7.0291e+05,0,0,0,0,0,0,11.027,1.4183,0,1.1822,21.335,0,0,0,0,0
68,267,2.9,9259.3,7.0291e+05,0,0,0,0,0.008515,0,0,0,0,0,0.18667,0,0,0,0,0
68,267,2.9,9259.3,7.0291e+05,3.4013,0,0,2.1617,0,0,0.16424,0,0,0.91947,42.976,0,0,0,0,0
68,267,2.9,9259.3,7.0291e+05,5.8648,0,0,0,0,0,0,0,0,0,0.18667,0,0,0,0,0
68,267,2.9,9259.3,7.0291e+05,0.046832,0,0,0,0,0.01514,0,0,0,5.6716,0.18667,0,0,0,0,0
68,267,2.9,9259.3,7.0291e+05,0.020217,0,0,0.14028,0,0.13667,0,0,0,1.164,27.942,0,0,0,0,0
68,267,2.9,9259.3,7.0291e+05,0,0,0,0,0,0,261.57,0,0,0,34.587,0,0,0,0,0
68,267,2.9,9259.3,7.0291e+05,0,0,0,6.4021,0,0,129.66,0,0,0,4.2611,0,0,0,0,0
68,267,2.9,9259.3,7.0291e+05,0,0,0,2.6236,0,0.98521,0,0,0,0.91947,0.33634,0,0,0,0,0
68,267,2.9,9259.3,7.0291e+05,0.28052,0,0,0,9.5512,0,17.187,0,0,3.4087,0.18667,0,0,0,0,0
68,267,2.9,9259.3,7.0291e+05,5.0643,0,0,0,0,0.0018078,0,0,0,0,0.18667,0,0,0,0,0
68,267,2.9,9259.3,7.0291e+05,0,0,0,0.014751,0,1.0046,0,0,0,0.44575,13.363,0,0,0,0,0
68,267,2.9,9259.3,7.0291e+05,8.9343,0,0,0,0,0,0,0,0,0.18355,0.18667,0,0,0,0,0
68,267,2.9,9259.3,7.0291e+05,0,0,0,50.992,0,0,0,0,0,0,0.18667,0,0,0,0,0
68,267,2.9,9259.3,7.0291e+05,0,0,0,0,0,0,0,0,0,0.8932,0.18667,0,0,0,0,0
68,267,2.9,9259.3,7.0291e+05,0.11549,0,0,0,0,0.10178,38.393,0,0,0.44575,0.35513,0,0,0,0,0
68,267,2.9,9259.3,7.0291e+05,0.000234,0,0,0.17457,0,0.0025491,1.7604,0,0,10.481,8.6779,0,0,0,0,0
68,267,2.9,9259.3,7.0291e+05,0,0,0,0.0001355,0,0,0,0,0,0,8.0482,0,0,0,0,0
68,267,2.9,9259.3,7.0291e+05,0,0,0,6.0778,0,0,145.74,0,0,0.18355,0.33589,0,0,0,0,0
68,267,2.9,9259.3,7.0291e+05,0.2086,0,0,0,0,0,0,0,0,1.0076,0.18667,0,0,0,0,0
68,267,2.9,9259.3,7.0291e+05,3.6896,0,0,0,0.032797,0,0,0,0,1.164,0.40813,0,0,0,0.35395,0
68,267,2.9,9259.3,7.0291e+05,0,0,0,0,0,0.026678,1.0096,0,0,0,0.97191,0,0,0,0,0
68,267,2.9,9259.3,7.0291e+05,8.6656,0,0,0,0,0,0,0,0,1.7864,0.18667,0,0,0,0,0
68,267,2.9,9259.3,7.0291e+05,0.00062,0,0,0,0,0,0,0,0,0.63421,1.9933,0,0,0,0,0
68,267,2.9,9259.3,7.0291e+05,0.14703,0,0,0,0,0,0,0,0,0.65812,1.0356,0,0,0,0,0
68,267,2.9,9259.3,7.0291e+05,0.022682,0,0,0,0,0,0,0,0,0.76342,2.3028,0,0,0,0,0
68,267,2.9,9259.3,7.0291e+05,0,0,0,1.5,0,0,3.2328,0,0,0,19.429,0,0,0,0,0
68,267,2.9,9259.3,7.0291e+05,0,0,0,0,0,0,0,0,0,0,0.93382,0,0,0,0,0
68,267,2.9,9259.3,7.0291e+05,0,0,0,0,0,0,0,0,0,0.76777,0.18667,0,0,0,0,0
68,267,2.9,9259.3,7.0291e+05,0.001192,0,0,8.2889,0,0,37.034,0,0,4.212,25.69,0,0,0,0,0
68,267,2.9,9259.3,7.0291e+05,3.7435,0,0,0,0.65697,0,2.1326,0,0,0.39237,5.114,0,0,0,0,0
68,267,2.9,9259.3,7.0291e+05,0,0,0,0,0,0,0,0,0,0,13.418,0,0,0,0,0
68,267,2.9,9259.3,7.0291e+05,0,0,0,0.013572,0,0,0,0,0,0.18086,31.227,0,0,0,0,0
68,267,2.9,9259.3,7.0291e+05,0,0,0,0.94773,0,0,0.16424,0,0,0.056957,0.18667,0,0,0,0,0
68,267,2.9,9259.3,7.0291e+05,0,0,0,0,0,0,13.851,0,0,0,0.3516,0,0,0,0,0
68,267,2.9,9259.3,7.0291e+05,0,0,0,0,0,0,0.16424,0,0,0,16.651,0,0,0,0,0
68,267,2.9,9259.3,7.0291e+05,0.008534,0,0,0,0.00644,0,0,0,0,0,82.014,0,0,0,0,0
68,267,2.9,9259.3,7.0291e+05,0,0,0,0,0,0,0,0,0,9.1202,3.9931,0,0,0,0,0
68,267,2.9,9259.3,7.0291e+05,0,0,0,0,0,0,0,0,0,0.27721,0.18667,0,0,0,0,0
68,267,2.9,9259.3,7.0291e+05,0.46331,0,0,0,0,0.01514,0,0,0,0.4212,0.18667,0,0,0,0,0
68,267,2.9,9259.3,7.0291e+05,0,0,0,6.6898,0,0,0,0,0,13.788,0.18667,0,0,0,0,0
68,267,2.9,9259.3,7.0291e+05,0,0,0,0,0,0,62.469,0,0,0,132.14,0,0,0,0,0
68,267,2.9,9259.3,7.0291e+05,0,0,0,0,0,0,0,0,0,3.8254,2.9685,0,0,0,0,0
68,267,2.9,9259.3,7.0291e+05,0.24201,0,0,0,0,0,0,0,0,10.481,0.35737,0,0,0,0,0
68,267,2.9,9259.3,7.0291e+05,0,0,0,0,8.7513,0,0,0,0,0,0.18667,0,0,0,0,0
68,267,2.9,9259.3,7.0291e+05,0.003485,0,0,0,0,0,6.1194,0,0,0,0.18667,0,0,0,0,0
68,267,2.9,9259.3,7.0291e+05,0,0,0,4.5804,21.567,0,0,0,0,0,81.992,0,0,0,0,0
68,267,2.9,9259.3,7.0291e+05,0,0,0,0,0,0,0,0,0,1.0245,12.314,0,0,0,8.5646,0
68,267,2.9,9259.3,7.0291e+05,15.926,0,0,0,0,2.493,0.16424,0,0,0,2.0268,0,0,0,0,0
68,267,2.9,9259.3,7.0291e+05,0,0,0,0,0,0,0,0,0,0.65812,12.447,0,0,0,0,0
68,267,2.9,9259.3,7.0291e+05,0,0,0,4.0275,0,8.8417,0,0,0,0.14685,0.18667,0,0,0,0,0
68,267,2.9,9259.3,7.0291e+05,0,0,0,0,0,0,0.13695,0,0,0,0.18667,0,0,0,2.3256,0
68,267,2.9,9259.3,7.0291e+05,0,0,0,0,0,0,36.697,0,0,0,13.254,0,0,0,0,0
68,267,2.9,9259.3,7.0291e+05,0,0,0,0.015108,0,0,0.010505,0,0,5.6716,0.86986,0,0,0,0,0
68,267,2.9,9259.3,7.0291e+05,6.1556,0,0,0,0,0.16026,96.28,0,0,0,2.0593,0,0,0,0,0
68,267,2.9,9259.3,7.0291e+05,0.016317,0,0,0,0.008333,29.035,23.859,0,0,1.057,0.18667,0,0,0,0,0
68,267,2.9,9259.3,7.0291e+05,2.0252,0,0,0,15.648,0,30.064,0,0.20103,1.164,0.18667,0,0,0,0,0
68,267,2.9,9259.3,7.0291e+05,5.8648,0,0,0,0,0.017111,57.19,0,0,0,37.875,0,0,0,0,0
68,267,2.9,9259.3,7.0291e+05,1.3322,0,0,0,0.0094835,6.3939,0.76622,0,0,0,1.8126,0,0,0,0,0
68,267,2.9,9259.3,7.0291e+05,0,0,0,0,0,0.19151,0,0,0,0,12.791,0,0,0,0,0
68,267,2.9,9259.3,7.0291e+05,0,0,0.10143,0,0,0,0,0,0,0,1.4447,0,0,0,0,0
68,267,2.9,9259.3,7.0291e+05,0,0,0,0,0,0,0,0,0,0.21027,5.114,0,0,0,0,0
68,267,2.9,9259.3,7.0291e+05,0,0,0,0,0,0,0,0,0,0,0.18667,0,0,0,0,0
68,267,2.9,9259.3,7.0291e+05,0.2194,0,0,0,0,0,0.50998,0,0,1.164,37.06,0,0,0,0,0
68,267,2.9,9259.3,7.0291e+05,0,0,0.025079,0,0,0,0,0,0,7.6506,1.4447,0,0,0,0,0
68,267,2.9,9259.3,7.0291e+05,5.4939,0,0,0,0,4.9167e-05,0,0,0,3.4087,0.18667,0,0,0,0,0
68,267,2.9,9259.3,7.0291e+05,0,0,0,0,0,0,0,0,0,0.4212,6.2013,0,0,0,0,0
68,267,2.9,9259.3,7.0291e+05,0,0,0,0,0,0,0.16424,0,0,0.18086,0.18667,0,0,0,0,0
68,267,2.9,9259.3,7.0291e+05,0,0,0,3.4899,0,0,0,0,0,0,22.311,0,0,0,174.95,0
68,267,2.9,9259.3,7.0291e+05,0,0,0,0.006228,0,0,13.307,0,0,0,4.6158,0,0,0,0,0
68,267,2.9,9259.3,7.0291e+05,6.7661,0,0,0,0,0,0,0,0,0,23.122,0,0,0,0,0
68,267,2.9,9259.3,7.0291e+05,0,0,0,0,0,0,111.99,0,0,36.785,14.69,0,0,0,0,0
68,267,2.9,9259.3,7.0291e+05,0,0,0,0,0,0,0,0,0,0.65812,0.18667,0,0,0,0,0
68,267,2.9,9259.3,7.0291e+05,4.5389,0,0,0,0,0,0,0,0,0.44682,0.18667,0,0,0,0,0
68,267,2.9,9259.3,7.0291e+05,0,0,0,24.227,0,0,8.6313,0,0,3.8254,0.18667,0,0,0,0,0
68,267,2.9,9259.3,7.0291e+05,0,0,0,0,0,0,36.697,0,0,2.6253,13.954,0,0,0,0,0
68,267,2.9,9259.3,7.0291e+05,0,0,0,0,4.5923,0,0,0,0,5.7109,15.543,0,0,0,0,0
68,267,2.9,9259.3,7.0291e+05,0.00524,0,0,0,0,0,0,0,0,1.5079,0.40813,0,0,0,0,0
68,267,2.9,9259.3,7.0291e+05,0,0,0,5.23,0,0,0,0,0,5.7109,8.3756,0,0,0,0,0
68,267,2.9,9259.3,7.0291e+05,2.7382,0,0,5.7012,0,0.00021684,0,0,0,1.0167,16.205,0,0,0,0,0
68,267,2.9,9259.3,7.0291e+05,0,0,0,0.89958,0,0,0,0,0,8.4961,9.4508,0,0,0,0,0
68,267,2.9,9259.3,7.0291e+05,0,0,0,0,0,0,22.844,0,0,0,8.3848,0,0,0,0,0
68,267,2.9,9259.3,7.0291e+05,0,0,0,0,0,0,0,0,0,1.0167,1.2286,0,0,0,172.37,0
68,267,2.9,9259.3,7.0291e+05,0,0,0,0,0,0.13158,0,0,0,5.6716,9.6013,0,0,0,0,0
68,267,2.9,9259.3,7.0291e+05,0.00524,0,0,0.084198,0,0,0.50998,0,0,1.057,0.18667,0,0,0,0,0
68,267,2.9,9259.3,7.0291e+05,0,0,0,0.002506,0.005239,0,20.898,0,0,0,36.283,0,0,0,0,0
68,267,2.9,9259.3,7.0291e+05,0,0,0,0,0,0,0.075512,0.000974,0,0,5.5577,0,0,0,36.905,0
68,267,2.9,9259.3,7.0291e+05,0.68758,0,0,3.2393,47.036,0,0,0,0,0,0.18667,0,0,0,207.82,0
68,267,2.9,9259.3,7.0291e+05,10.432,0,0,3.8162,0,0.98521,0,0,0,0.4212,35.434,0,0,0,0,0
68,267,2.9,9259.3,7.0291e+05,0.00524,0,0,0,0,0,0,0,0,8.5959,7.8198,0,0,0,0,0
68,267,2.9,9259.3,7.0291e+05,28.342,0,0,0,0.13376,0,0,0.001397,0,0,12.6,0,0,0,0,0
68,267,2.9,9259.3,7.0291e+05,0,0,4.9033,0,34.699,0,0,0,0,0,96.039,0,0,0,0,0
68,267,2.9,9259.3,7.0291e+05,0,0,0,1.3028,0.000335,5.3761,0,0,0,1.808,0.18667,0,0,0,0,0
68,267,2.9,9259.3,7.0291e+05,0,0,0,0.67186,0.013577,0,29.471,0,0,1.0167,6.3191,0,0,0,0,0
68,267,2.9,9259.3,7.0291e+05,0.00247,0,0,234.47,0,0,0,0,0,0.18355,0.83155,0,0,0,0,0
68,267,2.9,9259.3,7.0291e+05,0.41744,0,0,16.396,0,0,4.8888,0,0,5.6716,0.18667,0,0,0,0,0
68,267,2.9,9259.3,7.0291e+05,0,0,0.85846,0,0.000251,0,0,0,0,0,0.18667,0,0,0,0,0
68,267,2.9,9259.3,7.0291e+05,0,0,0,0,0,0,3.423,0,0,0,6.2445,0,0,0,0,0
68,267,2.9,9259.3,7.0291e+05,0.32209,0,0,0,0.48102,0,0,0,0,8.0476,0.18667,0,0,0,0,0
68,267,2.9,9259.3,7.0291e+05,0,0,0,0,0,0,0.53887,0,0,0.44682,10.045,0,0,0,0,0
68,267,2.9,9259.3,7.0291e+05,0,0,0,0.52091,0,0,0,0,0,1.2479,5.4517,0,0,0,18.039,0
68,267,2.9,9259.3,7.0291e+05,0,0,0,0,0,0,0,0,0,1.0139,2.4012,0,0,0,211.1,0
68,267,2.9,9259.3,7.0291e+05,0,0,0,0,0,0,0,0,0,6.8425,23.19,0,0,0,0,0
68,267,2.9,9259.3,7.0291e+05,0.007125,0,0,0,0,0.25519,7.2652,0,0,1.0076,0.18667,0,0,0,0,0
68,267,2.9,9259.3,7.0291e+05,3.2098,0,0,2.2575,15.648,0,0,0,0,0,1.3357,0,0,0,0,0
68,267,2.9,9259.3,7.0291e+05,0,0,0,0,0,0,0,0,0,0,6.941,0,0,0,0,0
68,267,2.9,9259.3,7.0291e+05,13.135,0,0,0,0,1.0023,0,0,0,1.0167,0.18667,0,0,0,0,0
68,267,2.9,9259.3,7.0291e+05,0,0,0,0,0,0.00078163,0,0,0,0.27721,5.114,0,0,0,0,0
68,267,2.9,9259.3,7.0291e+05,0.30574,0,6.2206,0,0,0,0,0,0,0,0.26048,0,0,0,0,0
68,267,2.9,9259.3,7.0291e+05,0,0,0,0.30178,0.008365,0,0.02739,0,0,1.261,0.18667,0,0,0,0,0
68,267,2.9,9259.3,7.0291e+05,0,0,0,0,0.001326,2.0956,0,0,0,0.44682,1.1382,0,0,0,0,0
68,267,2.9,9259.3,7.0291e+05,0.11434,0,0,0.01954,0,0.0026412,0.16424,0,0,0.44575,22.86,0,0,0,0,0
68,267,2.9,9259.3,7.0291e+05,0,0,0,0,0,0.99999,0,0,0,36.785,21.143,0,0,0,0,0
68,267,2.9,9259.3,7.0291e+05,0,0,0,0,0,0,0,0,0,0,0.51886,0,0,0,882.43,0
68,267,2.9,9259.3,7.0291e+05,0,0,0,0.19138,0,6.8589,0,0,0,0.55196,4.6158,0,0,0,0,0
68,267,2.9,9259.3,7.0291e+05,0,0,0,0,0,0.96917,15.227,0,0,9.1202,0.47944,0,0,0,0,0
68,267,2.9,9259.3,7.0291e+05,0,0,0,4.0275,0,0,0,0,0,0,0.18667,0,0,0,0,0
68,267,2.9,9259.3,7.0291e+05,0,0,0,56.395,0.018878,0,0,0,0,0,0.63213,0,0,0,0,0
68,267,2.9,9259.3,7.0291e+05,0,0,0,0,21.567,0,0,0,0,1.057,23.137,0,0,0,0,0
68,267,2.9,9259.3,7.0291e+05,0.003416,0,0,0.000958,0.0068531,0,568.08,0,0,0,0.38292,0,0,0,54.417,0
68,267,2.9,9259.3,7.0291e+05,0.016666,0,0,0,0,0,0,0,0,0.76342,4.4486,0,0,0,10.763,0
68,267,2.9,9259.3,7.0291e+05,0,0,0,0,0.001267,0,0,0,0.13586,0,0.86716,0,0,0,0,0
68,267,2.9,9259.3,7.0291e+05,1.2639,0,0,8.8394,8.7513,0,64.859,0,0,0,0.34266,0,0,0,0,0
68,267,2.9,9259.3,7.0291e+05,0,0,0,0,0,0,0.13695,0,0,0,0.83155,0,0,0,153.59,0
68,267,2.9,9259.3,7.0291e+05,0,0,0,0.038363,0,0,0.16424,0,0,3.8737,0.18667,0,0,0,44.896,0
68,267,2.9,9259.3,7.0291e+05,0,0,0,0,0,0,572.49,0,0,55.455,23.122,0,0,0,0,0
68,267,2.9,9259.3,7.0291e+05,0,0,0,0,0,0,0,0,0,0.21027,0.18667,0,0,0,0,0
68,267,2.9,9259.3,7.0291e+05,0.04398,0,1.53,0,0,0,0,0,0,1.9819,3.3133,0,0,0,0,0
68,267,2.9,9259.3,7.0291e+05,0.003355,0,0,0,7.4033,0,0,0,0,1.5079,5.5621,0,0,0,0,0
68,267,2.9,9259.3,7.0291e+05,0,0,0,1.9426,0,0,0,0,0,21.917,0.18667,0,0,0,0,0
68,267,2.9,9259.3,7.0291e+05,0,0,0,0,0,0,27.308,0,0,0.056957,0.18667,0,0,0,0,0
68,267,2.9,9259.3,7.0291e+05,0,0,0,0,0,0,26.607,0,0,0,0.33356,0,0,0,0,0
68,267,2.9,9259.3,7.0291e+05,0,0,0,0,0,0,0.16424,0,0,0.14685,0.18667,0,0,0,49.531,0
68,267,2.9,9259.3,7.0291e+05,2.5689,0,0,0,0,0,0,0,0,0,0.35503,0,0,0,0,0
68,267,2.9,9259.3,7.0291e+05,0,0,0,2.4735,0,0.0028706,0.16424,0,0,1.9819,0.18667,0,0,0,0,0
68,267,2.9,9259.3,7.0291e+05,0.000172,0,0,13.719,0,0,0,0,0,1.0167,0.18667,0,0,0,0,0
68,267,2.9,9259.3,7.0291e+05,0.005239,0,0,0,0,0,0,0,0,1.0076,0.18667,0,0,0,0,0
68,267,2.9,9259.3,7.0291e+05,0,0,0,0,0,0,0,0,0,1.261,1.4447,0,0,0,160.61,0
68,267,2.9,9259.3,7.0291e+05,0,0,0,0,0,0.025839,0,52.573,0,1.2479,7.7161,0,0,0,0,0
68,267,2.9,9259.3,7.0291e+05,0.0035835,0,0,0,0.0032265,0,26.14,0,0,0.73557,0.18667,0,0,0,0,0
68,267,2.9,9259.3,7.0291e+05,0,0,0,0,0,0,406.74,0,0,1.5859,0.18667,0,0,0,0,0
68,267,2.9,9259.3,7.0291e+05,0.0067626,0,0,0.17457,0,0,0,0,0,0,0.18667,0,0,0,0,0
68,267,2.9,9259.3,7.0291e+05,0.021074,0,0,0,0,0,0,0,0,0,0.84122,0,0,0,0,0
68,267,2.9,9259.3,7.0291e+05,3.2752,0,0,0,0.013687,0.99999,0,0,0,0.27721,0.18667,0,0,0,8.6609,0
68,267,2.9,9259.3,7.0291e+05,0,0,0.10352,0,0,0,0,0,0,1.7327,15.761,0,0,0,0,0
68,267,2.9,9259.3,7.0291e+05,0.01603,0,0,0,0,0.99999,29.054,0,0,0.18355,0.18667,0,0,0,2.1434,0
68,267,2.9,9259.3,7.0291e+05,1.4748,0,0,0,0,4.845,0.13695,0,0,19.403,0.18667,0,0,0,0,0
68,267,2.9,9259.3,7.0291e+05,0.28052,0,0,0,0,0,9.416,0,0,0.39237,0.18667,0,0,0,0,0
68,267,2.9,9259.3,7.0291e+05,0,0,0,0,0,0,16.39,0,0,0,0.33626,0,0,0,0,0
68,267,2.9,9259.3,7.0291e+05,24.088,0,0,0,0,0,0.16424,0,0,1.2479,16.651,0,0,0,207.45,0
68,267,2.9,9259.3,7.0291e+05,0.2646,0,0,0,0,0,19.338,0,0,1.0076,0.22358,0,0,0,0,0
68,267,2.9,9259.3,7.0291e+05,0,0,0,0,0,0,9.834,0,0,0.14685,0.18667,0,0,0,0,0
68,267,2.9,9259.3,7.0291e+05,0,0,0,0,0,0.19151,0,0,0,0,0.34092,0,0,0,0,0
68,267,2.9,9259.3,7.0291e+05,0.20158,0,0,0,0,0,0.16424,0,0,36.785,13.082,0,0,0,0,0
68,267,2.9,9259.3,7.0291e+05,0,0,0,0,0.008397,2.493,0,0,0,0,20.511,0,0,0,171.94,0
68,267,2.9,9259.3,7.0291e+05,0.00524,0,0,0,0,0,37.034,0,0,21.917,0.18667,0,0,0,0,0
68,267,2.9,9259.3,7.0291e+05,0,0,0,0.00029,0,0,129.66,7.4484,0,1.057,0.18667,0,0,0,0,0
68,267,2.9,9259.3,7.0291e+05,0,0,0,0,0,0.17476,0,0,0,0.21027,0.18667,0,0,0,0,0
68,267,2.9,9259.3,7.0291e+05,2.1932,0,0,0,0,0,0,0,0,1.7327,6.7845,0,0,0,0,0
68,267,2.9,9259.3,7.0291e+05,0,0,0,0,0,0,0,0,0,0,0.18667,0,0,0,0,0
68,267,2.9,9259.3,7.0291e+05,0.11549,0,0,0,0,0,0,0,0,6.8425,0.18667,0,0,0,0,0
68,267,2.9,9259.3,7.0291e+05,0,0,0,0.095691,0,0,0,0,0,8.4961,0.83155,0,0,0,0,0
68,267,2.9,9259.3,7.0291e+05,0.00524,0,0,0,2.6449,0,0.075512,0,0,1.5079,3.65,0,0,0,0,0
68,267,2.9,9259.3,7.0291e+05,0,0,0,1.0864,0,0.018596,0,0,0,0.8932,0.18667,0,0,0,0,0
68,267,2.9,9259.3,7.0291e+05,0.34864,0,0,0,0,0,0,0,0,9.1622,51.221,0,0,0,0,0
68,267,2.9,9259.3,7.0291e+05,0.017397,0,0,0,0,0,0.16424,0,0,3.8737,0.34426,0,0,0,0,0
68,267,2.9,9259.3,7.0291e+05,0,0,0,0,0,0,0.16424,0,0,1.4449,0.18667,0,0,0,12.206,0
68,267,2.9,9259.3,7.0291e+05,0,0,0,0.08972,0,0,0,0,0,0,5.1602,0,0,0,0,0
68,267,2.9,9259.3,7.0291e+05,0,0,0,0,0,0,0.010505,0,0,8.0476,6.7376,0,0,0,0,0
68,267,2.9,9259.3,7.0291e+05,0,0,0,0.79971,0,0,0.16424,0.000172,0,0,0.40813,0,0,0,0,0
68,267,2.9,9259.3,7.0291e+05,8.9343,0,0,0.11432,0,0,0.76622,0,0,8.5959,1.1542,0,0,0,0,0
68,267,2.9,9259.3,7.0291e+05,0,0,0,0,0,2.5282,0.16424,5.282,0,0.65812,3.7001,0,0,0,0,0
68,267,2.9,9259.3,7.0291e+05,0,0,0,0.0079985,0,0,0,0,0,0,18.598,0,0,0,0,0
68,267,2.9,9259.3,7.0291e+05,0,0,0,0.000337,0.001267,0,0,0,0,0.4212,0.18667,0,0,0,115.62,0
68,267,2.9,9259.3,7.0291e+05,0,0,0,0,0,0,0.16424,0,0,0.44682,0.18667,0,0,0,0,0
68,267,2.9,9259.3,7.0291e+05,0,0,0.060653,15.692,0,0,0,0,0,0,56.953,0,0,0,209.82,0
68,267,2.9,9259.3,7.0291e+05,0,0,0,0,0,0,319.71,0,0,1.2479,0.18667,0,0,0,0,0
68,267,2.9,9259.3,7.0291e+05,0.45677,0,0,0,0,0.00078163,0,0,0,7.8617,17.304,0,0,0,0,0
68,267,2.9,9259.3,7.0291e+05,0,0,0,0,0.00524,0,35.47,0,0,0,0.18667,0,0,0,0,0
68,267,2.9,9259.3,7.0291e+05,0,0,0,0,0,0.34794,0.0029097,0.56856,0,0,0.18667,0,0,0,0,0
68,267,2.9,9259.3,7.0291e+05,0,0,0,0.0079985,0.089657,0,0,0,0,8.5959,6.6904,0,0,0,0,0
68,267,2.9,9259.3,7.0291e+05,2.2873,0,0,0,0,0,15.227,0,0,1.7327,0.18667,0,0,0,0,0
68,267,2.9,9259.3,7.0291e+05,0,0,0,0,0,0,0,0,0,0.18355,0.55577,0,0,0,0,0
68,267,2.9,9259.3,7.0291e+05,0,0,0,0,0,0,0,0,0,0,0.18667,0,0,0,0,0
68,267,2.9,9259.3,7.0291e+05,0.005239,0,0,0,0,0,27.839,0,0,0.44682,0.18667,0,0,0,0,0
68,267,2.9,9259.3,7.0291e+05,0,0,0,0,0,0,0,0,0,0.73557,1.569,0,0,0,0,0
68,267,2.9,9259.3,7.0291e+05,0.46331,0,0,0,0,0,0,0,0,8.4961,1.4447,0,0,0,0,0
68,267,2.9,9259.3,7.0291e+05,0,0,0,0,0,0,36.697,0,0,1.261,0.18667,0,0,0,0,0
68,267,2.9,9259.3,7.0291e+05,0.003485,0,0,0,0,0,0.75485,0,0,0.18355,0.96176,0,0,0,0,0
68,267,2.9,9259.3,7.0291e+05,0,0,0,0,0,0,0,0,0,2.6253,6.0116,0,0,0,0,0
68,267,2.9,9259.3,7.0291e+05,0,0,0,0.12743,0,4.4592,0,0,0,3.8737,0.26048,0,0,0,0,0
68,267,2.9,9259.3,7.0291e+05,0.045593,0,4.5475,0,0,0.0026412,0.16424,0,0,10.481,27.831,0,0,0,0,0
68,267,2.9,9259.3,7.0291e+05,0,0,0,2.7049,0,0,37.535,0,0,0,0.40813,0,0,0,0,0
68,267,2.9,9259.3,7.0291e+05,13.758,0,3.6281,0,0,0,57.19,0,0,0,3.4073,0,0,0,0,0
68,267,2.9,9259.3,7.0291e+05,0,0,0,0,0,0.99999,164.51,0,0,1.2479,2.9685,0,0,0,0,0
68,267,2.9,9259.3,7.0291e+05,0,0,0,0,0,0,0.50998,0,0,1.0076,0.18667,0,0,0,0,0
68,267,2.9,9259.3,7.0291e+05,0,0,0,0,0,1.0017,0,0,0,0.056957,0.18667,0,0,0,0,0
68,267,2.9,9259.3,7.0291e+05,0,0,0,0,2.0811,0.99999,0,0,0,0.44575,0.34071,0,0,0,0,0
68,267,2.9,9259.3,7.0291e+05,0,0,0,0,0,0,0,0,0,5.6716,4.911,0,0,0,86.454,0
68,267,2.9,9259.3,7.0291e+05,0,0,0,2.7882,0,0,0,0,0,0.55196,14.813,0,0,0,0,0
68,267,2.9,9259.3,7.0291e+05,0.005239,0,0,0,0,0,21.318,0,0,7.6506,9.0064,0,0,0,0,0
68,267,2.9,9259.3,7.0291e+05,0.001669,0,0,0,0,0,0,0,0,8.4961,15.761,0,0,0,0,0
68,267,2.9,9259.3,7.0291e+05,0,0,0,0.99393,0,0,0,0,0,0.68445,0.83155,0,0,0,0,0
68,267,2.9,9259.3,7.0291e+05,0.002784,0,0,1.3744,0,0,0.16424,0,0,9.1202,85.483,0,0,0,0,0
68,267,2.9,9259.3,7.0291e+05,0.046643,0,0,1.9503,0,0,12.814,0,0,5.7231,1.445,0,0,0,0,0
68,267,2.9,9259.3,7.0291e+05,3.6399,0,0,0,6.3e-05,0,0,0,0,0.72035,4.911,0,0,0,5.1045,0
68,267,2.9,9259.3,7.0291e+05,0,0,0,35.391,0,0,127.36,0,0,8.4961,1.6999,0,0,0,0,0
68,267,2.9,9259.3,7.0291e+05,0,0,0,27.901,0,0,0,0,0,1.0834,0.3452,0,0,0,0,0
68,267,2.9,9259.3,7.0291e+05,0.11,0,0,0,0,0.99999,0,0,0,0.76777,0.18667,0,0,0,0,0
68,267,2.9,9259.3,7.0291e+05,0,0,0,0,0,0,5.8158,0,0,0.14685,0.18667,0,0,0,0,0
68,267,2.9,9259.3,7.0291e+05,0,0,835.38,0,0.017938,0,0,0,0,1.4449,10.846,0,0,0,0,0
68,267,2.9,9259.3,7.0291e+05,0,0,0,0,4.696,0,12.732,0,0,1.5851,0.18667,0,0,0,0,0
68,267,2.9,9259.3,7.0291e+05,0.30574,0,0.011942,0,0,0,0,0,0,21.917,1.4391,0,0,0,0,0
68,267,2.9,9259.3,7.0291e+05,0.055164,0,0,0,0,0,0.010505,0,0,0.27721,1.8107,0,0,0,0,0
68,267,2.9,9259.3,7.0291e+05,0,0,0,0,0,0,0,0,0,0,0.18667,0,0,0,0,0
68,267,2.9,9259.3,7.0291e+05,0,0,0,0,0,0,0,0,0,1.9819,0.42559,0,0,0,0,0
68,267,2.9,9259.3,7.0291e+05,0,0,7.787,0,0,0,0,0,0,55.455,0.35074,0,0,0,0,0
68,267,2.9,9259.3,7.0291e+05,0,0,0,49.677,0,0,0.02739,0,0,1.5079,2.9179,0,0,0,0,0
68,267,2.9,9259.3,7.0291e+05,0.029713,0,0.096204,0,0,0,0,0,0,1.5859,0.18667,0,0,0,0,0
68,267,2.9,9259.3,7.0291e+05,0,0,0,0,0,0,0,0,0,0,3.2745,0,0,0,0,0
68,267,2.9,9259.3,7.0291e+05,0,0,0,0,0,0.017111,0,0,0,0,87.107,0,0,0,0,0
68,267,2.9,9259.3,7.0291e+05,0.074814,0,0,0,0,0,0,0,0,1.0139,5.5606,0,0,0,0,0
68,267,2.9,9259.3,7.0291e+05,0,0,0,0,0,0,0,0,0,0,9.9675,0,0,0,0,0
68,267,2.9,9259.3,7.0291e+05,0,0,0,24.227,0,0,14.671,0,0,1.057,3.4073,0,0,0,0,0
68,267,2.9,9259.3,7.0291e+05,0,0,0,56.395,0,6.3939,0,0,0,0,9.4508,0,0,0,0,0
68,267,2.9,9259.3,7.0291e+05,0,0,0,0.013572,0,0,38.067,0,0,0,3.36,0,0,0,0,0
68,267,2.9,9259.3,7.0291e+05,1.269,0,0,0,0,0,0,0,0,16.378,0.18667,0,0,0,0,0
68,267,2.9,9259.3,7.0291e+05,0.37606,0,0.0033385,0,0,0,0,0,0,3.8737,0.18667,0,0,0,0,0
68,267,2.9,9259.3,7.0291e+05,0.007448,0,0,0.32389,0,0,0,0,0,16.378,0.18667,0,0,0,0,0
68,267,2.9,9259.3,7.0291e+05,0.020217,0,0,0,0,0,0,0,0,1.0167,13.082,0,0,0,0,0
68,267,2.9,9259.3,7.0291e+05,0,0,0,0,0,0,0,0,0,0,1.9936,0,0,0,0,0
68,267,2.9,9259.3,7.0291e+05,0.42196,0,0,0,0,2.0259,111.99,0,0,0.4212,34.51,0,0,0,0,0
68,267,2.9,9259.3,7.0291e+05,0,0,0,2.5943,0,0.0055723,0,0,0,0,0.29739,0,0,0,0,0
68,267,2.9,9259.3,7.0291e+05,0.008534,0,0,0,0,0.00078163,0,0,0,0,0.18667,0,0,0,0,0
68,267,2.9,9259.3,7.0291e+05,0,0,0,11.114,0,0,0,0,0,0,3.6192,0,0,0,0,0
68,267,2.9,9259.3,7.0291e+05,3.2098,0,0,0.003551,0.21191,0,1.0096,0,0,1.164,0.22358,0,0,0,0,0
68,267,2.9,9259.3,7.0291e+05,0,0,2.9417,0,0,0.025225,0.16424,0,0,0.91947,0.92485,0,0,0,0,0
68,267,2.9,9259.3,7.0291e+05,0.6663,0,0,0,0,0,0,0,0,0.18086,0.18667,0,0,0,0,0
68,267,2.9,9259.3,7.0291e+05,0.01603,0,0,0,0,0,0,0,0,7.6506,8.8643,0,0,0,0,0
68,267,2.9,9259.3,7.0291e+05,0,0,6.2589,0,0,0.99999,17.797,0,0,7.6506,0.18667,0,0,0,0,0
68,267,2.9,9259.3,7.0291e+05,0,0,0,0,0,0,0,0,0,0,18.235,0,0,0,0,0
68,267,2.9,9259.3,7.0291e+05,0,0,0,0,0,0,0,0,0,0.4212,36.283,0,0,0,79.023,0
68,267,2.9,9259.3,7.0291e+05,1.9578,0,0,0,0.010234,0,0.16424,0,0,1.7864,0.45538,0,0,0,209.99,0
68,267,2.9,9259.3,7.0291e+05,0.020217,0,0,0,0,0.0073404,0,0,0,19.403,0.18667,0,0,0,3.4115,0
68,267,2.9,9259.3,7.0291e+05,0,0,0,0.10623,0,0.04817,1.0096,0,0,1.2479,0.18667,0,0,0,0,0
68,267,2.9,9259.3,7.0291e+05,0.010259,0,0,14.92,0,0,105.22,0,0,3.8254,0.22358,0,0,0,0,0
68,267,2.9,9259.3,7.0291e+05,0.008776,0,0,0,0,8.8417,0,0,0,0,0.92485,0,0,0,69.018,0
68,267,2.9,9259.3,7.0291e+05,0.015552,0,0,1.3744,0,0.11078,0,0,0,0.18355,31.982,0,0,0,0,0
68,267,2.9,9259.3,7.0291e+05,0,0,0,0,0,0.99271,0,0,0,0,1.6181,0,0,0,0,0
68,267,2.9,9259.3,7.0291e+05,0,0,0,0,0,0,32.701,0,0,1.9819,0.70126,0,0,0,0,0
69,268,1.298,18403,1.3971e+06,0,0,0,0.003089,0,0,0.16424,0,0,1.0245,5.2617,0,0,0,0,0
69,268,1.298,18403,1.3971e+06,0,0,0.85846,0.0095725,0,0,0.11746,0,0,0,17.117,0,0,0,0,0
69,268,1.298,18403,1.3971e+06,0,0,0,0,0,0,0,0,0,0,85.483,0,0,0,0,0
69,268,1.298,18403,1.3971e+06,0,0,0,0.20936,0,0.00078163,25.765,0,0,1.0245,25.69,0,0,0,0,0
69,268,1.298,18403,1.3971e+06,0,0,0.66568,8.14,0.013687,10.629,0,0,0,3.8737,0.18667,0,0,0,0,0
69,268,1.298,18403,1.3971e+06,0,0,0,0,0,0,11.027,0,0,0,0.18667,0,0,0,0,0
69,268,1.298,18403,1.3971e+06,0,0,0,0,0,0,0,0,0,2.6253,0.18667,0,0,0,0,0
69,268,1.298,18403,1.3971e+06,0,0,0,0,0,0.75102,0,0,0,1.4449,0.18667,0,0,0,0,0
69,268,1.298,18403,1.3971e+06,8.5811,0,0,0.088419,0,0,0,0,0,8.5959,0.18667,0,0,0,0,0
69,268,1.298,18403,1.3971e+06,0,0,0,0,0,0,0,0,0,0,19.429,0,0,0,0,0
69,268,1.298,18403,1.3971e+06,10.136,0,0,0,0,0.025839,0,0,0,1.0076,1.2286,0,0,0,0,0
69,268,1.298,18403,1.3971e+06,0,0,0,3.743,0,0,0,0,0,0,1.3308,0,0,0,0,0
69,268,1.298,18403,1.3971e+06,0,0,0,0,0,0,0,0,0,0,0.44504,0,0,0,0,0
69,268,1.298,18403,1.3971e+06,0,0,0,0.52091,0,0,0.11746,0,0,0,0.18667,0,0,0,0,0
69,268,1.298,18403,1.3971e+06,0,0,0,0,0,0.017111,0,0,0,0,5.4628,0,0,0,0,0
69,268,1.298,18403,1.3971e+06,0.84005,0,0,7.7871,0.6169,0,0.075512,0,0,21.917,0.18667,0,0,0,0,0
69,268,1.298,18403,1.3971e+06,0.002011,0,0,0,0,0,0,0,0,1.0076,24.251,0,0,0,0,0
69,268,1.298,18403,1.3971e+06,0,0,0,0,0,0,22.844,0,0,0.18355,0.18667,0,0,0,0,0
69,268,1.298,18403,1.3971e+06,2.3595,0,0,0.39723,1.1407,0,0,0,0,9.1622,5.2617,0,0,0,0,0
69,268,1.298,18403,1.3971e+06,0,0,0,0,0,0,0.76622,0,0,0,10.816,0,0,0,0,0
69,268,1.298,18403,1.3971e+06,11.292,0,0,0,0,0,0,0,0,127.87,0.18667,0,0,0,0,0
69,268,1.298,18403,1.3971e+06,0,0,0,0.000966,0,0,14.671,0,0,0,8.7668,0,0,0,0,0
69,268,1.298,18403,1.3971e+06,0.28052,0,0,0,0,0,0,0,0,1.1822,9.0064,0,0,0,0,0
69,268,1.298,18403,1.3971e+06,0.14025,0,0,0,0.65697,0,0,0,0,0,23.035,0,0,0,0,0
69,268,1.298,18403,1.3971e+06,0,0,0,0.23739,0.00328,0,0,0,0,0,8.0593,0,0,0,0,0
69,268,1.298,18403,1.3971e+06,0,0,0,0,0,1.1633,0.53887,0,0,55.455,1.3385,0,0,0,225.69,0
69,268,1.298,18403,1.3971e+06,0,0,1.3978,0,0,0,0,0,0,1.5851,17.756,0,0,0,0,0
69,268,1.298,18403,1.3971e+06,0,0,0,0.13946,0,3.4152,24.797,0,0,0,0.34385,0,0,0,0,0
69,268,1.298,18403,1.3971e+06,0,0,0,1.699,0.48102,0,0,0,0,13.788,0.18667,0,0,0,173.31,0
69,268,1.298,18403,1.3971e+06,0,0,0,0,0,0,0,0,0,0,1.2894,0,0,0,141.66,0
69,268,1.298,18403,1.3971e+06,0,0,0,17.083,0,0,0,0,0,8.4961,31.446,0,0,0,0,0
69,268,1.298,18403,1.3971e+06,0.016623,0,0,0,0,0,0.16424,0,0,36.785,16.651,0,0,0,0,0
69,268,1.298,18403,1.3971e+06,0.058652,0,0,24.052,0,0,137.86,0,0,1.0834,0.18667,0,0,0,392.71,0
69,268,1.298,18403,1.3971e+06,0,0,0,0,216.56,0,0,0,0,0.63421,0.18667,0,0,0,0,0
69,268,1.298,18403,1.3971e+06,0,0,0,6.3e-05,0,10.629,0,0,0,5.7109,0.18667,0,0,0,0,0
69,268,1.298,18403,1.3971e+06,0,0,0,0.12387,0,0,189.65,0,0,127.87,0.18667,0,0,0,0,0
69,268,1.298,18403,1.3971e+06,4.4085,0,0,0,0,67.231,0,0,0,1.0245,0.34092,0,0,0,0,0
69,268,1.298,18403,1.3971e+06,0,0,0,0,0,0,0,0,0,9.1622,34.614,0,0,0,0,2116.3
69,268,1.298,18403,1.3971e+06,0.52666,0,0,0,0,0,0.16424,0,0,8.5959,0.34441,0,0,0,0,0
69,268,1.298,18403,1.3971e+06,0.016623,0,0,0,0,0,0,0,0,55.455,0.18667,0,0,0,0,0
69,268,1.298,18403,1.3971e+06,62.674,0,0.003538,0,0,0,24.769,0,0,0,1.4513,0,0,0,0,0
69,268,1.298,18403,1.3971e+06,1.269,0,0,2.9693,0,0,0,0,0,6.8425,10.601,0,0,0,0,0
69,268,1.298,18403,1.3971e+06,0,0,0,0,0,0,0,0,0,0,81.992,0,0,0,0,0
69,268,1.298,18403,1.3971e+06,0.068081,0,1.0786,0.35097,0,0,0,0,0,1.0245,0.18667,0,0,0,0,0
69,268,1.298,18403,1.3971e+06,0,0,0,0,0.009001,0,24.397,0,0,3.8737,6.7376,0,0,0,0,0
69,268,1.298,18403,1.3971e+06,0,0,0,0,3.5297,0,0,0,0,0,20.511,0,0,0,0,0
69,268,1.298,18403,1.3971e+06,0,0,0,0,0,0,0.16424,0,0,1.5851,1.2286,0,0,0,0,0
69,268,1.298,18403,1.3971e+06,0.00524,0,0,0,0,0,0.16424,0,0,0,81.202,0,0,0,0,0
69,268,1.298,18403,1.3971e+06,2.0559,0,0,0,0,1.5949,0.53887,0,0,0.63421,20.511,0,0,0,0,0
69,268,1.298,18403,1.3971e+06,0,0,0,0,6.6666,0.081761,0,0,0,0.55196,10.522,0,0,0,0,0
69,268,1.298,18403,1.3971e+06,0.0062152,0,0,0,0,0,0,0,0,0.21027,0.18667,0,0,0,0,0
69,268,1.298,18403,1.3971e+06,0.00524,0,0,0,0,0,0,0,0,0,15.34,0,0,0,0,0
69,268,1.298,18403,1.3971e+06,0,0,0,0.34963,0,0,0,0.74217,0,1.0167,13.418,0,0,0,0,0
69,268,1.298,18403,1.3971e+06,3.2098,0,0,0.0002,0,0,0,0,0,3.8254,0.18667,0,0,0,16.87,0
69,268,1.298,18403,1.3971e+06,0.025781,0,0,0,0,0,15.227,14.177,0,0,0.33589,0,0,0,0,0
69,268,1.298,18403,1.3971e+06,0,0,0,0,0,0,111.99,0,0,0,3.4073,0,0,0,0,0
69,268,1.298,18403,1.3971e+06,0,0,0,0,0,0,35.801,0,0,0.76342,2.9511,0,0,0,0,0
69,268,1.298,18403,1.3971e+06,0.66409,0,0,0,0,0,0.16424,0,0,0.18086,0.18667,0,0,0,0,0
69,268,1.298,18403,1.3971e+06,0.46331,0,0,0,2.9774,0,0.75485,0,0,0,6.1969,0,0,0,0,0
69,268,1.298,18403,1.3971e+06,4.2828,0,0,0,0.008321,0,0,0.00062,0,1.0834,0.18667,0,0,0,0,0
69,268,1.298,18403,1.3971e+06,0,0,0,3.5686,0,0,65.609,0,0,1.164,23.137,0,0,0,0,0
69,268,1.298,18403,1.3971e+06,0,0,0,0.076467,0,0.98666,0,0,0,0.64617,0.18667,0,0,0,0,0
69,268,1.298,18403,1.3971e+06,0,0,0,0.86074,0,1.0023,0.16424,0,0,0,23.035,0,0,0,0,0
69,268,1.298,18403,1.3971e+06,0,0,0,0,0,0,24.397,0,0,0,0.18667,0,0,0,18.351,0
69,268,1.298,18403,1.3971e+06,0,0,0,0,0,0,0,0,0,0.72035,1.556,0,0,0,0,0
69,268,1.298,18403,1.3971e+06,0,0,0,30.547,47.036,0,31.786,0,0,1.1034,0.41588,0,0,0,0,0
69,268,1.298,18403,1.3971e+06,0,0,0,0,0,0,0,0,0,36.785,0.88794,0,0,0,0,0
69,268,1.298,18403,1.3971e+06,0,0,0,0,0,0.99999,0,0,0,0,10.3,0,0,0,0,0
69,268,1.298,18403,1.3971e+06,0.003127,0,0,0,0,0,26.54,0,0,1.1034,6.9144,0,0,0,0,0
69,268,1.298,18403,1.3971e+06,0.25322,0,0,0.027678,0,0,0.0029097,0,0,1.7864,0.34287,0,0,0,0,0
69,268,1.298,18403,1.3971e+06,0.55082,0,0,0,0,0,0,0,0,1.2479,37.875,0,0,0,0,0
69,268,1.298,18403,1.3971e+06,0.003538,0,0,0.23739,0,0,0,0,0,5.6716,1.6724,0,0,0,0,0
69,268,1.298,18403,1.3971e+06,0,0,0,7.7871,0,0,98.782,0,0,0,0.18667,0,0,0,0,0
69,268,1.298,18403,1.3971e+06,0,0,0,0,0,0,0,0,0,0.8932,0.18667,0,0,0,0,0
69,268,1.298,18403,1.3971e+06,0,0,0,0.003152,0,0,0.75485,0,0,0.68445,0.18667,0,0,0,0,0
69,268,1.298,18403,1.3971e+06,0,0,0,0,0,0,0,0,0,0.18355,0.34267,0,0,0,0,0
69,268,1.298,18403,1.3971e+06,0,0,0,0,0,0,0,0,0,0.91947,9.0064,0,0,0,0,0
69,268,1.298,18403,1.3971e+06,0.28588,0,0,0,0.6169,0,35.47,0,0,19.403,0.18667,0,0,0,0,0
69,268,1.298,18403,1.3971e+06,0.014616,0,0,0,0,0,15.831,0,0,1.0076,0.18667,0,0,0,0,0
69,268,1.298,18403,1.3971e+06,10.685,0,0,19.879,0,0,0.76622,0,0,0.55196,0.95751,0,0,0,0,0
69,268,1.298,18403,1.3971e+06,0.001009,0,0,0,0,0,0,0,0,8.0476,0.18667,0,0,0,0,0
69,268,1.298,18403,1.3971e+06,0,0,0,0,0,0,173.14,0,0,9.1202,13.538,0,0,0,0,0
69,268,1.298,18403,1.3971e+06,0,0,0,0,0,0,0.02739,0,0,1.0245,0.18667,0,0,0,0,0
69,268,1.298,18403,1.3971e+06,0.016491,0,0,0,0,0,0,0,0,0.39237,24.887,0,0,0,0,0
69,268,1.298,18403,1.3971e+06,1.7727,0,0,0,0,0,0,0,0,5.7109,0.86716,0,0,0,0,0
69,268,1.298,18403,1.3971e+06,0,0,0,0,0,0,215.17,0,0,1.0834,18.598,0,0,0,0,0
69,268,1.298,18403,1.3971e+06,3.582,0,0,1.4123,0.64192,0,0,0,0,0.056957,0.18667,0,0,0,0,0
69,268,1.298,18403,1.3971e+06,0,0,0,0,0,0,0,0,0,0.73557,11.622,0,0,0,0,0
69,268,1.298,18403,1.3971e+06,0,0,0,0.10596,0,0,0,0,0,0,10.537,0,0,0,0,0
69,268,1.298,18403,1.3971e+06,0,0,0.12256,0,0,0,240.04,0,0,3.4087,0.18667,0,0,0,0,0
69,268,1.298,18403,1.3971e+06,23.386,0,0,0,0,0,0,0,0,0.4212,14.407,0,0,0,0,0
69,268,1.298,18403,1.3971e+06,0.18567,0,0,0.01839,0.054304,0.0018444,0.8784,0,0,0,11.075,0,0,0,0,0
69,268,1.298,18403,1.3971e+06,0,0,0,0,0,0,29.471,0,0,0,80.929,0,0,0,0,0
69,268,1.298,18403,1.3971e+06,0,0,0,0,0,9.8334e-05,0,0,0,10.481,56.51,0,0,0,0,0
69,268,1.298,18403,1.3971e+06,0.012255,0,0.1477,0.13351,2.9292,0,0.16424,0,0,0,0.18667,0,0,0,0,0
69,268,1.298,18403,1.3971e+06,0,0,0,0,0,0.0064522,0,0,0,0,4.481,0,0,0,0,0
69,268,1.298,18403,1.3971e+06,0,0,0,0,0.008333,0.010178,7.1437,0,0,0.4212,10.522,0,0,0,0,0
69,268,1.298,18403,1.3971e+06,0.005248,0,0,0.002889,0.008365,0.99999,689.6,0,0,3.4087,5.4517,0,0,0,0,0
69,268,1.298,18403,1.3971e+06,0,0,0,0.000532,20.841,0,0.13695,0,0,9.1202,0.18667,0,0,0,0,0
69,268,1.298,18403,1.3971e+06,0,0,0,0.003089,0,0,0,0,0,0.76342,0.18667,0,0,0,0,0
69,268,1.298,18403,1.3971e+06,0.003465,0,0,0,0,0,0.16424,0,0,1.7864,0.88794,0,0,0,0,0
69,268,1.298,18403,1.3971e+06,0.01603,0,0,0,0,0,0.99097,0,0,8.0476,6.7376,0,0,0,0,0
69,268,1.298,18403,1.3971e+06,0,0,0,0,0,0,0,0,0,127.87,0.54798,0,0,0,0,0
69,268,1.298,18403,1.3971e+06,0.000254,0,0,0,0,0,0,0,0,0,0.18667,0,0,0,0,0
69,268,1.298,18403,1.3971e+06,0.46331,0,5.6188,0,0,0,0.50998,0,0,1.4449,0.18667,0,0,0,0,0
69,268,1.298,18403,1.3971e+06,0,0,0,0,0,0,0.02739,0,0,0.68445,0.18667,0,0,0,0,0
69,268,1.298,18403,1.3971e+06,0,0,0,0,0,0,15.831,0,0,13.788,0.86986,0,0,0,0,0
69,268,1.298,18403,1.3971e+06,0,0,0,0.013572,0,0,0,0,0,1.4449,0.33626,0,0,0,0,0
69,268,1.298,18403,1.3971e+06,0.001493,0,0,0,0,0,0,0,0,0,0.18667,0,0,0,0,0
69,268,1.298,18403,1.3971e+06,5.0643,0,0,0.014442,0,0,0,0,0,1.9819,0.18667,0,0,0,0,0
69,268,1.298,18403,1.3971e+06,0,0,0,40.343,0,0,0,0,0,1.7864,0.18667,0,0,0,0,0
69,268,1.298,18403,1.3971e+06,5.6983,0,0,0,0,0,168.84,0,0,18.081,0.18667,0,0,0,0,46.007
69,268,1.298,18403,1.3971e+06,0.005239,0,0,0,0,0,0.16424,0,0,55.455,0.33263,0,0,0,0,0
69,268,1.298,18403,1.3971e+06,4.4085,0,0,0,0,0,0.11746,0,0,1.808,0.35197,0,0,0,0,0
69,268,1.298,18403,1.3971e+06,0,0,0,1.699,0,0,0,0,0,1.5859,85.483,0,0,0,0,0
69,268,1.298,18403,1.3971e+06,0,0,0,9.6017,0,0,0.16424,0,0,0,0.18667,0,0,0,0,0
69,268,1.298,18403,1.3971e+06,0,0,0,0,0,0,0,0,0,0,8.0482,0,0,0,0,0
69,268,1.298,18403,1.3971e+06,0,0,0,0.14377,0,0.9846,0,0,0,5.7109,148.95,0,0,0,0,0
69,268,1.298,18403,1.3971e+06,23.386,0,0,0,0,0,0,0,0,9.1202,75.625,0,0,0,11.189,0
69,268,1.298,18403,1.3971e+06,0.0021738,0,0,0,0,0.025839,4.8888,0,0,1.7864,185.82,0,0,0,0,0
69,268,1.298,18403,1.3971e+06,0.14703,0,0,0,0,0,35.47,0,0,0,1.6452,0,0,0,0,0
69,268,1.298,18403,1.3971e+06,0,0,0,0,0,0,0,0,0,1.0076,0.18667,0,0,0,37.448,0
69,268,1.298,18403,1.3971e+06,0.10471,0,0,0.000966,0,0,0,0,0,127.87,24.214,0,0,0,0,0
69,268,1.298,18403,1.3971e+06,0,0,0,0,0,0,0,0,0,4.212,9.34,0,0,0,0,0
69,268,1.298,18403,1.3971e+06,0.65807,0,0,0,0,0,0,0,0,13.788,0.34266,0,0,0,0,0
69,268,1.298,18403,1.3971e+06,2.1264,0,0,0,0,0,0,0,0,0,14.459,0,0,0,0,0
69,268,1.298,18403,1.3971e+06,0,0,0,0.55079,0,0,0,0,0,0,2.0171,0,0,0,5.3942,0
69,268,1.298,18403,1.3971e+06,0.017186,0,0,0,0,0,0.53887,0,0,6.8425,3.9699,0,0,0,0,0
69,268,1.298,18403,1.3971e+06,0,0,0,5.7012,0,0,0,0,0,0,0.33356,0,0,0,0,0
69,268,1.298,18403,1.3971e+06,0,0,0,0.001415,0,0,0,0,0,0,5.6787,0,0,0,0,0
69,268,1.298,18403,1.3971e+06,6.5216,0,0,0,0,1.0028,0.53887,0,0,0.68445,0.18667,0,0,0,0,0
69,268,1.298,18403,1.3971e+06,0,0,0,0,0,0,0.16424,0,0,1.1822,0.18667,0,0,0,275.9,0
69,268,1.298,18403,1.3971e+06,10.685,0,0,0,0,0.013212,24.397,0,0,0,0.35503,0,0,0,0,0
69,268,1.298,18403,1.3971e+06,25.11,0,0,0.0065823,0,0,0,0,0,0,5.4517,0,0,0,0,0
69,268,1.298,18403,1.3971e+06,0,0,0,50.992,0,0,0,0,0,3.8254,0.18667,0,0,0,0,0
69,268,1.298,18403,1.3971e+06,0.37464,0,0,0.14693,0,0,47.452,0,0,0,3.3067,0,0,0,0,0
69,268,1.298,18403,1.3971e+06,0,0,0,0,0.0011985,0.0026412,44.12,0,0,7.6506,0.33356,0,0,0,0,0
69,268,1.298,18403,1.3971e+06,1.5801,0,0,3.0675,0,0,5.0643,0,0,13.788,2.3546,0,0,0,0,0
69,268,1.298,18403,1.3971e+06,0,0,0,2.4735,0,5.9264,0,0,0,8.5959,0.18667,0,0,0,44.612,0
69,268,1.298,18403,1.3971e+06,0,0,0,0,0,0,0,0,0,16.378,15.74,0,0,0,0,0
69,268,1.298,18403,1.3971e+06,0,0,0,0.030064,0,0,10.056,0,0,0,1.3357,0,0,0,0,0
69,268,1.298,18403,1.3971e+06,0,0,0,1.0864,0,0,0,0,0,1.5859,0.18667,0,0,0,0,0
69,268,1.298,18403,1.3971e+06,0.016666,0,0,13.248,0,0,0,0,0,3.8737,0.18667,0,0,0,0,0
69,268,1.298,18403,1.3971e+06,0.14996,0,0,0,0,1.0064,6.8761,0,0,0.55196,0.18667,0,0,0,0,0
69,268,1.298,18403,1.3971e+06,0,0,0,0.10288,1.476,0,0,0,0,1.0139,1.4447,0,0,0,0,0
69,268,1.298,18403,1.3971e+06,0,0,0,0,0,0.47199,0,0,0,0.72035,0.84122,0,0,0,0,0
69,268,1.298,18403,1.3971e+06,0.9984,0,0,0,0,0.013211,0,0,0,0.76342,0.18667,0,0,0,0,0
69,268,1.298,18403,1.3971e+06,0.0067626,0,0,0,0,4.4592,0,0,0,0,8.0593,0,0,0,0,0
69,268,1.298,18403,1.3971e+06,0,0,0,0,0,17.139,0,0,0,0.76777,3.8481,0,0,0,1.7358,0
69,268,1.298,18403,1.3971e+06,0.005239,0,0,0,0,0,0,0,0,1.261,0.42559,0,0,0,0,0
69,268,1.298,18403,1.3971e+06,0,0,0,0,0,0,0,0,0,0.4212,0.18667,0,0,0,0,0
69,268,1.298,18403,1.3971e+06,3.1184,0,0,0,0,0,0,67.134,0,5.7231,4.7837,0,0,0,0,0
69,268,1.298,18403,1.3971e+06,0.00062,0,0,0,0,0,0,0,0,8.4961,1.8754,0,0,0,0,0
69,268,1.298,18403,1.3971e+06,0,0,0,0,0.65697,0,0.13695,0,0,0,0.45538,0,0,0,0,0
69,268,1.298,18403,1.3971e+06,0.019152,0,0,12.135,0,0,0,0,0,0,1.3357,0,0,0,0,0
69,268,1.298,18403,1.3971e+06,1.4748,0,0,0,0,0,27.839,0,0,0,6.2445,0,0,0,0,0
69,268,1.298,18403,1.3971e+06,0,0,0,0.013584,0,0,98.782,0,0,0.27721,12.447,0,0,0,0,0
69,268,1.298,18403,1.3971e+06,0,0,0,0,0,0.00078163,15.227,0,0,0.18355,24.251,0,0,0,0,0
69,268,1.298,18403,1.3971e+06,0,0,6.7013,0,0.000251,0,0,0,0,9.1202,0.18667,0,0,0,0,0
69,268,1.298,18403,1.3971e+06,3.0254,0,0,2.3426,0,0,0.76622,0,0,0,10.724,0,0,0,0,0
69,268,1.298,18403,1.3971e+06,0.048101,0,0,4.0275,0,0,0.8784,0,0,0.76777,19.429,0,0,0,0,0
69,268,1.298,18403,1.3971e+06,0,0,0,0,0,0,0,0,0,9.1202,0.18667,0,0,0,0,0
69,268,1.298,18403,1.3971e+06,0.017397,0,0,0.12387,0,0,0,0,0,0,0.18667,0,0,0,0,0
69,268,1.298,18403,1.3971e+06,0,0,0,0.26181,0,0,0,0,0,0.18086,0.18667,0,0,0,0,0
69,268,1.298,18403,1.3971e+06,0,0,0,0,0,2.612,0,0,0,0,21.372,0,0,0,0,0
69,268,1.298,18403,1.3971e+06,0,0,0,0,0,1.1633,0,0,0,4.212,7.6991,0,0,0,0,0
69,268,1.298,18403,1.3971e+06,0,0,0,0,0,0,25.765,0,0,1.5851,19.523,0,0,0,0,0
69,268,1.298,18403,1.3971e+06,0.76748,0,0,0.02512,0,0,0,0,0,0.68445,8.0593,0,0,0,0,0
69,268,1.298,18403,1.3971e+06,0,0,0,0.071919,0,0,0,0,0,0.18086,0.18667,0,0,0,0,0
69,268,1.298,18403,1.3971e+06,0.34113,0,0,47.31,0.86686,0,0,0,0,0,0.22358,0,0,0,0,0
69,268,1.298,18403,1.3971e+06,0,0,0,0,0,0,0,0,0,9.1622,0.18667,0,0,0,0,0
69,268,1.298,18403,1.3971e+06,0.42196,0,0,0,0.008332,0,0,0,0,0,6.4398,0,0,0,0,0
69,268,1.298,18403,1.3971e+06,0,0,0,0,0,0,33.551,0,0,0.27721,0.18667,0,0,0,6.4663,0
69,268,1.298,18403,1.3971e+06,0.11549,0.19917,0,0,0,8.13,0,0,0,1.2479,0.18667,0,0,0,0,0
69,268,1.298,18403,1.3971e+06,0.002139,0,0,2.0095,0,0,25.748,0,0,0,4.8003,0,0,0,0,0
69,268,1.298,18403,1.3971e+06,0,0,0,0,0,0,0,0,0,0.18086,3.65,0,0,0,0,0
69,268,1.298,18403,1.3971e+06,0,0,0,0.002889,0,0,0.010505,0,0,1.0834,0.18667,0,0,0,0,0
69,268,1.298,18403,1.3971e+06,9.5757,0,0,0,0.86686,0,0,0,0,36.785,15.182,0,0,0,0,0
69,268,1.298,18403,1.3971e+06,0.45677,0,0,0,0,0,0,0,0,10.481,31.443,0,0,0,0,0
69,268,1.298,18403,1.3971e+06,0,0,0,0.2719,0,0.00047402,0,0,0,0,0.33634,0,0,0,292.45,0
69,268,1.298,18403,1.3971e+06,0,0,0,0,0.008321,0,0,0,0,0,148.95,0,0,0,0,0
69,268,1.298,18403,1.3971e+06,25.11,0,0,0,0,0,0,0,0,0,2.1428,0,0,0,0,0
69,268,1.298,18403,1.3971e+06,0,0,0,6.4021,0,0,0.75485,0,0,5.6716,1.0725,0,0,0,0,0
69,268,1.298,18403,1.3971e+06,0.11091,0,0,0.56495,0,0,0.16424,0,0,1.5079,0.18667,0,0,0,0,0
69,268,1.298,18403,1.3971e+06,0.031671,0,0,0.007449,0,0,0,0,0,5.7109,0.18667,0,0,0,0,0
69,268,1.298,18403,1.3971e+06,0,0,0,0,0,0,0,0,0,0.72035,1.3385,0,0,0,0,0
69,268,1.298,18403,1.3971e+06,0,0,0,0,0,0,0,0,0,0.18086,45.427,0,0,0,0,0
69,268,1.298,18403,1.3971e+06,0.016666,0,0,0,0,0,0,0,0,0.44575,0.18667,0,0,0,0,0
69,268,1.298,18403,1.3971e+06,0,0,0,0,0,0,0.075512,0,0,2.6253,7.6991,0,0,0,0,276.04
69,268,1.298,18403,1.3971e+06,0,0,0,6.6898,0,0,0,0,0,0.14685,0.18667,0,0,0,3.188,0
69,268,1.298,18403,1.3971e+06,0.003346,0,0,0.033408,0,0,0,0,0,1.1034,0.33085,0,0,0,0,0
69,268,1.298,18403,1.3971e+06,0,0,0,0,0,0,251.74,0,0,7.6506,0.22358,0,0,0,0,0
69,268,1.298,18403,1.3971e+06,0,0,0,0,0,0,0,0,0,0,0.18667,0,0,0,1087.5,0
69,268,1.298,18403,1.3971e+06,0,0,0,0,0,0,0,0,0,1.5851,3.9931,0,0,0,0,0
69,268,1.298,18403,1.3971e+06,0.016668,0,0,0,0,0,26.607,0,0,9.1622,0.18667,0,0,0,0,0
69,268,1.298,18403,1.3971e+06,0.001309,0,0,0,0,0,0,0,0,1.261,2.0171,0,0,0,0,0
69,268,1.298,18403,1.3971e+06,0,0,0,0,0,0,689.6,0,0,1.0834,3.9699,0,0,0,0,0
69,268,1.298,18403,1.3971e+06,0,0,0,0.10468,0,0,0,0,0,1.7327,57.027,0,0,0,0,0
69,268,1.298,18403,1.3971e+06,0.02181,0,0,19.334,0,0,0,0,0,1.0076,0.44504,0,0,0,0,0
69,268,1.298,18403,1.3971e+06,0.075774,0,0,0,0,0,0,0,0,0,0.18667,0,0,0,0,0
69,268,1.298,18403,1.3971e+06,2.7809,0,0,0.93043,0,0,0,0,0,7.8617,0.18667,0,0,0,0,0
69,268,1.298,18403,1.3971e+06,0.00524,0,0,1.26,0,0,0,0,0,1.0834,1.0623,0,0,0,0,0
69,268,1.298,18403,1.3971e+06,0,0,0,0.10023,0,0,0,0,0,0,6.7845,0,0,0,0,0
69,268,1.298,18403,1.3971e+06,0,0,0,1.557,0.15766,0,0,0,0,0.18355,0.3452,0,0,0,0,0
69,268,1.298,18403,1.3971e+06,0.88404,0,0,0.40442,0,0,0,0,0,0,0.18667,0,0,0,0,0
69,268,1.298,18403,1.3971e+06,0,0,0,0,0,0,0,0,0,1.5851,6.2316,0,0,0,0,0
69,268,1.298,18403,1.3971e+06,0,0,0,4.5804,0,0,0,0,0,0,0.18667,0,0,0,0,0
69,268,1.298,18403,1.3971e+06,0,0,0.00021,0,0,0,38.067,0,0,9.1622,0.83155,0,0,0,0,0
69,268,1.298,18403,1.3971e+06,0.007595,0,0,0,0.008333,0,0.11746,0,0,7.8617,0.88794,0,0,0,0,0
69,268,1.298,18403,1.3971e+06,0,0,0,0,0,0,0.16424,0,0,0,2.0991,0,0,0,0,0
69,268,1.298,18403,1.3971e+06,0,0,0,234.47,0.00524,0,6.8761,0,0,13.788,31.446,0,0,0,0,0
69,268,1.298,18403,1.3971e+06,0,0,0,8.7752,0,0,0.16424,0,0,1.0167,0.18667,0,0,0,0,0
69,268,1.298,18403,1.3971e+06,0,0,0,0.013535,0,0,145.74,0,0,0,54.222,0,0,0,0,0
69,268,1.298,18403,1.3971e+06,0,0,0,0,0,0.53666,0,0,0,7.8617,0.18667,0,0,0,0,0
69,268,1.298,18403,1.3971e+06,0,0,0,0.0079985,0.008333,0,38.312,0,0,0,15.543,0,0,0,0,0
69,268,1.298,18403,1.3971e+06,0,0,0,0.0014,0,0,0,0,0,1.1822,0.18667,0,0,0,0,0
69,268,1.298,18403,1.3971e+06,0,0,0,0.059422,0,0,0,0,0,0.76342,0.18667,0,0,0,0,0
69,268,1.298,18403,1.3971e+06,0.43617,0,0,0,20.841,0,0,0,0,0,18.818,0,0,0,0,0
69,268,1.298,18403,1.3971e+06,0,0,7.787,0,0,0,0,0,0,0.18086,0.18667,0,0,0,0,0
69,268,1.298,18403,1.3971e+06,0.52666,0,5.2828,0,0,0,64.859,0,0,0,0.51886,0,0,0,0,0
69,268,1.298,18403,1.3971e+06,7.7659,0,0,11.994,0,4.4592,0,0,0,10.481,10.846,0,0,0,0,0
69,268,1.298,18403,1.3971e+06,0,0,0,0,0,0.99999,0,0,0,1.0139,31.443,0,0,0,0,0
69,268,1.298,18403,1.3971e+06,0,0,0,0,0,0,0,0,0,5.7231,0.22358,0,0,0,0,0
69,268,1.298,18403,1.3971e+06,0.0091124,0,0,0,0,0,0,0,0,16.378,0.18667,0,0,0,0,0
69,268,1.298,18403,1.3971e+06,0,0,0,23.455,0,0,0.16424,0,0,0,1.4513,0,0,0,0,0
69,268,1.298,18403,1.3971e+06,0.14703,0,0,0,0,0.44113,19.338,0,0,1.0167,2.3279,0,0,0,6.1285,0
69,268,1.298,18403,1.3971e+06,0.003173,0,0,0,0,0,0,0,0,1.5859,0.18667,0,0,0,0,0
69,268,1.298,18403,1.3971e+06,0,0,0,0,0,0,17.187,0,0,0,0.18667,0,0,0,89.206,0
69,268,1.298,18403,1.3971e+06,2.0559,0,0,0,0,0,0,0,0,0,16.601,0,0,0,0,0
69,268,1.298,18403,1.3971e+06,0.9984,0,0,0,0,0,0,0,0,1.0834,13.648,0,0,0,0,0
69,268,1.298,18403,1.3971e+06,0.41744,0,0,0.080285,0,0,0,0,0,0.056957,0.51886,0,0,0,0,0
69,268,1.298,18403,1.3971e+06,0,0,10.683,0,0.80562,0,0,0,0,127.87,0.18667,0,0,0,0,0
69,268,1.298,18403,1.3971e+06,0.016666,0,0,0,24.991,0,0,0,0,8.5959,1.1651,0,0,0,0,0
69,268,1.298,18403,1.3971e+06,0,0,0,0,0,0,0,0,0,16.378,0.18667,0,0,0,0,0
69,268,1.298,18403,1.3971e+06,0,0,0,0,0,0,0,0,0,0,0.18667,0,0,0,0,0
69,268,1.298,18403,1.3971e+06,0,0,0,0,0.00524,0.99999,0,0,0,0.21027,9.4508,0,0,0,0,0
69,268,1.298,18403,1.3971e+06,0,0,0,8.6e-05,0,0,17.559,0,0,0.44682,0.18667,0,0,0,0,0
69,268,1.298,18403,1.3971e+06,0,0,0,0,0,0,0,0,0,0.27721,14.178,0,0,0,0,0
69,268,1.298,18403,1.3971e+06,0,0,0,0.29954,0,0,0,0,0,5.6716,0.18667,0,0,0,0,0
69,268,1.298,18403,1.3971e+06,8.6656,0,0,0,0,0.99999,0,0,0,8.0476,1.5006,0,0,0,0,0
69,268,1.298,18403,1.3971e+06,0,0,0.010825,0.3642,0,0,0,0,0,36.785,0.18667,0,0,0,0,0
69,268,1.298,18403,1.3971e+06,0.000126,0,0,7.5817,0,0,0.8784,0,0,5.7231,0.18667,0,0,0,0,0
69,268,1.298,18403,1.3971e+06,0,0,0,702.44,0,0,0,0,0,0.056957,0.18667,0,0,0,0,0
69,268,1.298,18403,1.3971e+06,0,0,0,0,0,0,0.13695,0,0,0.68445,0.18667,0,0,0,0,0
69,268,1.298,18403,1.3971e+06,0.40798,0,0,1.1325,0,0,0,0,0,1.261,15.74,0,0,0,0,0
69,268,1.298,18403,1.3971e+06,2.1264,0,0,0,0,0,0.76622,0,0,1.1822,18.235,0,0,0,0,0
69,268,1.298,18403,1.3971e+06,0.40798,0,0,0.0018375,0,0,0.16424,0,0,0.76342,1.2894,0,0,0,0,0
69,268,1.298,18403,1.3971e+06,0,0,0,0,0,0,0,0,0,10.481,42.493,0,0,0,0,0
69,268,1.298,18403,1.3971e+06,0,0,0,0,0,0,0,0,0,0,0.18667,0,0,0,0,0
69,268,1.298,18403,1.3971e+06,0.00802,0,0,13.42,0.008397,0.012762,0,0,0,0.44575,3.1118,0,0,0,31.314,0
69,268,1.298,18403,1.3971e+06,0,0,0,0,0,0,0,0,0,0.65812,0.22358,0,0,0,0,0
69,268,1.298,18403,1.3971e+06,0,0,0,0.097068,3.1376,0,0,0,0,0.55196,0.18667,0,0,0,0,0
69,268,1.298,18403,1.3971e+06,0,0,0,0,0,0,0,0,0,0.27721,0.18667,0,0,0,0,0
69,268,1.298,18403,1.3971e+06,2.0252,0,0,0,2.6929,0,0.75485,0,0,0,1.4447,0,0,0,0,0
69,268,1.298,18403,1.3971e+06,0,0,0,0,0,0.99999,0.16424,0,0,1.0834,0.18667,0,0,0,0,0
69,268,1.298,18403,1.3971e+06,11.957,0,0,0.5934,0,0,4.5819,0,0,0,2.7401,0,0,0,0,0
69,268,1.298,18403,1.3971e+06,0,0,0,0,0,0,0,0,0,9.1202,23.864,0,0,0,0,0
69,268,1.298,18403,1.3971e+06,0,0,0,0.013953,0,0.99999,0,0,0,0.55196,4.7763,0,0,0,0,0
69,268,1.298,18403,1.3971e+06,0,0,0,0,0,0,0,0,0,0.65812,0.18667,0,0,0,0,0
69,268,1.298,18403,1.3971e+06,10.432,0,0.28219,0,0,0,0,0,0,18.081,0.34503,0,0,0,0,0
69,268,1.298,18403,1.3971e+06,0.46331,0,0.108,0,0,0,0,0,0,0,0.37122,0,0,0,0,0
69,268,1.298,18403,1.3971e+06,0,0,0,0,0,0,0,0,0,1.4449,0.93382,0,0,0,0,0
69,268,1.298,18403,1.3971e+06,0,0,0,0,0,0.9846,66.65,0,0,0.44682,28.053,0,0,0,0,0
69,268,1.298,18403,1.3971e+06,62.674,0,0,0,96.66,0.064218,0,0,0,0.27721,12.035,0,0,0,0,0
69,268,1.298,18403,1.3971e+06,0,0,0,0.00029,0,0,0,0,0,3.4087,26.096,0,0,0,68.756,0
69,268,1.298,18403,1.3971e+06,0,0,0.003465,0,0,0,0,0,0,0,0.3516,0,0,0,0,0
69,268,1.298,18403,1.3971e+06,2.7809,0,0,21.33,0,0.00078163,0,0,0,9.1202,1.09,0,0,0,2.5103,0
69,268,1.298,18403,1.3971e+06,0,0,0,0,0,0,17.797,0,0,0,8.0593,0,0,0,0,0
69,268,1.298,18403,1.3971e+06,0.040773,0,6.3018,0,0,0,0,0,0,0.39237,0.33626,0,0,0,0,0
69,268,1.298,18403,1.3971e+06,0,0,0,4.4326,0,0,0,0,0,0.44575,14.813,0,0,0,0,0
69,268,1.298,18403,1.3971e+06,0.008815,0,0,0,0,0,0,0,0,0,2.9685,0,0,0,0,0
69,268,1.298,18403,1.3971e+06,0.31958,0,0,0,0,0,0,0,0,1.7864,9.6013,0,0,0,0,0
69,268,1.298,18403,1.3971e+06,0,0,0,0,0,0.0015973,0,0,0,0.65812,67.767,0,0,0,0,0
69,268,1.298,18403,1.3971e+06,0,0,0.12082,0,0,0,3.7838,0,0,0.14685,36.545,0,0,0,0,0
69,268,1.298,18403,1.3971e+06,0,0,0,0,0,0.99999,7.2652,0,0,0.91947,16.601,0,0,0,85.107,0
69,268,1.298,18403,1.3971e+06,0,0,0,0,0,0,0.075512,0,0,1.5851,31.663,0,0,0,0,0
69,268,1.298,18403,1.3971e+06,0,0,0,0,0,0,0,0,0,0,0.63213,0,0,0,0,0
69,268,1.298,18403,1.3971e+06,0,0,0,0,0,0.16026,83.179,0,0,10.481,0.35321,0,0,0,0,0
69,268,1.298,18403,1.3971e+06,0,0,0,0,0,0,25.748,0,0,0.27721,6.4269,0,0,0,102.43,0
69,268,1.298,18403,1.3971e+06,0.76748,0,0,0,0.003821,0,0,0,0,18.081,0.18667,0,0,0,0,0
69,268,1.298,18403,1.3971e+06,8.1756,0,0,0.20413,0,0.77378,0.16424,0,0,0.18355,16.205,0,0,0,0,0
69,268,1.298,18403,1.3971e+06,0.2916,0,0,0,0,0,0.0029097,0,0,4.212,0.18667,0,0,0,0,0
69,268,1.298,18403,1.3971e+06,0,0,0,0.0095725,0,0,0,0,0,5.7109,0.18667,0,0,0,0,0
69,268,1.298,18403,1.3971e+06,0.00524,0,0,0,0,0,0,0,0,0.27721,0.18667,0,0,0,0,0
69,268,1.298,18403,1.3971e+06,0,0,0,0.74517,0,0.98459,0,0,0,0,2.1428,0,0,0,0,0
69,268,1.298,18403,1.3971e+06,0.00524,0,0.049251,0,11.545,0,22.844,0,0,0,0.18667,0,0,0,0,0
69,268,1.298,18403,1.3971e+06,0,0,0,0,0,0,0,0,0,9.1622,70.646,0,0,0,0,0
69,268,1.298,18403,1.3971e+06,0.001436,0,0,0,0,0,7.0655,0,0,1.0167,0.18667,0,0,0,0,0
69,268,1.298,18403,1.3971e+06,0,0,0,0,0,0.1296,0,0,0,6.8425,0.3516,0,0,0,0,0
69,268,1.298,18403,1.3971e+06,0.00014,0,0,0.13674,0,0,0.16424,1.1186,0,10.481,0.45538,0,0,0,0,0
69,268,1.298,18403,1.3971e+06,0,0,16.525,0,0,0,0,0,0,0,151.89,0,0,0,81.748,0
69,268,1.298,18403,1.3971e+06,0,0,0,0,0,0,0,0,0,0.21027,17.386,0,0,0,0,0
69,268,1.298,18403,1.3971e+06,0,0,0,0,0,0,0,0,0,1.0834,0.18667,0,0,0,0,0
69,268,1.298,18403,1.3971e+06,3.2098,0,0,0,0,0,48.755,0,0,8.5959,31.227,0,0,0,0,0
69,268,1.298,18403,1.3971e+06,0,0,0,0.00029,0,0,0,0,0,55.455,0.18667,0,0,0,0,0
69,268,1.298,18403,1.3971e+06,0,0,0,0,0,0,0.16424,0,0,1.0167,0.70126,0,0,0,0,0
69,268,1.298,18403,1.3971e+06,0.80017,0,0,0,0,0,0,0,0,0.44682,0.33634,0,0,0,1659.9,0
69,268,1.298,18403,1.3971e+06,0,0,0,0,0,4.6114,0.50998,0,0,0.63421,0.18667,0,0,0,0,0
69,268,1.298,18403,1.3971e+06,0,0,0,0.000805,0,0,0,0,0,1.5079,0.18667,0,0,0,0,0
69,268,1.298,18403,1.3971e+06,0,0,0,0,0,0,0,0,0,0.4212,0.18667,0,0,0,0,0
69,268,1.298,18403,1.3971e+06,1.1853,0,0,0.20279,0,8.3662,5.0643,0,0,8.0476,0.45538,0,0,0,0,0
69,268,1.298,18403,1.3971e+06,0,0,0,0,0,0,89.934,0,0,0,9.6013,0,0,0,0,0
69,268,1.298,18403,1.3971e+06,4.2828,0,0,23.455,0,0,0,0,0,9.1202,0.18667,0,0,0,0,0
69,268,1.298,18403,1.3971e+06,0.0056052,0,0,0.10288,0,0.98666,0,0,0,0.27721,0.18667,0,0,0,0,0
69,268,1.298,18403,1.3971e+06,0.040445,0,0,0.25819,0,0,0,0,0,1.7864,0.18667,0,0,0,0,0
69,268,1.298,18403,1.3971e+06,0.19441,0,0,0.013572,0,0,0,0,0,0.44575,0.18667,0,0,0,0,0
69,268,1.298,18403,1.3971e+06,3.2752,0,0,0,0,0.0073404,0,0,0,0,0.18667,0,0,0,0,0
69,268,1.298,18403,1.3971e+06,5.0643,0,0,0.012921,0.008333,0.99999,0,0,0,8.4961,0.34092,0,0,0,0,0
69,268,1.298,18403,1.3971e+06,0,0,0,0,0,0,0.010505,0,0,1.1034,0.18667,0,0,0,0,0
69,268,1.298,18403,1.3971e+06,0,0,0,0,3.5297,0,0,0,0,0.68445,0.18667,0,0,0,0,0
69,268,1.298,18403,1.3971e+06,0.14783,0,0,0.4407,0,0,27.308,0,0,0.55196,96.039,0,0,0,0,0
69,268,1.298,18403,1.3971e+06,4.4085,0,0,0,0,1.5949,0,0,0,0.44682,3.2092,0,0,0,0,0
69,268,1.298,18403,1.3971e+06,0,0,0,0,0,0,26.14,0,0,1.0245,2.274,0,0,0,0,0
69,268,1.298,18403,1.3971e+06,0,0,0,1.1169,0,0,0.010505,0,0,1.0167,1.09,0,0,0,0,0
69,268,1.298,18403,1.3971e+06,5.2628,0,0,0,0,0,16.264,0,0,0,0.43851,0,0,0,0,0
69,268,1.298,18403,1.3971e+06,0.62569,0,0,0,0.013577,0,0,0,0,7.8617,0.18667,0,0,0,0,0
69,268,1.298,18403,1.3971e+06,0,0,0,0,0,0,0,0,0,4.212,0.18667,0,0,0,0,0
69,268,1.298,18403,1.3971e+06,0.016818,0,0,0,0,0,0,0,0,1.808,0.18667,0,0,0,0,0
69,268,1.298,18403,1.3971e+06,0.031671,0,0,24.227,0,1.4985,10.056,0,0,0.21027,13.363,0,0,0,0,0
69,268,1.298,18403,1.3971e+06,0,0,0.0033385,21.33,0.00524,0,0,0,0,1.0167,9.34,0,0,0,0,0
69,268,1.298,18403,1.3971e+06,0.016491,0,0,0,0,0,70.107,0,0,19.403,2.0171,0,0,0,0,0
69,268,1.298,18403,1.3971e+06,0.0035835,0,0,0,0,0,0.16424,0,0,9.1202,0.18667,0,0,0,0,0
69,268,1.298,18403,1.3971e+06,2.0964,0,0,0,0,0.98521,0,0,0,0,0.47944,0,0,0,0,0
69,268,1.298,18403,1.3971e+06,4.0262,0,0,0,0,0.00045385,0,0,0,0.056957,23.254,0,0,0,0,0
69,268,1.298,18403,1.3971e+06,0,0,0,0,1.0372,0,0,0,0,2.6253,31.982,0,0,0,0,0
69,268,1.298,18403,1.3971e+06,0.069657,0,0,0,0.38116,0,0,0,0,1.0076,22.707,0,0,0,306.69,0
69,268,1.298,18403,1.3971e+06,5.8648,0,0,0,0,0.00047402,0,2.5785,0,8.4961,0.18667,0,0,0,0,0
69,268,1.298,18403,1.3971e+06,0.016665,0,0,0,0.008797,0,0,0,0,0,0.33865,0,0,0,0,0
69,268,1.298,18403,1.3971e+06,0.016317,0,0,0,0,0,0,0,0,1.0834,68.934,0,0,0,0,460.07
69,268,1.298,18403,1.3971e+06,0.0066886,0,0,0,0,0,0,0,0,0,0.3868,0,0,0,0,0
69,268,1.298,18403,1.3971e+06,0.017759,0,0,0,0,0,0,0,0,0,0.18667,0,0,0,0,0
69,268,1.298,18403,1.3971e+06,3.9579,0,0,4.9903,0,0,0.75485,0,0,8.0476,7.7161,0,0,0,74.479,0
69,268,1.298,18403,1.3971e+06,0,0,0,0,0.008333,0,0,0,0,7.8617,48.907,0,0,0,0,0
69,268,1.298,18403,1.3971e+06,52.404,0,0,0,0,0,0,0,0,1.0245,4.481,0,0,0,0,0
69,268,1.298,18403,1.3971e+06,0,0,0,0.10982,0,0,0,0,0,0,11.85,0,0,0,0,0
69,268,1.298,18403,1.3971e+06,1.0004,0,0,0.27777,0,0,19.338,0,0,1.2479,56.178,0,0,0,0,0
69,268,1.298,18403,1.3971e+06,0,0,0,0,0,0,0,0,0,0,0.18667,0,0,0,0,0
69,268,1.298,18403,1.3971e+06,0,0,0,0,0,0,0,0,0,0.27721,6.941,0,0,0,0,0
69,268,1.298,18403,1.3971e+06,0,0,0,0.038363,1.3372,0,0,0,0,0,3.65,0,0,0,0,0
69,268,1.298,18403,1.3971e+06,0,0,0,1.5,0,29.035,87.667,0,0,3.8254,5.9814,0,0,0,0,0
69,268,1.298,18403,1.3971e+06,0.0064177,0,0,4.1021,0,0,0,0,0,1.0245,2.9179,0,0,0,0,0
69,268,1.298,18403,1.3971e+06,2.1216,0,0,2.6977,0,0,0,0,0,1.5079,52.753,0,0,0,100.9,0
69,268,1.298,18403,1.3971e+06,0,0,0,0,0,0,0.16424,0,0,1.0167,0.18667,0,0,0,0,0
69,268,1.298,18403,1.3971e+06,0.52666,0,0,0.026001,0,0,0,0,0,0,23.864,0,0,0,0,0
69,268,1.298,18403,1.3971e+06,0.005838,0,0,0,0,0,0.16424,0,0,16.378,1.1651,0,0,0,0,0
69,268,1.298,18403,1.3971e+06,0,0,0,0,0,0,0,0,0,16.378,0.92485,0,0,0,0,0
69,268,1.298,18403,1.3971e+06,0.005239,0,0,0.051582,0,0,251.74,0,0,0,4.5419,0,0,0,24.959,0
69,268,1.298,18403,1.3971e+06,0.008534,0,0,0,0,0.6555,0,0,0,0,0.18667,0,0,0,0,0
69,268,1.298,18403,1.3971e+06,0.20323,0,0,0,0,0,170.21,0,0,0,24.214,0,0,0,0,0
69,268,1.298,18403,1.3971e+06,0.0059505,0,0.005395,12.779,0,0,0,0,0,1.057,0.18667,0,0,0,0,0
69,268,1.298,18403,1.3971e+06,0,0,0,2.8884,0.008333,0,0,0,0,1.5079,23.901,0,0,0,0,0
69,268,1.298,18403,1.3971e+06,0,0,0,0,9.9576,0.34794,12.487,0,0,0,81.597,0,0,0,0,0
69,268,1.298,18403,1.3971e+06,0.005245,0,0,0,0,0.0001765,0,0,0,0.72035,36.541,0,0,0,0,0
69,268,1.298,18403,1.3971e+06,0.16373,0,0,0,0,0,0.75485,0,0,1.0167,0.34398,0,0,0,0,0
69,268,1.298,18403,1.3971e+06,18.164,0,0,0.014442,0,0,0,0,0,3.8254,3.65,0,0,0,0,0
69,268,1.298,18403,1.3971e+06,0,0,0,0,0,0,0,0,0,0,11.019,0,0,0,0,0
69,268,1.298,18403,1.3971e+06,0.053919,0,0,0.17457,0,0,0,0,0,6.8425,0.18667,0,0,0,0,0
69,268,1.298,18403,1.3971e+06,0,0,0,0,0,0,0,0,0,0,0.18667,0,0,0,0,0
69,268,1.298,18403,1.3971e+06,0,0,0,0.038018,0.008333,0,0,0,0,0.21027,27.825,0,0,0,0,0
69,268,1.298,18403,1.3971e+06,57.315,0,0,0.02512,0,0,17.328,0,0,4.212,23.222,0,0,0,0,0
69,268,1.298,18403,1.3971e+06,0,0,0,0,0,0,0.16424,0,0,0.8932,0.18667,0,0,0,0,0
69,268,1.298,18403,1.3971e+06,0.00524,0,0,0,0,0,0,0,0,1.7327,0.18667,0,0,0,0,0
69,268,1.298,18403,1.3971e+06,0,0,0,0.011871,0,0,0.13695,0,0,0,37.875,0,0,0,0,0
69,268,1.298,18403,1.3971e+06,0.20158,0,0,0,0,0,0,0,0,21.917,0.3516,0,0,0,0,0
69,268,1.298,18403,1.3971e+06,0,0,0,1.9258,0,0,0,0,0,0.76777,2.3406,0,0,0,0,0
69,268,1.298,18403,1.3971e+06,0,0,0,0,0,0,0,0,0,10.481,0.18667,0,0,0,0,0
69,268,1.298,18403,1.3971e+06,0,0,0,0.42147,0,0,0,0,0,0.18086,0.18667,0,0,0,0,0
69,268,1.298,18403,1.3971e+06,0.24201,0,0,0.026001,0.026102,0.1257,0,0,0,0,0.18667,0,0,0,0,0
69,268,1.298,18403,1.3971e+06,0.0052605,0,0,0,0,1.2338,36.697,0,0,1.5079,6.5051,0,0,0,0,460.07
69,268,1.298,18403,1.3971e+06,0,0,0,0,0,0,0,0,0,127.87,101.12,0,0,0,0,0
69,268,1.298,18403,1.3971e+06,0,0,0,234.47,0,0,0,0,0,0,11.075,0,0,0,343.91,0
69,268,1.298,18403,1.3971e+06,0.58816,0,0,0,3.1094,0,0,0,0,19.403,23.901,0,0,0,0,0
69,268,1.298,18403,1.3971e+06,0.067235,0,0,0.10402,0,0,0,0,0,0,67.767,0,0,0,0,0
69,268,1.298,18403,1.3971e+06,0,0,0,0,0,0,6.1194,0,0,0.44575,0.86539,0,0,0,0,0
69,268,1.298,18403,1.3971e+06,0,0,0,0,0,0,0,0,0,1.1822,0.35197,0,0,0,0,0
69,268,1.298,18403,1.3971e+06,52.887,0,0,0,0,0.00031643,0,0,0,0.4212,0.18667,0,0,0,0,0
69,268,1.298,18403,1.3971e+06,0,0,0,0,0,0,0.53887,0,0,0.39237,0.83155,0,0,0,0,0
69,268,1.298,18403,1.3971e+06,0,0,0,0,0,0,0,0,0,1.4449,0.51886,0,0,0,0,0
69,268,1.298,18403,1.3971e+06,0,0,0,0,0,0,0,0,0,2.6253,0.47918,0,0,0,0,0
69,268,1.298,18403,1.3971e+06,0.00328,0,0,0.013572,0,0,0,0,0,0.18086,39.913,0,0,0,0,0
69,268,1.298,18403,1.3971e+06,0,0,0,0,0,0,98.782,0,0,1.1822,0.18667,0,0,0,3.8657,0
69,268,1.298,18403,1.3971e+06,0,0,0,0,0,0,0,0,0,0.18086,0.18667,0,0,0,397.21,0
69,268,1.298,18403,1.3971e+06,0.007595,0,0,0.000958,0,0,0,0,0,0,0.83155,0,0,0,0,0
69,268,1.298,18403,1.3971e+06,0.20158,0,0,0,0,0.99999,0.50998,0,0,0,5.5577,0,0,0,0,0
69,268,1.298,18403,1.3971e+06,6.5216,0,0,0,0,0,0,0,0,1.808,23.035,0,0,0,0,0
69,268,1.298,18403,1.3971e+06,4.4085,0,0,0,0,0.0015973,0,0,0,0,0.33865,0,0,0,0,0
69,268,1.298,18403,1.3971e+06,3.2752,0,0,0,0,0,22.844,0,0,1.9819,0.18667,0,0,0,0,0
69,268,1.298,18403,1.3971e+06,0,0,0.002011,0,0,0,0.16424,0,0,0.91947,6.9144,0,0,0,0,0
69,268,1.298,18403,1.3971e+06,0,0,0,0,0,0,0,0,0,0,0.18667,0,0,0,0,0
69,268,1.298,18403,1.3971e+06,0,0,0,3.2393,0,0,752.33,0,0,0,0.18667,0,0,0,0,0
69,268,1.298,18403,1.3971e+06,13.758,0,0,0,0,0,0,0,0,13.788,0.18667,0,0,0,0,0
69,268,1.298,18403,1.3971e+06,0,0,0,0,0,0.025225,0,0,0,8.4961,4.4486,0,0,0,0,0
69,268,1.298,18403,1.3971e+06,0.8143,0,0,0,0,0,0.0029097,0,0,3.4087,45.427,0,0,0,0,0
69,268,1.298,18403,1.3971e+06,0,0,0,36.701,0,0,0,0,0,0,85.483,0,0,0,34.192,0
69,268,1.298,18403,1.3971e+06,0.91487,0,0,0,0,0,0.16424,0,0,0.39237,33.902,0,0,0,26.177,0
69,268,1.298,18403,1.3971e+06,0,0,0,0,0,0,26.607,0,0,0.14685,13.954,0,0,0,0,0
69,268,1.298,18403,1.3971e+06,0,0,0,0.10596,0.0081579,0,0,0,0,1.808,18.235,0,0,0,0,0
69,268,1.298,18403,1.3971e+06,0,0,0,1.0548,0.001267,0,0.16424,0,0,8.0476,0.18667,0,0,0,0,0
69,268,1.298,18403,1.3971e+06,0,0,0,0,0,0,5.8158,0,0,0.21027,18.456,0,0,0,0,0
69,268,1.298,18403,1.3971e+06,0,0,0,0,0,0.017111,30.869,0,0,4.212,0.18667,0,0,0,0,0
69,268,1.298,18403,1.3971e+06,0,0,0,0,0,0,77.405,0,0,0,0.18667,0,0,0,0,0
69,268,1.298,18403,1.3971e+06,0,0,0,0,0,0.99999,0.16424,0,0,0,0.33356,0,0,0,102.74,0
69,268,1.298,18403,1.3971e+06,1.3144,0,0,0,0,0.47199,0,0,0,3.8254,2.8437,0,0,0,0,0
69,268,1.298,18403,1.3971e+06,0,0,0,0,0,0,0,0,0,1.057,18.848,0,0,0,0,0
69,268,1.298,18403,1.3971e+06,0.055164,0,0,0.38662,0,0,0,0,0,127.87,0.18667,0,0,0,0,0
69,268,1.298,18403,1.3971e+06,282.37,0,0,0.013572,0,0,23.372,0,0,3.8737,4.8003,0,0,0,0,0
69,268,1.298,18403,1.3971e+06,0,0,0,0,0,0,0,0,0,18.081,11.953,0,0,0,0,0
69,268,1.298,18403,1.3971e+06,0,0,0,9.6017,0.0011985,0,0.16424,0,0,1.7864,0.18667,0,0,0,0,0
69,268,1.298,18403,1.3971e+06,5.2628,0,0,0,0,0,0,0,0,0.91947,4.5419,0,0,0,0,0
69,268,1.298,18403,1.3971e+06,0.0067626,0,0,0,0,0,0,0,0,8.0476,0.18667,0,0,0,0,0
69,268,1.298,18403,1.3971e+06,0,0,0,3.4766,0,0,0.16424,0,0,0.14685,0.18667,0,0,0,0,0
69,268,1.298,18403,1.3971e+06,0.12588,0,0,0,0,0,15.227,0,0,0.18355,13.42,0,0,0,0,0
69,268,1.298,18403,1.3971e+06,0,0,0,0.012068,0,0,0,0,0,5.6716,0.18667,0,0,0,0,0
69,268,1.298,18403,1.3971e+06,0,0,0,0.006228,0,49.285,0.010505,0,0,0,2.7225,0,0,0,0,0
69,268,1.298,18403,1.3971e+06,0,0,0.10352,0,0.008333,0,0.16424,0,0,127.87,0.18667,0,0,0,0,0
69,268,1.298,18403,1.3971e+06,0,0,0,0,0,0,0,0,0,0,11.85,0,0,0,0,0
69,268,1.298,18403,1.3971e+06,0.00524,0,0,0,0,0,0,0,0,0.18086,0.18667,0,0,0,0,0
69,268,1.298,18403,1.3971e+06,0.00062,0,0,12.135,0,0,0,0,0,16.378,0.18667,0,0,0,0,0
69,268,1.298,18403,1.3971e+06,0,0,0,37.733,0.008513,0,0,0.006314,0,0,0.34266,0,0,0,0,0
69,268,1.298,18403,1.3971e+06,0,0,0,0,0,0,0,0,0,1.261,0.47944,0,0,0,0,0
69,268,1.298,18403,1.3971e+06,0.14025,0,0,24.052,0,0,29.471,0,0,1.0076,0.18667,0,0,0,0,0
69,268,1.298,18403,1.3971e+06,0.00062,0,0,0,0,0,0,0,0,1.7864,0.3516,0,0,0,0,0
69,268,1.298,18403,1.3971e+06,5.4939,0,0,0.012155,74.584,0,0,0,0,1.5079,0.18667,0,0,0,0,0
69,268,1.298,18403,1.3971e+06,0.055164,0,0,0.55079,0,0,0,0,0,1.7327,0.18667,0,0,0,0,0
69,268,1.298,18403,1.3971e+06,0,0,0,0.007982,0,0,0,0,0,0,0.18667,0,0,0,0,0
69,268,1.298,18403,1.3971e+06,0.001434,0,0,0,2.2054,0,0,0,0,5.7231,0.88794,0,0,0,0,0
69,268,1.298,18403,1.3971e+06,2.2873,0,0,0,0,0.002111,0.075512,0,0,0,0.18667,0,0,0,0,0
69,268,1.298,18403,1.3971e+06,0,0,0,0,0.024737,0.0049873,23.372,0,0,0.63421,3.5585,0,0,0,0,0
69,268,1.298,18403,1.3971e+06,0,0,0,2.4393,0,0,378.3,0.028879,0,3.8737,11.85,0,0,0,0,0
69,268,1.298,18403,1.3971e+06,6.8828,0,0,0,0,0,0.16424,0,0,1.7327,15.182,0,0,0,0,0
69,268,1.298,18403,1.3971e+06,0,0,0,0,0,0,0.0029097,0,0,1.808,0.18667,0,0,0,0,0
69,268,1.298,18403,1.3971e+06,0,0,0,24.052,0,0,0,0,0,0,9.4002,0,0,0,1354.6,0
69,268,1.298,18403,1.3971e+06,0.016666,0,0,0,0,0,3.423,0,0,0,4.7837,0,0,0,0,0
69,268,1.298,18403,1.3971e+06,0,0,0,11.114,0,0,0,0,0,0,24.251,0,0,0,0,0
69,268,1.298,18403,1.3971e+06,1.3758,0,0,0,0,6.3939,0,0,0,1.0139,0.18667,0,0,0,82.556,0
69,268,1.298,18403,1.3971e+06,0,0,0.0057205,0.40043,0,0.0047257,0,0,0,0.63421,15.182,0,0,0,0,0
69,268,1.298,18403,1.3971e+06,82.624,0,0,0,0,0,30.064,0,0,7.8617,5.5492,0,0,0,0,0
69,268,1.298,18403,1.3971e+06,0,0,0,0.073954,1.7441,0,0.75485,0,0,3.8737,15.761,0,0,0,0,0
69,268,1.298,18403,1.3971e+06,0,0,0,0.080285,0,0.1257,3.423,0,0,1.5855,0.18667,0,0,0,0,0
69,268,1.298,18403,1.3971e+06,0,0,0,0.076467,0,0,0,0,0,0.64617,0.18667,0,0,0,0,0
69,268,1.298,18403,1.3971e+06,0,0,0.001434,0,0,1.4985,0,0,0,0.27721,6.329,0,0,0,0,0
69,268,1.298,18403,1.3971e+06,0,0,0,0,0,0,0,0,0,3.8254,14.813,0,0,0,0,0
69,268,1.298,18403,1.3971e+06,0,0,0,0.014751,0,0,0,0,0,0,0.18667,0,0,0,0,0
69,268,1.298,18403,1.3971e+06,0,0,0,0,0.00524,0,0.53887,0,0,0.65812,23.122,0,0,0,0,0
69,268,1.298,18403,1.3971e+06,0,0,0,0,0,0,0,0,0,3.8254,0.22358,0,0,0,0,0
69,268,1.298,18403,1.3971e+06,0.57029,0,0,3.7058,0,0,0,0,0,16.378,0.18667,0,0,0,0,0
69,268,1.298,18403,1.3971e+06,0.069657,0,0,0.0018375,0,0,0,0,0,1.0167,0.18667,0,0,0,0,0
69,268,1.298,18403,1.3971e+06,0,0,0,0,0,0,15.406,0,0,1.5851,0.35074,0,0,0,0,0
69,268,1.298,18403,1.3971e+06,28.342,0,0,0,0,0.99999,0,0,0,0,4.2902,0,0,0,0,0
69,268,1.298,18403,1.3971e+06,0,0,0,0,0,0,0,0,0,0.8932,9.34,0,0,0,0,0
69,268,1.298,18403,1.3971e+06,1.9578,0,0,0,0,0,0,0,0,0,0.18667,0,0,0,0,0
69,268,1.298,18403,1.3971e+06,1.4748,0,0,0,0.72858,0,0.16424,0,0,0,0.18667,0,0,0,4.0136,0
69,268,1.298,18403,1.3971e+06,0,0,0,0,0,0,0,0,0,0,0.18667,0,0,0,0,0
69,268,1.298,18403,1.3971e+06,1.201,0,0,0,0,1.7632,0.8784,0,0,0,19.467,0,0,0,0,0
69,268,1.298,18403,1.3971e+06,0.00062,0,0,0,0,0,0,0,0,0.65812,13.052,0,0,0,0,0
69,268,1.298,18403,1.3971e+06,0.011486,0,0,0,0,0.013211,24.397,0,0,0,0.18667,0,0,0,0,0
69,268,1.298,18403,1.3971e+06,13.135,0,0,0,0.007328,0.0025491,0,0,0,3.8737,0.18667,0,0,0,326.71,0
69,268,1.298,18403,1.3971e+06,0,0,0,40.343,0,0,44.12,0,0,9.1202,0.34267,0,0,0,392.88,0
69,268,1.298,18403,1.3971e+06,0,0,0,0,0,49.285,0,0,0,0.76342,112.45,0,0,0,1672.6,0
69,268,1.298,18403,1.3971e+06,0,0,10.173,0.040357,0,2.612,0.16424,0,0,0,13.954,0,0,0,0,0
69,268,1.298,18403,1.3971e+06,0.27826,0,0,0.04767,0,0.0047257,0,0,0,0.27721,8.6779,0,0,0,0,0
69,268,1.298,18403,1.3971e+06,0,0,0,0,0,0.013212,0,0,0,1.4449,5.9814,0,0,0,0,0
69,268,1.298,18403,1.3971e+06,0,0,0,0,0,0,0,0,0,0,5.3971,0,0,0,0,0
69,268,1.298,18403,1.3971e+06,0,0,0,0.33725,0,0,0,0,0,7.6506,0.18667,0,0,0,0,0
69,268,1.298,18403,1.3971e+06,0,0,0,0,0,0,0,0,0,1.7864,2.0268,0,0,0,85.098,0
69,268,1.298,18403,1.3971e+06,0,0,0,0,0.002741,0,0,0,0,0,9.0064,0,0,0,0,0
69,268,1.298,18403,1.3971e+06,0,0,0,0.032727,0,0,0,0,0,1.4449,7.7161,0,0,0,0,0
69,268,1.298,18403,1.3971e+06,0.000234,0,0,0,0,0,0,0,0,0.27721,0.47918,0,0,0,0,0
69,268,1.298,18403,1.3971e+06,0,0,0,108.95,0,0,0.16424,0,0,0,10.665,0,0,0,0,0
69,268,1.298,18403,1.3971e+06,0,0,0,0.01954,0,0.99999,65.642,0,0,8.5959,15.803,0,0,0,0,0
69,268,1.298,18403,1.3971e+06,0.016623,0,0,13.855,0,0.56181,0.16424,0,0,0,25.69,0,0,0,0,0
69,268,1.298,18403,1.3971e+06,0,0.009511,0,5.7012,0,0,0,0,0,1.2479,1.0725,0,0,0,0,0
69,268,1.298,18403,1.3971e+06,0,0,0,0,0,0,0,0,0,0.55196,8.3756,0,0,0,0,0
69,268,1.298,18403,1.3971e+06,0,0,0,2.196,0,0,23.372,0,0,9.1202,1.3329,0,0,0,0,0
69,268,1.298,18403,1.3971e+06,0.8598,0,0,0.40442,0.058285,0,0,0,0,1.2479,18.818,0,0,0,0,0
69,268,1.298,18403,1.3971e+06,0.005239,0,0,0,0.44761,0,0,0,0,1.0245,0.83155,0,0,0,0,0
69,268,1.298,18403,1.3971e+06,0,0,0,3.5554,0.008333,0,0.010505,0,0,5.7231,0.18667,0,0,0,0,0
69,268,1.298,18403,1.3971e+06,3.6896,0,0,0.18883,0.00062,0.0018444,0,0,0,0,0.18667,0,0,0,0,0
69,268,1.298,18403,1.3971e+06,0.0067626,1.5616,0,0,0,11.348,0,0,0,7.8617,9.0064,0,0,0,0,0
69,268,1.298,18403,1.3971e+06,0.058652,0,0,2.9006,0,0,0,0,0,0.18086,11.001,0,0,0,0,0
69,268,1.298,18403,1.3971e+06,0.10779,0,0,0,0,0,0,0,0,21.917,120.54,0,0,0,0,0
69,268,1.298,18403,1.3971e+06,0,0,0,0,0,0,3.7838,0,0,6.8425,0.18667,0,0,0,0,0
69,268,1.298,18403,1.3971e+06,0,0,0,0,0,0,0,0,0,0.72035,0.18667,0,0,0,0,0
69,268,1.298,18403,1.3971e+06,0,0,0,0,0,1.6606,0,0,0,0.39237,0.18667,0,0,0,0,0
69,268,1.298,18403,1.3971e+06,0,0,9.8077,0,0,0.010178,0,0,0,0.68445,0.18667,0,0,0,0,0
69,268,1.298,18403,1.3971e+06,0,0,0,0.059422,0.65697,0,0.16424,0,0,0,18.848,0,0,0,327.53,0
69,268,1.298,18403,1.3971e+06,1.1681,0,0,0.48023,0,0,10.606,0,0,0,0.67417,0,0,0,0,0
69,268,1.298,18403,1.3971e+06,0,0,0,0,0.48102,0,51.134,0,0,8.5959,3.4073,0,0,0,0,0
69,268,1.298,18403,1.3971e+06,0,0,0,0.08972,0.007148,0,0,0,0,0,2.0268,0,0,0,0,0
69,268,1.298,18403,1.3971e+06,0,0,0,49.677,0,3.4152,378.3,0,0,1.9819,1.6999,0,0,0,0,0
69,268,1.298,18403,1.3971e+06,0,0,0,0,0,0,0.76622,0,0,7.8617,0.34266,0,0,0,0,0
69,268,1.298,18403,1.3971e+06,0,0,0,0,0,0,0.16424,0,0,10.481,0.18667,0,0,0,0,0
69,268,1.298,18403,1.3971e+06,0,0,0,0,0,0,0,0,0,1.7327,15.761,0,0,0,0,0
69,268,1.298,18403,1.3971e+06,0,0,0,0.012154,0,0,0,0,0,5.7109,4.5419,0,0,0,0,0
69,268,1.298,18403,1.3971e+06,0,0,0.10352,0,0,0,89.025,0,0,1.0167,0.18667,0,0,0,0,0
69,268,1.298,18403,1.3971e+06,0,0,0,0.00013,0,0.44113,164.51,0,0,0,2.1165,0,0,0,0,0
69,268,1.298,18403,1.3971e+06,0,0,0,0,0,0,0,0,0,8.4961,0.33865,0,0,0,0,0
69,268,1.298,18403,1.3971e+06,0.003822,0,0,0,0,0,0,0,0,0,153.58,0,0,0,0,0
69,268,1.298,18403,1.3971e+06,0,0,0,0,0,0,0,0,0,7.8617,6.329,0,0,0,0,0
69,268,1.298,18403,1.3971e+06,0.025079,0,0,0,0,0,0.0029097,0,0,0,5.5606,0,0,0,0,0
71,270,1,2.4356,184.9,0,0,0,0,0,0,0,0,0,0.21027,0.18667,0,0,0,0,0.036534
71,270,1,2.4356,184.9,1.3758,0,0,0,0,0,0,0,0,0,0.18667,0,0,0,0,0.13396
71,270,1,2.4356,184.9,0,0,0,0,0,0,0.13695,0,0,0.63421,0.18667,0,0,0,0,0.06089
71,270,1,2.4356,184.9,0.03073,0,0,0,0,0,0,0,0,1.0167,0.18667,0,0,0,0,0.20702
71,270,1,2.4356,184.9,7.8e-05,0,0,0,0,0,0,0,0,0,0.18667,0,0,0,0,0.06089
71,270,1,2.4356,184.9,0,0,0,0,0,0,0,0,0,0.21027,0.33213,0,0,0,0,0.06089
71,270,1,2.4356,184.9,0.029081,0,0,0,0,0,0,0,0,0.63421,0.18667,0,0,0,0,0.1096
71,270,1,2.4356,184.9,0,0,0,0.39723,0,0,0.16424,0,0,0,0.18667,0,0,0,0,0.006089
71,270,1,2.4356,184.9,0.0056052,0,0,0,0,0,0.16424,0,0,0,0.18667,0,0,0,0,0.085245
71,270,1,2.4356,184.9,0,0,0,0,0,1.0004,0,0,0,0,0.35074,0,0,0,0,0.085245
71,270,1,2.4356,184.9,0,0,0,0,0,0,0,0,0,0.55196,0.18667,0,0,0,0,0.006089
71,270,1,2.4356,184.9,0.007125,0,0,0,0,0,0,0,0,0,0.18667,0,0,0,0,1.9485
71,270,1,2.4356,184.9,0,0,0,0,0,0,0,0,0,0,0.18667,0,0,0,0,0.06089
71,270,1,2.4356,184.9,0,0,0,0.01929,0,0,0.16424,0,0,1.1822,0.3407,0,0,0,0,0.06089
71,270,1,2.4356,184.9,0,0,0,0,0.00524,0,0,0,0,1.0167,0.34789,0,0,0,0,0.006089
71,270,1,2.4356,184.9,0.012821,0,0,0,0,0,0,0,0,1.0167,1.0623,0,0,0,0,0.06089
71,270,1,2.4356,184.9,0.000254,0,0,0,0,0,0,0,0,1.0076,0.18667,0,0,0,0,0.036534
71,270,1,2.4356,184.9,0,0,0,0,0,0,0,0,0,0,0.52439,0,0,0,0,0.085245
71,270,1,2.4356,184.9,0,0,0,0,0.31032,0,0.16424,0,0,0,0.33589,0,0,0,0,0.036534
71,270,1,2.4356,184.9,0,0,0,0,0,0,0,0,0,1.4449,0.18667,0,0,0,0,0.40187
71,270,1,2.4356,184.9,0,0,0,0.062075,0,0,0,0,0,0.18086,0.22358,0,0,0,0,0.006089
71,270,1,2.4356,184.9,0,0,0,0,0,0.99999,0,0,0,0,0.88861,0,0,0,0,0.085245
71,270,1,2.4356,184.9,0.007074,0,0,0,0,0,0,0,0,0.91947,0.18667,0,0,0,0,0.18267
71,270,1,2.4356,184.9,0,0,0.075068,0.011521,0,0,1.0096,0,0,0.68445,0.18667,0,0,0,0,0.006089
71,270,1,2.4356,184.9,0.000376,0,0.004345,0,0,0.018596,0.75485,0,0,1.0076,0.18667,0,0,0,0,0.036534
71,270,1,2.4356,184.9,0,0,0,0,0,0,0,0,0,0.27721,2.0171,0,0,0,0,0.036534
71,270,1,2.4356,184.9,0,0,0,0,0,0,0,0,0,0.55196,0.18667,0,0,0,0,0.23138
71,270,1,2.4356,184.9,0,0,0,0,0,0,0.075512,0,0,0.76777,0.18667,0,0,0,0,0.036534
71,270,1,2.4356,184.9,0,0,0,0,0,0,0,0,0,0,0.18667,0,0,0,0,0.036534
71,270,1,2.4356,184.9,0,0,0,0,0,1.0374,0,0,0,1.0167,0.18667,0,0,0,0,0.036534
71,270,1,2.4356,184.9,0,0,0,0,0,0,0,0,0,0,0.18667,0,0,0,0,0.085245
71,270,1,2.4356,184.9,0,0,0,0,0.007148,0,0,0,0,0,0.18667,0,0,0,0,0.085245
71,270,1,2.4356,184.9,0,0,0,0.35097,0,0,0,0,0,1.0167,0.18667,0,0,0,0,0.25574
71,270,1,2.4356,184.9,0,0,0,0,0,0,0,0,0,0,0.18667,0,0,0,0,0.006089
71,270,1,2.4356,184.9,0,0,0,0,0.002741,0,0,0,0,0,1.3038,0,0,0,0,0.06089
71,270,1,2.4356,184.9,0,0,0,0,0,0,0,0,0,0,0.18667,0,0,0,0,0.1096
71,270,1,2.4356,184.9,0,0,0,0,0,0,0,0,0,0,0.18667,0,0,0,0,0.18267
71,270,1,2.4356,184.9,0.015552,0,0,0,0,0,0,0,0,0.18355,0.18667,0,0,0,0,0.036534
71,270,1,2.4356,184.9,0,0,0,0,0,0,0,0,0,1.0139,0.3516,0,0,0,0,0.13396
71,270,1,2.4356,184.9,0,0,0,0.46517,0,0,0.16424,0,0,0.44575,0.18667,0,0,0,0,0.1096
71,270,1,2.4356,184.9,0,0,0,0,0,0,0,0,0,1.0076,0.47944,0,0,0,0,0.036534
71,270,1,2.4356,184.9,0,0,0,0,0,0.99559,0.16424,0,0,0.39237,0.18667,0,0,0,0,0.006089
71,270,1,2.4356,184.9,0,0,0,0.0061905,0,1.471,0.16424,0,0,0,0.18667,0,0,0,0,0.18267
71,270,1,2.4356,184.9,0,0,0,0,0,0,0,0,0,0.27721,0.18667,0,0,0,0,0.085245
71,270,1,2.4356,184.9,0,0,0,0,0,0,0.010505,0,0,0.27721,0.96176,0,0,0,0,0.1096
71,270,1,2.4356,184.9,0,0,0.03552,0,0,0,0.0029097,0,0,0.76342,0.18667,0,0,0,0,0.30445
71,270,1,2.4356,184.9,0.00052,0,0,0.00029,0.006456,0,0,0,0,0.27721,0.18667,0,0,0,0,0.036534
71,270,1,2.4356,184.9,0,0.005219,0,0,0.00498,0,0,0,0,0,0.18667,0,0,0,0,1.9485
71,270,1,2.4356,184.9,0.007658,0,0,1.3028,0,0,0,0,0,0.68445,0.18667,0,0,0,0,0.006089
71,270,1,2.4356,184.9,0.10677,0,0,0,0,0,0,0,0,1.5851,0.18667,0,0,0,0,0.18267
71,270,1,2.4356,184.9,0.00062,0,0,0,0,0,0,0,0,0.65812,0.37122,0,0,0,0,0.036534
71,270,1,2.4356,184.9,0,0,1.1691,0,0,0,0,0,0,0,0.99867,0,0,0,0,0.1096
71,270,1,2.4356,184.9,0,0,0,0,0,0,0.0029097,0,0,0.73557,0.18667,0,0,0,0,0.036534
71,270,1,2.4356,184.9,0,0,0,0,0,0,0.16424,0,0,1.4449,0.18667,0,0,0,0,0.06089
71,270,1,2.4356,184.9,0,0,0,0,0,0,0,0,0,0,0.18667,0,0,0,0,0.085245
71,270,1,2.4356,184.9,0,0,0,0,0.011445,0,0,0,0,0.44575,0.34287,0,0,0,0,0.06089
71,270,1,2.4356,184.9,0,0,0,0.030064,0,0,0,0,0,1.0245,0.40813,0,0,0,0,0.18267
71,270,1,2.4356,184.9,0,0,0,0,0,0,0,0,0,0,0.18667,0,0,0,0,0.085245
71,270,1,2.4356,184.9,0,0,0,0,0,0,0,0,0,0,0.18667,0,0,0,0,0.085245
71,270,1,2.4356,184.9,0,0,0,0,0,0,0,0,0,0,0.24309,0,0,0,0,0.036534
71,270,1,2.4356,184.9,0,0,0,0,0,0,0,0,0,1.0076,0.18667,0,0,0,0,0.52365
71,270,1,2.4356,184.9,0,0,0,0,0,0,0,0,0,0,0.18667,0,0,0,0,0.006089
71,270,1,2.4356,184.9,0.005239,0,0,0,0,0,0.0029097,0,0,0.18355,0.18667,0,0,0,0,0.1096
71,270,1,2.4356,184.9,0.15734,0,0,0,0.020539,0.00078163,0,0,0,0,0.18667,0,0,0,0,0.006089
71,270,1,2.4356,184.9,0,0,0,0.00013,0,0,0,0,0,0,0.34266,0,0,0,0,0.036534
71,270,1,2.4356,184.9,0,0,0,0,0,0,0,0,0,0.4212,0.92485,0,0,0,0,0.20702
71,270,1,2.4356,184.9,0,0,0,0,0,0,0,0,0,0,0.18667,0,0,0,0,0.13396
71,270,1,2.4356,184.9,0.017186,0,0,0,0,0,0,0,0,1.0245,0.3868,0,0,0,0,0.036534
71,270,1,2.4356,184.9,0.00062,0,0,0,0.008471,0,0,0,0,1.0076,0.18667,0,0,0,0,0.06089
71,270,1,2.4356,184.9,0,0,0,0,0,0.017111,0,0,0,0,0.3343,0,0,0,0,0.085245
71,270,1,2.4356,184.9,0,0,0,0,0.001463,0,0.16424,0,0,1.1822,0.18667,0,0,0,0,0.036534
71,270,1,2.4356,184.9,0.015552,0,0,0,0,0,0,0,0,0,0.18667,0,0,0,0,0.06089
71,270,1,2.4356,184.9,0,0,0,0,0,0,0,0,0,1.0245,1.1511,0,0,0,0,0.006089
71,270,1,2.4356,184.9,0,0,0,0,0.013577,0,0.16424,0,0,0,0.18667,0,0,0,0,0.20702
71,270,1,2.4356,184.9,0,0,0,0,0,0,0,0,0,0,0.22358,0,0,0,0,1.9485
71,270,1,2.4356,184.9,0.008815,0,0,0.00029,0,0,0,0,0,1.261,0.26048,0,0,0,0,0.23138
71,270,1,2.4356,184.9,0,0,0,0,0,0,0.16424,0,0,0.76342,0.18667,0,0,0,0,0.036534
71,270,1,2.4356,184.9,0,0,0,0,0,0,0,0,0,0,0.18667,0,0,0,0,0.13396
71,270,1,2.4356,184.9,0,0,0,0,0,0,0,0,0,0,0.22358,0,0,0,0,0.085245
71,270,1,2.4356,184.9,0.00062,0,0,0.033408,0.026102,0,0,0,0,1.7864,0.18667,0,0,0,0,0.18267
71,270,1,2.4356,184.9,0.040445,0,0,0,0,0,0,0,0,0,0.18667,0,0,0,0,0.06089
71,270,1,2.4356,184.9,0,0,0,0,0,0,0,0,0,1.1034,0.18667,0,0,0,0,0.37752
71,270,1,2.4356,184.9,0,0,0,0,0,0,0.53887,0,0,0,0.18667,0,0,0,0,0.006089
71,270,1,2.4356,184.9,0.00247,0,0,0,0,0,0,0,0,0,0.18667,0,0,0,0,0.30445
71,270,1,2.4356,184.9,0,0,0,0,0,0,0,0,0,0.91947,0.18667,0,0,0,0,0.036534
71,270,1,2.4356,184.9,0,0,0,0,0,0,0,0,0,0.14685,0.18667,0,0,0,0,0.1644
71,270,1,2.4356,184.9,1.1681,0,0,0.016975,0.000124,0,0,0,0,0,0.18667,0,0,0,0,0.1644
71,270,1,2.4356,184.9,0,0,0,0,0,0,0,0,0,0.39237,0.18667,0,0,0,0,0.13396
71,270,1,2.4356,184.9,0.00524,0,0,0,0,0,0.16424,0,0,0,0.18667,0,0,0,0,0.06089
71,270,1,2.4356,184.9,1.8111,0,0,0,0,0,0.010505,0,0,0.21027,0.18667,0,0,0,0,0.06089
71,270,1,2.4356,184.9,0,0,0,0,0.058285,0,0,0,0,0.63421,0.18667,0,0,0,0,0.036534
71,270,1,2.4356,184.9,0.010259,0,0,0,0,0,0,0,0,0,0.18667,0,0,0,0,1.9485
71,270,1,2.4356,184.9,0.00524,0,0,0,0,0,0,0,0,0.44575,0.96176,0,0,0,0,0.06089
71,270,1,2.4356,184.9,0,0,0,0,0,0,0,0,0,0,0.18667,0,0,0,0,0.35316
71,270,1,2.4356,184.9,0,0,0,0,0,0,0,0,0,1.1034,0.18667,0,0,0,0,0.52365
71,270,1,2.4356,184.9,0,0,0,0.0003845,0,0,0,0,0,0.18086,0.35321,0,0,0,0,0.06089
71,270,1,2.4356,184.9,0,0,0,0,0,0,0,0,0,0,0.33634,0,0,0,0,0.085245
71,270,1,2.4356,184.9,0.0021738,0,0,0,0,0.012762,0,0,0,0,0.18667,0,0,0,0,0.036534
71,270,1,2.4356,184.9,0.15734,0,0,0,0,0,0,0,0,1.5079,0.18667,0,0,0,0,0.006089
71,270,1,2.4356,184.9,0,0,0,0,0,0.1257,0,0,0,1.7864,0.18667,0,0,0,0,0.18267
71,270,1,2.4356,184.9,0.002031,0,0,0,0,0,0,0,0,1.0167,0.34288,0,0,0,0,0.1644
71,270,1,2.4356,184.9,0,0,0,0,0,0,0,0,0,0.76342,0.86986,0,0,0,0,0.036534
71,270,1,2.4356,184.9,0.025079,0,0,0,0,0,0,0,0,0,0.18667,0,0,0,0,0.006089
71,270,1,2.4356,184.9,0,0,0,0,0,0,0.02739,0,0,0.76342,0.33626,0,0,0,0,0.06089
71,270,1,2.4356,184.9,0.31958,0,0,0,0,0,0,0,0,0.76777,0.18667,0,0,0,0,0.1096
71,270,1,2.4356,184.9,0,0,0,0.008155,0,0,0.16424,0,0,0,0.22358,0,0,0,0,0.40187
71,270,1,2.4356,184.9,0,0,0,0,0,0,0.16424,0,0,0.91947,0.45538,0,0,0,0,0.085245
71,270,1,2.4356,184.9,0.001436,0,0,0,0,0,0,0,0,0,0.59267,0,0,0,0,0.13396
71,270,1,2.4356,184.9,0,0,0,0.13674,0,0,0,0,0,1.5859,0.18667,0,0,0,0,0.06089
71,270,1,2.4356,184.9,0,0,0,0,0,0.98376,0,0,0,0,0.18667,0,0,0,0,0.1644
71,270,1,2.4356,184.9,0,0,0,0,0,0.033803,0,0,0,0,0.18667,0,0,0,0,0.006089
71,270,1,2.4356,184.9,0,0,0,0.088419,0,0,0,0,0,1.5851,0.18667,0,0,0,0,0.06089
71,270,1,2.4356,184.9,0,0,0,0,0,0,0.50998,0,0,0,0.18667,0,0,0,0,0.25574
71,270,1,2.4356,184.9,0,0,0,0,0,0.070007,0.16424,0,0,1.0139,0.34789,0,0,0,0,0.006089
71,270,1,2.4356,184.9,0,0,0,0,0,0,0,0,0,0,0.18667,0,0,0,0,0.06089
71,270,1,2.4356,184.9,0,0,0,0,0,0,0,0,0,1.261,0.18667,0,0,0,0,0.06089
71,270,1,2.4356,184.9,0.41744,0,0,0,0,0,0,0,0,0.65812,0.18667,0,0,0,0,0.036534
71,270,1,2.4356,184.9,0,0,0,0,0,0,0,0,0,0.76777,0.33589,0,0,0,0,0.06089
71,270,1,2.4356,184.9,0,0,0,0,0,0,0,0,0,0,0.18667,0,0,0,0,0.006089
71,270,1,2.4356,184.9,0,0,0,0,0,0,0,0,0,0.21027,0.34288,0,0,0,0,0.036534
71,270,1,2.4356,184.9,0.00062,0,0,0,0,0,0,0,0,0.76342,0.18667,0,0,0,0,0.006089
71,270,1,2.4356,184.9,0.001493,0,0,0.25819,0,0,0.0029097,0,0,0,1.2894,0,0,0,0,0.1096
71,270,1,2.4356,184.9,0.00052,0,0,0,0,0,0,0,0,0.55196,0.29739,0,0,0,0,0.036534
71,270,1,2.4356,184.9,0,0,0,2.1213,0,0,0,0,0,0,0.18667,0,0,0,0,0.006089
71,270,1,2.4356,184.9,0,0,0,0,0,0,0,0,0,1.0245,0.18667,0,0,0,0,0.036534
71,270,1,2.4356,184.9,0,0,0,0,0,0,0.16424,0,0,1.1034,0.18667,0,0,0,0,0.085245
71,270,1,2.4356,184.9,0,0,0,0,0,0,0,0,0,0.18355,0.18667,0,0,0,0,0.085245
71,270,1,2.4356,184.9,0.018623,0,0,0,0,0,0,0,0,0.72035,0.33632,0,0,0,0,0.13396
71,270,1,2.4356,184.9,0,0,0,0,0.0068531,0,0,0,0,0,0.18667,0,0,0,0,0.35316
71,270,1,2.4356,184.9,0.0066886,0,0,0,0.31032,0,0,0,0,1.1034,0.18667,0,0,0,0,0.036534
71,270,1,2.4356,184.9,0,0,0,0.01954,0,0,0,0,0,0,0.18667,0,0,0,0,0.06089
71,270,1,2.4356,184.9,0,0,0,0,0,0,0,0,0,0,0.35737,0,0,0,0,0.036534
71,270,1,2.4356,184.9,0,0,0,0,0,0,0,0,0,1.5859,0.18667,0,0,0,0,0.006089
71,270,1,2.4356,184.9,0.016667,0,0,0.021906,0.008321,0,0,0,0,0,1.0356,0,0,0,0,0.52365
71,270,1,2.4356,184.9,0,0,0,0,0,0,0.010505,0,0,0.76777,0.18667,0,0,0,0,0.085245
71,270,1,2.4356,184.9,0,0,0,0,0.00328,0,0,0,0,0.76777,0.33865,0,0,0,0,0.006089
71,270,1,2.4356,184.9,0.046643,0,0,0.000532,0,0,0,0,0,0,0.18667,0,0,0,0,0.036534
71,270,1,2.4356,184.9,0.02181,0,0,0,0,0,0,0,0,0.55196,1.3038,0,0,0,0,0.06089
71,270,1,2.4356,184.9,0,0,0,0,0,0,0,0,0,0.44682,0.18667,0,0,0,0,0.036534
71,270,1,2.4356,184.9,0,0,0,0,0,0,0,0,0,1.4449,0.18667,0,0,0,0,0.006089
71,270,1,2.4356,184.9,0,0,0,0,0,0.99035,0,0,0,0,0.18667,0,0,0,0,0.006089
71,270,1,2.4356,184.9,0,0,0.031915,0,0,0,0,0,0,0,0.18667,0,0,0,0,0.06089
71,270,1,2.4356,184.9,0.00524,0,0,0,0,1.0028,0.16424,0,0,0.14685,0.18667,0,0,0,0,0.18267
71,270,1,2.4356,184.9,0.005838,0,0,0.65075,0.005239,0,0,0,0,0,0.86539,0,0,0,0,0.006089
71,270,1,2.4356,184.9,0,0,0,0,0,0,0.16424,0,0,0,0.18667,0,0,0,0,0.006089
71,270,1,2.4356,184.9,0,0,0,0,0.00524,0,0,0,0,0.91947,0.18667,0,0,0,0,0.036534
71,270,1,2.4356,184.9,0,0,0,0.0018375,0,0,0,0,0,0.8932,0.18667,0,0,0,0,0.13396
71,270,1,2.4356,184.9,0,0,0,0.010673,0,0.99999,0,0,0,0,0.33865,0,0,0,0,0.085245
71,270,1,2.4356,184.9,0,0,0,0,0,0.026678,0,0,0,0,0.33589,0,0,0,0,0.13396
71,270,1,2.4356,184.9,0,0,0,0,0,0,0,0,0,0.65812,0.55577,0,0,0,0,0.036534
71,270,1,2.4356,184.9,0,0,0,0,0,0,0,0,0,0,0.18667,0,0,0,0,0.1096
71,270,1,2.4356,184.9,0,0,0,0,0,0.0058282,0,0,0,0.76342,1.5006,0,0,0,0,0.006089
71,270,1,2.4356,184.9,0,0,0,0,0,9.8334e-05,0,0,0,0,0.18667,0,0,0,0,0.35316
71,270,1,2.4356,184.9,0,0,0,0,0,0,1.7604,0,0,0,0.18667,0,0,0,0,0.036534
71,270,1,2.4356,184.9,0,0,0,0,0,0,0,0,0,0.27721,0.18667,0,0,0,0,0.06089
71,270,1,2.4356,184.9,0,0,0,0,0,0,0,0,0,0,0.33589,0,0,0,0,0.006089
71,270,1,2.4356,184.9,0.00524,0,0,0,0,0,0,0,0,0.76342,0.18667,0,0,0,0,0.085245
71,270,1,2.4356,184.9,0.20158,0,0,0,0,0,0,0,0,0,1.2894,0,0,0,0,0.1096
71,270,1,2.4356,184.9,0.018623,0,0,0,0,0,0.16424,0,0,0.55196,0.59267,0,0,0,0,0.25574
71,270,1,2.4356,184.9,0,0,0,0,0,0,0,0,0,0,0.34266,0,0,0,0,1.9485
71,270,1,2.4356,184.9,0,0,0,0,0.001493,0,0,0,0,1.057,0.33631,0,0,0,0,0.006089
71,270,1,2.4356,184.9,0,0,0,0.084198,0,0,0.16424,0,0,0.21027,0.93382,0,0,0,0,0.1096
71,270,1,2.4356,184.9,0,0,0,2.0191,0,0,0,0,0,0,0.18667,0,0,0,0,0.1096
71,270,1,2.4356,184.9,0,0,0,0,0,0,0,0,0,0.76559,0.18667,0,0,0,0,0.1096
71,270,1,2.4356,184.9,0,0,0,0,0,0,0,0,0,0,1.8458,0,0,0,0,0.23138
71,270,1,2.4356,184.9,0.015552,0,0,0.3642,0,0,0,0,0,0,0.18667,0,0,0,0,0.036534
71,270,1,2.4356,184.9,0,0,0,0,0,0,0,0.79425,0,1.057,0.18667,0,0,0,0,0.085245
71,270,1,2.4356,184.9,0.007595,0,0,0,0,0.99999,0.16424,0,0,0,0.18667,0,0,0,0,0.1096
71,270,1,2.4356,184.9,0.14783,0,0,0,0.00524,0,0,0,0,0,0.18667,0,0,0,0,0.006089
71,270,1,2.4356,184.9,0.002031,0,0,0,0,0,0,0,0,1.5079,0.35513,0,0,0,0,0.006089
71,270,1,2.4356,184.9,0.16154,0,0,0,0,0,0,0,0,0.14685,0.6212,0,0,0,0,0.036534
71,270,1,2.4356,184.9,0.44161,0,0,0,0,0,0,0,0,0.63421,0.18667,0,0,0,0,0.40187
71,270,1,2.4356,184.9,0,0,0,0,0,0,0,0,0,0.18355,0.18667,0,0,0,0,0.085245
71,270,1,2.4356,184.9,0,0,0,0,0,0,0,0,0,1.0245,0.18667,0,0,0,0,0.036534
71,270,1,2.4356,184.9,0,0,0,0,0,0,0,0,0,0,0.18667,0,0,0,0,0.06089
71,270,1,2.4356,184.9,0.016665,0,0.005908,0,0,0,0.50998,0,0,0,0.18667,0,0,0,0,0.13396
71,270,1,2.4356,184.9,0,0,0,0,0,0,0,0,0,0,0.18667,0,0,0,0,0.06089
71,270,1,2.4356,184.9,0.11091,0,0,0,0,0,0.13695,0,0,0.21027,0.18667,0,0,0,0,0.085245
71,270,1,2.4356,184.9,0,0,0,0,0,0,0,0,0,0.76777,0.18667,0,0,0,0,0.036534
71,270,1,2.4356,184.9,0,0,0,0.33725,0,0,0,0,0,0.65812,0.3343,0,0,0,0,0.1096
71,270,1,2.4356,184.9,0,0,0,0,0,0,0,0,0,0,0.18667,0,0,0,0,0.036534
71,270,1,2.4356,184.9,0,0,0,0.027678,0,0,0,0,0,0,0.18667,0,0,0,0,0.06089
71,270,1,2.4356,184.9,0,0,0,0,0,0,0,0,0,0.056957,0.18667,0,0,0,0,0.13396
71,270,1,2.4356,184.9,0,0,0,0.080285,0,0,0,0,0,0.55196,0.18667,0,0,0,0,0.006089
71,270,1,2.4356,184.9,0.00524,0,0,0.012155,0,0,0,0,0,0,0.34267,0,0,0,0,0.085245
71,270,1,2.4356,184.9,0.010259,0,0.005513,0,0,0.77378,0,0,0,0.55196,0.18667,0,0,0,0,0.25574
71,270,1,2.4356,184.9,0,0,0,0,0,0.0058282,0.16424,0,0,0,0.18667,0,0,0,0,0.13396
71,270,1,2.4356,184.9,0,0,0,0,0,0,0,0,0,0.63421,0.29739,0,0,0,0,0.085245
71,270,1,2.4356,184.9,0,0,0,0.12387,0,0,0,0,0,0.27721,0.18667,0,0,0,0,0.085245
71,270,1,2.4356,184.9,0.11344,0,0,0.94773,0.022568,0,0,0,0,0.8932,0.18667,0,0,0,0,0.036534
71,270,1,2.4356,184.9,0,0,0,0,0,1.0064,0,0,0,0,0.18667,0,0,0,0,0.036534
71,270,1,2.4356,184.9,0,0,0,0,0,0.0095737,0,0,0,0,0.18667,0,0,0,0,0.006089
71,270,1,2.4356,184.9,0,0,0,0.088419,0,0,0,0,0,0,1.9933,0,0,0,0,0.006089
71,270,1,2.4356,184.9,0,0,0,0.033408,0,0,0,0,0,0,0.18667,0,0,0,0,0.006089
71,270,1,2.4356,184.9,0.001434,0,0,0.13946,0,0.408,0,0,0,1.164,0.18667,0,0,0,0,0.06089
71,270,1,2.4356,184.9,0,0,0,0.033408,0.003465,0,0,0,0,0.18355,0.59267,0,0,0,0,0.006089
71,270,1,2.4356,184.9,0,0,0,0,0,0,0.16424,0,0,0.76342,0.18667,0,0,0,0,0.1096
71,270,1,2.4356,184.9,0,0,0,0,0,0,0,0,0,0.8932,0.86986,0,0,0,0,0.13396
71,270,1,2.4356,184.9,0,0,0,0,0,0,0,0,0,0,0.18667,0,0,0,0,0.06089
71,270,1,2.4356,184.9,0,0,0,0,0,0,0,0,0,1.0167,0.18667,0,0,0,0,0.085245
71,270,1,2.4356,184.9,0,0,0,0,0.00498,0,0.16424,0,0,0.44575,0.18667,0,0,0,0,0.036534
71,270,1,2.4356,184.9,0.00062,0,0,0.015753,0,0,0,0,0,0,0.18667,0,0,0,0,0.085245
71,270,1,2.4356,184.9,0,0,0,0,0,0,0.02739,0,0,1.1822,0.35074,0,0,0,0,0.006089
71,270,1,2.4356,184.9,0,0,0,0.0095725,0,0.012762,0,0,0,1.164,0.18667,0,0,0,0,0.085245
71,270,1,2.4356,184.9,0,0,0,0,0,0,0,0,0,0.73557,0.18667,0,0,0,0,0.006089
71,270,1,2.4356,184.9,0,0,0,0,0,0,0,0,0,0.91947,0.18667,0,0,0,0,0.35316
71,270,1,2.4356,184.9,0,0,0,0,0,0,0,0,0,1.7864,0.18667,0,0,0,0,0.1644
71,270,1,2.4356,184.9,0,0,0,0,0,0,0,0,0,1.0076,0.35197,0,0,0,0,0.036534
71,270,1,2.4356,184.9,0.33369,0,0,0,0,0,0,0,0,1.164,0.34287,0,0,0,0,0.06089
71,270,1,2.4356,184.9,0.17653,0,0,0,0,0,0,0,0,0.4212,0.18667,0,0,0,0,0.06089
71,270,1,2.4356,184.9,0,0,0,0.12743,0,0,0,0,0,0.68445,0.18667,0,0,0,0,0.13396
71,270,1,2.4356,184.9,0,0,0,0.0002,0,0,0,0,0,0.056957,0.92485,0,0,0,0,0.085245
71,270,1,2.4356,184.9,0,0,0,0,0,0,0,0,0,0,0.18667,0,0,0,0,0.20702
71,270,1,2.4356,184.9,0,0,0,0,0,0,0,0,0,0,0.34288,0,0,0,0,1.9485
71,270,1,2.4356,184.9,0,0,0,0,0,0.19151,0.16424,0,0,0,0.18667,0,0,0,0,0.085245
71,270,1,2.4356,184.9,0,0,0,0,0,0,0,0,0,0,0.18667,0,0,0,0,0.085245
71,270,1,2.4356,184.9,0.005239,0,0,0,0,0.0026412,0,0,0,0,0.18667,0,0,0,0,0.06089
71,270,1,2.4356,184.9,0,0,0,0,0,0,0,0,0,0.056957,0.22358,0,0,0,0,1.9485
71,270,1,2.4356,184.9,0.1026,0,0,1.6807,0,0,0,0,0,0,0.33626,0,0,0,0,0.06089
71,270,1,2.4356,184.9,0,0,0,0,0,0,0,0,0,0.73557,0.18667,0,0,0,0,0.1644
71,270,1,2.4356,184.9,0,0,0,0,0,1.0004,0,0,0,0.91947,0.18667,0,0,0,0,0.06089
71,270,1,2.4356,184.9,0.62004,0,0,0.37619,0,0,0,0,0,0.76777,0.34267,0,0,0,0,0.085245
71,270,1,2.4356,184.9,1.3322,0,0,0,0,0,0,0,0,0,0.18667,0,0,0,0,0.006089
71,270,1,2.4356,184.9,0,0,0,0,0,0,0.0029097,0,0,1.164,0.42559,0,0,0,0,0.06089
71,270,1,2.4356,184.9,0.00052,0,0,0,0,0,0,0,0,1.0245,0.18667,0,0,0,0,0.036534
71,270,1,2.4356,184.9,0,0,0,0.57243,0,0,0.16424,0,0,0.18355,1.3308,0,0,0,0,0.1096
71,270,1,2.4356,184.9,0.016317,0,0,0,0,0,0.16424,0,0,1.0167,0.18667,0,0,0,0,0.036534
71,270,1,2.4356,184.9,0.001669,0,0,0.2954,0,0,0,0,0,0.18355,0.18667,0,0,0,0,0.036534
71,270,1,2.4356,184.9,0,0,0,0,0,0,0,0,0,1.7864,0.18667,0,0,0,0,0.13396
71,270,1,2.4356,184.9,0.035093,0,0,0,0.007102,0,0,0,0,0.72035,0.92485,0,0,0,0,0.1096
71,270,1,2.4356,184.9,0,0,0,0.13674,0,0,0,0,0,0,0.18667,0,0,0,0,0.06089
71,270,1,2.4356,184.9,0,0,0,0,0,0,0,0,0,0,0.18667,0,0,0,0,0.06089
71,270,1,2.4356,184.9,0,0,0,0,0,0,0,0,0,0,0.18667,0,0,0,0,0.006089
71,270,1,2.4356,184.9,0.00062,0,0,2.0929,0,0,0,0,0,0,0.18667,0,0,0,0,0.06089
71,270,1,2.4356,184.9,0,0,0,0.000639,0,0,0,0,0,0.18086,0.43851,0,0,0,0,0.13396
71,270,1,2.4356,184.9,0.003346,0,0,0,0,0,0,0,0,0,0.45538,0,0,0,0,0.06089
71,270,1,2.4356,184.9,0.02347,0,0,0,0.00062,0.002111,0,0,0,0.4212,0.18667,0,0,0,0,0.45058
71,270,1,2.4356,184.9,0,0,0,0,0,0,0,0,0,1.0834,0.34069,0,0,0,0,0.006089
71,270,1,2.4356,184.9,0,0,0,0.14693,0,0,0,0,0,0,0.86986,0,0,0,0,0.085245
71,270,1,2.4356,184.9,0,0,0,0.0095725,0.0055799,0,0,0,0,1.1034,0.18667,0,0,0,0,0.085245
71,270,1,2.4356,184.9,0,0,0,0.37726,0,0,0,0,0,0.76777,0.18667,0,0,0,0,0.06089
71,270,1,2.4356,184.9,0,0,0,0,0,0,0,0,0,1.1822,0.18667,0,0,0,0,0.085245
71,270,1,2.4356,184.9,0,0,0,0,0,0,0,0,0,0,1.6181,0,0,0,0,0.20702
71,270,1,2.4356,184.9,0.001009,0,0,0,0.1545,0,0,0,0,1.7864,0.18667,0,0,0,0,0.06089
71,270,1,2.4356,184.9,0,0,0,0,0,0.04817,0.010505,0,0,0.44682,0.344,0,0,0,0,0.06089
71,270,1,2.4356,184.9,0,0,0,0,0,0,0,0,0,0,0.18667,0,0,0,0,0.1096
71,270,1,2.4356,184.9,0.2194,0,0,0.0002,0,9.8334e-05,0,0,0,0,0.59267,0,0,0,0,0.006089
71,270,1,2.4356,184.9,0,0,0,0.94773,0,0,0,0,0,0.68445,0.18667,0,0,0,0,0.13396
71,270,1,2.4356,184.9,0,0,0,0,0,0,0,0,0,0.68445,1.4391,0,0,0,0,0.06089
71,270,1,2.4356,184.9,0.005838,0,0,0,0,0,0,0,0,0.44575,0.22358,0,0,0,0,0.006089
71,270,1,2.4356,184.9,0,0,0,1.3548,0,0,0,0,0,0.39237,0.55577,0,0,0,0,0.085245
71,270,1,2.4356,184.9,0.0056052,0,0,0,0,0,0.76622,0,0,1.0245,0.18667,0,0,0,0,0.036534
71,270,1,2.4356,184.9,0,0,0,0,0,0,0,0,0,1.0167,0.34441,0,0,0,0,0.036534
71,270,1,2.4356,184.9,0,0,0,0,0,0,0,0,0,0,0.18667,0,0,0,0,0.006089
71,270,1,2.4356,184.9,0.001292,0,0,0,0,0,0,0,0,1.5851,0.33356,0,0,0,0,0.3288
71,270,1,2.4356,184.9,0,0,0,0.002506,0,0,0.010505,0,0,1.5851,0.18667,0,0,0,0,0.37752
71,270,1,2.4356,184.9,0,0,0,0.18687,0,0,0,0,0,1.808,0.18667,0,0,0,0,0.06089
71,270,1,2.4356,184.9,0,0,0,0.3176,0,0,0,0,0,0.72035,0.18667,0,0,0,0,0.06089
71,270,1,2.4356,184.9,0,0,0,0,0,0,0,0,0,1.1034,0.18667,0,0,0,0,0.1096
71,270,1,2.4356,184.9,0,0,0,0,0,0,0,0,0,0.056957,0.22358,0,0,0,0,0.18267
71,270,1,2.4356,184.9,0,0,0,0,0,0,0,0,0,0,2.0171,0,0,0,0,0.085245
71,270,1,2.4356,184.9,0,0,0,0,0,0,0,0,0,0,1.3604,0,0,0,0,0.13396
71,270,1,2.4356,184.9,0.0057164,0,0,0,0,1.2014,0,0,0,0,0.18667,0,0,0,0,0.085245
71,270,1,2.4356,184.9,0,0,0,0,0.10547,0,0.16424,0,0,0.73557,0.18667,0,0,0,0,0.13396
71,270,1,2.4356,184.9,0.11707,0,0,0.32389,0,0,0,0,0,0,1.6181,0,0,0,0,0.036534
71,270,1,2.4356,184.9,0,0,0,0,0,0,0,0,0,1.1034,0.18667,0,0,0,0,0.036534
71,270,1,2.4356,184.9,0,0,0,0,0,0,0,0,0,0.55196,0.18667,0,0,0,0,0.036534
71,270,1,2.4356,184.9,0,0,0,0,0,0.98521,0,0,0,0.8932,0.18667,0,0,0,0,0.036534
71,270,1,2.4356,184.9,0.058652,0,0,0,0,0,0,0,0,0.8932,1.1542,0,0,0,0,0.06089
71,270,1,2.4356,184.9,1.0377,0,0,0,0,0,0,0,0,0,0.34267,0,0,0,0,0.036534
71,270,1,2.4356,184.9,0,0,0,0,0,0,0,0,0,1.7864,0.18667,0,0,0,0,0.13396
71,270,1,2.4356,184.9,0,0,0,0,0,0,0,0,0,0,0.33632,0,0,0,0,0.006089
71,270,1,2.4356,184.9,0,0,0,0,0,0,0,0,0,0,0.18667,0,0,0,0,0.036534
71,270,1,2.4356,184.9,0,0,0.045182,0.14028,0,0,0,0,0,0.68445,0.33632,0,0,0,0,0.1096
71,270,1,2.4356,184.9,0,0,0,0,0,0,0,0,0,0,1.3385,0,0,0,0,0.085245
71,270,1,2.4356,184.9,0,0,0,0,0,0,0.16424,0,0,1.261,0.34267,0,0,0,0,0.006089
71,270,1,2.4356,184.9,0.14783,0,0,0,0,0,0.50998,0,0,0.21027,0.18667,0,0,0,0,0.006089
71,270,1,2.4356,184.9,0.14783,0,0,0.35097,0,0,0,0,0,1.5079,0.18667,0,0,0,0,0.06089
71,270,1,2.4356,184.9,0.003173,0,0,0,0,0,0.0029097,0,0,0,0.97191,0,0,0,0,0.1644
71,270,1,2.4356,184.9,0,0,0,0,0,0,0,0,0,0,0.18667,0,0,0,0,0.13396
71,270,1,2.4356,184.9,1.8111,0,0,0,0,0,0.075512,0,0,0,0.18667,0,0,0,0,0.06089
71,270,1,2.4356,184.9,0,0,0,0,0,0,0,0,0,1.0167,0.18667,0,0,0,0,0.06089
71,270,1,2.4356,184.9,0,0,0,0,0,0,0.010505,0,0,0.27721,1.263,0,0,0,0,0.06089
71,270,1,2.4356,184.9,0,0,0,0,0,0,0,0,0,0.14685,0.33589,0,0,0,0,0.06089
71,270,1,2.4356,184.9,0,0,0,0,0,0,0,0,0,0,0.18667,0,0,0,0,0.036534
71,270,1,2.4356,184.9,0,0,0,0,0,0,0,0,0,1.057,0.18667,0,0,0,0,0.036534
71,270,1,2.4356,184.9,0,0,0,0,0,0,0,0,0,1.261,0.18667,0,0,0,0,0.085245
71,270,1,2.4356,184.9,0,0,0,0.040357,0,0,0,0,0,0,0.18667,0,0,0,0,0.37752
71,270,1,2.4356,184.9,0,0,0,0,0,0,0.75485,0,0,0,0.18667,0,0,0,0,0.13396
71,270,1,2.4356,184.9,0,0,0,0.10023,0,0,0,0,0,0,0.18667,0,0,0,0,0.036534
71,270,1,2.4356,184.9,0.058652,0,0,0.20936,0,0,0,0,0,0,0.54798,0,0,0,0,0.085245
71,270,1,2.4356,184.9,0,0,0,0.004063,0,0,0,0,0,0.4212,0.18667,0,0,0,0,0.1096
71,270,1,2.4356,184.9,0,0,0,0.0052395,0,0,0,0,0,1.057,0.18667,0,0,0,0,0.06089
71,270,1,2.4356,184.9,0.00524,0,0,0,0,0,0,0,0,0.21027,1.6452,0,0,0,0,0.006089
71,270,1,2.4356,184.9,0,0,0,0,0,0.012762,0,0,0,0,0.47944,0,0,0,0,0.06089
71,270,1,2.4356,184.9,0,0,0,0,0,0,0,0,0,1.5851,0.18667,0,0,0,0,0.06089
71,270,1,2.4356,184.9,0.016623,0,0,0.0014,0,0,0,0,0,0.39237,0.18667,0,0,0,0,0.085245
71,270,1,2.4356,184.9,0,0,0,0.17457,0,0,0.16424,0,0,0,0.18667,0,0,0,0,0.036534
71,270,1,2.4356,184.9,0.069657,0,0,0,0,0,0,0,0,0.91947,0.18667,0,0,0,0,0.036534
71,270,1,2.4356,184.9,0,0,0,0,0,0,0,0,0,0.44682,0.18667,0,0,0,0,0.036534
71,270,1,2.4356,184.9,0,0,0,0,0,0,0,0,0,0.44682,0.18667,0,0,0,0,0.06089
71,270,1,2.4356,184.9,0.016666,0,0,0.33725,0,0,0,0,0,0,0.34071,0,0,0,0,0.085245
71,270,1,2.4356,184.9,0,0,0,6.3e-05,0,0,0,0,0,1.5079,0.55577,0,0,0,0,0.006089
71,270,1,2.4356,184.9,0,0,0,0,0,0,0,0,0,0.73557,0.18667,0,0,0,0,0.006089
71,270,1,2.4356,184.9,0.016623,0,0,0.0001355,0.007328,0,0,0,0,0,0.34267,0,0,0,0,0.06089
71,270,1,2.4356,184.9,0.00062,0,0,0,0,0,0,0,0,0,0.34267,0,0,0,0,0.06089
71,270,1,2.4356,184.9,0,0,0,0,0,0.99999,0,0,0,0.76342,0.18667,0,0,0,0,0.085245
71,270,1,2.4356,184.9,0.03073,0,0.34658,0,0.011445,0.00021684,0,0,0,0,0.18667,0,0,0,0,0.085245
71,270,1,2.4356,184.9,0,0,0,0.012155,0,0,0,0,0,0,1.09,0,0,0,0,0.35316
71,270,1,2.4356,184.9,0,0,0,0,0,0,0,0,0,0,0.33589,0,0,0,0,0.18267
71,270,1,2.4356,184.9,0,0,0,0,0,0,0,0,0,0,0.34267,0,0,0,0,0.06089
71,270,1,2.4356,184.9,0.003822,0,0,0,0,0.00021684,0,0,0,0,0.18667,0,0,0,0,0.18267
71,270,1,2.4356,184.9,0.00524,0,0,0,0,0.026678,0,0,0,0,0.18667,0,0,0,0,0.006089
71,270,1,2.4356,184.9,0,0,0,0.77204,0,0,0.11746,0,0,0.4212,0.34519,0,0,0,0,0.085245
71,270,1,2.4356,184.9,0,0,0,0,0,0,0,0,0,0.72035,0.34071,0,0,0,0,0.036534
71,270,1,2.4356,184.9,0,0,0,0,0,0,0,0,0,0.056957,1.569,0,0,0,0,0.1644
71,270,1,2.4356,184.9,0.00062,0,0,0,0,0,0.16424,0,0,0,0.18667,0,0,0,0,0.006089
71,270,1,2.4356,184.9,0,0,0,1.1169,0,0,0,0,0,0,0.33356,0,0,0,0,0.45058
71,270,1,2.4356,184.9,0.17653,0,0,0,0,0,0,0,0,0,0.18667,0,0,0,0,0.06089
71,270,1,2.4356,184.9,0,0,0,0,0,0,0.53887,0,0,0.8932,0.35321,0,0,0,0,0.45058
71,270,1,2.4356,184.9,0.013065,0,0,0,0,0,0.75485,0,0.015227,0,0.34266,0,0,0,0,0.06089
71,270,1,2.4356,184.9,0,0,0,0.010673,0,0,0,0,0,0,2.0991,0,0,0,0,0.085245
71,270,1,2.4356,184.9,0,0,0,0,0,0,0,0,0,1.0167,0.34267,0,0,0,0,0.085245
71,270,1,2.4356,184.9,0,0,0,0.012921,0.002139,0,0,0,0,1.0245,0.34503,0,0,0,0,0.30445
71,270,1,2.4356,184.9,0.00524,0,0,0,0,0,0,0,0,1.7327,0.18667,0,0,0,0,0.085245
71,270,1,2.4356,184.9,0.00062,0,0,0,0,0,0,0,0,0,0.33631,0,0,0,0,0.1096
71,270,1,2.4356,184.9,0,0,0,0.013572,0,0,0,0,0,1.1034,0.18667,0,0,0,0,0.036534
71,270,1,2.4356,184.9,0,0,0,0,0,0.0017889,0,0,0,0.91947,0.18667,0,0,0,0,0.006089
71,270,1,2.4356,184.9,1.3322,0,0,0,0,0,0,0,0,0,0.18667,0,0,0,0,0.006089
71,270,1,2.4356,184.9,0,0,0,0,0,0,0,0,0,0,1.2594,0,0,0,0,0.006089
71,270,1,2.4356,184.9,0,0,0,6.3e-05,0,0,0,0,0,1.5851,0.18667,0,0,0,0,0.25574
71,270,1,2.4356,184.9,0,0,0,0,0,0,0.16424,0,0,0.76777,0.18667,0,0,0,0,0.13396
71,270,1,2.4356,184.9,0.001292,0,0,0,0,0,0,0,0,1.0245,0.18667,0,0,0,0,0.036534
71,270,1,2.4356,184.9,0,0,0,0,0,0,0,0,0,0,0.18667,0,0,0,0,0.06089
71,270,1,2.4356,184.9,0.00524,0,0,0.001157,0,0,0,0,0,0.63421,0.95751,0,0,0,0,0.06089
71,270,1,2.4356,184.9,0,0,0,0,0,0,0,0,0,0,0.18667,0,0,0,0,0.036534
71,270,1,2.4356,184.9,0.52666,0,0.6838,0.10795,0,0,0,0,0,0.14685,0.18667,0,0,0,0,0.06089
71,270,1,2.4356,184.9,0.21764,0,0,0,0,0,0,0,0,1.5079,0.18667,0,0,0,0,0.006089
71,270,1,2.4356,184.9,0.022682,0,0,0,0,0,0,0,0,0,0.18667,0,0,0,0,0.18267
71,270,1,2.4356,184.9,0,0,0,0,0,0,0,0,0,1.5079,0.24309,0,0,0,0,0.06089
71,270,1,2.4356,184.9,0,0,0,0,0,0,0,0,0,1.0076,0.47918,0,0,0,0,0.06089
71,270,1,2.4356,184.9,0,0,0,0,0,0,0,0,0,0.18355,0.22358,0,0,0,0,0.006089
71,270,1,2.4356,184.9,0,0,0,0,0,0,0,0,0,1.2479,0.18667,0,0,0,0,0.35316
71,270,1,2.4356,184.9,0.005838,0,0,0,0,0,0,0,0,0.27721,0.18667,0,0,0,0,0.006089
71,270,1,2.4356,184.9,0.43617,0,0,0,0,0,0,0,0,0.21027,0.34789,0,0,0,0,0.1096
71,270,1,2.4356,184.9,0,0,0.14249,0,0,0,0,0,0,0.27721,1.0623,0,0,0,0,0.085245
71,270,1,2.4356,184.9,0,0,0,0.2719,0,0,0,0,0,0.27721,0.70126,0,0,0,0,0.1096
71,270,1,2.4356,184.9,0,0,0,0.011724,0,0,0.010505,0,0,0.18086,0.18667,0,0,0,0,0.085245
71,270,1,2.4356,184.9,0.73019,0,0,0,0,0,0,0,0,0,0.34069,0,0,0,0,0.1096
71,270,1,2.4356,184.9,0.19441,0,0,0,0,0,0,0,0,0,1.0356,0,0,0,0,0.1644
71,270,1,2.4356,184.9,0.11,0,0,0,0,0,0,0,0,0.76777,0.18667,0,0,0,0,0.30445
71,270,1,2.4356,184.9,0.73019,0,0,0,0.0092955,0,0,0,0,1.1034,0.18667,0,0,0,0,0.13396
71,270,1,2.4356,184.9,0,0,0,0,0,0,0,0,0,0,0.18667,0,0,0,0,0.006089
71,270,1,2.4356,184.9,0,0,0,0,0,0,0,0,0,0.72035,0.18667,0,0,0,0,0.006089
71,270,1,2.4356,184.9,0,0,0,0,0,0,0,0,0,1.164,0.18667,0,0,0,0,0.40187
71,270,1,2.4356,184.9,0.007595,0,0,0,0,0,0,0,0,0.65812,0.18667,0,0,0,0,0.06089
71,270,1,2.4356,184.9,0.00062,0,0,0,0.012565,0,0,0,0,0,0.18667,0,0,0,0,0.1096
71,270,1,2.4356,184.9,1.5801,0,0,0,0,0,0.075512,0,0,0,0.18667,0,0,0,0,0.1644
71,270,1,2.4356,184.9,0,0,0,0.003089,0,0,0.0029097,0,0,1.164,0.24309,0,0,0,0,0.06089
71,270,1,2.4356,184.9,0,0,0,0,0,0,0.50998,0,0,0.76777,0.18667,0,0,0,0,0.036534
71,270,1,2.4356,184.9,0,0,0,0,0,0,0,0,0,0,0.3343,0,0,0,0,0.1096
71,270,1,2.4356,184.9,0,0,0,0.78773,0,0,0,0,0,0.27721,0.18667,0,0,0,0,0.006089
71,270,1,2.4356,184.9,0,0,0,0,0,0.017111,0.16424,0,0,0,1.9337,0,0,0,0,0.006089
71,270,1,2.4356,184.9,0,0,0,0,0,0.0016131,0,0,0,0.27721,0.18667,0,0,0,0,0.006089
71,270,1,2.4356,184.9,0,0,0,0,0,0,0,0,0,0,0.18667,0,0,0,0,0.06089
71,270,1,2.4356,184.9,0,0,0,0,0,0,0,0,0,0.72035,0.42559,0,0,0,0,0.036534
71,270,1,2.4356,184.9,0,0,0,0,0,0,0,0,0,0,1.445,0,0,0,0,0.036534
71,270,1,2.4356,184.9,0.000251,0,0,0,0,0,0,0,0,0,2.0593,0,0,0,0,0.036534
71,270,1,2.4356,184.9,1.9992,0,0,0,0,0,0,0,0,0,0.18667,0,0,0,0,0.1096
71,270,1,2.4356,184.9,0.003355,0,0,0.032727,0,0,0,0,0,0,0.18667,0,0,0,0,0.036534
71,270,1,2.4356,184.9,0,0,0,0,0,0,0,0,0,1.5079,0.18667,0,0,0,0,0.036534
71,270,1,2.4356,184.9,0.32209,0,0,0,0,0,0.16424,0,0,0.76342,0.63213,0,0,0,0,0.1644
71,270,1,2.4356,184.9,0.003465,0,0,0,0,0,0,0,0,1.5851,0.35074,0,0,0,0,0.13396
71,270,1,2.4356,184.9,0,0,0,0,0,0,0,0,0,0,0.18667,0,0,0,0,0.085245
71,270,1,2.4356,184.9,0,0,0,0.60546,0,0,0,0,0,0.14685,0.18667,0,0,0,0,0.1096
71,270,1,2.4356,184.9,0,0,0,0,0,0,0,0,0,1.057,0.18667,0,0,0,0,0.25574
71,270,1,2.4356,184.9,0.66409,0,0,0,0,0,0,0,0,0.55196,0.18667,0,0,0,0,0.085245
71,270,1,2.4356,184.9,0.88404,0,0,0,0,0.012762,0,0,0,1.0245,0.18667,0,0,0,0,0.036534
72,271,1,10.022,760.82,0.37606,0,0,0,0,0,0,0,0,4.212,0.18667,0,0,0,0,0
72,271,1,10.022,760.82,0,0,0,0.013584,0,0,0.16424,0,0,3.4087,0.33634,0,0,0,0,0
72,271,1,10.022,760.82,0,0,0,0.27777,0,1.2014,0,0,0,0,0.18667,0,0,0,0,0
72,271,1,10.022,760.82,0.39786,0,0,0.14377,0,0,0,0,0,0,0.18667,0,0,0,0,0
72,271,1,10.022,760.82,0,0,0,0,0,0,0,0,0,0,0.18667,0,0,0,0,0
72,271,1,10.022,760.82,0.003485,0,0,0,0,0,0,0,0,0,0.18667,0,0,0,0,0
72,271,1,10.022,760.82,0,0,0,0,0.00524,0,0,0,0,1.5859,0.34266,0,0,0,0,0
72,271,1,10.022,760.82,0,0,0,0,0,0,0,0,0,0.44682,0.18667,0,0,0,0,0
72,271,1,10.022,760.82,0,0,0,0,0,0,0,0,0,0,0.18667,0,0,0,0,0
72,271,1,10.022,760.82,0.00524,0,0,6.4645,0,0,0,0,0,0.44682,0.18667,0,0,0,0,0.025055
72,271,1,10.022,760.82,0,0,0,1.1939,0,0,0,0,0,0,7.5145,0,0,0,0,0
72,271,1,10.022,760.82,0,0,0,0,0,0,0.16424,0,0,1.5851,2.3546,0,0,0,0,0
72,271,1,10.022,760.82,0,0,0,0,0,0,0,0,0,0.65812,1.3308,0,0,0,0,0
72,271,1,10.022,760.82,0,0,0,0.011799,0,0,0,0,0,1.164,0.18667,0,0,0,0,0
72,271,1,10.022,760.82,0,0,0,0.10023,0,0,0,0,0,0,4.8475,0,0,0,0,0.25055
72,271,1,10.022,760.82,0,0,0,0.35097,0.011109,0,0,0,0,1.7864,0.18667,0,0,0,0,0.025055
72,271,1,10.022,760.82,0.0094374,0,0,0,0,0,0,0,0,1.5079,1.6181,0,0,0,0,0.25055
72,271,1,10.022,760.82,0,0,0,0,0,1.0017,0,0,0,7.6506,0.3407,0,0,0,0,0.25055
72,271,1,10.022,760.82,0,0,0.63098,0,0,0,0,0,0,1.0076,0.18667,0,0,0,0,0
72,271,1,10.022,760.82,0.003822,0,0,0,0.008333,0.0073404,0.76622,0,0,1.0167,0.18667,0,0,0,0,0
72,271,1,10.022,760.82,8.1e-05,0,0,0.16651,0,0,0,0,0,3.4087,5.6466,0,0,0,0,0
72,271,1,10.022,760.82,0,0,0,0,0,0,0,0,0,1.5851,6.1969,0,0,0,0,0
72,271,1,10.022,760.82,3.0254,0,0.005239,0,0,0,0.16424,0,0,1.7327,0.35513,0,0,0,0,0
72,271,1,10.022,760.82,0.11,0,0,0,0,0,0,0,0,0.8932,0.38292,0,0,0,0,0.25055
72,271,1,10.022,760.82,0,0,0,0,0,0,0.16424,0,0,0.8932,0.18667,0,0,0,0,0
72,271,1,10.022,760.82,0,0,0,8.6e-05,0,0,0,0,0,0.8932,0.18667,0,0,0,0,0
72,271,1,10.022,760.82,0,0,0,0.3141,0,0,0,0,0,0.8932,0.18667,0,0,0,0,0
72,271,1,10.022,760.82,0,0,0,0,0,0,0,0,0,4.212,0.18667,0,0,0,0,1.2528
72,271,1,10.022,760.82,0.0064177,0,0,0.10288,0,0,0.0029097,0,0,0.44682,6.2013,0,0,0,0,0
72,271,1,10.022,760.82,1.0754,0,0,0.37726,0,0,0.16424,0,0,0,0.18667,0,0,0,0,0
72,271,1,10.022,760.82,0,0,0,0,0,0,0,0,0,0,0.18667,0,0,0,0,0
72,271,1,10.022,760.82,0,0,0,0,0,0,0,0,0,1.9819,0.45538,0,0,0,0,0
72,271,1,10.022,760.82,0,0,0,0,0,0,0,0,0,0,0.18667,0,0,0,0,0
72,271,1,10.022,760.82,1.2639,0,0,0,0,0,0,0,0,1.7864,0.18667,0,0,0,0,0
72,271,1,10.022,760.82,0.11549,0,0,0.2719,0,0,0,0,0,0,5.4628,0,0,0,0,0.55121
72,271,1,10.022,760.82,0,0,0,0,0,0.0073404,0,0,0,0,0.18667,0,0,0,0,0
72,271,1,10.022,760.82,0,0,0,3.6181,0,0,0,0,0,0.44575,0.18667,0,0,0,0,0
72,271,1,10.022,760.82,0,0,0,0,0,0,0,0,0,0,0.18667,0,0,0,0,0
72,271,1,10.022,760.82,0.029081,0,0,0.000583,0,0,0.16424,0,0,0,1.6181,0,0,0,0,0
72,271,1,10.022,760.82,2.0252,0,0,0,0,0,0,0,0,0,0.66136,0,0,0,0,0.25055
72,271,1,10.022,760.82,0.040445,0,0,0.0083,0,0,0.16424,0,0,0,0.18667,0,0,0,0,0
72,271,1,10.022,760.82,0,0,0,0,0,0,0,0,0,9.1202,0.18667,0,0,0,0,0.025055
72,271,1,10.022,760.82,0,0,0,0,0,0,0,0,0,0,0.55577,0,0,0,0,0.35077
72,271,1,10.022,760.82,0,0,0,0,0,0.00021684,0.02739,0,0,0,6.3294,0,0,0,0,0
72,271,1,10.022,760.82,0,0,0,0,0,0,0,0,0,0,0.18667,0,0,0,0,0
72,271,1,10.022,760.82,0,0,0,0,0,0,0.0029097,0,0,1.164,0.37122,0,0,0,0,0
72,271,1,10.022,760.82,0,0,0,0,0,0.77378,0,0,0,0,3.2906,0,0,0,0,0
72,271,1,10.022,760.82,0,0,0,0,0,0,0,0,0,1.1034,7.5072,0,0,0,0,0
72,271,1,10.022,760.82,0,0,0,0,0,0,0,0,0,0.44682,2.7159,0,0,0,0,0
72,271,1,10.022,760.82,0.003932,0,0,1.8854,0,1.0064,0,0,0,1.2479,2.8966,0,0,0,0,0
72,271,1,10.022,760.82,0.040773,0,0,0,0,0,0,0,0,1.0139,2.9511,0,0,0,0,0.35077
72,271,1,10.022,760.82,0,0,0,0,0,0.99999,0,0,0,0,0.18667,0,0,0,0,0
72,271,1,10.022,760.82,0.57029,0,0,0,0,0.408,0,0,0,0,1.7467,0,0,0,0,0.75165
72,271,1,10.022,760.82,0,0,0,0.052916,0,0.0016131,0.075512,0,0,1.2479,0.35421,0,0,0,0,0
72,271,1,10.022,760.82,0,0,0,0,0,0,7.0655,0,0,0,1.8398,0,0,0,0,0.025055
72,271,1,10.022,760.82,0.32489,1.0823,0,0,0,0,0,0,0,3.8254,0.18667,0,0,0,0,0
72,271,1,10.022,760.82,0.000654,0,0.000172,0.041874,0,6.6358,0.010505,0,0,1.0167,0.18667,0,0,0,0,0
72,271,1,10.022,760.82,0,0,0,0,0,0.99999,0,0,0,3.4087,0.18667,0,0,0,0,0
72,271,1,10.022,760.82,0,0,0,0,0.008341,0,0,0,0,0.27721,5.8887,0,0,0,0,0.35077
72,271,1,10.022,760.82,0.029081,0,0,0,0,0,0,0,0,0.27721,0.36132,0,0,0,0,0
72,271,1,10.022,760.82,1.7541,0,0,0,0,0,0,0,0,0.056957,0.86986,0,0,0,0,0
72,271,1,10.022,760.82,0.002344,0,0,0,0,0,0,0,0,8.0476,0.34069,0,0,0,0,0
72,271,1,10.022,760.82,0,0,0.4334,0,0,0,0,0,0,4.212,0.18667,0,0,0,0,0
72,271,1,10.022,760.82,0,0,0,0,0,0.99999,0,0,0,1.5851,0.34397,0,0,0,0,0
72,271,1,10.022,760.82,0.42196,0,0,0.35097,0,0,0.010505,0,0,0.73557,0.18667,0,0,0,0,0
72,271,1,10.022,760.82,0,0,0,0,0,0,0,0,0,0,0.18667,0,0,0,0,0
72,271,1,10.022,760.82,0.015552,0,0,0,0,0,0,0,0,7.6506,0.18667,0,0,0,0,0
72,271,1,10.022,760.82,0,0,0,0,0,0,0,0,0,2.6253,6.7845,0,0,0,0,0
72,271,1,10.022,760.82,0,0,0,0,0,0.040543,0,0,0,5.7231,1.6999,0,0,0,0,0
72,271,1,10.022,760.82,0,0,0,0,0,0,0,0,0,0.056957,0.18667,0,0,0,0,0
72,271,1,10.022,760.82,0,0,0,0,0,0,0.99097,0,0,3.8737,0.18667,0,0,0,0,0
72,271,1,10.022,760.82,0,0,0,2.0589,0,0.033803,0,0,0,0.18355,0.99867,0,0,0,0,0
72,271,1,10.022,760.82,0.20323,0,1.1891,0,0.007221,0,0,0,0,0.63421,0.18667,0,0,0,0,0
72,271,1,10.022,760.82,1.2639,0,0,0,0,0,0,0,0,1.5851,0.18667,0,0,0,0,0
72,271,1,10.022,760.82,0,0,0,1.3548,0,0,0,0,0,0,0.18667,0,0,0,0,0
72,271,1,10.022,760.82,0.01198,0,0,0,0,0,0,0,0,0.39237,1.09,0,0,0,0,0
72,271,1,10.022,760.82,0.016623,0,0,0,0,0,0,0,0,7.6506,0.18667,0,0,0,0,0
72,271,1,10.022,760.82,0,0,0,0,0,0,0,0,0,0.18355,7.5072,0,0,0,0,0
72,271,1,10.022,760.82,0,0,0,0,0,0,0,0,0,0.056957,1.1094,0,0,0,0,0
72,271,1,10.022,760.82,0,0,0,1.6226,0,0,0,0,0,1.057,0.34441,0,0,0,0,0
72,271,1,10.022,760.82,0,0,0,0,0,0,0,0,0,5.6716,0.18667,0,0,0,0,0
72,271,1,10.022,760.82,0,0,0,0,0,0,0,0,0,1.1822,1.0623,0,0,0,0,0.25055
72,271,1,10.022,760.82,0,0,0,2.4393,0,0,0.16424,0,0,1.9819,0.24309,0,0,0,0,0.15033
72,271,1,10.022,760.82,0,0,0,0,0,0,0,0,0,0.91947,0.18667,0,0,0,0,0
72,271,1,10.022,760.82,2.6264,0,0,0,0,0,0,0,0,5.7231,0.18667,0,0,0,0,0
72,271,1,10.022,760.82,0,0,0,0,0,0,0,0,0,0.44682,0.18667,0,0,0,0,0
72,271,1,10.022,760.82,0,0,0,1.9588,0.008333,0,0,0,0,0,0.34397,0,0,0,0,0
72,271,1,10.022,760.82,0.032457,0,0,0,0,0.47199,0,0,0,1.0167,0.18667,0,0,0,0,0.25055
72,271,1,10.022,760.82,0,0,0,0,0,0,0,0,0,0,0.18667,0,0,0,0,0
72,271,1,10.022,760.82,0,0,0,0,0.007102,0,0.010505,0,0,0,0.18667,0,0,0,0,0
72,271,1,10.022,760.82,0,0,0,0,0,0,0,0,0,0.55196,0.33631,0,0,0,0,0
72,271,1,10.022,760.82,0,0,0,0.46517,0,0.00078163,0,0,0,3.8737,0.40813,0,0,0,0,0
72,271,1,10.022,760.82,0,0,0,0.027678,0,0,0,0,0,9.1622,0.18667,0,0,0,0,0
72,271,1,10.022,760.82,0,0,0,0,0,0,0,0,0,1.2479,1.2286,0,0,0,0,0
72,271,1,10.022,760.82,0,0,0,0,0,0,0,0,0,1.4449,6.9144,0,0,0,0,0.025055
72,271,1,10.022,760.82,0,0,0,2.9006,0,0,0,0,0,1.0834,0.18667,0,0,0,0,0
72,271,1,10.022,760.82,0,0,0,0.30178,0,0,0,0,0,0,0.18667,0,0,0,0,0
72,271,1,10.022,760.82,0,0,0,0.002413,0,0.0025491,0,0,0,3.8737,0.3823,0,0,0,0,0
72,271,1,10.022,760.82,0,0,0,0.22607,0,0,0,0,0,0,0.18667,0,0,0,0,0.55121
72,271,1,10.022,760.82,0,0,0,0,0,0,0,0,0,1.2479,0.24309,0,0,0,0,0
72,271,1,10.022,760.82,0,0,0.0091837,0,0,0,0,0,0,1.057,0.18667,0,0,0,0,0
72,271,1,10.022,760.82,0.00524,0,0,0,0,0.99999,0,0,0,5.7109,0.18667,0,0,0,0,0
72,271,1,10.022,760.82,0,0,0,0,0,0,0,0,0,9.1622,0.18667,0,0,0,0,0.025055
72,271,1,10.022,760.82,0,0,0,6.4645,0.013061,0,0,0,0,1.9819,0.18667,0,0,0,0,0
72,271,1,10.022,760.82,0.003932,0,0,0,0,0,0,0,0,1.4449,5.723,0,0,0,0,0
72,271,1,10.022,760.82,0.15204,0,0,0,0,0.98889,0,0,0,0.73557,0.34397,0,0,0,0,0
72,271,1,10.022,760.82,0,0,0,0,0,0.99999,0.02739,0,0,0,0.18667,0,0,0,0,0
72,271,1,10.022,760.82,0,0,0,0,0,0,0,0,0,0.44575,0.18667,0,0,0,0,0.35077
72,271,1,10.022,760.82,0,0,0,0,0,0,0,0,0,1.1034,0.22358,0,0,0,0,0
72,271,1,10.022,760.82,0,0,0,3.8162,0,0,0.75485,0,0,0,0.18667,0,0,0,0,0
72,271,1,10.022,760.82,0,0,0,0.013572,0,0,0,0,0,0.68445,0.18667,0,0,0,0,0
72,271,1,10.022,760.82,0.43617,0,0,0,0,0,0.010505,0,0,0,1.6452,0,0,0,0,0
72,271,1,10.022,760.82,0.003932,0,0,0,0,0,0,0,0,0,9.4508,0,0,0,0,0
72,271,1,10.022,760.82,0,0,0,0,0,0,0,0,0,9.1202,0.18667,0,0,0,0,0
72,271,1,10.022,760.82,0,0,0,0,0.64192,0,0,0,0,0,0.18667,0,0,0,0,0
72,271,1,10.022,760.82,0,0,0,0,0,0.11831,0,0,0,8.0476,0.18667,0,0,0,0,0
72,271,1,10.022,760.82,0,0,0,0.000515,0,0,0,0,0,9.1622,0.18667,0,0,0,0,0
72,271,1,10.022,760.82,0,0,0,0.38662,0,0,0,0,0,0.68445,0.18667,0,0,0,0,0
72,271,1,10.022,760.82,0,0,0,0,0,0,0.11746,0,0,1.5079,0.18667,0,0,0,0,0
72,271,1,10.022,760.82,0.064502,0,0,0.70086,0,0,0,0,0,0.21027,0.18667,0,0,0,0,0.45099
72,271,1,10.022,760.82,0.00524,0,0,0,0,0,0,0,0,8.5959,0.3452,0,0,0,0,0
72,271,1,10.022,760.82,5.7998,0,0,0,0,0,0,0,0,1.1822,1.556,0,0,0,0,0.025055
72,271,1,10.022,760.82,0,0,0,0,0,0,0,0,0,1.057,0.84122,0,0,0,0,0
72,271,1,10.022,760.82,0,0,0,0,0,0,0,0,0,0,0.18667,0,0,0,0,0
72,271,1,10.022,760.82,0,0,0,0,0,2.7061,0,0,0,0,2.9499,0,0,0,0,0
72,271,1,10.022,760.82,0,0,0,0.010799,0,0,0,0,0,1.0834,0.18667,0,0,0,0,0
72,271,1,10.022,760.82,0,0,0,0,0,0,0,0,0,1.0167,0.34092,0,0,0,0,0
72,271,1,10.022,760.82,0.055164,0,0,0,0,0,0,0,0,4.212,0.18667,0,0,0,0,0
72,271,1,10.022,760.82,0.0062152,0,0,0,0,0,0.50998,0,0,0,0.35864,0,0,0,0,0
72,271,1,10.022,760.82,0,0,0,0,0,0,0.16424,0,0,0,8.6757,0,0,0,0,0
72,271,1,10.022,760.82,0,0,0,0,0.005239,0,0,0,0,3.4087,0.34267,0,0,0,0,0
72,271,1,10.022,760.82,0.0061698,1.2927,0,2.7574,0,1.5949,0,0,0,1.7864,0.18667,0,0,0,0,0.25055
72,271,1,10.022,760.82,0.00014,0,0,0.2954,0.013533,0,0,0,0,0.39237,0.90931,0,0,0,0,0
72,271,1,10.022,760.82,0.11091,0,0,0,0,0,0,0,0,0.44575,0.84122,0,0,0,0,0.025055
72,271,1,10.022,760.82,0,0,0.0074929,6.4021,0,0,0,0,0,0,0.70126,0,0,0,0,0
72,271,1,10.022,760.82,0,0,4.2386,0,0,0,0.16424,0,0,0,0.34385,0,0,0,0,0
72,271,1,10.022,760.82,0,0,0,4.0275,0,0,0,0,0,1.0167,0.86539,0,0,0,0,0.35077
72,271,1,10.022,760.82,0.000376,0,0,0,0,0,0,0,0,0.63421,2.5955,0,0,0,0,1.2528
72,271,1,10.022,760.82,4.7258,0,0,0,0,0,0,0,0,0.91947,0.18667,0,0,0,0,0
72,271,1,10.022,760.82,3.0254,0,0,0,0,0,0,0,0,4.212,0.18667,0,0,0,0,0
72,271,1,10.022,760.82,0.048101,0,0,0,0,3.7277,0.16424,0,0,0,1.09,0,0,0,0,0
72,271,1,10.022,760.82,0,0,0,0,0.017389,0.32898,0,0,0,1.2479,0.86986,0,0,0,0,0.25055
72,271,1,10.022,760.82,0.000126,0,0,0.006228,0,0,0,0,0,0.72035,1.7467,0,0,0,0,0.25055
72,271,1,10.022,760.82,0,0,0,0.016975,0,0,0,0,0,1.4449,0.18667,0,0,0,0,0.35077
72,271,1,10.022,760.82,0,0,0,0,0,0,0.75485,0,0,0,6.4269,0,0,0,0,0
72,271,1,10.022,760.82,0,0,0,0,0,0,0,0,0,0,0.33634,0,0,0,0,0
72,271,1,10.022,760.82,0,0,0,0,0,0,0,0,0,0.65812,2.6226,0,0,0,0,0
72,271,1,10.022,760.82,0,0,0,0,0,0,0,0,0,8.5959,0.33356,0,0,0,0,0.45099
72,271,1,10.022,760.82,0,0,0,0,0,0,0,0,0,0,7.5145,0,0,0,0,0
72,271,1,10.022,760.82,0,0,0,0,0,0,0,0,0,0,6.2013,0,0,0,0,0.25055
72,271,1,10.022,760.82,0,0,0,0,0,0,0,0,0,0.65812,7.5072,0,0,0,0,0
72,271,1,10.022,760.82,1.9992,0,0,0,0,0,0,0,0,0,0.18667,0,0,0,0,1.8541
72,271,1,10.022,760.82,0,0,0,0.030064,0,0,0.50998,0,0,1.0245,0.35321,0,0,0,0,0
72,271,1,10.022,760.82,0.49085,0,0,0,0,1.0023,0,0,0,7.8617,0.18667,0,0,0,0,0.15033
72,271,1,10.022,760.82,0,0,0,8.6e-05,0,0,0,0,0,0.14685,0.18667,0,0,0,0,0
72,271,1,10.022,760.82,0,0,0,0,0.001463,0,0,0,0,0,0.18667,0,0,0,0,0.35077
72,271,1,10.022,760.82,0,0,0,0,0,0,0,0,0,3.8737,0.43851,0,0,0,0,0
72,271,1,10.022,760.82,0.00062,0,0,0.18687,0,0,0,0,0,3.8737,2.777,0,0,0,0,0.15033
72,271,1,10.022,760.82,0,0,0,0,0,0,0,0,0,0.55196,0.34441,0,0,0,0,0.15033
72,271,1,10.022,760.82,0,0,0,0,0,0,0,0,0,0,0.18667,0,0,0,0,0.15033
72,271,1,10.022,760.82,0,0,0,0,0,0,0.16424,0,0,0.14685,0.18667,0,0,0,0,0
72,271,1,10.022,760.82,0,0,0.005239,0,0,0,0,0,0,0,0.18667,0,0,0,0,0
72,271,1,10.022,760.82,0,0,0,0,0,1.0064,0.8784,0,0,0,5.5492,0,0,0,0,0.35077
72,271,1,10.022,760.82,0.13642,0,0,0,0,0,0,0,0,1.1822,7.5072,0,0,0,0,0
72,271,1,10.022,760.82,0.014616,0,0,0,0,0,0,0,0,0,0.33626,0,0,0,0,0.025055
72,271,1,10.022,760.82,0,0,0,0,0,0,2.1326,0,0,0,0.18667,0,0,0,0,0
72,271,1,10.022,760.82,0.17653,0,0,0,0,0,0,0,0,3.8737,0.18667,0,0,0,0,0
72,271,1,10.022,760.82,0,0,0.94114,0,0,0,0.16424,0,0,1.0167,0.18667,0,0,0,0,1.8541
72,271,1,10.022,760.82,0.932,0,0,0,0,0,0,0,0,0,3.6126,0,0,0,0,0.35077
72,271,1,10.022,760.82,0,0,0,0,0,0.00031643,0,0,0,0,0.18667,0,0,0,0,0
72,271,1,10.022,760.82,0,0,0,0,0,0,0,0,0,0,0.18667,0,0,0,0,0
72,271,1,10.022,760.82,0.012255,0,0,0,0,1.0261,0,0,0,1.261,5.9899,0,0,0,0,0
72,271,1,10.022,760.82,0,0,6.3018,0,0,0,0.75485,0,0,0.056957,1.09,0,0,0,0,0
72,271,1,10.022,760.82,0.10471,0,0,0,0.00014,9.8334e-05,2.1326,0,0,1.5079,2.9179,0,0,0,0,0
72,271,1,10.022,760.82,0,0,0,0.081923,0.19476,0,0,0,0,0,0.35197,0,0,0,0,0
72,271,1,10.022,760.82,1.0754,0,0,2.3426,0,0,0,0,0,1.8949,0.18667,0,0,0,0,0
72,271,1,10.022,760.82,0,0,0,0,0,0,0,0,0,0,0.18667,0,0,0,0,0
72,271,1,10.022,760.82,0,0,0,6.3e-05,0,0,0,0,0,0,2.5353,0,0,0,0,0
72,271,1,10.022,760.82,0.69312,0,0,0,0.005239,3.5562,0,0,0,0.55196,0.18667,0,0,0,0,0
72,271,1,10.022,760.82,0.001434,0,0,0,0,0,0,0,0,1.057,0.18667,0,0,0,0,0
72,271,1,10.022,760.82,2.8732,0,0,0.002194,0,0,0,0,0,1.2479,0.18667,0,0,0,0,0
72,271,1,10.022,760.82,1.6322,0,0,0.000805,0,0,0,0,0,0,0.18667,0,0,0,0,0
72,271,1,10.022,760.82,0,0,0,0,0,0,0,0,0,0,0.18667,0,0,0,0,0
72,271,1,10.022,760.82,0,0,0,0,0.00644,0.00078163,0,0,0,0,9.0359,0,0,0,0,0.025055
72,271,1,10.022,760.82,0,0,0,0,0,0,0,0,0,0,0.3516,0,0,0,0,9.5209
72,271,1,10.022,760.82,0,0,1.1691,0,0.054304,0,0,0,0,1.0139,0.18667,0,0,0,0,0
72,271,1,10.022,760.82,0,0,0,0,0,0,0,0,0,0,0.33626,0,0,0,0,0
72,271,1,10.022,760.82,0.01603,0,0.005256,0,0,0,0,0,0,1.057,0.29739,0,0,0,0,0
72,271,1,10.022,760.82,0.016666,0,0,0,0,0,0,0,0,5.7231,0.18667,0,0,0,0,0.75165
72,271,1,10.022,760.82,0,0,0,0,0,0,2.2066,0,0,1.5851,4.8003,0,0,0,0,0
72,271,1,10.022,760.82,0,0,0,0,0.00524,0,0,0,0,4.212,1.4391,0,0,0,0,0
72,271,1,10.022,760.82,0.016666,0,0,0,0,0,0,0,0,0.8932,0.18667,0,0,0,0,0
72,271,1,10.022,760.82,0,0,0,0.013572,0,0.032763,0,0,0,1.1034,3.9699,0,0,0,0,0
72,271,1,10.022,760.82,0,0,0,0,0,0.38075,0,0,0,0.76777,1.6724,0,0,0,0,0
72,271,1,10.022,760.82,0,0,0,0,0.003538,0,0.16424,0,0,1.164,0.18667,0,0,0,0,0
72,271,1,10.022,760.82,0,0,0,0,0,2.149,0,0,0,0.91947,0.6212,0,0,0,0,0
72,271,1,10.022,760.82,0,0,0,0,0,0,0,0,0,0.76777,2.8966,0,0,0,0,0
72,271,1,10.022,760.82,0,0,0,0,0,0,0,0,0,0.44682,0.18667,0,0,0,0,1.8541
73,272,1.134,36.638,2781.3,0,0,0,0,0,0.012762,0,0,0,1.0076,0.99867,0,0,0,0,1.2823
73,272,1.134,36.638,2781.3,0,0,0,18.899,0,0,0.16424,0,0,0,0.86986,0,0,0,0,0
73,272,1.134,36.638,2781.3,0.015552,0,0,0,0,1.3033,0,0,0,0,7.0517,0,0,0,0,0
73,272,1.134,36.638,2781.3,0,0,0,0,0,0.10178,0,0,0,0,2.777,0,0,0,0,0
73,272,1.134,36.638,2781.3,0.016666,0,0,1.9426,0,0,0,0,0,0.27721,0.33634,0,0,0,0,0
73,272,1.134,36.638,2781.3,0,0,0,0,0,0,0.76622,0,0,1.9819,0.18667,0,0,0,0,0
73,272,1.134,36.638,2781.3,0,0,0,1.1059,0,0,0,0,0,1.0167,0.18667,0,0,0,0,0
73,272,1.134,36.638,2781.3,0.932,0,0,0,0,0,0,0,0,0,16.454,0,0,0,0,0
73,272,1.134,36.638,2781.3,0,0,0,0,0,0,0,0,0,0.76777,0.51886,0,0,0,0,0
73,272,1.134,36.638,2781.3,1.51,0,0,0.22607,0,0.98459,0,0,0,0.4212,10.601,0,0,0,0,0
73,272,1.134,36.638,2781.3,0,0,0,0,0,0,0,0,0,0,0.34267,0,0,0,0,0
73,272,1.134,36.638,2781.3,0,0,0,0,0.017786,2.0956,0,0,0,0,15.803,0,0,0,0,0
73,272,1.134,36.638,2781.3,1.8111,0,0,2.4568,0,0,0,0,0,0.4212,2.9179,0,0,0,0,0
73,272,1.134,36.638,2781.3,2.1264,0,0,0,0,0,0.13695,0,0,0,0.18667,0,0,0,0,0
73,272,1.134,36.638,2781.3,0.2194,0,0,0,0,0.99999,0,0,0,0,6.6904,0,0,0,0,0
73,272,1.134,36.638,2781.3,0,0,0,0.3141,0,0.00078163,0,0,0,5.6716,5.5606,0,0,0,0,0
73,272,1.134,36.638,2781.3,0,0,0,0,0,1.5949,0.075512,0,0,0.44575,0.18667,0,0,0,0,0
73,272,1.134,36.638,2781.3,0,0,0,0,1.4288,0,0,0,0,1.0834,0.18667,0,0,0,0,0
73,272,1.134,36.638,2781.3,0,0,0,0,0,0,0,0,0,0.27721,0.18667,0,0,0,0,0
73,272,1.134,36.638,2781.3,0,0,0,0,0,0.095282,0.16424,0,0,0.72035,0.18667,0,0,0,0,0
73,272,1.134,36.638,2781.3,0.62004,0,0,0,0.005239,0,0,0,0,0,24.887,0,0,0,0,0
73,272,1.134,36.638,2781.3,0,0,0,0,21.567,0,0.16424,0,0,0.44575,0.18667,0,0,0,0,1.2823
73,272,1.134,36.638,2781.3,0.45677,0,0,7.052,0,0,0,0,0,13.788,0.84122,0,0,0,0,0
73,272,1.134,36.638,2781.3,0,0,0,0.10596,0,0,0,0,0,19.403,0.18667,0,0,0,0,0
73,272,1.134,36.638,2781.3,0,0,0,2.1213,0,5.065,0,0,0,0,2.8966,0,0,0,0,0
73,272,1.134,36.638,2781.3,0,0,0,1.6252,0,0,3.423,0,0,5.6716,3.6192,0,0,0,0,0
73,272,1.134,36.638,2781.3,0,0,0,0,0,0,0,0,0,1.5851,16.601,0,0,0,0,0
73,272,1.134,36.638,2781.3,0.14703,0,0,0,16.732,0,0.16424,0,0,3.8254,0.18667,0,0,0,0,0
73,272,1.134,36.638,2781.3,0.0064177,0,0,0,0.009001,0,0,0,0,8.5959,0.47944,0,0,0,0,0
73,272,1.134,36.638,2781.3,4.6157,0,0,0,0.94494,0,3.2328,0,0,1.164,3.4073,0,0,0,0,0
73,272,1.134,36.638,2781.3,0.15204,0,0,2.4393,0,0,0,0,0,0.76342,0.18667,0,0,0,0,0
73,272,1.134,36.638,2781.3,8.1e-05,0,0,0,0,0,0,0,0,5.7231,0.22358,0,0,0,0,0
73,272,1.134,36.638,2781.3,0,0,0,0,0,0,0,0,0,0.39237,0.18667,0,0,0,0,0
73,272,1.134,36.638,2781.3,0,0,0,0,0,0,27.622,0,0,0.91947,0.34071,0,0,0,0,0
73,272,1.134,36.638,2781.3,0.0035835,0,0,0,0,0,0,0,0,1.0139,0.34503,0,0,0,0,0
73,272,1.134,36.638,2781.3,0,0,0,0,0,0,0,0,0,0.91947,5.6787,0,0,0,0,0
73,272,1.134,36.638,2781.3,0,0,0,0.26692,0,0,0,0,0,0,4.6158,0,0,0,0,0
73,272,1.134,36.638,2781.3,0.65807,0,0,0,0,1.9538,0,0,0,0,7.6991,0,0,0,0,0
73,272,1.134,36.638,2781.3,0,0,0,0,0,0,0,0,0,0.91947,24.214,0,0,0,0,0
73,272,1.134,36.638,2781.3,0.78618,0,0,0.014751,0,0,0,0,0,0,0.18667,0,0,0,0,0
73,272,1.134,36.638,2781.3,3.4013,0,0,0.25199,0.00328,0,0,0,0,5.7231,0.18667,0,0,0,0,0.91594
73,272,1.134,36.638,2781.3,0.22928,0,0,0,0,0.017111,0,0,0,1.5859,22.86,0,0,0,0,0
73,272,1.134,36.638,2781.3,0,0,1.2271,0,0,0.99992,0.02739,0,0,0.55196,0.18667,0,0,0,0,0
73,272,1.134,36.638,2781.3,0,0,0,0,0,0,0.16424,0,0,8.0476,0.18667,0,0,0,0,0
73,272,1.134,36.638,2781.3,11.957,0,0,0,0,0,0,0,0,9.1622,7.7253,0,0,0,0,0
73,272,1.134,36.638,2781.3,0,0,0,0,0,0.99999,0,0,0,0.72035,0.18667,0,0,0,0,0
73,272,1.134,36.638,2781.3,0,0,0,12.135,0,0.00078163,0,0,0,1.7864,0.22358,0,0,0,0,0
73,272,1.134,36.638,2781.3,3.4013,0,0,0,0,1.021,0,0,0,7.6506,0.18667,0,0,0,0,0
73,272,1.134,36.638,2781.3,0,0,0,0.00895,0,0,0.16424,0,0,18.081,1.1511,0,0,0,0,0
73,272,1.134,36.638,2781.3,3.4013,0,0,0,0,0,0,0,0,0.72035,5.7625,0,0,0,0,0
73,272,1.134,36.638,2781.3,0.004345,0,0,0,0,0.96917,0.11746,0,0,0,15.543,0,0,0,0,0
73,272,1.134,36.638,2781.3,0,0,0,0,0,0,0,0,0,0,6.2445,0,0,0,0,0
73,272,1.134,36.638,2781.3,0,0,0,0,0,0,0.16424,0,0,1.0139,0.18667,0,0,0,0,0
73,272,1.134,36.638,2781.3,1.3144,0,0,0,0,0,0,0,0,0,0.33631,0,0,0,0,0
73,272,1.134,36.638,2781.3,0,0,0,2.7049,0,0,0.16424,0,0,0,13.142,0,0,0,0,0
73,272,1.134,36.638,2781.3,0.69312,0,0,0,0,0,0,0,0,1.0245,0.34267,0,0,0,0,0
73,272,1.134,36.638,2781.3,0,0,0,0,0,0,0,0,0,0,0.29739,0,0,0,0,0.54957
73,272,1.134,36.638,2781.3,0.39786,0,0,0.08972,0,0,0,0,0,0,0.18667,0,0,0,0,0
73,272,1.134,36.638,2781.3,0,0,0,0,0,0,0,0,0,0,0.22358,0,0,0,0,0
73,272,1.134,36.638,2781.3,0,0,0,0,0,0,6.2349,0,0,0.44682,12.447,0,0,0,0,0
73,272,1.134,36.638,2781.3,0,0,0,0.23739,0,14.547,0,0,0,0.76342,17.756,0,0,0,0,0
73,272,1.134,36.638,2781.3,0,0,0,6.4021,0,0,0,0,0,0,0.18667,0,0,0,0,0
73,272,1.134,36.638,2781.3,0,0,0,0.000639,0,0,0,0,0,1.9819,0.18667,0,0,0,0,0
73,272,1.134,36.638,2781.3,0,0,0,0.25199,0,0,0,0,0,0,0.18667,0,0,0,0,0
73,272,1.134,36.638,2781.3,2.1264,0,0,0,0,0,0,0,0,0.55196,0.18667,0,0,0,0,0
73,272,1.134,36.638,2781.3,2.0559,0,0,0,0,0,0,0,0,1.261,0.47944,0,0,0,0,0
73,272,1.134,36.638,2781.3,0.000654,0,0.0074929,6.3e-05,0,0,0,0,0,0.4212,10.665,0,0,0,0,0
73,272,1.134,36.638,2781.3,0,0,0.006006,0,0,0,0,0,0,0,11.313,0,0,0,0,0
73,272,1.134,36.638,2781.3,0,0,0,0,0.6169,0,0,0,0,5.7231,0.18667,0,0,0,0,0
73,272,1.134,36.638,2781.3,0,0,0,0.022686,0,0,0,0,0,0.73557,0.18667,0,0,0,0,0
73,272,1.134,36.638,2781.3,0.021074,0,0,0,0,0,0.16424,0,0,0,5.4517,0,0,0,0,0
73,272,1.134,36.638,2781.3,0,0,0,0,0,0,0.16424,0,0,1.0167,2.0321,0,0,0,0,0.54957
73,272,1.134,36.638,2781.3,0.84005,0,0,2.6977,0,0,0,0,0,0,27.825,0,0,0,0,0
73,272,1.134,36.638,2781.3,0.005239,0,0,0,0,0,0.16424,0,0,0.8932,0.18667,0,0,0,0,0
73,272,1.134,36.638,2781.3,0,0,0,1.9503,0,0,0,0.014789,0,0,0.18667,0,0,0,0,0
73,272,1.134,36.638,2781.3,0,0,0,0,0,0.0016131,0,0,0,1.0167,0.18667,0,0,0,0,0
73,272,1.134,36.638,2781.3,0,0,0,0.031836,0,0,0.010505,0,0,1.5851,0.18667,0,0,0,0,0
73,272,1.134,36.638,2781.3,0,0,0,15.692,0,0,0,0,0,8.5959,0.18667,0,0,0,0,3.1142
73,272,1.134,36.638,2781.3,0,0,0,1.26,0,0,0.16424,0,0,0.8932,0.18667,0,0,0,0,0
73,272,1.134,36.638,2781.3,8.3673,0,0,0,0,0,0,0,0,8.4961,0.18667,0,0,0,0,0
73,272,1.134,36.638,2781.3,0,0,0,0,0,5.3761,0,0.000234,0,1.0834,0.18667,0,0,0,0,0
73,272,1.134,36.638,2781.3,0,0,0,0,0,0,0,0,0,8.0476,0.35513,0,0,0,0,0
73,272,1.134,36.638,2781.3,0,0,0,0,0.008333,0,0,0,0,0.65812,5.4517,0,0,0,0,0
73,272,1.134,36.638,2781.3,0.14515,0,0,1.5648,0,23.851,0,0,0,9.1202,0.18667,0,0,0,0,0
73,272,1.134,36.638,2781.3,0,0,0,0.19138,0,0,0,0,0,1.4449,0.18667,0,0,0,0,0
73,272,1.134,36.638,2781.3,0.048101,0,0.94114,0,0,0.6555,0,0,0,0.76342,10.537,0,0,0,0,0
73,272,1.134,36.638,2781.3,0.016666,0,0,0,0,0,0,0,0,3.8737,2.4226,0,0,0,0,0
73,272,1.134,36.638,2781.3,0.090565,0,0,4.4326,0,0,0,0,0,0,0.37122,0,0,0,0,0
73,272,1.134,36.638,2781.3,0,0,0,1.4346,0,0,0.16424,0,0,1.057,15.858,0,0,0,0,0
73,272,1.134,36.638,2781.3,0,0,0,0,0,0,0,0,0,0,0.18667,0,0,0,0,0
73,272,1.134,36.638,2781.3,0.023102,0,0,0,0,0,0,0,0,0,0.22358,0,0,0,0,0
73,272,1.134,36.638,2781.3,0,0,0,7.052,0,0,0,0,0,8.4961,0.18667,0,0,0,0,0
73,272,1.134,36.638,2781.3,0,0,0,0,0.008797,0,0,0,0,0.65812,0.18667,0,0,0,0,0
73,272,1.134,36.638,2781.3,0.42196,0,0,27.901,0.008335,0,0,0,0,1.261,3.4073,0,0,0,0,1.6487
73,272,1.134,36.638,2781.3,0,0,0,0,0.001463,0,5.0643,0,0,0,6.1969,0,0,0,0,0
73,272,1.134,36.638,2781.3,0,0,0,0,0,0,0,0,0,0,6.4269,0,0,0,0,0
73,272,1.134,36.638,2781.3,0.34113,0,0,0,0,0.017111,0,0,0,1.0167,0.18667,0,0,0,0,0
73,272,1.134,36.638,2781.3,0.00524,0,0,0,0.010234,0,0,0,0,21.917,3.9699,0,0,0,0,0
73,272,1.134,36.638,2781.3,0.012255,0,0.38246,0,0,0,0.16424,0,0,0,5.6466,0,0,0,0,0
73,272,1.134,36.638,2781.3,0,0,4.3696,0,0,0,29.471,0,0,1.1822,0.18667,0,0,0,0,0
73,272,1.134,36.638,2781.3,0,0,0,0.040357,0,0,11.692,0,0,8.5959,0.18667,0,0,0,0,0
73,272,1.134,36.638,2781.3,0,0.004827,0,0,0,0,0,0,0,0.4212,0.18667,0,0,0,0,0
73,272,1.134,36.638,2781.3,0,0,0,0,0,0,0,0,0,1.164,0.18667,0,0,0,0,0
73,272,1.134,36.638,2781.3,0,0,0,0,0,0,0,0,0,5.7231,0.18667,0,0,0,0,0
73,272,1.134,36.638,2781.3,0,0,0,0,0,7.3198,0,0,0,0.27721,0.18667,0,0,0,0,0
73,272,1.134,36.638,2781.3,1.51,0,0,0,0,0,6.2349,0,0,0,24.887,0,0,0,0,0
73,272,1.134,36.638,2781.3,0,0,0,0,0,0,0,0,0,0,23.864,0,0,0,0,0
73,272,1.134,36.638,2781.3,1.3758,0,0,0,0,0,7.0655,0,0,0,0.18667,0,0,0,0,0
73,272,1.134,36.638,2781.3,0,0,0,0,0,0,0,0,0,5.6716,0.88794,0,0,0,0,0
73,272,1.134,36.638,2781.3,0,0,0,0.007982,0,0,0,0,0,1.5079,0.18667,0,0,0,0,0.91594
73,272,1.134,36.638,2781.3,0.016666,0,0,0.020181,0,2.0259,0,0,0,0,0.96176,0,0,0,0,0
73,272,1.134,36.638,2781.3,0,0,0,0,0,0.0018444,34.254,0,0,0,0.18667,0,0,0,0,1.2823
73,272,1.134,36.638,2781.3,0,0,0,0,0,0,0,0,0,7.6506,0.18667,0,0,0,0,0
73,272,1.134,36.638,2781.3,0,0,0,0,0,1.0694,13.307,0,0,1.7864,0.33263,0,0,0,0,0
73,272,1.134,36.638,2781.3,0.005239,0,0,0,0,0,0.16424,0,0,0,0.18667,0,0,0,0,0
73,272,1.134,36.638,2781.3,0,0,0,0,0,0,0,0,0,7.6506,2.7225,0,0,0,0,0
73,272,1.134,36.638,2781.3,0,0,0,0.000155,0,0,0,0,0,5.6716,0.18667,0,0,0,0,0
73,272,1.134,36.638,2781.3,0,0,0,3.0675,0,0,0,0,0,0.27721,6.3191,0,0,0,0,0
73,272,1.134,36.638,2781.3,0,0,0,0,0.008333,0,0.53887,0,0,8.0476,0.18667,0,0,0,0,0
73,272,1.134,36.638,2781.3,0,0,0,0,0,0,0,0,0,0,0.34441,0,0,0,0,0
73,272,1.134,36.638,2781.3,0,0,0,0,0.008574,0,0,0,0,0.44682,0.18667,0,0,0,0,0
73,272,1.134,36.638,2781.3,0,0,0,0,0,0,0.16424,0,0,0,1.8458,0,0,0,0,0
73,272,1.134,36.638,2781.3,0,0,0,0,0,0,7.5208,0,0,1.0167,0.34288,0,0,0,0,0
73,272,1.134,36.638,2781.3,0,0,0,2.4045,0,0.1257,0.99097,0,0,0.4212,0.18667,0,0,0,0,0
73,272,1.134,36.638,2781.3,0,0,0,0,0,0,0,0,0,21.917,0.18667,0,0,0,0,0
73,272,1.134,36.638,2781.3,0,0,0,0.10596,0,0,0,0,0,9.1202,4.4641,0,0,0,0,0
73,272,1.134,36.638,2781.3,0,0,0,0,0,0,0,0,0,3.8737,10.325,0,0,0,0,0
73,272,1.134,36.638,2781.3,0.016666,0,0,0,0,0,0,0,0,8.4961,0.18667,0,0,0,0,0
73,272,1.134,36.638,2781.3,5.7998,0,0,0,0,0,0,0,0,0,9.1186,0,0,0,0,0
73,272,1.134,36.638,2781.3,10.432,0,0,0.59937,0,0,2.2777,0,0,0.8932,0.18667,0,0,0,0,0
73,272,1.134,36.638,2781.3,0.18142,0,0,0,0,0.9846,0.99097,0,0,1.7327,10.325,0,0,0,0,0
73,272,1.134,36.638,2781.3,0,0,0,0.32389,0,0,0,0,0,0.4212,8.9997,0,0,0,0,0
73,272,1.134,36.638,2781.3,3.485,0,0,0,0.001326,0,0,0,0,0.76342,0.18667,0,0,0,0,0
73,272,1.134,36.638,2781.3,0,0,0,0,0,0,0,0,0,1.2479,0.18667,0,0,0,0,0
73,272,1.134,36.638,2781.3,0.075774,0,0,0,0,0,0.0029097,0,0,1.5079,18.739,0,0,0,0,1.2823
73,272,1.134,36.638,2781.3,0,0,0,0,0,0.0049873,9.834,0,0,13.788,0.18667,0,0,0,0,0
73,272,1.134,36.638,2781.3,0,0,0,0,0,0,0,0,0,0.14685,0.34503,0,0,0,0,0
73,272,1.134,36.638,2781.3,0,0,0,0,0,0,0,0,0,0.27721,0.33085,0,0,0,0,0
73,272,1.134,36.638,2781.3,0.003538,0,0,0,0,0.013211,0,0,0,21.917,0.59267,0,0,0,0,0
73,272,1.134,36.638,2781.3,0,0,0,0,0,0,0,0,0,0.76777,0.18667,0,0,0,0,0
73,272,1.134,36.638,2781.3,0.005245,0,0,0,0,1.7632,0,0,0,0,2.9511,0,0,0,0,0
73,272,1.134,36.638,2781.3,0,0,0,0.12743,0,0,0,0,0,19.403,0.18667,0,0,0,0,0
73,272,1.134,36.638,2781.3,0,0,0,0,1.6579,0,0,0,0,0.18086,1.556,0,0,0,0,0
73,272,1.134,36.638,2781.3,10.136,0,0,0,0,0,0,0,0,0,0.40813,0,0,0,0,0
73,272,1.134,36.638,2781.3,6.3112,0,0,0,0,0.9846,0,0,0,7.8617,0.18667,0,0,0,0,0
73,272,1.134,36.638,2781.3,3.0254,0,0,2.4045,0,0,23.18,0,0,0.64617,1.09,0,0,0,0,0
73,272,1.134,36.638,2781.3,0.27588,0,0,0,0,0,0,0,0,1.1822,0.18667,0,0,0,0,0
73,272,1.134,36.638,2781.3,0.025079,0,0,0,5.6635,0,0,0,0,0.44682,0.18667,0,0,0,0,0.91594
73,272,1.134,36.638,2781.3,0,0,0,8.0188,0,0.013212,0,0,0,0.18355,17.711,0,0,0,0,0
73,272,1.134,36.638,2781.3,0.005239,0,0.005405,0,0,0,0.0029097,0,0,0.73557,0.18667,0,0,0,0,0
73,272,1.134,36.638,2781.3,0,0,0,0,0,0.0015973,0,0,0,1.5079,14.459,0,0,0,0,0
73,272,1.134,36.638,2781.3,0,0,0,0.013572,0,0,0,0,0,1.057,0.18667,0,0,0,0,0
73,272,1.134,36.638,2781.3,0.00524,0,0,0,0,0,0.99097,0,0,1.164,0.35197,0,0,0,0,0
73,272,1.134,36.638,2781.3,0,0,0,0.095691,0,0,0.010505,0,0,19.403,0.18667,0,0,0,0,0
73,272,1.134,36.638,2781.3,6.8828,0,0,2.0191,0,0.99999,0,0,0,0.27721,0.18667,0,0,0,0,0
73,272,1.134,36.638,2781.3,0.2194,0,0,0,0,0,0,0,0,1.261,0.18667,0,0,0,0,0
73,272,1.134,36.638,2781.3,3.0254,0,0,0,0,0,0,0,0,1.0076,0.18667,0,0,0,0,0
73,272,1.134,36.638,2781.3,0,0,0,0,0,0,0,0,0,1.0076,0.18667,0,0,0,0,0
73,272,1.134,36.638,2781.3,0,0,0,11.662,0,0,0,0,0,1.7864,7.2436,0,0,0,0,0
73,272,1.134,36.638,2781.3,0,0,0,0,0,0,0,0,0,0,2.5353,0,0,0,0,0
73,272,1.134,36.638,2781.3,3.6896,0,0,0,0,0,0,0,0,0.27721,15.34,0,0,0,0,0
73,272,1.134,36.638,2781.3,0,0,0,0,0,0,0.075512,0,0,3.8737,0.96176,0,0,0,0,0
73,272,1.134,36.638,2781.3,0.016665,0,0,0,0,0.095282,0,0,0,0,0.96176,0,0,0,0,0
73,272,1.134,36.638,2781.3,0,0,0,0,0,0,1.0096,0,0,0,16.601,0,0,0,0,0
73,272,1.134,36.638,2781.3,0,0,0,4.1424,0,0,0,0,0,0,0.54798,0,0,0,0,0
73,272,1.134,36.638,2781.3,1.6977,0,0,0,0,0,0,0,0,0,9.4002,0,0,0,0,0
73,272,1.134,36.638,2781.3,0.067235,0,0,0,0.38116,0.99999,0,0,0,1.0834,0.33634,0,0,0,0,0
73,272,1.134,36.638,2781.3,0,0,0,7.4839,0,0,0,0,0,0,0.55577,0,0,0,0,0
73,272,1.134,36.638,2781.3,0.66409,0,0,0,0,0,0,0,0,7.6506,2.3279,0,0,0,0,0
73,272,1.134,36.638,2781.3,6.8828,0,0,0,0,0,0,0,0,0,0.18667,0,0,0,0,0
73,272,1.134,36.638,2781.3,0.16154,0,0,0,0,0,0,0,0,0,1.2594,0,0,0,0,0
73,272,1.134,36.638,2781.3,0,0,0,0,0,0,1.0096,0,0,0.68445,0.18667,0,0,0,0,0
73,272,1.134,36.638,2781.3,0.15734,0,0,0,0,0,0.16424,0,0,0.18086,8.0844,0,0,0,0,0
73,272,1.134,36.638,2781.3,0.001493,0,0,0,0,0,0.16424,0,0,4.212,0.35513,0,0,0,0,0
73,272,1.134,36.638,2781.3,0,0,0,0.0002,0,1.0017,2.1326,0,0,0.39237,1.2286,0,0,0,0,0
73,272,1.134,36.638,2781.3,0.00014,0,0,0,0,0,0,0,0,5.7231,0.93382,0,0,0,0,0
73,272,1.134,36.638,2781.3,0.094953,0,0.66568,1.6252,0,0,0,0,0,1.5859,17.711,0,0,0,0,0
73,272,1.134,36.638,2781.3,0,0,0,0,0,0.00021684,0,0,0,0.18355,0.71492,0,0,0,0,0
73,272,1.134,36.638,2781.3,0,0,0,0,0,0,0,0,0,0,0.45538,0,0,0,0,0
73,272,1.134,36.638,2781.3,0,0,0,35.391,0,0,0,0,0,0,0.18667,0,0,0,0,0
73,272,1.134,36.638,2781.3,0,0,0,0.000958,0.008333,0,0,0,0,1.0834,0.18667,0,0,0,0,0
73,272,1.134,36.638,2781.3,2.7382,0,0,0,0,0,0,0,0,1.4449,0.33356,0,0,0,0,0
73,272,1.134,36.638,2781.3,0.9984,0,0,0.12743,0,5.7068,0.16424,0,0,1.0076,2.7225,0,0,0,0,0
73,272,1.134,36.638,2781.3,2.5258,0,0,0.40442,0,0,0.16424,0,0,0,14.407,0,0,0,0,0
73,272,1.134,36.638,2781.3,0,0,0.000172,0,0,0,0.53887,0,0,0,0.18667,0,0,0,0,0
73,272,1.134,36.638,2781.3,0.003416,0,0,0.011871,0,0,0.53887,0,0,1.0139,10.325,0,0,0,0,0
73,272,1.134,36.638,2781.3,0.11707,0,0,1.0548,0,0,0,0,0,0,0.18667,0,0,0,0,0
73,272,1.134,36.638,2781.3,0.002139,0,0,0,28.781,0,0,0,0,0.55196,4.7914,0,0,0,0,0
73,272,1.134,36.638,2781.3,0,0,0,0,0,0,0,0,0,1.0167,0.18667,0,0,0,0,0
73,272,1.134,36.638,2781.3,1.0855,0,0,15.972,0.13376,8.13,0,0,0,0.18086,0.18667,0,0,0,0,0
73,272,1.134,36.638,2781.3,0,0,0,0,0,0,0,0,0,1.0408,17.802,0,0,0,0,0
73,272,1.134,36.638,2781.3,1.0414,0,0,0.0095725,0,0,0,0,0,1.1034,0.18667,0,0,0,0,0
73,272,1.134,36.638,2781.3,0.04398,0,0,0,0,0,0.16424,0,0,1.0245,0.18667,0,0,0,0,0
73,272,1.134,36.638,2781.3,4.6157,0,0,0,0,0,0,0,0,0.44575,13.954,0,0,0,0,0
73,272,1.134,36.638,2781.3,0,22.28,1.9701,8.2889,0,0,0,0,0,0,0.35513,0,0,0,0,0.91594
73,272,1.134,36.638,2781.3,0.0064177,0,0,0,0,0,0,5.1087,0,0,0.18667,0,0,0,0,0
73,272,1.134,36.638,2781.3,0,0,0,1.9426,0,0.057464,0,0,0,0,0.18667,0,0,0,0,0.91594
73,272,1.134,36.638,2781.3,0.14703,0,0,0,0.008321,0,0,0,0,1.4449,0.18667,0,0,0,0,0
73,272,1.134,36.638,2781.3,0.077375,0,0,0,0,0,0,0,0,0.8932,11.85,0,0,0,0,0
73,272,1.134,36.638,2781.3,0,0,0,0,0.2934,0,0,0,0,3.8737,5.6787,0,0,0,0,0
73,272,1.134,36.638,2781.3,0.00524,0,0,0,0.99914,0,0,0,0,0,2.7401,0,0,0,0,0
73,272,1.134,36.638,2781.3,0,0,0,0,0,1.0064,0,0,0,1.2479,13.052,0,0,0,0,0
73,272,1.134,36.638,2781.3,0,0,0,0,0,0,0,0,0,0,23.796,0,0,0,0,0.91594
73,272,1.134,36.638,2781.3,0,0,0,0.56495,3.1094,0,0,0,0,1.0167,0.33865,0,0,0,0,0
73,272,1.134,36.638,2781.3,0,0,0,0,0,0,0,0,0,0,0.34385,0,0,0,0,0
73,272,1.134,36.638,2781.3,0,0,0,0.000532,0,0,0,0,0,0.44575,0.18667,0,0,0,0,0
73,272,1.134,36.638,2781.3,0,0,0,1.699,0,0,0.50998,0,0,3.4087,0.76655,0,0,0,0,0
73,272,1.134,36.638,2781.3,0.00802,0,0,0,0,0,0.76622,0,0,5.6716,0.18667,0,0,0,0,0
73,272,1.134,36.638,2781.3,0.001292,0,0,0,0,0,0,0,0,1.2479,9.1186,0,0,0,0,0
73,272,1.134,36.638,2781.3,0,0,0,0,0,0,0,0,0,0,6.1969,0,0,0,0,0
73,272,1.134,36.638,2781.3,0.0013615,0,0,0,0,0,0,0,0,0.68445,8.9997,0,0,0,0,0
73,272,1.134,36.638,2781.3,6.3112,0,0,1.3028,0,0,1.0096,0,0,0,0.18667,0,0,0,0,0
73,272,1.134,36.638,2781.3,0,0,0,0,0.037672,0,0,0,0,0.64617,0.6212,0,0,0,0,0.91594
73,272,1.134,36.638,2781.3,0,0,0,0,0,0,0,0,0,1.5851,0.18667,0,0,0,0,0
73,272,1.134,36.638,2781.3,0,0,0,0,0,0.16026,0,0,0,1.261,0.18667,0,0,0,0,0
73,272,1.134,36.638,2781.3,0,0,0,0,0,0.86541,0,0.16136,0,1.1822,1.6181,0,0,0,0,0
73,272,1.134,36.638,2781.3,0,0,0,0.013572,0,0,0,0,0,0,0.34267,0,0,0,0,0
73,272,1.134,36.638,2781.3,0.69312,0,5.9404,0.10795,0,0,0,0,0,0,10.325,0,0,0,0,0
73,272,1.134,36.638,2781.3,0,0,0,1.1694,0,0,0,0,0,0.55196,0.18667,0,0,0,0,0
73,272,1.134,36.638,2781.3,0,0,1.5498,0,21.567,0,0.16424,0,0,5.7231,6.1969,0,0,0,0,0
73,272,1.134,36.638,2781.3,0,0,0,0.062075,0,0,0.53887,0,0,13.788,5.2617,0,0,0,0,0
73,272,1.134,36.638,2781.3,9.9851,0,0.057648,0,0.002011,0,0,0,0,1.261,0.18667,0,0,0,0,0
73,272,1.134,36.638,2781.3,0,0,0,0.37726,0,0,0,0,0,0.76342,0.18667,0,0,0,0,1.2823
73,272,1.134,36.638,2781.3,0,0,0,0,0,0,0,0,0,0,0.86539,0,0,0,0,0
73,272,1.134,36.638,2781.3,0.00062,0,0,4.4326,0,0.99035,0,0,0,0,0.90931,0,0,0,0,0
73,272,1.134,36.638,2781.3,0,0,0,0.37726,0,0,0.010505,0,0,1.1034,1.0623,0,0,0,0,0
73,272,1.134,36.638,2781.3,0,0,0,0,0,0.11078,0.13695,0,0,0.14685,11.85,0,0,0,0,0
73,272,1.134,36.638,2781.3,0,0,0.016802,0,0,0,0,0,0,0.44575,31.441,0,0,0,0,0
73,272,1.134,36.638,2781.3,0,0,0,0,0,0,0.16424,0,0,1.7327,0.18667,0,0,0,0,1.2823
73,272,1.134,36.638,2781.3,1.9992,0,0,0,0.024737,0,0,0,0,1.0139,24.887,0,0,0,0,0
73,272,1.134,36.638,2781.3,0.029081,0,0,3.743,0,0,0,0,0,0.18355,0.83155,0,0,0,0,0
73,272,1.134,36.638,2781.3,0,0,0,0,0,0.70947,0,0,0,0,0.18667,0,0,0,0,0
73,272,1.134,36.638,2781.3,0,0,0,3.6181,0,0,0.13695,0,0,0,4.3035,0,0,0,0,0
73,272,1.134,36.638,2781.3,0,0,0,0,0,0,0,0,0,0,10.846,0,0,0,0,0
73,272,1.134,36.638,2781.3,3.6896,0,0,0.48023,0,0,0,0,0,1.2479,2.274,0,0,0,0,0
73,272,1.134,36.638,2781.3,0,0,0,0,0,1.0023,0,0,0,0.91947,7.6991,0,0,0,0,0
73,272,1.134,36.638,2781.3,0,0,0,0,0,0,0,0,0,1.0139,0.35238,0,0,0,0,0
73,272,1.134,36.638,2781.3,0,0,0,0,0,0,0,0,0,8.5959,1.4447,0,0,0,0,0
73,272,1.134,36.638,2781.3,0,0,0,2.7574,0,3.5562,0,0,0,1.261,20.511,0,0,0,0,0
73,272,1.134,36.638,2781.3,0,0,0,0,0,0,0.16424,0,0,5.6716,0.18667,0,0,0,0,0.091594
73,272,1.134,36.638,2781.3,0,0.34683,0,0,0,0,0.16424,0,0,0,5.114,0,0,0,0,0
73,272,1.134,36.638,2781.3,0,0,0,0,0,0,0,0,0,0,0.18667,0,0,0,0,0
73,272,1.134,36.638,2781.3,0,0,0,0.14028,0,0,0.13695,0,0,1.5079,12.757,0,0,0,0,0
73,272,1.134,36.638,2781.3,0,0,0,0,0,0,0.0029097,0,0,0,5.9899,0,0,0,0,3.847
73,272,1.134,36.638,2781.3,0.007595,0,0,2.5943,0,0,0.16424,0,0,0,0.18667,0,0,0,0,0
73,272,1.134,36.638,2781.3,0,0,0,2.4393,0,0,0,0,0,1.0139,0.18667,0,0,0,0,0
73,272,1.134,36.638,2781.3,0.42196,0,0.82138,0,0,0.0025491,0.02739,0,0,5.6716,2.1428,0,0,0,0,0
73,272,1.134,36.638,2781.3,0.004143,0,0,0,0,0,0.0029097,0,0,0,1.4513,0,0,0,0,0
73,272,1.134,36.638,2781.3,0,0,0,8.2889,0,0.6555,0.010505,0,0,2.6253,0.33589,0,0,0,0,0
73,272,1.134,36.638,2781.3,0,0,0,0,0.00524,0,0.16424,0,0,5.6716,5.3971,0,0,0,0,0.091594
73,272,1.134,36.638,2781.3,0.00524,0,0,0,0,5.9264,0,0,0,7.6506,0.18667,0,0,0,0,0
73,272,1.134,36.638,2781.3,0.016667,0,0,0.0052395,0,0,0.16424,0,0,0,0.71492,0,0,0,0,0
73,272,1.134,36.638,2781.3,0,0,0,0,0,0,0,0,0,10.481,0.18667,0,0,0,0,0
73,272,1.134,36.638,2781.3,0.0021738,0,0,0,0,0,0,0,0,5.7231,0.18667,0,0,0,0,0
73,272,1.134,36.638,2781.3,0,0,0,3.4766,0,2.0956,0.16424,0,0,5.7109,0.18667,0,0,0,0,0
73,272,1.134,36.638,2781.3,0,0,0,0,0.059962,0,0,0,0,0.72035,0.22358,0,0,0,0,0
73,272,1.134,36.638,2781.3,0.008776,0,0,0,0.084505,0,10.056,0,0,0.27721,0.18667,0,0,0,0,0.091594
73,272,1.134,36.638,2781.3,0,0,0,8.8394,0,0,0,0,0,0.27721,0.18667,0,0,0,0,0
73,272,1.134,36.638,2781.3,0.0066886,0,0,0,9.9576,0,0,0,0,0,0.18667,0,0,0,0,0
73,272,1.134,36.638,2781.3,0,0,0,0,0,1.0053,0,0,0,0.39237,31.047,0,0,0,0,0
73,272,1.134,36.638,2781.3,0.003538,0,0,0.013572,0,0,0,0.006314,0,8.0476,6.3294,0,0,0,0,0
73,272,1.134,36.638,2781.3,0,0,0,1.6252,0,0.00021684,0,0,0,3.8254,4.4969,0,0,0,0,0
73,272,1.134,36.638,2781.3,0,0,0,0.19762,0,0,0,0,0,0,0.18667,0,0,0,0,0
73,272,1.134,36.638,2781.3,0,0,0,0.001157,0,0,0,0,0,1.261,4.4641,0,0,0,0,0
73,272,1.134,36.638,2781.3,0,0,0,0,0,0,0,0,0,0,13.254,0,0,0,0,0
73,272,1.134,36.638,2781.3,0,0,0,4.387,0,0.021243,0,0,0,0.91947,0.22358,0,0,0,0,0
73,272,1.134,36.638,2781.3,0,0,0,8e-05,0,0,0,0,0,1.7864,0.18667,0,0,0,0,0
73,272,1.134,36.638,2781.3,0.02181,0,0,0,0.002139,0,0.16424,0,0,0,24.569,0,0,0,0,0
73,272,1.134,36.638,2781.3,1.269,0,0,0.01839,0,0.99999,0.16424,0,0,1.057,0.18667,0,0,0,0,0
73,272,1.134,36.638,2781.3,0,0,0,27.901,0,0,0,0,0,1.0167,0.18667,0,0,0,0,0
73,272,1.134,36.638,2781.3,1.4748,0,0,18.899,0,0.98459,0,0,0,10.481,0.18667,0,0,0,0,0
73,272,1.134,36.638,2781.3,5.7998,0,0,7.4444,0,0,0,0,0,5.6716,0.18667,0,0,0,0,0
73,272,1.134,36.638,2781.3,0.000234,0,0,0.10982,0,0,26.607,0,0,1.5851,1.2594,0,0,0,0,0
73,272,1.134,36.638,2781.3,0,0,0,0,0,0,0.16424,0,0,8.0476,6.3191,0,0,0,0,0
73,272,1.134,36.638,2781.3,0,0,0,0,0,0,0,0,0,0,0.18667,0,0,0,0,0.91594
73,272,1.134,36.638,2781.3,0.76748,0,0,0,0,0,3.2328,0,0,0.44682,19.467,0,0,0,0,0
73,272,1.134,36.638,2781.3,0.20158,0,0,0,0,0.99999,0.16424,0,0,1.0834,0.18667,0,0,0,0,0
73,272,1.134,36.638,2781.3,0,0,0,0.71957,0,1.0261,0,0,0,0,15.182,0,0,0,0,0
73,272,1.134,36.638,2781.3,0.005239,0,0,0,0,0,0,0,0,0.63421,7.5145,0,0,0,0,0
73,272,1.134,36.638,2781.3,9.5035,0,0,0,0,0,0,0,0,19.403,0.18667,0,0,0,0,0
73,272,1.134,36.638,2781.3,0,0,0,19.215,0,0,0,0,0,0,13.082,0,0,0,0,0
73,272,1.134,36.638,2781.3,0.077375,0,0,0,13.494,0,0,0,0,1.0167,4.6158,0,0,0,0,0
73,272,1.134,36.638,2781.3,1.4291,0,0,0,0,0,0.02739,0,0,0,0.18667,0,0,0,0,0
73,272,1.134,36.638,2781.3,8.5811,0,0,0,0,0,0.76622,0,0,0,0.18667,0,0,0,0,0
73,272,1.134,36.638,2781.3,0.69312,0,0,9.543,0,0,0,0,0,1.7327,3.9931,0,0,0,0,0
73,272,1.134,36.638,2781.3,0,0,0,0,0,0,0,0,0,1.261,0.18667,0,0,0,0,0.91594
73,272,1.134,36.638,2781.3,0.62004,0,0,0,0,14.547,0,0,0,0,0.18667,0,0,0,0,0
73,272,1.134,36.638,2781.3,0,0,0,0.02512,0,0,0,0,0,1.7327,13.052,0,0,0,0,0
73,272,1.134,36.638,2781.3,0,0,0,0.38662,0,0,0,0,0,0.44682,2.7401,0,0,0,0,0
73,272,1.134,36.638,2781.3,0.077588,0,0,0.013572,0,0,0,0,0,0.55196,15.261,0,0,0,0,0
73,272,1.134,36.638,2781.3,0,0,0,1.9258,0,0,0,0,0,0.55196,19.712,0,0,0,0,0
73,272,1.134,36.638,2781.3,0,0,0,0,0,0,0,0,0,1.2479,5.6466,0,0,0,0,0
73,272,1.134,36.638,2781.3,0.28588,0,0,0.74517,0,0.040543,0,0,0.083607,4.212,0.33626,0,0,0,0,0
73,272,1.134,36.638,2781.3,0,0,0.096204,1.3744,0,0,0.16424,0,0,18.081,10.601,0,0,0,0,0
73,272,1.134,36.638,2781.3,0.0091124,0,0,6.2526,0,0,0,0,0,1.9819,2.9499,0,0,0,0,0
73,272,1.134,36.638,2781.3,0,0,0,0,0.18336,0,0.16424,0,0,1.0408,0.18667,0,0,0,0,0
73,272,1.134,36.638,2781.3,0,0,0,0,0.008471,0,0,0,0,4.212,0.3343,0,0,0,0,0
73,272,1.134,36.638,2781.3,0.046832,0,0,4.1021,0,0,0,0,0,6.8425,0.34384,0,0,0,0,0
73,272,1.134,36.638,2781.3,0,0,0,0,0,0,0,0,0,1.7864,6.3191,0,0,0,0,0
73,272,1.134,36.638,2781.3,0,0,0,4.0275,0,0,0,0,0,0,8.0482,0,0,0,0,0
73,272,1.134,36.638,2781.3,0,0,0,0.003089,0,6.8589,0,0,0,0,5.9899,0,0,0,0,0
73,272,1.134,36.638,2781.3,0,0,1.2889,8.5247,0,0,0,0,0,0,0.18667,0,0,0,0,0
73,272,1.134,36.638,2781.3,0,0,0.0074929,2.196,0,0,0,0,0,0,0.18667,0,0,0,0,0
73,272,1.134,36.638,2781.3,1.201,0,0,0,0.010635,0,6.1194,0,0,1.1822,19.467,0,0,0,0,0
73,272,1.134,36.638,2781.3,0,0,0,0,0,0,0,0,0,4.212,0.18667,0,0,0,0,0
73,272,1.134,36.638,2781.3,0.017759,0,0,0,0,0.032763,0,0,0,0,1.5006,0,0,0,0,0
73,272,1.134,36.638,2781.3,0.22928,0,0,0,0,0,0,0,0,5.7231,6.3294,0,0,0,0,0
73,272,1.134,36.638,2781.3,0.4962,0,0,0,0,0,0.50998,0,0,0,0.18667,0,0,0,0,0
73,272,1.134,36.638,2781.3,0,0,0,0,0,0,0,0,0,0,0.18667,0,0,0,0,0
73,272,1.134,36.638,2781.3,0.003932,0,0,0,0,0,0,0,0,1.057,5.5621,0,0,0,0,0
73,272,1.134,36.638,2781.3,7.1344,0,0,0.63747,0,0,0.13695,0,0,0,17.304,0,0,0,0,0
73,272,1.134,36.638,2781.3,2.514,0,0,1.1059,0,0.17476,0.75485,0,0,0,0.18667,0,0,0,0,0
73,272,1.134,36.638,2781.3,0.017397,0,0,0.007748,0,0,2.2777,0,0,1.4449,4.7914,0,0,0,0,0
73,272,1.134,36.638,2781.3,0.13125,0,0,0,0,0,16.39,0,0,1.0245,0.34267,0,0,0,0,0
73,272,1.134,36.638,2781.3,0.003485,0,0,0,0,0,0,0,0,0.73557,0.18667,0,0,0,0,0
73,272,1.134,36.638,2781.3,0,0,0,0,0,0,0,0,0,1.808,12.6,0,0,0,0,0
73,272,1.134,36.638,2781.3,0,0,0,0,0,0,0,0,0,7.6506,0.18667,0,0,0,0,0
73,272,1.134,36.638,2781.3,6.1556,0,0,0,0,0,0.16424,0,0,0,6.3294,0,0,0,0,0
73,272,1.134,36.638,2781.3,0,0,0.028213,0,0,1.0142,0.16424,0,0,8.4961,0.34092,0,0,0,0,0
73,272,1.134,36.638,2781.3,0.91487,0,0,0,0,0.025839,0,0,0,4.212,12.791,0,0,0,0,0
73,272,1.134,36.638,2781.3,2.7809,0,0,0.35097,0,0,0,0,0,13.788,0.18667,0,0,0,0,0
73,272,1.134,36.638,2781.3,0,0,0,0,0,2.9514,0,0,0,4.212,0.18667,0,0,0,0,0
73,272,1.134,36.638,2781.3,0,0,0,0.40043,0.000739,0,0,0,0,0,11.313,0,0,0,0,0
73,272,1.134,36.638,2781.3,0,0,0,0,0.008332,1.7632,0,0,0,19.403,7.6991,0,0,0,0,0
73,272,1.134,36.638,2781.3,0.0057164,0,0,0,0,0.00047402,0,0,0,0.55196,0.34071,0,0,0,0,0
73,272,1.134,36.638,2781.3,0.61575,0,0,0,16.732,0,0,0,0,13.788,0.18667,0,0,0,0,0
73,272,1.134,36.638,2781.3,0,0,0,0,0,0,5.5298,0,0,16.378,0.18667,0,0,0,0,0
73,272,1.134,36.638,2781.3,0,0,0,0,0,0,0,0,0,0,0.18667,0,0,0,0,0
73,272,1.134,36.638,2781.3,0.25322,0,0,0,0,0,1.0096,0,0,0.72035,2.777,0,0,0,0,0
73,272,1.134,36.638,2781.3,1.6977,0,0,0,0,0,0,0,0,0,0.33356,0,0,0,0,0
73,272,1.134,36.638,2781.3,0.017759,0,0,0,10.353,0,0,0,0,0.18086,0.22358,0,0,0,0,0
73,272,1.134,36.638,2781.3,0,0,0.023381,0.40043,0.00043,0.32898,0,0,0,0.76777,0.18667,0,0,0,0,0
73,272,1.134,36.638,2781.3,0.2194,0,0,0,0,0,0,0,0,0,3.6126,0,0,0,0,0
73,272,1.134,36.638,2781.3,0.40798,0,0,0,0,0.98889,0,0,0,8.0476,0.40813,0,0,0,0,0
73,272,1.134,36.638,2781.3,0,0,0,0,0,4.845,0,0,0,1.808,23.864,0,0,0,0,0
73,272,1.134,36.638,2781.3,0,0,0,0,0,0,15.227,0,0,1.2479,6.2316,0,0,0,0,0
73,272,1.134,36.638,2781.3,0,0,0,0.012921,0,0,0,2.0727,0,0,23.153,0,0,0,0,0
73,272,1.134,36.638,2781.3,0.093008,0,2.952,6.4021,0,0,0,0,0,0.4212,0.18667,0,0,0,0,0
73,272,1.134,36.638,2781.3,0.002031,0,0,0.015753,0,0,0,0,0,0,8.3756,0,0,0,0,0
73,272,1.134,36.638,2781.3,13.135,0,0,0,0.002741,0,0,0,0,0,0.34267,0,0,0,0,0
73,272,1.134,36.638,2781.3,0.15204,0,0,0,0,0,0,0,0,0,0.18667,0,0,0,0,0
73,272,1.134,36.638,2781.3,0,0,0,0.015753,0,0,0,0,0,0,2.0171,0,0,0,0,0
73,272,1.134,36.638,2781.3,0,0,0,0.3176,0,0,0,0,0,1.7864,0.33632,0,0,0,0,0
73,272,1.134,36.638,2781.3,0,0,0,0.004063,0,0,5.0643,0,0,1.1822,0.18667,0,0,0,0,0
73,272,1.134,36.638,2781.3,0,0,0,0,0,0.00021684,0,0,0,21.917,0.18667,0,0,0,0,0
73,272,1.134,36.638,2781.3,0.020217,0,0,0,0,0,0,0,0,1.1034,0.54798,0,0,0,0,0
73,272,1.134,36.638,2781.3,0,0,0,0,0,0,0,0,0,0,8.0593,0,0,0,0,0
73,272,1.134,36.638,2781.3,0,0,0,0,0,0,0,0,0,0,6.2316,0,0,0,0,0
73,272,1.134,36.638,2781.3,0,0,0,0.007449,0,0,0,0,0,19.403,6.8495,0,0,0,0,0
73,272,1.134,36.638,2781.3,0,0,0,0,0,0,0,0,0.44514,1.0167,0.34266,0,0,0,0,0
73,272,1.134,36.638,2781.3,0,0,0,0,0,0,0,0,0,3.4087,1.3357,0,0,0,0,0
73,272,1.134,36.638,2781.3,0.15204,0,0,0,0.001326,0,0,0,0,9.1622,6.2397,0,0,0,0,0
73,272,1.134,36.638,2781.3,0.016666,0,0,5.23,0,0,0.75485,0,0,1.1034,3.65,0,0,0,0,0
73,272,1.134,36.638,2781.3,0.017397,0,0,0.3176,0,1.2338,0,0,0,0,4.5419,0,0,0,0,0
73,272,1.134,36.638,2781.3,0.00524,0,0,0.62687,0,0.013212,0,0,0,0,0.18667,0,0,0,0,0
73,272,1.134,36.638,2781.3,0,0,0,0,0,0,0,0,0,0,0.18667,0,0,0,0,0
73,272,1.134,36.638,2781.3,0.42196,0,0,21.045,0,0.012762,0,0,0,0.44575,1.349,0,0,0,0,0
73,272,1.134,36.638,2781.3,0,0,0,0.59937,0,0,0,0,0,3.8737,0.40813,0,0,0,0,0
73,272,1.134,36.638,2781.3,0.01198,0,0,0,0,0,8.4065,0,0,3.8737,0.18667,0,0,0,0,0
73,272,1.134,36.638,2781.3,0,0,0,0,0,8.3662,0,0,0,0.18355,0.18667,0,0,0,0,0
73,272,1.134,36.638,2781.3,0,0,0,0,0,0,0.0029097,0,0,0,4.4641,0,0,0,0,0
73,272,1.134,36.638,2781.3,0,0,0,0.20413,4.2132,0,0,0,0,0,1.3329,0,0,0,0,0
73,272,1.134,36.638,2781.3,0,0,0,0,0,0,0,0,0,18.081,0.22358,0,0,0,0,0
73,272,1.134,36.638,2781.3,0,0,0,0,0,0,0,0,0,1.808,6.3294,0,0,0,0,0
73,272,1.134,36.638,2781.3,0,0,0,0,0.032034,0,0.50998,0,0,0.44682,22.184,0,0,0,0,0
73,272,1.134,36.638,2781.3,0,0,0,0,0,0.408,0.16424,0,0,1.164,1.0725,0,0,0,0,0
73,272,1.134,36.638,2781.3,0,0,0,0,0,0,0,0,0,21.917,0.18667,0,0,0,0,0
73,272,1.134,36.638,2781.3,0,0,0,0,0,0,0,0,0,1.0245,3.9699,0,0,0,0,0
73,272,1.134,36.638,2781.3,0,0,0,0.073954,0,0.00086736,0.010505,0,0,1.1822,10.601,0,0,0,0,0
73,272,1.134,36.638,2781.3,0,0,0,0,0,0,0,0,0,7.8617,0.18667,0,0,0,0,0
73,272,1.134,36.638,2781.3,0.025781,0,0,2.7574,0,0,0,0,0,0,0.35238,0,0,0,0,0
73,272,1.134,36.638,2781.3,0.093008,0,0,0,0,0,0.16424,0,0,0.68445,25.69,0,0,0,0,0
73,272,1.134,36.638,2781.3,0.2194,0,0,0,0,0,0,0,0,1.1034,2.1165,0,0,0,0,0.54957
73,272,1.134,36.638,2781.3,0.040773,0,0,8.5247,0,0,0,0,0,13.788,4.2611,0,0,0,0,0
73,272,1.134,36.638,2781.3,0,0,0,2.5572,0.11023,0,0,0,0,1.0167,0.18667,0,0,0,0,0
73,272,1.134,36.638,2781.3,0,0,0,0,0,2.5282,0,0,0,1.5851,0.18667,0,0,0,0,0
73,272,1.134,36.638,2781.3,0,0,0,0,0,0,0,0,0,0,5.9677,0,0,0,0,0
73,272,1.134,36.638,2781.3,0,0,0,0.010799,0,0,3.9433,0,0,6.8425,21.275,0,0,0,0,0
73,272,1.134,36.638,2781.3,0,0,0,0,0,0,0,0,0,1.0167,1.4513,0,0,0,0,0
73,272,1.134,36.638,2781.3,5.7998,0,0,1.9588,0,0,0,0,0,7.6506,8.0482,0,0,0,0,0
73,272,1.134,36.638,2781.3,0.69312,0,0,0,0.020539,0,0,0,0,0.44575,0.18667,0,0,0,0,0
73,272,1.134,36.638,2781.3,0.16373,0,0,0,0,0,0,0,0,0,0.33634,0,0,0,0,0
73,272,1.134,36.638,2781.3,0,0,0,0,0,0,0.16424,0,0,1.2479,0.18667,0,0,0,0,0
73,272,1.134,36.638,2781.3,0.005239,0,0,0.19138,0,0,0,0,0,8.5959,1.5754,0,0,0,0,0
73,272,1.134,36.638,2781.3,0,0,0,0,0,0,0.0029097,0,0,0,0.18667,0,0,0,0,0
73,272,1.134,36.638,2781.3,0,0,0,0,0,0,0,0,0,0.44682,10.522,0,0,0,0,2.0151
73,272,1.134,36.638,2781.3,0.00524,0,0,0,0,0,13.851,0,0,0,0.18667,0,0,0,0,2.0151
73,272,1.134,36.638,2781.3,0,0,0,0,4.5923,0,19.338,0,0,1.1034,8.4911,0,0,0,0,0
73,272,1.134,36.638,2781.3,0,0,0,0,0,0,0,0,0,1.164,6.941,0,0,0,0,0
73,272,1.134,36.638,2781.3,25.11,0,0,0,0,0,0,0,0,1.0139,3.9699,0,0,0,0,0
73,272,1.134,36.638,2781.3,0.045593,0,0,0,0.007221,0,0,0,0,5.7231,0.18667,0,0,0,0,0
73,272,1.134,36.638,2781.3,0,0,0,7.4444,0,9.8334e-05,0,0,0,0,4.2902,0,0,0,0,0
73,272,1.134,36.638,2781.3,0,0,0.24661,4.1424,0.00524,0,0,0,0,0,0.18667,0,0,0,0,0
73,272,1.134,36.638,2781.3,0.11,0,0,0,0,0.002111,0.53887,0,0,0,0.18667,0,0,0,0,0
73,272,1.134,36.638,2781.3,0.30574,0,0,21.675,0.48102,0.99999,0,0,0,0.39237,0.34288,0,0,0,0,0
73,272,1.134,36.638,2781.3,0,0,0,0.014093,0,0,0,0,0,0,2.5353,0,0,0,0,0
73,272,1.134,36.638,2781.3,0,0,0,0.30178,0,0,0,0,0,0,1.0623,0,0,0,0,0
73,272,1.134,36.638,2781.3,0,4.0759,0,0,0,0,0,0,0,0.72035,0.22358,0,0,0,0,0
73,272,1.134,36.638,2781.3,0,0,0,0,0,8.3662,0,0,0,18.081,0.18667,0,0,0,0,0
73,272,1.134,36.638,2781.3,1.4415,0,0,0,0,0,3.0234,0,0,2.6253,15.761,0,0,0,0,0
73,272,1.134,36.638,2781.3,0,0,0,0,0,0,0,0,0,16.378,0.18667,0,0,0,0,0
73,272,1.134,36.638,2781.3,0.064502,0,0,0.65075,0,0,0,0,0,1.808,0.33589,0,0,0,0,0
73,272,1.134,36.638,2781.3,0,0,0,3.9757,0,0,8.4065,0,0,0.63421,18.235,0,0,0,0,0
73,272,1.134,36.638,2781.3,0.00062,0,0,0.30178,0,0,0,0,0,18.081,0.18667,0,0,0,0,0
73,272,1.134,36.638,2781.3,8.6656,0,0,0,0.005239,0,0,0,0,5.7109,0.18667,0,0,0,0,0
73,272,1.134,36.638,2781.3,0,0,0,0,0,0,0,0,0,1.1822,9.34,0,0,0,0,0
73,272,1.134,36.638,2781.3,0,0,0,1.3028,0,0.98459,0,0,0,0,0.18667,0,0,0,0,1.2823
73,272,1.134,36.638,2781.3,0,0,0,0,0,0,0,0,0,18.081,0.54798,0,0,0,0,0
73,272,1.134,36.638,2781.3,0,0,0,7.5817,0,0,0,0,0,0,0.18667,0,0,0,0,0
73,272,1.134,36.638,2781.3,0,0,0,0,0,0.44113,0,0,0,0,0.96176,0,0,0,0,0
73,272,1.134,36.638,2781.3,15.926,0,0.000172,0.038018,4.5351,0,0,0,0,9.1622,0.18667,0,0,0,0,0
73,272,1.134,36.638,2781.3,0,0,0,0,2.6929,0,0,0,0,0,0.18667,0,0,0,0,0
73,272,1.134,36.638,2781.3,0.003538,0,0,0.61684,0,0,0,0.049547,0,0,9.6353,0,0,0,0,0
73,272,1.134,36.638,2781.3,0,0,0,0.084198,0,1.0098,0,0,0,3.8254,0.34071,0,0,0,0,0
73,272,1.134,36.638,2781.3,0.007595,0,0,0,0.86686,0,0,0,0,8.5959,0.22358,0,0,0,0,0
73,272,1.134,36.638,2781.3,0,0,0,0,0,0,0,0,0,0,2.9499,0,0,0,0,0
73,272,1.134,36.638,2781.3,0.2916,0,0,0,0,0,0,0,0,1.808,0.18667,0,0,0,0,0
73,272,1.134,36.638,2781.3,0,0,0,0,0,0,0,0,0,0,0.18667,0,0,0,0,0
73,272,1.134,36.638,2781.3,0,0,0,0,0,0.98459,0.53887,0,0,0,14.459,0,0,0,0,2.0151
73,272,1.134,36.638,2781.3,0,0,0,1.7193,0,0,0,0,0,1.0167,0.18667,0,0,0,0,0
73,272,1.134,36.638,2781.3,0,0,0,12.779,0,0,0,0,0,0,1.4513,0,0,0,0,0.54957
73,272,1.134,36.638,2781.3,3.7435,0,0,0.020772,23.112,0,0,0,0,0.27721,0.18667,0,0,0,0,0
73,272,1.134,36.638,2781.3,0,0,0,0,0,1.0374,0,0,0,0,4.3035,0,0,0,0,0
73,272,1.134,36.638,2781.3,0.000376,0,0,0,0,0,0,0,0,0,4.7914,0,0,0,0,0
73,272,1.134,36.638,2781.3,0.064502,0,0,0.27777,0,0,0,0,0,3.8737,0.34267,0,0,0,0,0
73,272,1.134,36.638,2781.3,0,0,0,0,0,0,0.010505,0,0,1.057,0.33085,0,0,0,0,0
73,272,1.134,36.638,2781.3,0,0,0,0,0,0,8.6313,0,0,0.39237,0.18667,0,0,0,0,7.8771
73,272,1.134,36.638,2781.3,7.7659,0,0,0,0,0,0,0,0,7.6506,8.4911,0,0,0,0,0
73,272,1.134,36.638,2781.3,1.0855,0,0,22.562,0,0,0.16424,0,0,0.55196,1.3329,0,0,0,0,0
73,272,1.134,36.638,2781.3,0.002139,0,0,0,0,0,23.18,0,0,0,4.4641,0,0,0,0,0
73,272,1.134,36.638,2781.3,0.69312,0,0,3.4899,0,0,0,0,0,1.1822,2.4012,0,0,0,0,0
73,272,1.134,36.638,2781.3,1.4415,0,0,0,0,0,0,0,0,0,0.18667,0,0,0,0,0
73,272,1.134,36.638,2781.3,0.00524,0,0,0,0.0083325,1.0142,0,0,0,1.1822,0.34288,0,0,0,0,0
73,272,1.134,36.638,2781.3,0,0,0,0,0,0,0,0,0,1.1822,0.6212,0,0,0,0,0
73,272,1.134,36.638,2781.3,0.70755,0,0,0,0,0,0,0,0,0.63421,0.18667,0,0,0,0,0
73,272,1.134,36.638,2781.3,0,0,0,2.5943,0.11023,0,0,0,0,0.73557,10.846,0,0,0,0,0
73,272,1.134,36.638,2781.3,0,0,0,0.86074,1.476,0,0,0,0,13.788,0.35238,0,0,0,0,0
73,272,1.134,36.638,2781.3,0,0,0,0,0,0,0.13695,0,0,0.056957,0.33085,0,0,0,0,0
73,272,1.134,36.638,2781.3,0,0,0,3.1028,0,0,0,0,0,18.081,0.40813,0,0,0,0,0
73,272,1.134,36.638,2781.3,0,0,0,3.5686,0,0,0,0,0,0.72035,0.18667,0,0,0,0,0
73,272,1.134,36.638,2781.3,0.11344,0,0,0,0,0.0026412,0,0,0,1.0834,0.22358,0,0,0,0,0
73,272,1.134,36.638,2781.3,0,0,0,0,0,0,0,0,0,0,2.8437,0,0,0,0,0
73,272,1.134,36.638,2781.3,0,0,0,0,0,0.040543,29.704,0,0,0.72035,0.18667,0,0,0,0,0
73,272,1.134,36.638,2781.3,0,0,0,0,0,0,13.875,0,0,0,4.7763,0,0,0,0,0
73,272,1.134,36.638,2781.3,2.1264,0,0,0,0,0,0.16424,0,0,0,14.813,0,0,0,0,0
73,272,1.134,36.638,2781.3,0,0,0,0,0,0,0,0,0,5.7231,0.34267,0,0,0,0,0
73,272,1.134,36.638,2781.3,0,0,0,4.2324,0,0,0,0,0,0.27721,0.40813,0,0,0,0,0
73,272,1.134,36.638,2781.3,2.1932,0,0,0.004919,0,0,0,0,0,0.27721,1.2894,0,0,0,0,0
73,272,1.134,36.638,2781.3,0,0,0,1.7193,0,1.0028,0,0,0,0,0.18667,0,0,0,0,0
73,272,1.134,36.638,2781.3,0,0,0,0,0,0,0,0,0,0,5.7625,0,0,0,0,0
73,272,1.134,36.638,2781.3,0.73019,0,0,0,0,0,0,0,0,1.0167,1.09,0,0,0,0,0
73,272,1.134,36.638,2781.3,0,0,0,0,2.0198,0,0,0,0,0,0.33356,0,0,0,0,0
73,272,1.134,36.638,2781.3,0.007595,0,0,0,0,0,0,0,0,0,2.3028,0,0,0,0,2.4731
73,272,1.134,36.638,2781.3,0.2646,0,0,0,0,0.99999,0,0,0,18.081,14.178,0,0,0,0,0
73,272,1.134,36.638,2781.3,0,0,0,0,0,0,0,0,0,1.1822,0.26048,0,0,0,0,0
73,272,1.134,36.638,2781.3,0,0,0,0,0,0,0,0,0,0,5.2617,0,0,0,0,0
73,272,1.134,36.638,2781.3,3.7764,0,0,0,2.9774,0,0,0,0,9.1622,0.18667,0,0,0,0,0
73,272,1.134,36.638,2781.3,0,0,0,0,0.039743,1.0694,4.1876,0,0,3.8737,0.18667,0,0,0,0,0
73,272,1.134,36.638,2781.3,0,0,0,0,0,0,0,0,0,1.1034,0.18667,0,0,0,0,0
73,272,1.134,36.638,2781.3,0.000254,0,0,0.13674,6.3e-05,0,0,0,0,0,6.3191,0,0,0,0,0
73,272,1.134,36.638,2781.3,2.4428,0,0,0,0,0,0,0,0,2.6253,8.0482,0,0,0,0,0
73,272,1.134,36.638,2781.3,1.0754,0,0,0,0,7.3198,0,0,0,0,0.18667,0,0,0,0,0
73,272,1.134,36.638,2781.3,2.514,0,0,1.5,0,0,9.834,0,0,0,0.83155,0,0,0,0,0
73,272,1.134,36.638,2781.3,0,0,0.44568,0,0,0,0,0,0,0,5.4517,0,0,0,0,0
73,272,1.134,36.638,2781.3,0,0,0,0,5.3405,0,0,0,0,0,0.18667,0,0,0,0,0
73,272,1.134,36.638,2781.3,0,0,0,0,3.6136,0,0,0,0,0.68445,0.33626,0,0,0,0,0
73,272,1.134,36.638,2781.3,0,0,0,0.026197,0,0,0,0,0,1.7864,0.18667,0,0,0,0,0
73,272,1.134,36.638,2781.3,0,0,0,13.719,0.098167,0.1257,0.16424,0,0,0,0.18667,0,0,0,0,0
73,272,1.134,36.638,2781.3,0,0,0,0,0,0,0,0,0,8.4961,0.96176,0,0,0,0,0
73,272,1.134,36.638,2781.3,0.048101,0,0,0,0,0,0,0,0,0,0.18667,0,0,0,0,1.2823
73,272,1.134,36.638,2781.3,0,0,0,0,0,0,0,0,0,1.2479,17.756,0,0,0,0,0
73,272,1.134,36.638,2781.3,0,0,0,0,0,12.971,0,0,0,0.14685,0.18667,0,0,0,0,0
73,272,1.134,36.638,2781.3,0,0,0,1.8854,0,0,0,0,0,0.72035,9.4508,0,0,0,0,0
73,272,1.134,36.638,2781.3,0,0,0,2.8884,0,0,0,0,0,0,0.18667,0,0,0,0,0
73,272,1.134,36.638,2781.3,0.00524,0,0,0,0,0,0,0,0,0,0.18667,0,0,0,0,0
73,272,1.134,36.638,2781.3,0.001434,0,0,0,0,0,0,0,0,0,10.601,0,0,0,0,0
73,272,1.134,36.638,2781.3,0,0,0,0.012154,0,0,0,0,0,0,0.41588,0,0,0,0,0
73,272,1.134,36.638,2781.3,8.1e-05,0,0,0,0,0.00021684,0,0,0,0,0.18667,0,0,0,0,0
73,272,1.134,36.638,2781.3,0,0,0,0,0.86686,0,0.16424,0,0,0,5.7625,0,0,0,0,0
73,272,1.134,36.638,2781.3,0,0,0,0,0,0,11.827,0,0,0.55196,0.34266,0,0,0,0,0
73,272,1.134,36.638,2781.3,2.8732,0,0,0,0,0.99999,0,0,0,1.7864,0.18667,0,0,0,0,0
73,272,1.134,36.638,2781.3,0.000654,0,0,0,0,0,0,0,0,0,0.18667,0,0,0,0,0
73,272,1.134,36.638,2781.3,0,0,0,10.672,0,0,0,0,0,0,4.2836,0,0,0,0,0
73,272,1.134,36.638,2781.3,0,0,0,0,0,0,0,0,0,3.4087,0.86716,0,0,0,0,0
73,272,1.134,36.638,2781.3,0,0,0,0.65075,0,0,0.010505,0,0,0.18355,0.18667,0,0,0,0,0
73,272,1.134,36.638,2781.3,0,0,0,0,0,0.99837,0.16424,0,0,1.057,0.33356,0,0,0,0,0
73,272,1.134,36.638,2781.3,0,0,0,0,0,1.0023,0.16424,0,0,0,0.84122,0,0,0,0,0
73,272,1.134,36.638,2781.3,0,0,0,3.7058,0,0,0,0,0,19.403,10.036,0,0,0,0,0
73,272,1.134,36.638,2781.3,0.046832,0,0,1.1238,0,0,12.487,0,0,1.0139,2.7225,0,0,0,0,0
73,272,1.134,36.638,2781.3,0.0062152,0,0,0,0,0,0.16424,0,0,0.73557,0.18667,0,0,0,0,0
73,272,1.134,36.638,2781.3,0,0,0,0,0,0,0,0,0,1.261,0.36085,0,0,0,0,0
73,272,1.134,36.638,2781.3,5.0643,0,0,0,0,0,0,0,0,1.808,1.4513,0,0,0,0,0
73,272,1.134,36.638,2781.3,0.0061698,0,0,13.855,0,0,3.0234,0,0,1.164,0.33865,0,0,0,0,0
73,272,1.134,36.638,2781.3,0.11344,0,0,0,0.00833,0,0,0,0,0.64617,17.386,0,0,0,0,0
73,272,1.134,36.638,2781.3,12.639,0,0,0,0,0.51173,0.75485,0,0,0,5.7625,0,0,0,0,0
73,272,1.134,36.638,2781.3,0,0,0,0,0,0,0,0,0,8.0476,8.8964,0,0,0,0,0
73,272,1.134,36.638,2781.3,0,0,0,0,0,0,0,0,0,0.27721,2.4226,0,0,0,0,0
73,272,1.134,36.638,2781.3,0.013065,0,0,0.032727,0,0,0,0,0,0.55196,15.543,0,0,0,0,0
73,272,1.134,36.638,2781.3,0,0,0,0,0,0,0,0,0,0.44682,0.18667,0,0,0,0,0
73,272,1.134,36.638,2781.3,0.76748,0,0,0,0,1.1633,0,0,0,5.7231,0.18667,0,0,0,0,0
74,273,1,234.32,17789,0.02181,0,0,0,0,0,0.16424,0,0,1.0834,1.9936,0,0,0,0,0
74,273,1,234.32,17789,0,0,0,0,0,0,0,0,0,0,7.8198,0,0,0,0,0
74,273,1,234.32,17789,0,0,0,0,0,0,8.4065,0,0.18748,1.057,0.18667,0,0,0,0,0
74,273,1,234.32,17789,0,0,0,0,4.119,0,0.53887,0,0,0,0.18667,0,0,0,0,0
74,273,1,234.32,17789,0.081919,0,0,0,0,0,0,0,0,1.1822,1.4391,0,0,0,0,0
74,273,1,234.32,17789,2.8732,0,0,0,0,0.98889,0,0,0,8.4961,9.4508,0,0,0,0,0
74,273,1,234.32,17789,0,0,0,28.307,0.080307,6.8589,0.16424,0,0,0,11.313,0,0,0,0,0
74,273,1,234.32,17789,0.001292,0,0,0.86074,0,1.0004,0,0,0,0.55196,18.235,0,0,0,0,0
74,273,1,234.32,17789,3.1184,0,0,0.99393,0,0.99999,0,0,0,1.164,1.4513,0,0,0,0,0
74,273,1,234.32,17789,0,0,0,1.2148,0,0,0,0,0,0.27721,5.114,0,0,0,0,0
74,273,1,234.32,17789,0,0,0,0,0,0,0,0,0,5.6716,0.18667,0,0,0,0,0
74,273,1,234.32,17789,9.9851,0,0,0,0,0,30.869,0,0,0,0.34398,0,0,0,0,0
74,273,1,234.32,17789,2.7382,0,0,0.004063,0,0,0,0,0,1.5079,2.0171,0,0,0,4.5269,0
74,273,1,234.32,17789,0.0053895,0,0,3.0435,0,0,0,0,0,9.1622,2.8966,0,0,0,0,0
74,273,1,234.32,17789,0.022682,0,0,3.5686,0,0,9.834,0,0,0,0.18667,0,0,0,0,0
74,273,1,234.32,17789,0,0,0,0,0,0,0,0,0,1.1822,2.777,0,0,0,0,222.61
74,273,1,234.32,17789,0.61575,0,0,0,0,0,11.692,0,0,5.7109,0.43851,0,0,0,0,0
74,273,1,234.32,17789,0,0,0,0,0,0,0,0,0,0.68445,0.18667,0,0,0,0,0
74,273,1,234.32,17789,0,0,0,0.57243,0,0.018596,0.16424,0,0,5.7231,0.18667,0,0,0,0,0
74,273,1,234.32,17789,0,0,0,0.097068,0,0,0,0,0,0.18355,0.18667,0,0,0,0,0
74,273,1,234.32,17789,1.4748,0,0,0,0.31032,4.845,0,0,0,1.261,0.18667,0,0,0,0,0
74,273,1,234.32,17789,0,0,0,0,0,0,0.16424,0,0,3.4087,0.18667,0,0,0,0,0
74,273,1,234.32,17789,0,0,0,0,0,0,0.0029097,0,0,5.7231,0.18667,0,0,0,0,0
