3,202,1,3.9891,248.6,0,0,0,0,0,0,0,0,0,0,0,0,0,0,0,0
3,202,1,3.9891,248.6,0,0,0,0,0,0,0,0,0,0,0,0,0,0,0,0
3,202,1,3.9891,248.6,0.002031,0,0,0,0,0,0,0,0,0,0,0,0,0,0,0
3,202,1,3.9891,248.6,0,0,0,0,0,0,0,0,0,0,0,0,0,0,0,0
3,202,1,3.9891,248.6,0.005769,0,0,0,0,0,0,0,0,0,0,0,0,0,0,0
3,202,1,3.9891,248.6,0.014493,0,0,0,0,0,0,0,0,0,0,0,0,0,0,0
3,202,1,3.9891,248.6,0,0,0,0,0,0,0,0,0,0,0,0,0,0,0,0
3,202,1,3.9891,248.6,0,0,0,0,0,0,0,0,0,0,0,0,0,0,0,0
3,202,1,3.9891,248.6,3.9219,0,0,0,0,0,0,0,0,0,0,0,0,0,0,0
3,202,1,3.9891,248.6,0.30045,0,0,0,0,0,0,0,0,0,0,0,0,0,0,0
3,202,1,3.9891,248.6,0,0,0,0,0,0,0,0,0,0,0,0,0,0,0,0
3,202,1,3.9891,248.6,0,0,0,0,0,0,0,0,0,0,0,0,0,0,0,0
3,202,1,3.9891,248.6,0,0,0,0,0,0,0,0,0,0,0,0,0,0,0,0
3,202,1,3.9891,248.6,0,0,0,0,0,0,0,0,0,0,0,0,0,0,0,0
3,202,1,3.9891,248.6,0,0,0,0,0,0,0,0,0,0,0,0,0,0,0,0
3,202,1,3.9891,248.6,0,0,0,0,0,0,0,0,0,0,0,0,0,0,0,0
3,202,1,3.9891,248.6,0,0,0,0,0,0,0,0,0,0,0,0,0,0,0,0
3,202,1,3.9891,248.6,0.009672,0,0,0,0,0,0,0,0,0,0,0,0,0,0,0
3,202,1,3.9891,248.6,0,0,0,0,0,0,0,0,0,0,0,0,0,0,0,0
3,202,1,3.9891,248.6,0.005239,0,0,0,0,0,0,0,0,0,0,0,0,0,0,0
3,202,1,3.9891,248.6,2.7391,0,0,0,0,0,0,0,0,0,0,0,0,0,0,0
3,202,1,3.9891,248.6,0,0,0,0,0,0,0,0,0,0,0,0,0,0,0,0
3,202,1,3.9891,248.6,0,0,0,0,0,0,0,0,0,0,0,0,0,0,0,0
3,202,1,3.9891,248.6,0.008335,0,0,0,0,0,0,0,0,0,0,0,0,0,0,0
3,202,1,3.9891,248.6,0.5937,0,0,0,0,0,0,0,0,0,0,0,0,0,0,0
3,202,1,3.9891,248.6,0.026473,0,0,0,0,0,0,0,0,0,0,0,0,0,0,0
3,202,1,3.9891,248.6,0,0,0,0,0,0,0,0,0,0,0,0,0,0,0,0
3,202,1,3.9891,248.6,0,0,0,0,0,0,0,0,0,0,0,0,0,0,0,0
3,202,1,3.9891,248.6,0,0,0,0,0,0,0,0,0,0,0,0,0,0,0,0
3,202,1,3.9891,248.6,0.00524,0,0,0,0,0,0,0,0,0,0,0,0,0,0,0
3,202,1,3.9891,248.6,0,0,0,0,0,0,0,0,0,0,0,0,0,0,0,0
3,202,1,3.9891,248.6,0,0,0,0,0,0,0,0,0,0,0,0,0,0,0,0
3,202,1,3.9891,248.6,0.00524,0,0,0,0,0,0,0,0,0,0,0,0,0,0,0
3,202,1,3.9891,248.6,0,0,0,0,0,0,0,0,0,0,0,0,0,0,0,0
3,202,1,3.9891,248.6,0.72136,0,0,0,0,0,0,0,0,0,0,0,0,0,0,0
3,202,1,3.9891,248.6,0.078444,0,0,0,0,0,0,0,0,0,0,0,0,0,0,0
3,202,1,3.9891,248.6,0.39765,0,0,0,0,0,0,0,0,0,0,0,0,0,0,0
3,202,1,3.9891,248.6,0,0,0,0,0,0,0,0,0,0,0,0,0,0,0,0
3,202,1,3.9891,248.6,0.003346,0,0,0,0,0,0,0,0,0,0,0,0,0,0,0
3,202,1,3.9891,248.6,0.008333,0,0,0,0,0,0,0,0,0,0,0,0,0,0,0
3,202,1,3.9891,248.6,0,0,0,0,0,0,0,0,0,0,0,0,0,0,0,0
3,202,1,3.9891,248.6,0.001493,0,0,0,0,0,0,0,0,0,0,0,0,0,0,0
3,202,1,3.9891,248.6,0.024364,0,0,0,0,0,0,0,0,0,0,0,0,0,0,0
3,202,1,3.9891,248.6,0,0,0,0,0,0,0,0,0,0,0,0,0,0,0,0
3,202,1,3.9891,248.6,0,0,0,0,0,0,0,0,0,0,0,0,0,0,0,0
3,202,1,3.9891,248.6,0.009672,0,0,0,0,0,0,0,0,0,0,0,0,0,0,0
3,202,1,3.9891,248.6,0.10797,0,0,0,0,0,0,0,0,0,0,0,0,0,0,0
3,202,1,3.9891,248.6,0,0,0,0,0,0,0,0,0,0,0,0,0,0,0,0
3,202,1,3.9891,248.6,0.0074138,0,0,0,0,0,0,0,0,0,0,0,0,0,0,0
3,202,1,3.9891,248.6,0.0091388,0,0,0,0,0,0,0,0,0,0,0,0,0,0,0
3,202,1,3.9891,248.6,0,0,0,0,0,0,0,0,0,0,0,0,0,0,0,0
3,202,1,3.9891,248.6,0,0,0,0,0,0,0,0,0,0,0,0,0,0,0,0
3,202,1,3.9891,248.6,0,0,0,0,0,0,0,0,0,0,0,0,0,0,0,0
3,202,1,3.9891,248.6,0,0,0,0,0,0,0,0,0,0,0,0,0,0,0,0
3,202,1,3.9891,248.6,0,0,0,0,0,0,0,0,0,0,0,0,0,0,0,0
3,202,1,3.9891,248.6,0,0,0,0,0,0,0,0,0,0,0,0,0,0,0,0
3,202,1,3.9891,248.6,0.17387,0,0,0,0,0,0,0,0,0,0,0,0,0,0,0
3,202,1,3.9891,248.6,0,0,0,0,0,0,0,0,0,0,0,0,0,0,0,0
3,202,1,3.9891,248.6,0,0,0,0,0,0,0,0,0,0,0,0,0,0,0,0
3,202,1,3.9891,248.6,0.02059,0,0,0,0,0,0,0,0,0,0,0,0,0,0,0
3,202,1,3.9891,248.6,0,0,0,0,0,0,0,0,0,0,0,0,0,0,0,0
3,202,1,3.9891,248.6,0.002998,0,0,0,0,0,0,0,0,0,0,0,0,0,0,0
3,202,1,3.9891,248.6,0.0062716,0,0,0,0,0,0.13028,0,0,0,0,0,0,0,0,0
3,202,1,3.9891,248.6,0.00524,0,0,0,0,0,0,0,0,0,0,0,0,0,0,0
3,202,1,3.9891,248.6,2.6401,0,0,0,0,0,0,0,0,0,0,0,0,0,0,0
3,202,1,3.9891,248.6,0.00524,0,0,0,0,0,0,0,0,0,0,0,0,0,0,0
3,202,1,3.9891,248.6,0,0,0,0,0,0,0,0,0,0,0,0,0,0,0,0
3,202,1,3.9891,248.6,0.01358,0,0,0,0,0,0,0,0,0,0,0,0,0,0,0
3,202,1,3.9891,248.6,0,0,0,0,0,0,0,0,0,0,0,0,0,0,0,0
3,202,1,3.9891,248.6,0,0,0,0,0,0,0,0,0,0,0,0,0,0,0,0
6,205,1,46.885,2921.9,14.806,0,0,0,0,0,0,0,0,0,0,0,0,0,0,0
6,205,1,46.885,2921.9,0,0,0,0,0,0,0,0,0,0,0,0,0,0,0,0
6,205,1,46.885,2921.9,0,0,0,0,0,0,0,0,0,0,0,0,0,0,0,0
6,205,1,46.885,2921.9,0.01285,0,0,0,0,0,0,0,0,0,0,0,0,0,0,0
6,205,1,46.885,2921.9,0,0,0,0,0,0,0,0,0,0,0,0,0,0,0,0
6,205,1,46.885,2921.9,1.2357,0,0,0,0,0,0,0,0,0,0,0,0,0,0,0
6,205,1,46.885,2921.9,0.10902,0,0,0,0,0,0,0,0,0,0,0,0,0,0,0
6,205,1,46.885,2921.9,0,0,0,0,0,0,0,0,0,0,0,0,0,0,0,0
6,205,1,46.885,2921.9,0,0,0,0,0,0,0,0,0,0,0,0,0,0,0,0
6,205,1,46.885,2921.9,0.14366,0,0,0,0,0,0,0,0,0,0,0,0,0,0,0
6,205,1,46.885,2921.9,0.026843,0,0,0,0,0,0,0,0,0,0,0,0,0,0,0
6,205,1,46.885,2921.9,0.39159,0,0,0,0,0,0,0,0,0,0,0,0,0,0,0
6,205,1,46.885,2921.9,5.5933,0,0,0,0,0,0,0,0,0,0,0,0,0,0,0
6,205,1,46.885,2921.9,0,0,0,0,0,0,0,0,0,0,0,0,0,0,0,0
6,205,1,46.885,2921.9,3.0717,0,0,0,0,0,0,0,0,0,0,0,0,0,0,0
6,205,1,46.885,2921.9,0,0,0,0,0,0,0,0,0,0,0,0,0,0,0,0
6,205,1,46.885,2921.9,0,0,0,0,0,0,0,0,0,0,0,0,0,0,0,0
6,205,1,46.885,2921.9,2.6465,0,0,0,0,0,0,0,0,0,0,0,0,0,0,0
6,205,1,46.885,2921.9,0,0,0,0,0,0,0,0,0,0,0,0,0,0,0,0
6,205,1,46.885,2921.9,0,0,0,0,0,0,0,0,0,0,0,0,0,0,0,0
6,205,1,46.885,2921.9,0.21552,0,0,0,0,0,0,0,0,0,0,0,0,0,0,0
6,205,1,46.885,2921.9,0.008333,0,0,0,0,0,0,0,0,0,0,0,0,0,0,0
6,205,1,46.885,2921.9,0.075207,0,0,0,0,0,0,0,0,0,0,0,0,0,0,0
6,205,1,46.885,2921.9,5.9982,0,0,0,0,0,0,0,0,0,0,0,0,0,0,0
6,205,1,46.885,2921.9,7.3821,0,0,0,0,0,0,0,0,0,0,0,0,0,0,0
6,205,1,46.885,2921.9,0.78627,0,0,0,0,0,0,0,0,0,0,0,0,0,0,0
6,205,1,46.885,2921.9,0,0,0,0,0,0,0,0,0,0,0,0,0,0,0,0
6,205,1,46.885,2921.9,0,0,0,0,0,0,0,0,0,0,0,0,0,0,0,0
6,205,1,46.885,2921.9,0.8402,0,0,0,0,0,0,0,0,0,0,0,0,0,0,0
6,205,1,46.885,2921.9,0,0,0,0,0,0,0,0,0,0,0,0,0,0,0,0
6,205,1,46.885,2921.9,3.0358,0,0,0,0,0,0,0,0,0,0,0,0,0,0,0
6,205,1,46.885,2921.9,0,0,0,0,0,0,0,0,0,0,0,0,0,0,0,0
6,205,1,46.885,2921.9,0,0,0,0,0,0,0,0,0,0,0,0,0,0,0,0
6,205,1,46.885,2921.9,0,0,0,0,0,0,0,0,0,0,0,0,0,0,0,0
6,205,1,46.885,2921.9,0,0,0,0,0,0,0,0,0,0,0,0,0,0,0,0
6,205,1,46.885,2921.9,0,0,0,0,0,0,0,0,0,0,0,0,0,0,0,0
6,205,1,46.885,2921.9,0.63657,0,0,0,0,0,0,0,0,0,0,0,0,0,0,0
6,205,1,46.885,2921.9,0,0,0,0,0,0,0,0,0,0,0,0,0,0,0,0
6,205,1,46.885,2921.9,0.008333,0,0,0,0,0,0,0,0,0,0,0,0,0,0,0
6,205,1,46.885,2921.9,0,0,0,0,0,0,0,0,0,0,0,0,0,0,0,0
6,205,1,46.885,2921.9,0.14366,0,0,0,0,0,0,0,0,0,0,0,0,0,0,0
6,205,1,46.885,2921.9,0,0,0,0,0,0,0,0,0,0,0,0,0,0,0,0
6,205,1,46.885,2921.9,0,0,0,0,0,0,0,0,0,0,0,0,0,0,0,0
6,205,1,46.885,2921.9,0,0,0,0,0,0,0,0,0,0,0,0,0,0,0,0
6,205,1,46.885,2921.9,0.008333,0,0,0,0,0,0,0,0,0,0,0,0,0,0,0
6,205,1,46.885,2921.9,0.26195,0,0,0,0,0,0,0,0,0,0,0,0,0,0,0
6,205,1,46.885,2921.9,0.18036,0,0,0,0,0,0,0,0,0,0,0,0,0,0,0
6,205,1,46.885,2921.9,0,0,0,0,0,0,0,0,0,0,0,0,0,0,0,0
6,205,1,46.885,2921.9,19.602,0,0,0,0,0,0.13028,0,0,0,0,0,0,0,0,0
6,205,1,46.885,2921.9,1.2e-05,0,0,0,0,0,0,0,0,0,0,0,0,0,0,0
6,205,1,46.885,2921.9,0,0,0,0,0,0,0,0,0,0,0,0,0,0,0,0
6,205,1,46.885,2921.9,0,0,0,0,0,0,0,0,0,0,0,0,0,0,0,0
6,205,1,46.885,2921.9,0,0,0,0,0,0,0,0,0,0,0,0,0,0,0,0
6,205,1,46.885,2921.9,0,0,0,0,0,0,0,0,0,0,0,0,0,0,0,0
6,205,1,46.885,2921.9,0,0,0,0,0,1.2507,0.13028,0,0,0,0,0,0,0,0,0
6,205,1,46.885,2921.9,0.7792,0,0,0,0,0,0,0,0,0,0,0,0,0,0,0
6,205,1,46.885,2921.9,0.52474,0,0,0,0,0,0,0,0,0,0,0,0,0,0,0
6,205,1,46.885,2921.9,0.55788,0,0,0,0,0,0,0,0,0,0,0,0,0,0,0
6,205,1,46.885,2921.9,0,0,0,0,0,0,0,0,0,0,0,0,0,0,0,0
6,205,1,46.885,2921.9,2.8984,0,0,0,0,0,0,0,0,0,0,0,0,0,0,0
6,205,1,46.885,2921.9,0,0,0,0,0,0,0,0,0,0,0,0,0,0,0,0
6,205,1,46.885,2921.9,13.995,0,0,0,0,0,0,0,0,0,0,0,0,0,0,0
9,208,1,116.59,7265.8,37.744,0,0,0,0,0,0,0,0,0,0,0,0,0,0,0
9,208,1,116.59,7265.8,0,0,0,0,0,0,0,0,0,0,0,0,0,0,0,0
9,208,1,116.59,7265.8,0.4953,0,0,0,0,0,0,0,0,0,0.050576,0,0,0,0,0
9,208,1,116.59,7265.8,0,0,0,0,0,0,0,0,0,0,0.050576,0,0,0,0,0
9,208,1,116.59,7265.8,0.79246,0,0,0,0,0,0,0,0,0,0,0,0,0,0,0
9,208,1,116.59,7265.8,0.31877,0,0,0,0,0,0,0,0,0,0,0,0,0,0,0
9,208,1,116.59,7265.8,0,0,0,0,0,0,0,0,0,0,0,0,0,0,0,0
9,208,1,116.59,7265.8,8.6697,0,0,0,0,0,0,0,0,0,0,0,0,0,0,0
9,208,1,116.59,7265.8,10.922,0,0,0,0,0,0,0,0,0,0,0,0,0,0,0
9,208,1,116.59,7265.8,0,0,0,0,0,0,0,0,0,0,0,0,0,0,0,0
9,208,1,116.59,7265.8,2.636,0,0,0,0,0,0,0,0,0,0,0,0,0,0,0
9,208,1,116.59,7265.8,2.7707,0,0,0,0,0,0,0,0,0,0,0,0,0,0,0
9,208,1,116.59,7265.8,7.96,0,0,0,0,0,0,0,0,0,0,0,0,0,0,0
9,208,1,116.59,7265.8,5.069,0,0,0,0,0,0,0,0,0,0,0,0,0,0,0
9,208,1,116.59,7265.8,0.77612,0,0,0,0,0,0,0,0,0,0,0,0,0,0,0
9,208,1,116.59,7265.8,0.7792,0,0,0,0,0,0,0,0,0,0,0,0,0,0,0
9,208,1,116.59,7265.8,0.010116,0,0,0,0,0,0,0,0,0,0,0,0,0,0,0
9,208,1,116.59,7265.8,0.10047,0,0,0,0,0,0,0,0,0,0,0,0,0,0,0
9,208,1,116.59,7265.8,0,0,0,0,0,0,0,0,0,0,0,0,0,0,0,0
9,208,1,116.59,7265.8,0.77912,0,0,0,0,0,0,0,0,0,0,0,0,0,0,0
9,208,1,116.59,7265.8,0,0,0,0,0,0,0,0,0,0,0,0,0,0,0,0
9,208,1,116.59,7265.8,0,0,0,0,0,0,0,0,0,0,0.050576,0,0,0,0,0
9,208,1,116.59,7265.8,0,0,0,0,0,0,0,0,0,0,0,0,0,0,0,0
9,208,1,116.59,7265.8,42.954,0,0,0,0,0,0.002308,0,0,0,0,0,0,0,0,0
9,208,1,116.59,7265.8,1.0145,0,0,0,0,0,0,0,0,0,0,0,0,0,0,0
9,208,1,116.59,7265.8,0,0,0,0,0,0,0,0,0,0,0,0,0,0,0,0
9,208,1,116.59,7265.8,0.097492,0,0,0,0,0,0,0,0,0,0,0,0,0,0,0
9,208,1,116.59,7265.8,0.77773,0,0,0,0,0,0,0,0,0,0,0,0,0,0,0
9,208,1,116.59,7265.8,9.5412,0,0,0,0,0,0,0,0,0,0,0,0,0,0,0
9,208,1,116.59,7265.8,8.6897,0,0,0,0,0,0,0,0,0,0,0,0,0,0,0
9,208,1,116.59,7265.8,0,0,0,0,0,0,0,0,0,0,0,0,0,0,0,0
9,208,1,116.59,7265.8,0,0,0,0,0,0,0,0,0,0,0.14058,0,0,0,0,0
9,208,1,116.59,7265.8,0.45307,0,0,0,0,0,0,0,0,0,0,0,0,0,0,0
9,208,1,116.59,7265.8,0,0,0,0,0,0,0,0,0,0,0,0,0,0,0,0
9,208,1,116.59,7265.8,0,0,0,0,0,0,0,0,0,0,0,0,0,0,0,0
9,208,1,116.59,7265.8,0.037258,0,0,0,0,0,0,0,0,0,0,0,0,0,0,0
9,208,1,116.59,7265.8,0,0,0,0,0,0,0,0,0,0,0,0,0,0,0,0
9,208,1,116.59,7265.8,0,0,0,0,0,0,0,0,0,0,0,0,0,0,0,0
9,208,1,116.59,7265.8,0,0,0,0,0,0,0.13028,0,0,0,0,0,0,0,0,0
9,208,1,116.59,7265.8,0.21552,0,0,0,0,0,0,0,0,0,0,0,0,0,0,0
9,208,1,116.59,7265.8,0,0,0,0,0,0,0,0,0,0,0,0,0,0,0,0
9,208,1,116.59,7265.8,37.744,0,0,0,0,0,0,0,0,0,0,0,0,0,0,0
9,208,1,116.59,7265.8,0,0,0,0,0,0,0,0,0,0,0,0,0,0,0,0
9,208,1,116.59,7265.8,0.074059,0,0,0,0,0,0,0,0,0,0,0,0,0,0,0
9,208,1,116.59,7265.8,0,0,0,0,0,0,0,0,0,0,0,0,0,0,0,0
9,208,1,116.59,7265.8,1.9817,0,0,0,0,0,0,0,0,0,0,0,0,0,0,0
9,208,1,116.59,7265.8,5.719,0,0,0,0,0,0,0,0,0,0.050576,0,0,0,0,0
12,211,1,226.62,14123,0.008333,0,0,0,0,0,0,0,0,0,0,0,0,0,0,0
12,211,1,226.62,14123,0.2912,0,0,0,0,0,0,0,0,0,0,0,0,0,0,0
12,211,1,226.62,14123,0,0,0,0,0,0,0,0,0,0,0,0,0,0,0,0
12,211,1,226.62,14123,0.045448,0,0,0,0,0,0,0,0,0,0,0,0,0,0,0
12,211,1,226.62,14123,1.225,0,0,0,0,0,0,0,0,0,0,0,0,0,0,0
12,211,1,226.62,14123,0.0015575,0,0,0,0,0,0,0,0,0,0,0,0,0,0,0
12,211,1,226.62,14123,0.000338,0,0,0,0,0,0,0,0,0,0,0,0,0,0,0
12,211,1,226.62,14123,0.85746,0,0,0,0,0,0,0,0,0,0,0,0,0,0,0
12,211,1,226.62,14123,0.008333,0,0,0,0,0,0,0,0,0,0,0,0,0,0,0
12,211,1,226.62,14123,3.9951,0,0,0,0,0,0,0,0,0,0,0,0,0,0,0
12,211,1,226.62,14123,0.17901,0,0,0,0,0,9.1287,0,0,0,0,0,0,0,0,0
12,211,1,226.62,14123,0.36816,0,0,0,0,0,0,0,0,0,0,0,0,0,0,0
12,211,1,226.62,14123,6.6367,0,0,0,0,0,0,0,0,0,0,0,0,0,0,0
12,211,1,226.62,14123,5.069,0,0,0,0,0,0,0,0,0,0,0,0,0,0,0
12,211,1,226.62,14123,0.77715,0,0,0,0,0,0,0,0,0,0,0,0,0,0,0
12,211,1,226.62,14123,0,0,0,0,0,0,0,0,0,0,0,0,0,0,0,0
12,211,1,226.62,14123,0.77803,0,0,0,0,0,0,0,0,0,0,0,0,0,0,0
12,211,1,226.62,14123,0,0,0,0,0,0,0,0,0,0,0,0,0,0,0,0
12,211,1,226.62,14123,0,0,0,0,0,0,0,0,0,0,0,0,0,0,0,0
12,211,1,226.62,14123,0.008333,0,0,0,0,0,0,0,0,0,0,0,0,0,0,0
12,211,1,226.62,14123,6.0466,0,0,0,0,0,0,0,0,0,0,0,0,0,0,0
12,211,1,226.62,14123,0,0,0,0,0,0,0,0,0,0,0,0,0,0,0,0
12,211,1,226.62,14123,0,0,0,0,0,0,0,0,0,0,0,0,0,0,0,0
12,211,1,226.62,14123,0,0,0,0,0,0,0,0,0,0,0,0,0,0,0,0
12,211,1,226.62,14123,4.2894,0,0,0,0,0,0,0,0,0,0,0,0,0,0,0
12,211,1,226.62,14123,0,0,0,0,0,0,0,0,0,0,0,0,0,0,0,0
12,211,1,226.62,14123,1.4792,0,0,0,0,0,0,0,0,0,0,0,0,0,0,0
12,211,1,226.62,14123,0,0,0,0,0,0,0,0,0,0,0,0,0,0,0,0
12,211,1,226.62,14123,0.001843,0,0,0,0,0,0,0,0,0,0,0,0,0,0,0
12,211,1,226.62,14123,0.25424,0,0,0,0,0,0,0,0,0,0,0,0,0,0,0
12,211,1,226.62,14123,20.189,0,0,0,0,0,0,0,0,0,0,0,0,0,0,0
12,211,1,226.62,14123,0,0,0,0,0,0,0,0,0,0,0,0,0,0,0,0
12,211,1,226.62,14123,0.058628,0,0,0,0,0,0,0,0,0,0,0,0,0,0,0
12,211,1,226.62,14123,1.8911,0,0,0,0,0,0,0,0,0,0,0,0,0,0,0
12,211,1,226.62,14123,5.9064,0,0,0,0,0,0,0,0,0,0,0,0,0,0,0
12,211,1,226.62,14123,0,0,0,0,0,0,0,0,0,0,0,0,0,0,0,0
12,211,1,226.62,14123,0.004089,0,0,0,0,0,0,0,0,0,0,0,0,0,0,0
12,211,1,226.62,14123,0,0,0,0,0,0,0,0,0,0,0,0,0,0,0,0
12,211,1,226.62,14123,0.058241,0,0,0,0,0,0,0,0,0,0,0,0,0,0,0
12,211,1,226.62,14123,1.4792,0,0,0,0,0,0,0,0,0,0,0,0,0,0,0
12,211,1,226.62,14123,4.0668,0,0,0,0,0,0,0,0,0,0,0,0,0,0,0
12,211,1,226.62,14123,0.2912,0,0,0,0,0,0,0,0,0,0,0,0,0,0,0
15,214,1,523.99,32655,1.6736,0,0,0,0,0,0,0,0,0,0,0,0,0,0,0
15,214,1,523.99,32655,0,0,0,0,0,0,0,0,0,0,0,0,0,0,0,0
15,214,1,523.99,32655,0.003101,0,0,0,0,0,0,0,0,0,0,0,0,0,0,0
15,214,1,523.99,32655,0.0048925,0,0,0,0,0,0,0,0,0,0,0,0,0,0,0
15,214,1,523.99,32655,0,0,0,0,0,0,0,0,0,0,0,0,0,0,0,0
15,214,1,523.99,32655,0.002895,0,0,0,0,0,0,0,0,0,0,0,0,0,0,0
15,214,1,523.99,32655,8.6697,0,0,0,0,0,0,0,0,0,0,0,0,0,0,0
15,214,1,523.99,32655,0,0,0,0,0,0,0,0,0,0,0,0,0,0,0,0
15,214,1,523.99,32655,0,0,0,0,0,0,0,0,0,0,0,0,0,0,0,0
15,214,1,523.99,32655,0.091229,0,0,0,0,0,0,0,0,0,0,0,0,0,0,0
15,214,1,523.99,32655,0,0,0,0,0,0,0,0,0,0,0,0,0,0,0,0
15,214,1,523.99,32655,2.6465,0,0,0,0,0,0,0,0,0,0,0,0,0,0,0
15,214,1,523.99,32655,0,0,0,0,0,0,0,0,0,0,0,0,0,0,0,0
15,214,1,523.99,32655,0,0,0,0,0,0,0,0,0,0,0,0,0,0,0,0
15,214,1,523.99,32655,0,0,0,0,0,0,0,0,0,0,0,0,0,0,0,0
15,214,1,523.99,32655,0,0,0,0,0,0,0,0,0,0,0,0,0,0,0,0
15,214,1,523.99,32655,11.252,0,0,0,0,0,0,0,0,0,0,0,0,0,0,0
15,214,1,523.99,32655,0,0,0,0,0,0,0,0,0,0,0,0,0,0,0,0
15,214,1,523.99,32655,0.079245,0,0,0,0,0,0,0,0,0,0,0,0,0,0,0
15,214,1,523.99,32655,2.5724,0,0,0,0,0,0,0,0,0,0,0,0,0,0,0
15,214,1,523.99,32655,2.4256,0,0,0,0,0,0,0,0,0,0,0,0,0,0,0
15,214,1,523.99,32655,0.13821,0,0,0,0,0,0,0,0,0,0,0,0,0,0,0
15,214,1,523.99,32655,0.005827,0,0,0,0,0,0,0,0,0,0,0,0,0,0,0
15,214,1,523.99,32655,0.67829,0,0,0,0,0,0,0,0,0,0,0,0,0,0,0
15,214,1,523.99,32655,0,0,0,0,0,0,0,0,0,0,0,0,0,0,0,0
15,214,1,523.99,32655,0,0,0,0,0,0,0,0,0,0,0,0,0,0,0,0
15,214,1,523.99,32655,15.295,0,0,0,0,0,0.13028,0,0,0,0,0,0,0,0,0
15,214,1,523.99,32655,0,0,0,0,0,0,0,0,0,0,0,0,0,0,0,0
15,214,1,523.99,32655,3.0358,0,0,0,0,0,0,0,0,0,0,0,0,0,0,0
15,214,1,523.99,32655,6.0466,0,0,0,0,0,0,0,0,0,0,0,0,0,0,0
15,214,1,523.99,32655,0.010513,0,0,0,0,0,0,0,0,0,0,0,0,0,0,0
15,214,1,523.99,32655,10.592,0,0,0,0,0,0,0,0,0,0,0,0,0,0,0
15,214,1,523.99,32655,0,0,0,0,0,0,0,0,0,0,0,0,0,0,0,0
15,214,1,523.99,32655,3.3658,0,0,0,0,0,0,0,0,0,0,0,0,0,0,0
15,214,1,523.99,32655,34.08,0,0,0,0,0,0,0,0,0,0,0,0,0,0,0
15,214,1,523.99,32655,3.7623,0,0,0,0,0,0,0,0,0,0,0,0,0,0,0
15,214,1,523.99,32655,0,0,0,0,0,0,0,0,0,0,0,0,0,0,0,0
15,214,1,523.99,32655,0.023853,0,0,0,0,0,0,0,0,0,0,0,0,0,0,0
15,214,1,523.99,32655,0,0,0,0,0,0,0,0,0,0,0,0,0,0,0,0
15,214,1,523.99,32655,5.5165,0,0,0,0,0,0,0,0,0,0,0,0,0,0,0
15,214,1,523.99,32655,1.0652,0,0,0,0,0,0,0,0,0,0,0,0,0,0,0
15,214,1,523.99,32655,0.26195,0,0,0,0,0,0,0,0,0,0,0,0,0,0,0
15,214,1,523.99,32655,0,0,0,0,0,0,0,0,0,0,0,0,0,0,0,0
15,214,1,523.99,32655,0.14202,0,0,0,0,0,0,0,0,0,0,0,0,0,0,0
15,214,1,523.99,32655,3.2558,0,0,0,0,0,0,0,0,0,0,0,0,0,0,0
15,214,1,523.99,32655,0.79978,0,0,0,0,0,0,0,0,0,0,0,0,0,0,0
15,214,1,523.99,32655,1.5736,0,0,0,0,0,0,0,0,0,0,0,0,0,0,0
15,214,1,523.99,32655,0.45307,0,0,0,0,0,0,0,0,0,0,0,0,0,0,0
15,214,1,523.99,32655,0,0,0,0,0,0,0,0,0,0,0,0,0,0,0,0
15,214,1,523.99,32655,0,0,0,0,0,0,0,0,0,0,0,0,0,0,0,0
15,214,1,523.99,32655,0.005432,0,0,0,0,0,0,0,0,0,0,0,0,0,0,0
15,214,1,523.99,32655,0.12623,0,0,0,0,0,0,0,0,0,0,0,0,0,0,0
15,214,1,523.99,32655,0,0,0,0,0,0,0,0,0,0,0,0,0,0,0,0
15,214,1,523.99,32655,0.34102,0,0,0,0,0,0,0,0,0,0,0,0,0,0,0
15,214,1,523.99,32655,0.070547,0,0,0,0,0,0,0,0,0,0,0,0,0,0,0
15,214,1,523.99,32655,0.008333,0,0,0,0,0,0,0,0,0,0,0,0,0,0,0
15,214,1,523.99,32655,0,0,0,0,0,0,0,0,0,0,0,0,0,0,0,0
15,214,1,523.99,32655,0.004089,0,0,0,0,0,0,0,0,0,0,0,0,0,0,0
15,214,1,523.99,32655,0.71303,0,0,0,0,0,0,0,0,0,0,0,0,0,0,0
15,214,1,523.99,32655,0.77803,0,0,0,0,0,0,0,0,0,0,0,0,0,0,0
15,214,1,523.99,32655,6.1554,0,0,0,0,0,0,0,0,0,0,0,0,0,0,0
15,214,1,523.99,32655,0,0,0,0,0,0,0,0,0,0,0,0,0,0,0,0
15,214,1,523.99,32655,0.28707,0,0,0,0,0,4.2626,0,0,0,0,0,0,0,0,0
15,214,1,523.99,32655,0,0,0,0,0,0,0,0,0,0,0,0,0,0,0,0
15,214,1,523.99,32655,0,0,0,0,0,0,0,0,0,0,0,0,0,0,0,0
15,214,1,523.99,32655,3.498,0,0,0,0,0,0,0,0,0,0,0,0,0,0,0
15,214,1,523.99,32655,0,0,0,0,0,0,0,0,0,0,3.6756,0,0,0,0,0
15,214,1,523.99,32655,0,0,0,0,0,0,0,0,0,0,0,0,0,0,0,0
15,214,1,523.99,32655,0.72347,0,0,0,0,0,0,0,0,0,0,0,0,0,0,0
15,214,1,523.99,32655,0,0,0,0,0,0,0,0,0,0,0,0,0,0,0,0
15,214,1,523.99,32655,0.059607,0,0,0,0,0,0,0,0,0,0,0,0,0,0,0
15,214,1,523.99,32655,4.6824,0,0,0,0,0,0,0,0,0,0,0,0,0,0,0
15,214,1,523.99,32655,0.008333,0,0,0,0,0,0,0,0,0,0,0,0,0,0,0
15,214,1,523.99,32655,0,0,0,0,0,0,0,0,0,0,0,0,0,0,0,0
15,214,1,523.99,32655,1.2816,0,0,0,0,0,0,0,0,0,0,0,0,0,0,0
18,217,1,1169,72853,0,0,0,0,0,0,0,0,0,0,0,0,0,0,0,0
18,217,1,1169,72853,0,0,0,0,0,0,0,0,0,0,0,0,0,0,0,0
18,217,1,1169,72853,0.9997,0,0,0,0,0,0,0,0,0,0,0,0,0,0,0
18,217,1,1169,72853,0.10582,0,0,0,0,0,0,0,0,0,0,0,0,0,0,0
18,217,1,1169,72853,0.25465,0,0,0,0,0,0,0,0,0,0,0,0,0,0,0
18,217,1,1169,72853,0,0,0,0,0,0,0,0,0,0,0,0,0,0,0,0
18,217,1,1169,72853,0,0,0,0,0,0,0,0,0,0,0,0,0,0,0,0
18,217,1,1169,72853,2.8085,0,0,0,0,0,0,0,0,0,0,0,0,0,0,0
18,217,1,1169,72853,0,0,0,0,0,0,0,0,0,0,0,0,0,0,0,0
18,217,1,1169,72853,0,0,0,0,0,0,0,0,0,0,0,0,0,0,0,0
18,217,1,1169,72853,18.773,0,0,0,0,0,0,0,0,0,0,0,0,0,0,0
18,217,1,1169,72853,0,0,0,0,0,0,0,0,0,0,0,0,0,0,0,0
18,217,1,1169,72853,0,0,0,0,0,0,0,0,0,0,0,0,0,0,0,0
18,217,1,1169,72853,3.543,0,0,0,0,0,0,0,0,0,0,0,0,0,0,0
18,217,1,1169,72853,0,0,0,0,0,0,0,0,0,0,0,0,0,0,0,0
18,217,1,1169,72853,0.023853,0,0,0,0,0,0,0,0,0,0,0,0,0,0,0
18,217,1,1169,72853,0.4953,0,0,0,0,0,0,0,0,0,0,0,0,0,0,0
18,217,1,1169,72853,87.471,0,0,0,0,0,0,0,0,0,0,0,0,0,0,0
18,217,1,1169,72853,0,0,0,0,0,0,0,0,0,0,0,0,0,0,0,0
18,217,1,1169,72853,0,0,0,0,0,0,0,0,0,0,0,0,0,0,0,0
18,217,1,1169,72853,0.000156,0,0,0,0,0,0,0,0,0,0,0,0,0,0,0
18,217,1,1169,72853,4.9662,0,0,0,0,0,0,0,0,0,0,0,0,0,0,0
18,217,1,1169,72853,0,0,0,0,0,0,0,0,0,0,0,0,0,0,0,0
18,217,1,1169,72853,0,0,0,0,0,0,0,0,0,0,0,0,0,0,0,0
18,217,1,1169,72853,0,0,0,0,0,0,0,0,0,0,0,0,0,0,0,0
18,217,1,1169,72853,1.1405,0,0,0,0,0,0,0,0,0,0,0,0,0,0,0
18,217,1,1169,72853,3.1757,0,0,0,0,0,0,0,0,0,0,0,0,0,0,0
18,217,1,1169,72853,0.067503,0,0,0,0,0,0,0,0,0,0,0,0,0,0,0
18,217,1,1169,72853,0.77803,0,0,0,0,0,0,0,0,0,0,0,0,0,0,0
18,217,1,1169,72853,0,0,0,0,0,0,0,0,0,0,0,0,0,0,0,0
18,217,1,1169,72853,0,0,0,0,0,0,0,0,0,0,0,0,0,0,0,0
18,217,1,1169,72853,0.07618,0,0,0,0,0,0,0,0,0,0,0,0,0,0,0
18,217,1,1169,72853,0.58641,0,0,0,0,0,0,0,0,0,0,0,0,0,0,0
18,217,1,1169,72853,0.78534,0,0,0,0,0,0,0,0,0,0,0,0,0,0,0
18,217,1,1169,72853,0,0,0,0,0,0,0,0,0,0,0,0,0,0,0,0
18,217,1,1169,72853,0.26861,0,0,0,0,0,0,0,0,0,0,0,0,0,0,0
18,217,1,1169,72853,0,0,0,0,0,0,0,0,0,0,0,0,0,0,0,0
18,217,1,1169,72853,0,0,0,0,0,0,0,0,0,0,0,0,0,0,0,0
18,217,1,1169,72853,0,0,0,0,0,0,0,0,0,0,9.2128,0,0,0,0,0
18,217,1,1169,72853,0,0,0,0,0,0,0,0,0,0,0,0,0,0,0,0
18,217,1,1169,72853,0.18036,0,0,0,0,0,0,0,0,0,0,0,0,0,0,0
18,217,1,1169,72853,0.28707,0,0,0,0,0,0,0,0,0,0,0,0,0,0,0
18,217,1,1169,72853,0,0,0,0,0,0,0,0,0,0,0,0,0,0,0,0
18,217,1,1169,72853,13.441,0,0,0,0,0,0,0,0,0,0,0,0,0,0,0
18,217,1,1169,72853,19.35,0,0,0,0,0,0,0,0,0,0,0,0,0,0,0
18,217,1,1169,72853,5.6939,0,0,0,0,0,0,0,0,0,0,0,0,0,0,0
18,217,1,1169,72853,0,0,0,0,0,0,0,0,0,0,0,0,0,0,0,0
18,217,1,1169,72853,0,0,0,0,0,0,0,0,0,0,0,0,0,0,0,0
18,217,1,1169,72853,0.14368,0,0,0,0,0,0,0,0,0,0,0,0,0,0,0
18,217,1,1169,72853,0.0091291,0,0,0,0,0,0,0,0,0,0,0,0,0,0,0
18,217,1,1169,72853,0.50995,0,0,0,0,0,0,0,0,0,0,0,0,0,0,0
18,217,1,1169,72853,1.9329,0,0,0,0,0,0,0,0,0,0,0,0,0,0,0
18,217,1,1169,72853,0,0,0,0,0,0,0,0,0,0,0,0,0,0,0,0
18,217,1,1169,72853,0,0,0,0,0,0,0,0,0,0,0,0,0,0,0,0
18,217,1,1169,72853,6.6367,0,0,0,0,0,0,0,0,0,0,0,0,0,0,0
18,217,1,1169,72853,0,0,0,0,0,0,0,0,0,0,0,0,0,0,0,0
18,217,1,1169,72853,0,0,0,0,0,0,0.13028,0,0,0,0,0,0,0,0,0
18,217,1,1169,72853,2.5165,0,0,0,0,0,0,0,0,0,0,0,0,0,0,0
18,217,1,1169,72853,0,0,0,0,0,0,0,0,0,0,0,0,0,0,0,0
18,217,1,1169,72853,0,0,0,0,0,0,0,0,0,0,0,0,0,0,0,0
18,217,1,1169,72853,36.72,0,0,0,0,0,0,0,0,0,0,0,0,0,0,0
18,217,1,1169,72853,0.26861,0,0,0,0,0,0,0,0,0,0,0,0,0,0,0
18,217,1,1169,72853,0,0,0,0,0,0,0,0,0,0,0,0,0,0,0,0
18,217,1,1169,72853,4.0463,0,0,0,0,0,0,0,0,0,0,0,0,0,0,0
18,217,1,1169,72853,0,0,0,0,0,0,0,0,0,0,0,0,0,0,0,0
18,217,1,1169,72853,2.9599,0,0,0,0,0,0,0,0,0,0,0,0,0,0,0
18,217,1,1169,72853,6.4037,0,0,0,0,0,0,0,0,0,0,0,0,0,0,0
18,217,1,1169,72853,0.008333,0,0,0,0,0,0,0,0,0,0,0,0,0,0,0
18,217,1,1169,72853,0,0,0,0,0,0,0,0,0,0,0,0,0,0,0,0
18,217,1,1169,72853,0.77798,0,0,0,0,0,0,0,0,0,0,0,0,0,0,0
21,220,1,2951.7,1.8395e+05,0.12439,0,0,0,0,0,0,0,0,0,0,0,0,0,0,0
21,220,1,2951.7,1.8395e+05,0.87468,0,0,0,0,0,0,0,0,0,0,0,0,0,0,0
21,220,1,2951.7,1.8395e+05,11.935,0,0,0,0,0,0,0,0,0,0,0,0,0,0,0
21,220,1,2951.7,1.8395e+05,31.318,0,0,0,0,0,0,0,0,0,0,0,0,0,0,0
21,220,1,2951.7,1.8395e+05,0,0,0,0,0,0,0,0,0,0,0,0,0,0,0,0
21,220,1,2951.7,1.8395e+05,0.096392,0,0,0,0,0,0,0,0,0,0,0,0,0,0,0
21,220,1,2951.7,1.8395e+05,8.6897,0,0,0,0,0,0,0,0,0,0,0,0,0,0,0
21,220,1,2951.7,1.8395e+05,0,0,0,0,0,0,0.008333,0,0,0,0,0,0,0,0,0
21,220,1,2951.7,1.8395e+05,0.52377,0,0,0,0,0,0,0,0,0,0,0,0,0,0,0
21,220,1,2951.7,1.8395e+05,0,0,0,0,0,0,0,0,0,0,0,0,0,0,0,0
21,220,1,2951.7,1.8395e+05,0,0,0,0,0,0,0,0,0,0,0,0,0,0,0,0
21,220,1,2951.7,1.8395e+05,0.2912,0,0,0,0,0,0,0,0,0,0,0,0,0,0,0
21,220,1,2951.7,1.8395e+05,5e-06,0,0,0,0,0,0,0,0,0,0,0,0,0,0,0
21,220,1,2951.7,1.8395e+05,4.915,0,0,0,0,0,0,0,0,0,0,0,0,0,0,0
21,220,1,2951.7,1.8395e+05,0.008853,0,0,0,0,0,0,0,0,0,0,0,0,0,0,0
21,220,1,2951.7,1.8395e+05,4.3914,0,0,0,0,0,0,0,0,0,0,0,0,0,0,0
21,220,1,2951.7,1.8395e+05,3.6007,0,0,0,0,0,0,0,0,0,0,0,0,0,0,0
21,220,1,2951.7,1.8395e+05,4.2339,0,0,0,0,0,0,0,0,0,0,0,0,0,0,0
21,220,1,2951.7,1.8395e+05,0,0,0,0,0,0,0,0,0,0,0,0,0,0,0,0
21,220,1,2951.7,1.8395e+05,3.4098,0,0,0,0,0,0,0,0,0,0,0,0,0,0,0
21,220,1,2951.7,1.8395e+05,1.3467,0,0,0,0,0,0,0,0,0,0,0,0,0,0,0
21,220,1,2951.7,1.8395e+05,0.060015,0,0,0,0,0,0,0,0,0,0,0,0,0,0,0
21,220,1,2951.7,1.8395e+05,0.21552,0,0,0,0,0,0,0,0,0,0,0,0,0,0,0
21,220,1,2951.7,1.8395e+05,5.2166,0,0,0,0,0,0,0,0,0,0,0,0,0,0,0
21,220,1,2951.7,1.8395e+05,0,0,0,0,0,0,0,0,0,0,0,0,0,0,0,0
21,220,1,2951.7,1.8395e+05,2.8085,0,0,0,0,0,0,0,0,0,0,0,0,0,0,0
21,220,1,2951.7,1.8395e+05,0.024767,0,0,0,0,0,0,0,0,0,0,0,0,0,0,0
21,220,1,2951.7,1.8395e+05,0.73992,0,0,0,0,0,0,0,0,0,0,0,0,0,0,0
21,220,1,2951.7,1.8395e+05,0,0,0,0,0,0,0,0,0,0,0,0,0,0,0,0
21,220,1,2951.7,1.8395e+05,12.924,0,0,0,0,0,0,0,0,0,0,0,0,0,0,0
21,220,1,2951.7,1.8395e+05,0,0,0,0,0,0,0,0,0,0,0,0,0,0,0,0
21,220,1,2951.7,1.8395e+05,0,0,0,0,0,0,0,0,0,0,0,0,0,0,0,0
21,220,1,2951.7,1.8395e+05,0,0,0,0,0,0,0,0,0,0,0,0,0,0,0,0
21,220,1,2951.7,1.8395e+05,0.69094,0,0,0,0,0,0,0,0,0,0,0,0,0,0,0
21,220,1,2951.7,1.8395e+05,0.003558,0,0,0,0,0,0,0,0,0,0,0,0,0,0,0
21,220,1,2951.7,1.8395e+05,0,0,0,0,0,0,0,0,0,0,0,0,0,0,0,0
21,220,1,2951.7,1.8395e+05,2.2051,0,0,0,0,0,0,0,0,0,0,0,0,0,0,0
21,220,1,2951.7,1.8395e+05,0.007439,0,0,0,0,0,0,0,0,0,0,0,0,0,0,0
21,220,1,2951.7,1.8395e+05,0.12503,0,0,0,0,0,0,0,0,0,0,0,0,0,0,0
21,220,1,2951.7,1.8395e+05,4.9127,0,0,0,0,0,0,0,0,0,0,0,0,0,0,0
21,220,1,2951.7,1.8395e+05,0.024767,0,0,0,0,0,0,0,0,0,0,0,0,0,0,0
21,220,1,2951.7,1.8395e+05,0,0,0,0,0,0,0,0,0,0,0,0,0,0,0,0
21,220,1,2951.7,1.8395e+05,0.099115,0,0,0,0,0,0,0,0,0,0,0,0,0,0,0
21,220,1,2951.7,1.8395e+05,4.0463,0,0,0,0,0,0,0,0,0,0,0,0,0,0,0
21,220,1,2951.7,1.8395e+05,0.78534,0,0,0,0,0,0,0,0,0,0,0,0,0,0,0
21,220,1,2951.7,1.8395e+05,0,0,0,0,0,0,0,0,0,0,0,0,0,0,0,0
21,220,1,2951.7,1.8395e+05,0,0,0,0,0,0,0,0,0,0,0,0,0,0,0,0
21,220,1,2951.7,1.8395e+05,0,0,0,0,0,0,0,0,0,0,0,0,0,0,0,0
21,220,1,2951.7,1.8395e+05,6.5077,0,0,0,0,0,0,0,0,0,0,0,0,0,0,0
21,220,1,2951.7,1.8395e+05,0,0,0,0,0,0,0,0,0,0,0,0,0,0,0,0
21,220,1,2951.7,1.8395e+05,5.4792,0,0,0,0,0,0.13028,0,0,0,0.050576,0,0,0,0,0
21,220,1,2951.7,1.8395e+05,0,0,0,0,0,0,0,0,0,0,0,0,0,0,0,0
21,220,1,2951.7,1.8395e+05,0.8402,0,0,0,0,0,0,0,0,0,0,0,0,0,0,0
21,220,1,2951.7,1.8395e+05,20.189,0,0,0,0,0,0,0,0,0,0,0,0,0,0,0
21,220,1,2951.7,1.8395e+05,0,0,0,0,0,0,0,0,0,0,0,0,0,0,0,0
21,220,1,2951.7,1.8395e+05,0.69094,0,0,0,0,0,0,0,0,0,0,0,0,0,0,0
21,220,1,2951.7,1.8395e+05,0,0,0,0,0,0,0,0,0,0,0,0,0,0,0,0
21,220,1,2951.7,1.8395e+05,2.3015,0,0,0,0,0,0,0,0,0,0,0,0,0,0,0
21,220,1,2951.7,1.8395e+05,0,0,0,0,0,0,0,0,0,0,0,0,0,0,0,0
21,220,1,2951.7,1.8395e+05,0,0,0,0,0,0,0,0,0,0,0,0,0,0,0,0
21,220,1,2951.7,1.8395e+05,0,0,0,0,0,0,0,0,0,0,0,0,0,0,0,0
21,220,1,2951.7,1.8395e+05,0.92699,0,0,0,0,0,0,0,0,0,0,0,0,0,0,0
21,220,1,2951.7,1.8395e+05,0,0,0,0,0,0,0,0,0,0,0,0,0,0,0,0
21,220,1,2951.7,1.8395e+05,2.121,0,0,0,0,0,0,0,0,0,0,0,0,0,0,0
21,220,1,2951.7,1.8395e+05,0.79978,0,0,0,0,0,0,0,0,0,0,0,0,0,0,0
21,220,1,2951.7,1.8395e+05,0.17222,0,0,0,0,0,0,0,0,0,0,0,0,0,0,0
21,220,1,2951.7,1.8395e+05,0.9997,0,0,0,0,0,0,0,0,0,0,0,0,0,0,0
21,220,1,2951.7,1.8395e+05,31.235,0,0,0,0,0,0,0,0,0,0,0,0,0,0,0
21,220,1,2951.7,1.8395e+05,0,0,0,0,0,0,0,0,0,0,0,0,0,0,0,0
21,220,1,2951.7,1.8395e+05,0,0,0,0,0,0,0,0,0,0,0,0,0,0,0,0
21,220,1,2951.7,1.8395e+05,0.003101,0,0,0,0,0,0,0,0,0,0,0,0,0,0,0
21,220,1,2951.7,1.8395e+05,0,0,0,0,0,0,0,0,0,0,0,0,0,0,0,0
21,220,1,2951.7,1.8395e+05,36.72,0,0,0,0,0,0,0,0,0,0,0,0,0,0,0
21,220,1,2951.7,1.8395e+05,0.32892,0,0,0,0,0,0,0,0,0,0,0,0,0,0,0
21,220,1,2951.7,1.8395e+05,0.11648,0,0,0,0,0,0,0,0,0,0,0,0,0,0,0
21,220,1,2951.7,1.8395e+05,40.025,0,0,0,0,0,0,0,0,0,0,0,0,0,0,0
21,220,1,2951.7,1.8395e+05,0,0,0,0,0,0,0,0,0,0,0,0,0,0,0,0
21,220,1,2951.7,1.8395e+05,5.6819,0,0,0,0,0,0,0,0,0,0,0,0,0,0,0
21,220,1,2951.7,1.8395e+05,0.99237,0,0,0,0,0,0,0,0,0,0,0,0,0,0,0
24,223,1,12254,7.6366e+05,0,0,0,0,0,0,0,0,0,0,0,0,0,0,0,0
24,223,1,12254,7.6366e+05,0,0,0,0,0,0,0,0,0,0,0,0,0,0,0,0
24,223,1,12254,7.6366e+05,0,0,0,0,0,0,0,0,0,0,0,0,0,0,0,0
24,223,1,12254,7.6366e+05,0,0,0,0,0,0,0,0,0,0,0,0,0,0,0,0
24,223,1,12254,7.6366e+05,0,0,0,0,0,0,0,0,0,0,0,0,0,0,0,0
27,226,1,40470,2.522e+06,0,0,0,0,0,0,0,0,0,0,0,0,0,0,0,0
27,226,1,40470,2.522e+06,2.593,0,0,0,0,0,0,0,0,0,0,0,0,0,0,0
27,226,1,40470,2.522e+06,0.008333,0,0,0,0,0,0,0,0,0,0,0,0,0,0,0
27,226,1,40470,2.522e+06,1.2849,0,0,0,0,0,0,0,0,0,0,0,0,0,0,0
27,226,1,40470,2.522e+06,0,0,0,0,0,0,0,0,0,0,0,0,0,0,0,0
27,226,1,40470,2.522e+06,0.15803,0,0,0,0,0,0,0,0,0,0,0,0,0,0,0
27,226,1,40470,2.522e+06,4.441,0,0,0,0,0,0,0,0,0,0,0,0,0,0,0
27,226,1,40470,2.522e+06,0,0,0,0,0,0,0,0,0,0,0,0,0,0,0,0
36,235,1,49.52,3086,0,0,0,0,0,0,0,0,0,0,0,0,0,0,0,0
36,235,1,49.52,3086,0,0,0,0,0,0,7.1367,0,0,0,0,0,0,0,0,0
36,235,1,49.52,3086,0.48546,0,0,0,0,0,0,0,0,0,0,0,0,0,0,0
36,235,1,49.52,3086,4.208,0,0,0,0,0,0.059897,0,0,0,0,0,0,0,0,0
36,235,1,49.52,3086,0,0,0,0,0,0,0,0,0,0,0,0,0,0,0,0
36,235,1,49.52,3086,0,0,0,0,0,0,0,0,0,0,0,0,0,0,0,0
39,238,1,136.4,8500.1,0,0,0,0,0,0,0,0,0,0,0,0,0,0,0,0
39,238,1,136.4,8500.1,0,0,0,0,0,0,0,0,0,0,0,0,0,0,0,0
39,238,1,136.4,8500.1,0,0,0,0,0,0,0,0,0,0,0,0,0,0,0,0
39,238,1,136.4,8500.1,6.0466,0,0,0,0,0,0,0,0,0,0,0,0,0,0,0
39,238,1,136.4,8500.1,0.48905,0,0,0,0,0,0,0,0,0,0,0,0,0,0,0
39,238,1,136.4,8500.1,0,0,0,0,0,0,0,0,0,0,0,0,0,0,0,0
39,238,1,136.4,8500.1,0.083044,0,0,0,0,0,0,0,0,0,0,0,0,0,0,0
39,238,1,136.4,8500.1,0.27732,0,0,0,0,0,0,0,0,0,0,0,0,0,0,0
39,238,1,136.4,8500.1,0,0,0,0,0,0,0,0,0,0,0,0,0,0,0,0
42,241,1,234.58,14619,0.79246,0,0,0,0,0,0,0,0,0,0,0,0,0,0,0
42,241,1,234.58,14619,11.935,0,0,0,0,0,0,0,0,0,0,0,0,0,0,0
42,241,1,234.58,14619,0.17698,0,0,0,0,0,0,0,0,0,0,0,0,0,0,0
42,241,1,234.58,14619,0.01285,0,0,0,0,0,0,0,0,0,0,0,0,0,0,0
42,241,1,234.58,14619,3.543,0,0,0,0,0,0,0,0,0,0,0,0,0,0,0
42,241,1,234.58,14619,0,0,0,0,0,0,0,0,0,0,0,0,0,0,0,0
42,241,1,234.58,14619,2.5165,0,0,0,0,0,0,0,0,0,0,0,0,0,0,0
42,241,1,234.58,14619,5.9982,0,0,0,0,0,0,0,0,0,0,0,0,0,0,0
42,241,1,234.58,14619,0.50995,0,0,0,0,0,0,0,0,0,0,0,0,0,0,0
42,241,1,234.58,14619,0,0,0,0,0,0,0,0,0,0,0,0,0,0,0,0
42,241,1,234.58,14619,0.008333,0,0,0,0,0,0,0,0,0,0,0,0,0,0,0
42,241,1,234.58,14619,0.10047,0,0,0,0,0,0,0,0,0,0,0,0,0,0,0
42,241,1,234.58,14619,0.067503,0,0,0,0,0,0,0,0,0,0,0,0,0,0,0
42,241,1,234.58,14619,0.020787,0,0,0,0,0,0,0,0,0,0,0,0,0,0,0
42,241,1,234.58,14619,0.008335,0,0,0,0,0,0,0,0,0,0,0,0,0,0,0
42,241,1,234.58,14619,0.11949,0,0,0,0,0,0,0,0,0,0,0,0,0,0,0
42,241,1,234.58,14619,0,0,0,0,0,0,0,0,0,0,0,0,0,0,0,0
42,241,1,234.58,14619,8.1728,0,0,0,0,0,0.42744,0,0,0,0,0,0,0,0,0
45,244,1,559.04,34839,0.13821,0,0,0,0,0,0,0,0,0,0,0,0,0,0,0
45,244,1,559.04,34839,4.6252,0,0,0,0,0,0,0,0,0,0,0,0,0,0,0
45,244,1,559.04,34839,0,0,0,0,0,0,0,0,0,0,0,0,0,0,0,0
45,244,1,559.04,34839,0.010116,0,0,0,0,0,0,0,0,0,0,0,0,0,0,0
45,244,1,559.04,34839,0.14366,0,0,0,0,0,0,0,0,0,0,0,0,0,0,0
45,244,1,559.04,34839,0,0,0,0,0,0,0,0,0,0,0,0,0,0,0,0
45,244,1,559.04,34839,2.8503,0,0,0,0,0,0,0,0,0,0,0,0,0,0,0
45,244,1,559.04,34839,17.495,0,0,0,0,0,0,0,0,0,0,0,0,0,0,0
45,244,1,559.04,34839,0,0,0,0,0,0,0,0,0,0,0,0,0,0,0,0
45,244,1,559.04,34839,0,0,0,0,0,0,0,0,0,0,0,0,0,0,0,0
45,244,1,559.04,34839,0,0,0,0,0,0,0,0,0,0,0,0,0,0,0,0
45,244,1,559.04,34839,2.0064,0,0,0,0,0,0,0,0,0,0,0,0,0,0,0
45,244,1,559.04,34839,0.046334,0,0,0,0,0,0,0,0,0,0,0,0,0,0,0
45,244,1,559.04,34839,0.77612,0,0,0,0,0,0,0,0,0,0,0,0,0,0,0
45,244,1,559.04,34839,0,0,0,0,0,0,0,0,0,0,0.050576,0,0,0,0,0
45,244,1,559.04,34839,3.2558,0,0,0,0,0,0,0,0,0,0,0,0,0,0,0
45,244,1,559.04,34839,0,0,0,0,0,0,0,0,0,0,0,0,0,0,0,0
45,244,1,559.04,34839,0.0048925,0,0,0,0,0,0,0,0,0,0,0,0,0,0,0
45,244,1,559.04,34839,8.6697,0,0,0,0,0,0,0,0,0,0,0,0,0,0,0
45,244,1,559.04,34839,1.6522,0,0,0,0,0,0,0,0,0,0,0,0,0,0,0
45,244,1,559.04,34839,2.9236,0,0,0,0,0,0,0,0,0,0,0,0,0,0,0
45,244,1,559.04,34839,0.008335,0,0,0,0,0,0,0,0,0,0,0,0,0,0,0
45,244,1,559.04,34839,0.78534,0,0,0,0,0,0,0,0,0,0,0,0,0,0,0
45,244,1,559.04,34839,0.92173,0,0,0,0,0,0,0,0,0,0,0,0,0,0,0
45,244,1,559.04,34839,3.1291,0,0,0,0,0,0,0,0,0,0,0,0,0,0,0
45,244,1,559.04,34839,0.2912,0,0,0,0,0,0.13028,0,0,0,0,0,0,0,0,0
45,244,1,559.04,34839,1.9064,0,0,0,0,0,0,0,0,0,0,0,0,0,0,0
45,244,1,559.04,34839,0,0,0,0,0,0,0,0,0,0,0,0,0,0,0,0
45,244,1,559.04,34839,0,0,0,0,0,0,0,0,0,0,0,0,0,0,0,0
45,244,1,559.04,34839,0,0,0,0,0,0,0,0,0,0,0,0,0,0,0,0
45,244,1,559.04,34839,0,0,0,0,0,0,0,0,0,0,0,0,0,0,0,0
45,244,1,559.04,34839,0.017034,0,0,0,0,0,0,0,0,0,0,0,0,0,0,0
45,244,1,559.04,34839,40.025,0,0,0,0,0,0,0,0,0,0,0,0,0,0,0
45,244,1,559.04,34839,0.73731,0,0,0,0,0,0,0,0,0,0,0,0,0,0,0
45,244,1,559.04,34839,6.1554,0,0,0,0,0,0,0,0,0,0,0,0,0,0,0
45,244,1,559.04,34839,0,0,0,0,0,0,0,0,0,0,0,0,0,0,0,0
45,244,1,559.04,34839,0.35341,0,0,0,0,0,0,0,0,0,0,0,0,0,0,0
45,244,1,559.04,34839,0,0,0,0,0,0,0,0,0,0,0,0,0,0,0,0
45,244,1,559.04,34839,37.744,0,0,0,0,0,0,0,0,0,0,0,0,0,0,0
48,247,1,1190.7,74204,0.77766,0,0,0,0,0,0,0,0,0,0,0,0,0,0,0
48,247,1,1190.7,74204,0,0,0,0,0,0,0,0,0,0,0,0,0,0,0,0
48,247,1,1190.7,74204,0.88978,0,0,0,0,0,0,0,0,0,0,0,0,0,0,0
48,247,1,1190.7,74204,0.014916,0,0,0,0,0,0,0,0,0,0,0,0,0,0,0
48,247,1,1190.7,74204,14.806,0,0,0,0,0,0,0,0,0,0,0,0,0,0,0
48,247,1,1190.7,74204,0.027903,0,0,0,0,0,0,0,0,0,0,0,0,0,0,0
48,247,1,1190.7,74204,0,0,0,0,0,0,0,0,0,0,0,0,0,0,0,0
48,247,1,1190.7,74204,0.77684,0,0,0,0,0,0,0,0,0,0,0,0,0,0,0
48,247,1,1190.7,74204,0.060015,0,0,0,0,0,0,0,0,0,0.24058,0,0,0,0,0
48,247,1,1190.7,74204,0.043931,0,0,0,0,0,0,0,0,0,0,0,0,0,0,0
48,247,1,1190.7,74204,0,0,0,0,0,0,0,0,0,0,0,0,0,0,0,0
48,247,1,1190.7,74204,0.032756,0,0,0,0,0,0,0,0,0,0,0,0,0,0,0
48,247,1,1190.7,74204,0,0,0,0,0,0,0,0,0,0,0,0,0,0,0,0
48,247,1,1190.7,74204,0.19579,0,0,0,0,0,0,0,0,0,0,0,0,0,0,0
48,247,1,1190.7,74204,36.72,0,0,0,0,0,0,0,0,0,0,0,0,0,0,0
48,247,1,1190.7,74204,0,0,0,0,0,0,0,0,0,0,0,0,0,0,0,0
48,247,1,1190.7,74204,0.01285,0,0,0,0,0,0,0,0,0,0,0,0,0,0,0
48,247,1,1190.7,74204,7.0102,0,0,0,0,0,0,0,0,0,0,0,0,0,0,0
48,247,1,1190.7,74204,0,0,0,0,0,0,0,0,0,0,0,0,0,0,0,0
48,247,1,1190.7,74204,15.591,0,0,0,0,0,0,0,0,0,0,0,0,0,0,0
48,247,1,1190.7,74204,0.71549,0,0,0,0,0,0,0,0,0,0,0,0,0,0,0
48,247,1,1190.7,74204,0,0,0,0,0,0,0,0,0,0,0,0,0,0,0,0
48,247,1,1190.7,74204,0,0,0,0,0,0,0,0,0,0,0,0,0,0,0,0
48,247,1,1190.7,74204,87.471,0,0,0,0,0,0,0,0,0,0,0,0,0,0,0
48,247,1,1190.7,74204,0,0,0,0,0,0,0,0,0,0,0,0,0,0,0,0
48,247,1,1190.7,74204,1.0332,0,0,0,0,0,0,0,0,0,0,0,0,0,0,0
48,247,1,1190.7,74204,0.12623,0,0,0,0,0,0,0,0,0,0,0,0,0,0,0
48,247,1,1190.7,74204,10.592,0,0,0,0,0,0,0,0,0,0,0,0,0,0,0
48,247,1,1190.7,74204,0.29182,0,0,0,0,0,0,0,0,0,0,0,0,0,0,0
48,247,1,1190.7,74204,0.16236,0,0,0,0,0,0,0,0,0,0,0,0,0,0,0
48,247,1,1190.7,74204,0.000425,0,0,0,0,0,0,0,0,0,0,0,0,0,0,0
48,247,1,1190.7,74204,0,0,0,0,0,0,0,0,0,0,0,0,0,0,0,0
48,247,1,1190.7,74204,2.3603,0,0,0,0,0,0,0,0,0,0,0,0,0,0,0
48,247,1,1190.7,74204,0,0,0,0,0,0,0,0,0,0,0,0,0,0,0,0
48,247,1,1190.7,74204,2.2051,0,0,0,0,0,0,0,0,0,0,0,0,0,0,0
48,247,1,1190.7,74204,0.000425,0,0,0,0,0,0,0,0,0,0,0,0,0,0,0
48,247,1,1190.7,74204,0,0,0,0,0,0,0,0,0,0,0,0,0,0,0,0
48,247,1,1190.7,74204,0,0,0,0,0,0,0,0,0,0,0,0,0,0,0,0
48,247,1,1190.7,74204,3.0717,0,0,0,0,0,0,0,0,0,0,0,0,0,0,0
48,247,1,1190.7,74204,0,0,0,0,0,0,0,0,0,0,0,0,0,0,0,0
48,247,1,1190.7,74204,0,0,0,0,0,0,0,0,0,0,0,0,0,0,0,0
48,247,1,1190.7,74204,0,0,0,0,0,0,0,0,0,0,0,0,0,0,0,0
48,247,1,1190.7,74204,0.18208,0,0,0,0,0,0,0,0,0,0,0,0,0,0,0
48,247,1,1190.7,74204,0,0,0,0,0,0,0,0,0,0,0,0,0,0,0,0
48,247,1,1190.7,74204,0.77773,0,0,0,0,0,0,0,0,0,0,0,0,0,0,0
48,247,1,1190.7,74204,2.2051,0,0,0,0,0,0,0,0,0,0,0,0,0,0,0
48,247,1,1190.7,74204,0,0,0,0,0,0,0,0,0,0,0,0,0,0,0,0
48,247,1,1190.7,74204,0.008337,0,0,0,0,0,0,0,0,0,0,0,0,0,0,0
48,247,1,1190.7,74204,0,0,0,0,0,0,0,0,0,0,0,0,0,0,0,0
48,247,1,1190.7,74204,0,0,0,0,0,0,0,0,0,0,0,0,0,0,0,0
48,247,1,1190.7,74204,0,0,0,0,0,0,0,0,0,0,0,0,0,0,0,0
48,247,1,1190.7,74204,0,0,0,0,0,0,0,0,0,0,0,0,0,0,0,0
48,247,1,1190.7,74204,0,0,0,0,0,0,0,0,0,0,0,0,0,0,0,0
48,247,1,1190.7,74204,0,0,0,0,0,0,0,0,0,0,0,0,0,0,10.836,0
48,247,1,1190.7,74204,0.29998,0,0,0,0,0,0,0,0,0,0,0,0,0,0,0
48,247,1,1190.7,74204,0.065742,0,0,0,0,0,0,0,0,0,0,0,0,0,0,0
48,247,1,1190.7,74204,23.278,0,0,0,0,0,0,0,0,0,0,0,0,0,0,0
48,247,1,1190.7,74204,0,0,0,0,0,0,0,0,0,0,0,0,0,0,0,0
48,247,1,1190.7,74204,0.61797,0,0,0,0,0,0,0,0,0,0,0,0,0,0,0
48,247,1,1190.7,74204,0.091229,0,0,0,0,0,0,0,0,0,0,0,0,0,0,0
48,247,1,1190.7,74204,0,0,0,0,0,0,0,0,0,0,0,0,0,0,0,0
48,247,1,1190.7,74204,0,0,0,0,0,0,0,0,0,0,0,0,0,0,0,0
51,250,1,3577.1,2.2292e+05,0,0,0,0,0,0,0,0,0,0,0,0,0,0,0,0
51,250,1,3577.1,2.2292e+05,0.0015575,0,0,0,0,0,0,0,0,0,0,0,0,0,0,0
51,250,1,3577.1,2.2292e+05,0,0,0,0,0,0,0,0,0,0,0,0,0,0,0,0
51,250,1,3577.1,2.2292e+05,0.96862,0,0,0,0,0,0,0,0,0,0,0,0,0,0,0
51,250,1,3577.1,2.2292e+05,0.29998,0,0,0,0,0,0,0,0,0,0,0,0,0,0,0
51,250,1,3577.1,2.2292e+05,0,0,0,0,0,0,0,0,0,0,0,0,0,0,0,0
51,250,1,3577.1,2.2292e+05,0.85746,0,0,0,0,0,0,0,0,0,0,0,0,0,0,0
51,250,1,3577.1,2.2292e+05,0.011884,0,0,0,0,0,0,0,0,0,0,0,0,0,0,0
51,250,1,3577.1,2.2292e+05,0,0,0,0,0,0,0,0,0,0,0,0,0,0,0,0
51,250,1,3577.1,2.2292e+05,0.28707,0,0,0,0,0,0,0,0,0,0,0,0,0,0,0
51,250,1,3577.1,2.2292e+05,0.29369,0,0,0,0,0,0,0,0,0,0,0,0,0,0,0
51,250,1,3577.1,2.2292e+05,3.2182,0,0,0,0,0,0,0,0,0,0,0,0,0,0,0
51,250,1,3577.1,2.2292e+05,20.189,0,0,0,0,0,0,0,0,0,0,0,0,0,0,0
51,250,1,3577.1,2.2292e+05,7.5309,0,0,0,0,0,0,0,0,0,0,0,0,0,0,0
51,250,1,3577.1,2.2292e+05,0.9997,0,0,0,0,0,0,0,0,0,0,0,0,0,0,0
51,250,1,3577.1,2.2292e+05,0.053288,0,0,0,0,0,0,0,0,0,0,0,0,0,0,0
51,250,1,3577.1,2.2292e+05,5.4009,0,0,0,0,0,0,0,0,0,0,0,0,0,0,0
51,250,1,3577.1,2.2292e+05,0,0,0,0,0,0,0,0,0,0,0,0,0,0,0,0
51,250,1,3577.1,2.2292e+05,0,0,0,0,0,0,0,0,0,0,0,0,0,0,0,0
51,250,1,3577.1,2.2292e+05,0,0,0,0,0,0,0,0,0,0,0,0,0,0,0,0
51,250,1,3577.1,2.2292e+05,0,0,0,0,0,0,0,0,0,0,0,0,0,0,0,0
51,250,1,3577.1,2.2292e+05,0.34102,0,0,0,0,0,0,0,0,0,0,0,0,0,0,0
51,250,1,3577.1,2.2292e+05,0,0,0,0,0,0,0,0,0,0,0,0,0,0,0,0
51,250,1,3577.1,2.2292e+05,0,0,0,0,0,0,0,0,0,0,0,0,0,0,0,0
51,250,1,3577.1,2.2292e+05,0,0,0,0,0,0,0,0,0,0,0,0,0,0,0,0
51,250,1,3577.1,2.2292e+05,0.1035,0,0,0,0,0,0,0,0,0,0,0,0,0,0,0
51,250,1,3577.1,2.2292e+05,0,0,0,0,0,0,0,0,0,0,0,0,0,0,0,0
51,250,1,3577.1,2.2292e+05,0,0,0,0,0,0,0,0,0,0,0,0,0,0,0,0
51,250,1,3577.1,2.2292e+05,0.61089,0,0,0,0,0,0,0,0,0,0,0,0,0,0,0
51,250,1,3577.1,2.2292e+05,0.77798,0,0,0,0,0,0,0,0,0,0,0,0,0,0,0
51,250,1,3577.1,2.2292e+05,0,0,0,0,0,0,0,0,0,0,0,0,0,0,0,0
51,250,1,3577.1,2.2292e+05,0,0,0,0,0,0,0,0,0,0,0,0,0,0,0,0
51,250,1,3577.1,2.2292e+05,0,0,0,0,0,0,0,0,0,0,0,0,0,0,0,0
51,250,1,3577.1,2.2292e+05,1.4604,0,0,0,0,0,0,0,0,0,0,0,0,0,0,0
51,250,1,3577.1,2.2292e+05,0.026505,0,0,0,0,0,0,0,0,0,0,0,0,0,0,0
51,250,1,3577.1,2.2292e+05,0,0,0,0,0,0,0,0,0,0,0,0,0,0,0,0
51,250,1,3577.1,2.2292e+05,0,0,0,0,0,0,0.13028,0,0,0,0,0,0,0,0,0
51,250,1,3577.1,2.2292e+05,6.2491,0,0,0,0,0,0,0,0,0,0,0,0,0,0,0
51,250,1,3577.1,2.2292e+05,0.66199,0,0,0,0,0,0,0,0,0,0,0,0,0,0,0
51,250,1,3577.1,2.2292e+05,1.1883,0,0,0,0,0,0,0,0,0,0,0,0,0,0,0
51,250,1,3577.1,2.2292e+05,0,0,0,0,0,0,0,0,0,0,0,0,0,0,0,0
51,250,1,3577.1,2.2292e+05,0,0,0,0,0,0,0,0,0,0,0,0,0,0,0,0
51,250,1,3577.1,2.2292e+05,7.5309,0,0,0,0,0,0,0,0,0,0,0,0,0,0,0
51,250,1,3577.1,2.2292e+05,0.67829,0,0,0,0,0,0,0,0,0,0,0,0,0,0,0
51,250,1,3577.1,2.2292e+05,0.26195,0,0,0,0,0,0,0,0,0,0,0,0,0,0,0
51,250,1,3577.1,2.2292e+05,0.30628,0,0,0,0,0,0,0,0,0,0,0,0,0,0,0
51,250,1,3577.1,2.2292e+05,0.55517,0,0,0,0,0,0,0,0,0,0,0,0,0,0,0
51,250,1,3577.1,2.2292e+05,0.014916,0,0,0,0,0,0,0,0,0,0,0,0,0,0,0
51,250,1,3577.1,2.2292e+05,1.6736,0,0,0,0,0,0,0,0,0,0,0,0,0,0,0
51,250,1,3577.1,2.2292e+05,0,0,0,0,0,0,0,0,0,0,0,0,0,0,0,0
51,250,1,3577.1,2.2292e+05,0,0,0,0,0,0,0,0,0,0,0,0,0,0,0,0
51,250,1,3577.1,2.2292e+05,0,0,0,0,0,0,0,0,0,0,0,0,0,0,0,0
51,250,1,3577.1,2.2292e+05,4.9662,0,0,0,0,0,0,0,0,0,0,0,0,0,0,0
51,250,1,3577.1,2.2292e+05,0.008333,0,0,0,0,0,0,0,0,0,0,0,0,0,0,0
51,250,1,3577.1,2.2292e+05,7.96,0,0,0,0,0,0,0,0,0,0,0,0,0,0,0
51,250,1,3577.1,2.2292e+05,0,0,0,0,0,0,0,0,0,0,0,0,0,0,0,0
51,250,1,3577.1,2.2292e+05,0,0,0,0,0,0,0,0,0,0,0,0,0,0,0,0
51,250,1,3577.1,2.2292e+05,0,0,0,0,0,0,0,0,0,0,0,0,0,0,0,0
51,250,1,3577.1,2.2292e+05,0.38448,0,0,0,0,0,0,0,0,0,0,0,0,0,0,0
51,250,1,3577.1,2.2292e+05,0,0,0,0,0,0,0,0,0,0,0,0,0,0,0,0
51,250,1,3577.1,2.2292e+05,23.96,0,0,0,0,0,0,0,0,0,0,0,0,0,0,0
51,250,1,3577.1,2.2292e+05,0,0,0,0,0,0,0,0,0,0,0,0,0,0,0,0
51,250,1,3577.1,2.2292e+05,0.001218,0,0,0,0,0,0,0,0,0,0,0,0,0,0,0
51,250,1,3577.1,2.2292e+05,21.574,0,0,0,0,0,0,0,0,0,0,0,0,0,0,0
51,250,1,3577.1,2.2292e+05,0.26861,0,0,0,0,0,0,0,0,0,0,0,0,0,0,0
51,250,1,3577.1,2.2292e+05,0.000491,0,0,0,0,0,0,0,0,0,0,0,0,0,0,0
51,250,1,3577.1,2.2292e+05,10.263,0,0,0,0,0,0,0,0,0,0,0,0,0,0,0
51,250,1,3577.1,2.2292e+05,9.9182,0,0,0,0,0,0,0,0,0,0,0,0,0,0,0
51,250,1,3577.1,2.2292e+05,3.256,0,0,0,0,0,0,0,0,0,0,0,0,0,0,0
51,250,1,3577.1,2.2292e+05,1.6182,0,0,0,0,0,0,0,0,0,0,0,0,0,0,0
51,250,1,3577.1,2.2292e+05,0,0,0,0,0,0,0,0,0,0,0,0,0,0,0,0
51,250,1,3577.1,2.2292e+05,0,0,0,0,0,0,0,0,0,0,0,0,0,0,0,0
51,250,1,3577.1,2.2292e+05,0.88978,0,0,0,0,0,0,0,0,0,0,0,0,0,0,0
51,250,1,3577.1,2.2292e+05,0,0,0,0,0,0,0,0,0,0,0,0,0,0,0,0
51,250,1,3577.1,2.2292e+05,0,0,0,0,0,0,0,0,0,0,0,0,0,0,0,0
51,250,1,3577.1,2.2292e+05,0,0,0,0,0,0,0,0,0,0,0,0,0,0,0,0
51,250,1,3577.1,2.2292e+05,0,0,0,0,0,0,0,0,0,0,0,0,0,0,0,0
51,250,1,3577.1,2.2292e+05,0.001218,0,0,0,0,0,0,0,0,0,0,0,0,0,0,0
51,250,1,3577.1,2.2292e+05,0.24703,0,0,0,0,0,0,0,0,0,0,0,0,0,0,0
51,250,1,3577.1,2.2292e+05,0.77612,0,0,0,0,0,0,0,0,0,0,0,0,0,0,0
51,250,1,3577.1,2.2292e+05,4.6824,0,0,0,0,0,0,0,0,0,0,0,0,0,0,0
51,250,1,3577.1,2.2292e+05,0.50995,0,0,0,0,0,0,0,0,0,0,0,0,0,0,0
51,250,1,3577.1,2.2292e+05,0.83398,0,0,0,0,0,0,0,0,0,0,0,0,0,7.6392,0
51,250,1,3577.1,2.2292e+05,0,0,0,0,0,0,0,0,0,0,0,0,0,0,0,0
51,250,1,3577.1,2.2292e+05,0.001218,0,0,0,0,0,0,0,0,0,0.050576,0,0,0,0,0
51,250,1,3577.1,2.2292e+05,0.65854,0,0,0,0,0,0,0,0,0,0,0,0,0,0,0
51,250,1,3577.1,2.2292e+05,0.67829,0,0,0,0,0,0,0,0,0,0,0,0,0,0,0
51,250,1,3577.1,2.2292e+05,5.1206,0,0,0,0,0,0,0,0,0,0,0,0,0,0,0
51,250,1,3577.1,2.2292e+05,0,0,0,0,0,0,0,0,0,0,0,0,0,0,0,0
51,250,1,3577.1,2.2292e+05,7.5885,0,0,0,0,0,46.36,0,0,0,0,0,0,0,0,0
51,250,1,3577.1,2.2292e+05,0.60027,0,0,0,0,0,0,0,0,0,0,0,0,0,0,0
51,250,1,3577.1,2.2292e+05,0.041129,0,0,0,0,0,0,0,0,0,0,0,0,0,0,0
51,250,1,3577.1,2.2292e+05,0.005065,0,0,0,0,0,0,0,0,0,0,0,0,0,0,0
51,250,1,3577.1,2.2292e+05,0.77612,0,0,0,0,0,0,0,0,0,0,0,0,0,0,0
51,250,1,3577.1,2.2292e+05,0,0,0,0,0,0,0,0,0,0,0,0,0,0,0,0
51,250,1,3577.1,2.2292e+05,1.4792,0,0,0,0,0,0,0,0,0,0,0,0,0,0,0
51,250,1,3577.1,2.2292e+05,4.2339,0,0,0,0,0,0,0,0,0,0,0,0,0,0,0
51,250,1,3577.1,2.2292e+05,0,0,0,0,0,0,0,0,0,0,0,0,0,0,0,0
51,250,1,3577.1,2.2292e+05,0,0,0,0,0,0,0,0,0,0,0,0,0,0,0,0
51,250,1,3577.1,2.2292e+05,35.085,0,0,0,0,0,0,0,0,0,0.44456,0,0,0,0,0
51,250,1,3577.1,2.2292e+05,23.278,0,0,0,0,0,0,0,0,0,0,0,0,0,0,0
51,250,1,3577.1,2.2292e+05,26.073,0,0,0,0,0,0,0,0,0,0,0,0,0,0,0
51,250,1,3577.1,2.2292e+05,0.008337,0,0,0,0,0,0,0,0,0,0,0,0,0,0,0
51,250,1,3577.1,2.2292e+05,0,0,0,0,0,0,0,0,0,0,0,0,0,0,0,0
51,250,1,3577.1,2.2292e+05,20.328,0,0,0,0,0,0,0,0,0,0,0,0,0,0,0
51,250,1,3577.1,2.2292e+05,0,0,0,0,0,0,0,0,0,0,0.095473,0,0,0,0,0
51,250,1,3577.1,2.2292e+05,0.94293,0,0,0,0,0,0,0,0,0,0,0,0,0,0,0
51,250,1,3577.1,2.2292e+05,9.1286,0,0,0,0,0,0,0,0,0,0,0,0,0,0,0
51,250,1,3577.1,2.2292e+05,229.38,0,0,0,0,0,0,0,0,0,0,0,0,0,0,0
51,250,1,3577.1,2.2292e+05,0.92173,0,0,0,0,0,0,0,0,0,0,0,0,0,0,0
51,250,1,3577.1,2.2292e+05,0,0,0,0,0,0,0,0,0,0,0,0,0,0,0,0
51,250,1,3577.1,2.2292e+05,4.6824,0,0,0,0,0,0,0,0,0,0,0,0,0,0,0
51,250,1,3577.1,2.2292e+05,0,0,0,0,0,0,0,0,0,0,0,0,0,0,0,0
51,250,1,3577.1,2.2292e+05,0.77851,0,0,0,0,0,0,0,0,0,0,0,0,0,0,0
51,250,1,3577.1,2.2292e+05,2.0064,0,0,0,0,0,0,0,0,0,0,0,0,0,0,0
51,250,1,3577.1,2.2292e+05,0.95923,0,0,0,0,0,0,0,0,0,0,0,0,0,0,0
51,250,1,3577.1,2.2292e+05,0,0,0,0,0,0,0,0,0,0,0,0,0,0,0,0
51,250,1,3577.1,2.2292e+05,3.9037,0,0,0,0,0,0,0,0,0,0,0,0,0,0,0
51,250,1,3577.1,2.2292e+05,0,0,0,0,0,0,0,0,0,0,0,0,0,0,0,0
51,250,1,3577.1,2.2292e+05,0,0,0,0,0,0,0,0,0,0,0,0,0,0,0,0
51,250,1,3577.1,2.2292e+05,0,0,0,0,0,0,0,0,0,0,0,0,0,0,0,0
51,250,1,3577.1,2.2292e+05,18.773,0,0,0,0,0,0,0,0,0,0,0,0,0,0,0
51,250,1,3577.1,2.2292e+05,0,0,0,0,0,0,0,0,0,0,0,0,0,0,0,0
51,250,1,3577.1,2.2292e+05,0,0,0,0,0,0,0,0,0,0,0,0,0,0,0,0
51,250,1,3577.1,2.2292e+05,31.235,0,0,0,0,0,0,0,0,0,0,0,0,0,0,0
51,250,1,3577.1,2.2292e+05,0.000338,0,0,0,0,0,0,0,0,0,0,0,0,0,0,0
51,250,1,3577.1,2.2292e+05,0.41247,0,0,0,0,0,0,0,0,0,0,0,0,0,0,0
51,250,1,3577.1,2.2292e+05,0,0,0,0,0,0,0,0,0,0,0,0,0,0,0,0
51,250,1,3577.1,2.2292e+05,0,0,0,0,0,0,0,0,0,0,0,0,0,0,0,0
51,250,1,3577.1,2.2292e+05,0,0,0,0,0,0,0,0,0,0,0,0,0,0,0,0
51,250,1,3577.1,2.2292e+05,0.77612,0,0,0,0,0,0,0,0,0,0,0,0,0,0,0
51,250,1,3577.1,2.2292e+05,4.8393,0,0,0,0,0,0,0,0,0,0,0,0,0,0,0
51,250,1,3577.1,2.2292e+05,0,0,0,0,0,0,0,0,0,0,0,0,0,0,0,0
51,250,1,3577.1,2.2292e+05,0,0,0,0,0,0,0,0,0,0,0,0,0,0,0,0
51,250,1,3577.1,2.2292e+05,0,0,0,0,0,0,0,0,0,0,0,0,0,0,0,0
51,250,1,3577.1,2.2292e+05,0.058628,0,0,0,0,0,0,0,0,0,0,0,0,0,0,0
51,250,1,3577.1,2.2292e+05,0.07618,0,0,0,0,0,18.805,0,0,0,0,0,0,0,0,0
51,250,1,3577.1,2.2292e+05,0,0,0,0,0,0,0,0,0,0,0,0,0,0,0,0
51,250,1,3577.1,2.2292e+05,0.17222,0,0,0,0,0,0,0,0,0,0,0,0,0,0,0
51,250,1,3577.1,2.2292e+05,0,0,0,0,0,0,0,0,0,0,0,0,0,0,0,0
51,250,1,3577.1,2.2292e+05,0.77803,0,0,0,0,0,0,0,0,0,0,0,0,0,0,0
51,250,1,3577.1,2.2292e+05,0.053288,0,0,0,0,0,0,0,0,0,0,0,0,0,0,0
51,250,1,3577.1,2.2292e+05,0,0,0,0,0,0,0,0,0,0,0,0,0,0,0,0
51,250,1,3577.1,2.2292e+05,0.41247,0,0,0,0,0,0,0,0,0,0,0,0,0,0,0
51,250,1,3577.1,2.2292e+05,2.5724,0,0,0,0,0,0,0,0,0,0,0,0,0,0,0
51,250,1,3577.1,2.2292e+05,3.1291,0,0,0,0,0,0,0,0,0,0,0,0,0,0,0
51,250,1,3577.1,2.2292e+05,0,0,0,0,0,0,0,0,0,0,0,0,0,0,0,0
51,250,1,3577.1,2.2292e+05,0.41247,0,0,0,0,0,0,0,0,0,0,0,0,0,0,0
51,250,1,3577.1,2.2292e+05,0,0,0,0,0,0,0,0,0,0,0,0,0,0,0,0
51,250,1,3577.1,2.2292e+05,2.3923,0,0,0,0,0,0,0,0,0,0,0,0,0,0,0
51,250,1,3577.1,2.2292e+05,0.074059,0,0,0,0,0,0,0,0,0,0,0,0,0,0,0
51,250,1,3577.1,2.2292e+05,15.616,0,0,0,0,0,0,0,0,0,0,0,0,0,0,0
51,250,1,3577.1,2.2292e+05,0,0,0,0,0,0,0,0,0,0,0,0,0,0,0,0
51,250,1,3577.1,2.2292e+05,0,0,0,0,0,0,0,0,0,0,0,0,0,0,0,0
51,250,1,3577.1,2.2292e+05,0,0,0,0,0,0,0,0,0,0,0,0,0,0,0,0
51,250,1,3577.1,2.2292e+05,1.6495,0,0,0,0,0,0,0,0,0,0,0,0,0,0,0
51,250,1,3577.1,2.2292e+05,0.40274,0,0,0,0,0,0,0,0,0,0,0,0,0,0,0
51,250,1,3577.1,2.2292e+05,0,0,0,0,0,0,0,0,0,0,0,0,0,0,0,0
51,250,1,3577.1,2.2292e+05,0,0,0,0,0,0,0,0,0,0,0,0,0,0,0,0
51,250,1,3577.1,2.2292e+05,0,0,0,0,0,0,0,0,0,0,0,0,0,0,0,0
51,250,1,3577.1,2.2292e+05,0,0,0,0,0,0,0,0,0,0,0,0,0,0,0,0
51,250,1,3577.1,2.2292e+05,0,0,0,0,0,0,0,0,0,0,0,0,0,0,0,0
51,250,1,3577.1,2.2292e+05,0,0,0,0,0,0,0,0,0,0,0,0,0,0,0,0
51,250,1,3577.1,2.2292e+05,0,0,0,0,0,0,0,0,0,0,0,0,0,0,0,0
51,250,1,3577.1,2.2292e+05,0,0,0,0,0,0,0,0,0,0,0,0,0,0,0,0
51,250,1,3577.1,2.2292e+05,0.058241,0,0,0,0,0,0,0,0,0,0,0,0,0,0,0
51,250,1,3577.1,2.2292e+05,0.09579,0,0,0,0,0,0,0,0,0,0,0,0,0,0,0
51,250,1,3577.1,2.2292e+05,0.77612,0,0,0,0,0,0,0,0,0,0,0,0,0,0,0
51,250,1,3577.1,2.2292e+05,0,0,0,0,0,0,0,0,0,0,0,0,0,0,0,0
51,250,1,3577.1,2.2292e+05,2.9789,0,0,0,0,0,0,0,0,0,0,0,0,0,0,0
51,250,1,3577.1,2.2292e+05,0.19579,0,0,0,0,0,0,0,0,0,0,0,0,0,0,0
51,250,1,3577.1,2.2292e+05,0.19408,0,0,0,0,0,0,0,0,0,0,0,0,0,0,0
51,250,1,3577.1,2.2292e+05,3.9951,0,0,0,0,0,0,0,0,0,0,0,0,0,0,0
51,250,1,3577.1,2.2292e+05,0.053288,0,0,0,0,0,0,0,0,0,0,0,0,0,0,0
51,250,1,3577.1,2.2292e+05,0,0,0,0,0,0,0,0,0,0,0,0,0,0,0,0
51,250,1,3577.1,2.2292e+05,0.008333,0,0,0,0,0,0,0,0,0,0,0,0,0,0,0
51,250,1,3577.1,2.2292e+05,0,0,0,0,0,0,0,0,0,0,0,0,0,0,0,0
51,250,1,3577.1,2.2292e+05,0,0,0,0,0,0,0,0,0,0,0,0,0,0,0,0
51,250,1,3577.1,2.2292e+05,0,0,0,0,0,0,0,0,0,0,0,0,0,0,0,0
51,250,1,3577.1,2.2292e+05,8.2123,0,0,0,0,0,0,0,0,0,0,0,0,0,0,0
51,250,1,3577.1,2.2292e+05,0,0,0,0,0,0,0,0,0,0,0,0,0,0,0,0
51,250,1,3577.1,2.2292e+05,0,0,0,0,0,0,0,0,0,0,0,0,0,0,0,0
51,250,1,3577.1,2.2292e+05,0.099115,0,0,0,0,0,0,0,0,0,0,0,0,0,0,0
51,250,1,3577.1,2.2292e+05,0.77798,0,0,0,0,0,0,0,0,0,0,0,0,0,0,0
51,250,1,3577.1,2.2292e+05,0,0,0,0,0,0,0,0,0,0,0,0,0,0,0,0
51,250,1,3577.1,2.2292e+05,0,0,0,0,0,0,0,0,0,0,0,0,0,0,0,0
51,250,1,3577.1,2.2292e+05,0.008333,0,0,0,0,0,0,0,0,0,0,0,0,0,0,0
51,250,1,3577.1,2.2292e+05,0,0,0,0,0,0,0,0,0,0,0,0,0,0,0,0
51,250,1,3577.1,2.2292e+05,0,0,0,0,0,0,0,0,0,0,0,0,0,0,0,0
54,253,1,11031,6.8744e+05,7.96,0,0,0,0,0,0,0,0,0,0,0,0,0,0,0
54,253,1,11031,6.8744e+05,0.001843,0,0,0,0,0,0,0,0,0,0,0,0,0,0,0
54,253,1,11031,6.8744e+05,0.29998,0,0,0,0,0,0,0,0,0,0,0,0,0,0,0
54,253,1,11031,6.8744e+05,1.6663,0,0,0,0,0,0,0,0,0,0,0,0,0,0,0
54,253,1,11031,6.8744e+05,66.248,0,0,0,0,0,0,0,0,0,0,0,0,0,89.156,0
54,253,1,11031,6.8744e+05,0,0,0,0,0,0,0,0,0,0,0,0,0,0,0,0
54,253,1,11031,6.8744e+05,0,0,0,0,0,0,0,0,0,0,0,0,0,0,0,0
54,253,1,11031,6.8744e+05,3.1757,0,0,0,0,0,0,0,0,0,0,0,0,0,0,0
54,253,1,11031,6.8744e+05,0,0,0,0,0,0,0,0,0,0,0,0,0,0,0,0
54,253,1,11031,6.8744e+05,62.791,0,0,0,0,0,0,0,0,0,0,0,0,0,0,0
54,253,1,11031,6.8744e+05,0,0,0,0,0,0,0,0,0,0,0,0,0,0,0,0
54,253,1,11031,6.8744e+05,5.4009,0,0,0,0,0,0,0,0,0,0,0,0,0,0,0
54,253,1,11031,6.8744e+05,0.29182,0,0,0,0,0,0,0,0,0,0,0,0,0,0,0
54,253,1,11031,6.8744e+05,3.8876,0,0,0,0,0,0,0,0,0,0,0,0,0,0,0
54,253,1,11031,6.8744e+05,8.527,0,0,0,0,0,0,0,0,0,0,0,0,0,0,0
54,253,1,11031,6.8744e+05,1.225,0,0,0,0,0,0,0,0,0,0,0,0,0,0,0
54,253,1,11031,6.8744e+05,0.002169,0,0,0,0,0,0,0,0,0,0,0,0,0,0,0
54,253,1,11031,6.8744e+05,0,0,0,0,0,0,0,0,0,0,0,0,0,0,0,0
54,253,1,11031,6.8744e+05,0.011884,0,0,0,0,0,0,0,0,0,0,0,0,0,0,0
57,256,1,24487,1.526e+06,0,0,0,0,0,0,0,0,0,0,0,0,0,0,0,0
57,256,1,24487,1.526e+06,0,0,0,0,0,0,0,0,0,0,0,0,0,0,0,0
57,256,1,24487,1.526e+06,0,0,0,0,0,0,0,0,0,0,0,0,0,0,12.597,0
61,260,27.61,2.8373,215.39,0.00524,0,0,0,0,0,0,0,0,0,0,0,0,0,0,0
61,260,27.61,2.8373,215.39,0.0076281,0,0,0,0,0,0,0,0,0,0,0,0,0,0,0
61,260,27.61,2.8373,215.39,0.36298,0,0,0,0,0,0,0,0,0,0,0,0,0,0,0
61,260,27.61,2.8373,215.39,0,0,0,0,0,0,0,0,0,0,0,0,0,0,0,0
61,260,27.61,2.8373,215.39,0.082013,0,0,0,0,0,0,0,0,0,0,0,0,0,0,0
61,260,27.61,2.8373,215.39,0.000251,0,0,0,0,0,0,0,0,0,0,0,0,0,0,0
61,260,27.61,2.8373,215.39,0.008333,0,0,0,0,0.089747,0,0,0,0,0,0,0,0,0,0
61,260,27.61,2.8373,215.39,0.008333,0,0,0,0,0,0,0,0,0,0,0,0,0,0,0
61,260,27.61,2.8373,215.39,0,0,0,0,0,0,0,0,0,0,0,0,0,0,0,0
61,260,27.61,2.8373,215.39,0.65673,0,0,0,0,0,0,0,0,0,0,0,0,0,0,0
61,260,27.61,2.8373,215.39,0.43387,0,0,0,0,0,0,0,0,0,0,0,0,0,0,0
61,260,27.61,2.8373,215.39,2.2284,0,0,0,0,0,0,0,0,0,0,0,0,0,0,0
61,260,27.61,2.8373,215.39,0,0,0,0,0,0,0,0,0,0,0,0,0,0,0,0
61,260,27.61,2.8373,215.39,0,0,0,0,0,0,0,0,0,0,0,0,0,0,0,0
61,260,27.61,2.8373,215.39,0,0,0,0,0,0,0,0,0,0,0,0,0,0,0,0
61,260,27.61,2.8373,215.39,1.8741,0,0,0,0,0,0,0,0,0,0,0,0,0,0,0
61,260,27.61,2.8373,215.39,0,0,0,0,0,0,0,0,0,0,0,0,0,0,0,0
61,260,27.61,2.8373,215.39,0,0,0,0,0,0,0,0,0,0,0,0,0,0,0,0
61,260,27.61,2.8373,215.39,0,0,0,0,0,0,0,0,0,0,0,0,0,0,0,0
61,260,27.61,2.8373,215.39,0.0068531,0,0,0,0,0,0,0,0,0,0,0,0,0,0,0
61,260,27.61,2.8373,215.39,0.002011,0,0,0,0,0,0,0,0,0,0,0,0,0,0,0
61,260,27.61,2.8373,215.39,0,0,0,0,0,0,0,0,0,0,0,0,0,0,0,0
61,260,27.61,2.8373,215.39,0,0,0,0,0,0,0,0,0,0,0,0,0,0,0,0
61,260,27.61,2.8373,215.39,0.0088426,0,0,0,0,0,0,0,0,0,0,0,0,0,0,0
61,260,27.61,2.8373,215.39,0,0,0,0,0,0,0.42744,0,0,0,0,0,0,0,0,0
61,260,27.61,2.8373,215.39,0,0,0,0,0,0,0,0,0,0,0,0,0,0,0,0
61,260,27.61,2.8373,215.39,0,0,0,0,0,0,0,0,0,0,0,0,0,0,0,0
61,260,27.61,2.8373,215.39,0.046678,0,0,0,0,0,0,0,0,0,0,0,0,0,0,0
61,260,27.61,2.8373,215.39,0,0,0,0,0,0,0,0,0,0,0,0,0,0,0,0
61,260,27.61,2.8373,215.39,0,0,0,0,0,0,0,0,0,0,0,0,0,0,0,0
61,260,27.61,2.8373,215.39,0.008333,0,0,0,0,0,0,0,0,0,0,0,0,0,0,0
61,260,27.61,2.8373,215.39,0.15503,0,0,0,0,0,0,0,0,0,0,0,0,0,0,0
61,260,27.61,2.8373,215.39,0.14285,0,0,0,0,0,0,0,0,0,0,0,0,0,0,0
61,260,27.61,2.8373,215.39,0,0,0,0,0,0,0,0,0,0,0,0,0,0,0,0
61,260,27.61,2.8373,215.39,0.0262,0,0,0,0,0,0,0,0,0,0,0,0,0,0,0
61,260,27.61,2.8373,215.39,0,0,0,0,0,0,0,0,0,0,0,0,0,0,0,0
61,260,27.61,2.8373,215.39,0.46884,0,0,0,0,0,0,0,0,0,0,0,0,0,0,0
61,260,27.61,2.8373,215.39,0,0,0,0,0,0,0,0,0,0,0,0,0,0,0,0
61,260,27.61,2.8373,215.39,0,0,0,0,0,0,0,0,0,0,0,0,0,0,0,0
61,260,27.61,2.8373,215.39,0,0,0,0,0,0,0,0,0,0,0,0,0,0,0,0
61,260,27.61,2.8373,215.39,0.43387,0,0,0,0,0,0,0,0,0,0,0,0,0,0,0
61,260,27.61,2.8373,215.39,0,0,0,0,0,0,0,0,0,0,0,0,0,0,0,0
61,260,27.61,2.8373,215.39,0.003346,0,0,0,0,0,0,0,0,0,0,0,0,0,0,0
61,260,27.61,2.8373,215.39,0,0,0,0,0,0,0,0,0,0,0,0,0,0,0,0
61,260,27.61,2.8373,215.39,0,0,0,0,0,0,0,0,0,0,0,0,0,0,0,0
61,260,27.61,2.8373,215.39,0,0,0,0,0,0,0,0,0,0,0,0,0,0,0,0
61,260,27.61,2.8373,215.39,0,0,0,0,0,0,0,0,0,0,0,0,0,0,0,0
61,260,27.61,2.8373,215.39,0.008333,0,0,0,0,0,0,0,0,0,0,0,0,0,0,0
61,260,27.61,2.8373,215.39,0.008708,0,0,0,0,0,0,0,0,0,0,0,0,0,0,0
61,260,27.61,2.8373,215.39,0.005239,0,0,0,0,0,0,0,0,0,0,0,0,0,1.094,0
61,260,27.61,2.8373,215.39,0.024085,0,0,0,0,0,0,0,0,0,0,0,0,0,0,0
61,260,27.61,2.8373,215.39,0,0,0,0,0,0,0,0,0,0,0,0,0,0,0,0
61,260,27.61,2.8373,215.39,0,0,0,0,0,0,0,0,0,0,0,0,0,0,0,0
61,260,27.61,2.8373,215.39,0.008333,0,0,0,0,0,0,0,0,0,0,0,0,0,0,0
61,260,27.61,2.8373,215.39,0,0,0,0,0,0,0,0,0,0,0,0,0,0,0,0
61,260,27.61,2.8373,215.39,0,0,0,0,0,0,0,0,0,0,0,0,0,0,0,0
61,260,27.61,2.8373,215.39,0.48546,0,0,0,0,0,0,0,0,0,0,0,0,0,0,0
61,260,27.61,2.8373,215.39,0.01358,0,0,0,0,0,0,0,0,0,0,0,0,0,0,0
61,260,27.61,2.8373,215.39,0,0,0,0,0,0,0,0,0,0,0,0,0,0,0,0
61,260,27.61,2.8373,215.39,2.6491,0,0,0,0,0,0,0,0,0,0,0,0,0,0,0
61,260,27.61,2.8373,215.39,0.008333,0,0,0,0,0,0,0,0,0,0,0,0,0,0,0
61,260,27.61,2.8373,215.39,0,0,0,0,0,0,0,0,0,0,0,0,0,0,0,0
61,260,27.61,2.8373,215.39,0.0098155,0,0,0,0,0,0,0,0,0,0,0,0,0,0,0
61,260,27.61,2.8373,215.39,0,0,0,0,0,0,0,0,0,0,0,0,0,0,0,0
61,260,27.61,2.8373,215.39,0.005657,0,0,0,0,0,0,0,0,0,0,0,0,0,0,0
61,260,27.61,2.8373,215.39,0.008333,0,0,0,0,0,0,0,0,0,0,0,0,0,0,0
61,260,27.61,2.8373,215.39,0.031496,0,0,0,0,0,0,0,0,0,0,0,0,0,0,0
61,260,27.61,2.8373,215.39,0.53876,0,0,0,0,0,0,0,0,0,0,0,0,0,0,0
61,260,27.61,2.8373,215.39,0,0,0,0,0,0,0,0,0,0,0.24637,0,0,0,0,0
61,260,27.61,2.8373,215.39,0.008335,0,0,0,0,0,0,0,0,0,0,0,0,0,0,0
61,260,27.61,2.8373,215.39,0,0,0,0,0,0,0,0,0,0,0,0,0,0,0,0
61,260,27.61,2.8373,215.39,0.011958,0,0,0,0,0,0,0,0,0,0,0,0,0,0,0
61,260,27.61,2.8373,215.39,0.025604,0,0,0,0,0,0,0,0,0,0,0,0,0,0,0
61,260,27.61,2.8373,215.39,0,0,0,0,0,0,0,0,0,0,0,0,0,0,0,0
61,260,27.61,2.8373,215.39,0,0,0,0,0,0,0,0,0,0,0,0,0,0,0,0
61,260,27.61,2.8373,215.39,0.00524,0,0,0,0,0,0,0,0,0,0,0,0,0,0,0
61,260,27.61,2.8373,215.39,0,0,0,0,0,0,0,0,0,0,0,0,0,0,0,0
61,260,27.61,2.8373,215.39,0,0,0,0,0,0,0,0,0,0,0,0,0,0,0,0
61,260,27.61,2.8373,215.39,0,0,0,0,0,0,0,0,0,0,0,0,0,0,0,0
61,260,27.61,2.8373,215.39,0.026473,0,0,0,0,0,0,0,0,0,0,0,0,0,0,0
61,260,27.61,2.8373,215.39,0.72843,0,0,0,0,0,0,0,0,0,0,0,0,0,0,0
61,260,27.61,2.8373,215.39,0,0,0,0,0,0,0,0,0,0,0,0,0,0,0,0
61,260,27.61,2.8373,215.39,0.13833,0,0,0,0,0,0,0,0,0,0,0,0,0,0,0
61,260,27.61,2.8373,215.39,0.00524,0,0,0,0,0,0,0,0,0,0,0,0,0,0,0
61,260,27.61,2.8373,215.39,0.025604,0,0,0,0,0,0,0,0,0,0,0,0,0,0,0
61,260,27.61,2.8373,215.39,0,0,0,0,0,0,0,0,0,0,0,0,0,0,0,0
61,260,27.61,2.8373,215.39,0,0,0,0,0,0,0,0,0,0,0,0,0,0,0,0
61,260,27.61,2.8373,215.39,1.0934,0,0,0,0,0,0,0,0,0,0,0,0,0,0,0
61,260,27.61,2.8373,215.39,0.72232,0,0,0,0,0,0,0,0,0,0,0,0,0,0,0
61,260,27.61,2.8373,215.39,0.005202,0,0,0,0,0,0,0,0,0,0,0,0,0,0,0
61,260,27.61,2.8373,215.39,2.1036,0,0,0,0,0,0,0,0,0,0,0,0,0,0,0
61,260,27.61,2.8373,215.39,0.26074,0,0,0,0,0,0,0,0,0,0,0,0,0,0,0
61,260,27.61,2.8373,215.39,0.008333,0,0,0,0,0,0,0,0,0,0,0,0,0,0,0
61,260,27.61,2.8373,215.39,0,0,0,0,0,0,0,0,0,0,0,0,0,0,0,0
61,260,27.61,2.8373,215.39,0,0,0,0,0,0,0,0,0,0,0,0,0,0,0,0
61,260,27.61,2.8373,215.39,1.1989,0,0,0,0,0,0,0,0,0,0,0,0,0,0,0
61,260,27.61,2.8373,215.39,0,0,0,0,0,0,0,0,0,0,0,0,0,0,0,0
61,260,27.61,2.8373,215.39,0,0,0,0,0,0,0,0,0,0,0,0,0,0,0,0
61,260,27.61,2.8373,215.39,1.5737,0,0,0,0,0,0,0,0,0,0,0,0,0,0,0
61,260,27.61,2.8373,215.39,2.6733,0,0,0,0,0,0,0,0,0,0,0,0,0,0,0
61,260,27.61,2.8373,215.39,0.002784,0,0,0,0,0,0,0,0,0,0,0,0,0,0,0
61,260,27.61,2.8373,215.39,0,0,0,0,0,0,0,0,0,0,0,0,0,0,0,0
61,260,27.61,2.8373,215.39,0.53876,0,0,0,0,0,0,0,0,0,0,0,0,0,0,0
61,260,27.61,2.8373,215.39,0,0,0,0,0,0,0,0,0,0,0,0,0,0,0,0
61,260,27.61,2.8373,215.39,0,0,0,0,0,0,0,0,0,0,0,0,0,0,0,0
61,260,27.61,2.8373,215.39,0.72843,0,0,0,0,0,0,0,0,0,0,0,0,0,0,0
61,260,27.61,2.8373,215.39,0.005239,0,0,0,0,0,0,0,0,0,0,0,0,0,0,0
61,260,27.61,2.8373,215.39,0.000156,0,0,0,0,0,0,0,0,0,0,0,0,0,0,0
61,260,27.61,2.8373,215.39,0,0,0,0,0,0,0,0,0,0,0,0,0,0,0,0
61,260,27.61,2.8373,215.39,0.008333,0,0,0,0,0,0,0,0,0,0,0,0,0,0,0
61,260,27.61,2.8373,215.39,0.0098155,0,0,0,0,0,0,0,0,0,0,0,0,0,0,0
61,260,27.61,2.8373,215.39,0,0,0,0,0,0,0,0,0,0,0,0,0,0,0,0
61,260,27.61,2.8373,215.39,1.046,0,0,0,0,0,0,0,0,0,0,0,0,0,0,0
61,260,27.61,2.8373,215.39,0.00524,0,0,0,0,0,0,0,0,0,0,0,0,0,0,0
61,260,27.61,2.8373,215.39,0.10537,0,0,0,0,0,0,0,0,0,0,0,0,0,0,0
61,260,27.61,2.8373,215.39,0.008333,0,0,0,0,0,0,0,0,0,0,0,0,0,0,0
61,260,27.61,2.8373,215.39,0.12397,0,0,0,0,0,0,0,0,0,0,0,0,0,0,0
61,260,27.61,2.8373,215.39,0.24121,0,0,0,0,0,0,0,0,0,0,0,0,0,0,0
61,260,27.61,2.8373,215.39,0,0,0,0,0,0,0,0,0,0,0,0,0,0,0,0
61,260,27.61,2.8373,215.39,0.26074,0,0,0,0,0,0,0,0,0,0,0,0,0,0,0
61,260,27.61,2.8373,215.39,0,0,0,0,0,0,0,0,0,0,0,0,0,0,0,0
61,260,27.61,2.8373,215.39,0,0,0,0,0,0,0,0,0,0,0,0,0,0,0,0
61,260,27.61,2.8373,215.39,0.005239,0,0,0,0,0,0,0,0,0,0,0,0,0,0,0
61,260,27.61,2.8373,215.39,0,0,0,0,0,0,0,0,0,0,0,0,0,0,0,0
61,260,27.61,2.8373,215.39,0.90117,0,0,0,0,0,0,0,0,0,0,0,0,0,0,0
61,260,27.61,2.8373,215.39,0.000716,0,0,0,0,0,0,0,0,0,0,0,0,0,0,0
61,260,27.61,2.8373,215.39,0,0,0,0,0,0,0,0,0,0,0,0,0,0,0,0
61,260,27.61,2.8373,215.39,0,0,0,0,0,0.20279,0,0,0,0,0,0,0,0,0,0
61,260,27.61,2.8373,215.39,0.14724,0,0,0,0,0.000172,0,0,0,0,0,0,0,0,0,0
61,260,27.61,2.8373,215.39,0.012275,0,0,0,0,0,0,0,0,0,0,0,0,0,0,0
61,260,27.61,2.8373,215.39,0.39765,0,0,0,0,0,0,0,0,0,0,0,0,0,0,0
61,260,27.61,2.8373,215.39,0,0,0,0,0,0,0,0,0,0,0,0,0,0,0,0
61,260,27.61,2.8373,215.39,0,0,0,0,0,0,0,0,0,0,0,0,0,0,0,0
61,260,27.61,2.8373,215.39,0,0,0,0,0,0,0,0,0,0,0,0,0,0,0,0
61,260,27.61,2.8373,215.39,0.002068,0,0,0,0,0,0,0,0,0,0,0,0,0,0,0
61,260,27.61,2.8373,215.39,0.7463,0,0,0,0,0,0,0,0,0,0,0,0,0,0,0
61,260,27.61,2.8373,215.39,0,0,0,0,0,0,0,0,0,0,0,0,0,0,0,0
61,260,27.61,2.8373,215.39,0,0,0,0,0,0,0,0,0,0,0,0,0,0,0,0
61,260,27.61,2.8373,215.39,0.008071,0,0,0,0,0,0,0,0,0,0,0,0,0,0,0
61,260,27.61,2.8373,215.39,0.24121,0,0,0,0,0,0,0,0,0,0,0,0,0,0,0
61,260,27.61,2.8373,215.39,1.1565,0,0,0,0,0,0,0,0,0,0,0,0,0,0,0
61,260,27.61,2.8373,215.39,0.0088426,0,0,0,0,0,0,0,0,0,0,0,0,0,0,0
61,260,27.61,2.8373,215.39,0.51313,0,0,0,0,0,0,0,0,0,0,0,0,0,0,0
61,260,27.61,2.8373,215.39,0,0,0,0,0,0,0,0,0,0,0,0,0,0,0,0
61,260,27.61,2.8373,215.39,0.76194,0,0,0,0,0,0,0,0,0,0,0,0,0,0,0
61,260,27.61,2.8373,215.39,0.83857,0,0,0,0,0,0,0,0,0,0,0,0,0,0,0
61,260,27.61,2.8373,215.39,0.005239,0,0,0,0,0,0,0,0,0,0,0,0,0,0,0
61,260,27.61,2.8373,215.39,0.008333,0,0,0,0,0,0,0,0,0,0,0,0,0,0,0
61,260,27.61,2.8373,215.39,0.23542,0,0,0,0,0,0,0,0,0,0,0,0,0,0,0
61,260,27.61,2.8373,215.39,0,0,0,0,0,0,0,0,0,0,0,0,0,0,0,0
61,260,27.61,2.8373,215.39,0,0,0,0,0,0,0,0,0,0,0,0,0,0,0,0
61,260,27.61,2.8373,215.39,0,0,0,0,0,0,0,0,0,0,0,0,0,0,0,0
61,260,27.61,2.8373,215.39,0.65673,0,0,0,0,0,0,0,0,0,0,0,0,0,0,0
61,260,27.61,2.8373,215.39,0.20108,0,0,0,0,0,0,0,0,0,0,0,0,0,0,0
61,260,27.61,2.8373,215.39,0.3383,0,0,0,0,0,0,0,0,0,0,0,0,0,0,0
61,260,27.61,2.8373,215.39,0.053439,0,0,0,0,0,0,0,0,0,0,0,0,0,0,0
61,260,27.61,2.8373,215.39,0,0,0,0,0,0,0,0,0,0,0,0,0,0,0,0
61,260,27.61,2.8373,215.39,0.09698,0,0,0,0,0,0,0,0,0,0,0,0,0,0,0
61,260,27.61,2.8373,215.39,0,0,0,0,0,0,0,0,0,0,0,0,0,0,0,0
61,260,27.61,2.8373,215.39,0,0,0,0,0,0,0.008333,0,0,0,0,0,0,0,0,0
61,260,27.61,2.8373,215.39,0.047937,0,0,0,0,0,0,0,0,0,0,0,0,0,0,0
61,260,27.61,2.8373,215.39,0.011031,0,0,0,0,0,0,0,0,0,0,0,0,0,0,0
61,260,27.61,2.8373,215.39,0,0,0,0,0,0,0,0,0,0,0,0,0,0,0,0
61,260,27.61,2.8373,215.39,0,0,0,0,0,0,0,0,0,0,0,0,0,0,0,0
61,260,27.61,2.8373,215.39,1.4591,0,0,0,0,0,0,0,0,0,0,0,0,0,0,0
61,260,27.61,2.8373,215.39,0.008333,0,0,0,0,0,0,0,0,0,0,0,0,0,0,0
61,260,27.61,2.8373,215.39,0.010939,0,0,0,0,0,0,0,0,0,0,0,0,0,0,0
61,260,27.61,2.8373,215.39,0,0,0,0,0,0,0,0,0,0,0,0,0,0,0,0
61,260,27.61,2.8373,215.39,0,0,0,0,0,0,0,0,0,0,0,0,0,0,0,0
61,260,27.61,2.8373,215.39,0.0098155,0,0,0,0,0,0,0,0,0,0,0,0,0,0,0
61,260,27.61,2.8373,215.39,0,0,0,0,0,0,0,0,0,0,0,0,0,0,0,0
61,260,27.61,2.8373,215.39,0,0,0,0,0,0,0,0,0,0,0,0,0,0,0,0
61,260,27.61,2.8373,215.39,0.008333,0,0,0,0,0,0,0,0,0,0,0,0,0,0,0
61,260,27.61,2.8373,215.39,0.65673,0,0,0,0,0,0,0,0,0,0,0,0,0,0,0
61,260,27.61,2.8373,215.39,0.092789,0,0,0,0,0,0,0,0,0,0,0,0,0,0,0
61,260,27.61,2.8373,215.39,0,0,0,0,0,0,0,0,0,0,0,0,0,0,0,0
61,260,27.61,2.8373,215.39,0.077153,0,0,0,0,0,0,0,0,0,0,0,0,0,0,0
61,260,27.61,2.8373,215.39,0,0,0,0,0,0,0,0,0,0,0,0,0,0,0,0
61,260,27.61,2.8373,215.39,0.0173,0,0,0,0,0,0,0,0,0,0,0,0,0,0,0
61,260,27.61,2.8373,215.39,0.008333,0,0,0,0,0,0,0,0,0,0,0,0,0,0,0
61,260,27.61,2.8373,215.39,2.5505,0,0,0,0,0,0,0,0,0,0,0,0,0,0,0
61,260,27.61,2.8373,215.39,0,0,0,0,0,0,0,0,0,0,0,0,0,0,0,0
61,260,27.61,2.8373,215.39,1.7161,0,0,0,0,0,0,0,0,0,0,0,0,0,0,0
61,260,27.61,2.8373,215.39,0.008333,0,0,0,0,0,0,0,0,0,0,0,0,0,0,0
61,260,27.61,2.8373,215.39,0.065564,0,0,0,0,0,0,0,0,0,0,0,0,0,0,0
61,260,27.61,2.8373,215.39,0,0,0,0,0,0,0,0,0,0,0,0,0,0,0,0
61,260,27.61,2.8373,215.39,0,0,0,0,0,0,0,0,0,0,0,0,0,0,0,0
61,260,27.61,2.8373,215.39,0.008333,0,0,0,0,0,0,0,0,0,0,0,0,0,0,0
61,260,27.61,2.8373,215.39,0,0,0,0,0,0,0,0,0,0,0,0,0,0,0,0
61,260,27.61,2.8373,215.39,0,0,0,0,0,0,0,0,0,0,0,0,0,0,0,0
61,260,27.61,2.8373,215.39,0,0,0,0,0,0,0,0,0,0,0,0,0,0,0,0
61,260,27.61,2.8373,215.39,0,0,0,0,0,0,0,0,0,0,0,0,0,0,0,0
61,260,27.61,2.8373,215.39,0,0,0,0,0,0,0,0,0,0,0,0,0,0,0,0
61,260,27.61,2.8373,215.39,1.4071,0,0,0,0,0,0,0,0,0,0,0,0,0,0,0
61,260,27.61,2.8373,215.39,0,0,0,0,0,0,0.13028,0,0,0,0,0,0,0,0,0
61,260,27.61,2.8373,215.39,0,0,0,0,0,0,0,0,0,0,0,0,0,0,0,0
61,260,27.61,2.8373,215.39,0,0,0,0,0,0,0,0,0,0,0,0,0,0,0,0
61,260,27.61,2.8373,215.39,1.5737,0,0,0,0,0,0,0,0,0,0,0,0,0,0,0
61,260,27.61,2.8373,215.39,0.72232,0,0,0,0,0,0,0,0,0,0,0,0,0,0,0
61,260,27.61,2.8373,215.39,0.2642,0,0,0,0,0,0,0,0,0,0,0,0,0,0,0
61,260,27.61,2.8373,215.39,0,0,0,0,0,0,0,0,0,0,0,0,0,0,0,0
61,260,27.61,2.8373,215.39,0,0,0,0,0,0,0,0,0,0,0,0,0,0,0,0
61,260,27.61,2.8373,215.39,0,0,0,0,0,0,0,0,0,0,0,0,0,0,0,0
61,260,27.61,2.8373,215.39,0,0,0,0,0,0,0,0,0,0,0,0,0,0,0,0
61,260,27.61,2.8373,215.39,0.002011,0,0,0,0,0,0,0,0,0,0,0,0,0,0,0
61,260,27.61,2.8373,215.39,0,0,0,0,0,0,0,0,0,0,0,0,0,0,0,0
61,260,27.61,2.8373,215.39,0.00524,0,0,0,0,0,0,0,0,0,0,0,0,0,0,0
61,260,27.61,2.8373,215.39,0.66716,0,0,0,0,0,0,0,0,0,0,0,0,0,0,0
61,260,27.61,2.8373,215.39,0,0,0,0,0,0,0,0,0,0,0,0,0,0,0,0
61,260,27.61,2.8373,215.39,0,0,0,0,0,0,0,0,0,0,0,0,0,0,0,0
61,260,27.61,2.8373,215.39,0,0,0,0,0,0,0,0,0,0,0,0,0,0,0,0
61,260,27.61,2.8373,215.39,0.025604,0,0,0,0,0,0,0,0,0,0,0,0,0,0,0
61,260,27.61,2.8373,215.39,0,0,0,0,0,0,0,0,0,0,0,0,0,0,0,0
61,260,27.61,2.8373,215.39,0,0,0,0,0,0,0,0,0,0,0,0,0,0,0,0
61,260,27.61,2.8373,215.39,0,0,0,0,0,0,0,0,0,0,0,0,0,0,0,0
61,260,27.61,2.8373,215.39,0.0067502,0,0,0,0,0,0,0,0,0,0,0,0,0,0,0
61,260,27.61,2.8373,215.39,2.7108,0,0,0,0,0,0,0,0,0,0,0,0,0,0,0
61,260,27.61,2.8373,215.39,0.00524,0,0,0,0,0,0,0,0,0,0,0,0,0,0,0
61,260,27.61,2.8373,215.39,0,0,0,0,0,0,0,0,0,0,0,0,0,0,0,0
61,260,27.61,2.8373,215.39,7.95e-05,0,0,0,0,0,0,0,0,0,0,0,0,0,0,0
61,260,27.61,2.8373,215.39,0.0072214,0,0,0,0,0,0,0,0,0,0,0,0,0,0,0
61,260,27.61,2.8373,215.39,2.6855,0,0,0,0,0,0,0,0,0,0,0,0,0,0,0
61,260,27.61,2.8373,215.39,0,0,0,0,0,0,0,0,0,0,0,0,0,0,0,0
61,260,27.61,2.8373,215.39,0,0,0,0,0,0,0,0,0,0,0,0,0,0,0,0
61,260,27.61,2.8373,215.39,0,0,0,0,0,0,0,0,0,0,0,0,0,0,0,0
61,260,27.61,2.8373,215.39,0,0,0,0,0,0,0,0,0,0,0,0,0,0,0,0
61,260,27.61,2.8373,215.39,0,0,0,0,0,0,0,0,0,0,0,0,0,0,0,0
61,260,27.61,2.8373,215.39,0.36292,0,0,0,0,0,0,0,0,0,0,0,0,0,0,0
61,260,27.61,2.8373,215.39,0.011031,0,0,0,0,0,0,0,0,0,0,0,0,0,0,0
61,260,27.61,2.8373,215.39,0.12626,0,0,0,0,0,0,0,0,0,0,0,0,0,0,0
61,260,27.61,2.8373,215.39,2.6855,0,0,0,0,0,0,0,0,0,0,0,0,0,0,0
61,260,27.61,2.8373,215.39,0,0,0,0,0,0,0,0,0,0,0,0,0,0,0,0
61,260,27.61,2.8373,215.39,0,0,0,0,0,0,0,0,0,0,0,0,0,0,0,0
61,260,27.61,2.8373,215.39,0.008333,0,0,0,0,0,0,0,0,0,0,0,0,0,0,0
61,260,27.61,2.8373,215.39,0,0,0,0,0,0,0,0,0,0,0,0,0,0,0,0
61,260,27.61,2.8373,215.39,0,0,0,0,0,0,0,0,0,0,0,0,0,0,0,0
61,260,27.61,2.8373,215.39,0,0,0,0,0,0,0,0,0,0,0,0,0,0,0,0
61,260,27.61,2.8373,215.39,0.003416,0,0,0,0,0,0,0,0,0,0,0,0,0,0,0
61,260,27.61,2.8373,215.39,0.96221,0,0,0,0,0,0,0,0,0,0,0,0,0,0,0
61,260,27.61,2.8373,215.39,0.95969,0,0,0,0,0,0,0,0,0,0,0,0,0,0,0
61,260,27.61,2.8373,215.39,0,0,0,0,0,0,0,0,0,0,0,0,0,0,0,0
61,260,27.61,2.8373,215.39,0,0,0,0,0,0,0,0,0,0,0,0,0,0,0,0
61,260,27.61,2.8373,215.39,0.005239,0,0,0,0,0,0,0,0,0,0,0,0,0,0,0
61,260,27.61,2.8373,215.39,0,0,0,0,0,0,0,0,0,0,0,0,0,0,0,0
61,260,27.61,2.8373,215.39,0,0,0,0,0,0,0,0,0,0,0,0,0,0,0,0
61,260,27.61,2.8373,215.39,0,0,0,0,0,0,0,0,0,0,0,0,0,0,0,0
61,260,27.61,2.8373,215.39,0,0,0,0,0,0,0,0,0,0,0,0,0,0,0,0
61,260,27.61,2.8373,215.39,0.019431,0,0,0,0,0,0,0,0,0,0,0,0,0,0,0
61,260,27.61,2.8373,215.39,0.00524,0,0,0,0,0,0,0,0,0,0,0,0,0,0,0
61,260,27.61,2.8373,215.39,0,0,0,0,0,0,0,0,0,0,0,0,0,0,0,0
61,260,27.61,2.8373,215.39,0,0,0,0,0,0,0,0,0,0,0,0,0,0,0,0
61,260,27.61,2.8373,215.39,0,0,0,0,0,0.41664,0,0,0,0,0,0,0,0,0,0
61,260,27.61,2.8373,215.39,0.001292,0,0,0,0,0,0,0,0,0,0,0,0,0,0,0
61,260,27.61,2.8373,215.39,0,0,0,0,0,0,0,0,0,0,0,0,0,0,0,0
61,260,27.61,2.8373,215.39,0.87319,0,0,0,0,0,0,0,0,0,0,0,0,0,0,0
61,260,27.61,2.8373,215.39,0.000688,0,0,0,0,0,0,0,0,0,0,0,0,0,0,0
61,260,27.61,2.8373,215.39,0.0053955,0,0,0,0,0,0,0,0,0,0,0,0,0,0,0
61,260,27.61,2.8373,215.39,0.48546,0,0,0,0,0,0,0,0,0,0,0,0,0,0,0
61,260,27.61,2.8373,215.39,1.046,0,0,0,0,0,0,0,0,0,0,0,0,0,0,0
61,260,27.61,2.8373,215.39,0,0,0,0,0,0,0,0,0,0,0,0,0,0,0,0
61,260,27.61,2.8373,215.39,0,0,0,0,0,0,0,0,0,0,0,0,0,0,0,0
61,260,27.61,2.8373,215.39,0,0,0,0,0,0,0,0,0,0,0,0,0,0,0,0
61,260,27.61,2.8373,215.39,0,0,0,0,0,0,0,0,0,0,0,0,0,0,0,0
61,260,27.61,2.8373,215.39,0.008333,0,0,0,0,0,0,0,0,0,0,0,0,0,0,0
61,260,27.61,2.8373,215.39,0,0,0,0,0,0,0,0,0,0,0,0,0,0,0,0
61,260,27.61,2.8373,215.39,1.046,0,0,0,0,0,0,0,0,0,0,0,0,0,0,0
61,260,27.61,2.8373,215.39,0.11635,0,0,0,0,0,0,0,0,0,0,0,0,0,0,0
61,260,27.61,2.8373,215.39,1.1989,0,0,0,0,0,0,0,0,0,0,0,0,0,0,0
61,260,27.61,2.8373,215.39,0,0,0,0,0,0,0,0,0,0,0,0,0,0,1.0156,0
61,260,27.61,2.8373,215.39,0,0,0,0,0,0,0,0,0,0,0,0,0,0,0,0
61,260,27.61,2.8373,215.39,0.001493,0,0,0,0,0,0,0,0,0,0,0,0,0,0,0
61,260,27.61,2.8373,215.39,0.004143,0,0,0,0,0.79321,0,0,0,0,0,0,0,0,0,0
61,260,27.61,2.8373,215.39,0.90117,0,0,0,0,0,0,0,0,0,0,0,0,0,0,0
61,260,27.61,2.8373,215.39,0,0,0,0,0,0,0,0,0,0,0,0,0,0,0,0
61,260,27.61,2.8373,215.39,0.18157,0,0,0,0,0.089747,0,0,0,0,0,0,0,0,0,0
61,260,27.61,2.8373,215.39,0.43387,0,0,0,0,0,0,0,0,0,0,0,0,0,0,0
61,260,27.61,2.8373,215.39,0,0,0,0,0,0,0,0,0,0,0,0,0,0,0,0
61,260,27.61,2.8373,215.39,0.002031,0,0,0,0,0,0,0,0,0,0,0,0,0,0,0
61,260,27.61,2.8373,215.39,2.1348,0,0,0,0,0,0,0,0,0,0,0,0,0,0,0
61,260,27.61,2.8373,215.39,0,0,0,0,0,0,0,0,0,0,0,0,0,0,0,0
61,260,27.61,2.8373,215.39,0.0084135,0,0,0,0,0,0,0,0,0,0,0,0,0,0,0
61,260,27.61,2.8373,215.39,0,0,0,0,0,0,0,0,0,0,0,0,0,0,0,0
61,260,27.61,2.8373,215.39,0.00524,0,0,0,0,0,0,0,0,0,0,0,0,0,0,0
61,260,27.61,2.8373,215.39,0,0,0,0,0,0,0,0,0,0,0,0,0,0,0,0
61,260,27.61,2.8373,215.39,0,0,0,0,0,0,0,0,0,0,0,0,0,0,0,0
61,260,27.61,2.8373,215.39,0,0,0,0,0,0,0,0,0,0,0,0,0,0,0,0
61,260,27.61,2.8373,215.39,0.003295,0,0,0,0,0,0,0,0,0,0,0,0,0,0,0
61,260,27.61,2.8373,215.39,0.017738,0,0,0,0,0,0,0,0,0,0,0,0,0,0,0
61,260,27.61,2.8373,215.39,0,0,0,0,0,0,0,0,0,0,0,0,0,0,0,0
61,260,27.61,2.8373,215.39,0,0,0,0,0,0.4567,0,0,0,0,0,0,0,0,0,0
61,260,27.61,2.8373,215.39,0.008335,0,0,0,0,0,0,0,0,0,0,0,0,0,0,0
61,260,27.61,2.8373,215.39,0,0,0,0,0,0,0,0,0,0,0,0,0,0,0,0
61,260,27.61,2.8373,215.39,0.83857,0,0,0,0,0,0,0,0,0,0,0,0,0,0,0
61,260,27.61,2.8373,215.39,0,0,0,0,0,0,0,0,0,0,0,0,0,0,0,0
61,260,27.61,2.8373,215.39,2.3515,0,0,0,0,0,0,0,0,0,0,0,0,0,0,0
61,260,27.61,2.8373,215.39,0.003538,0,0,0,0,0,0,0,0,0,0,0,0,0,0,0
61,260,27.61,2.8373,215.39,0,0,0,0,0,0,0,0,0,0,0,0,0,0,0,0
61,260,27.61,2.8373,215.39,0.008335,0,0,0,0,0,0,0,0,0,0,0,0,0,0,0
61,260,27.61,2.8373,215.39,0,0,0,0,0,0,0,0,0,0,0,0,0,0,0,0
61,260,27.61,2.8373,215.39,0,0,0,0,0,0,0,0,0,0,0,0,0,0,0,0
61,260,27.61,2.8373,215.39,0,0,0,0,0,0,0,0,0,0,0,0,0,0,0,0
61,260,27.61,2.8373,215.39,0,0,0,0,0,0,0,0,0,0,0,0,0,0,0,0
61,260,27.61,2.8373,215.39,0,0,0,0,0,0,0,0,0,0,0,0,0,0,0,0
61,260,27.61,2.8373,215.39,1.0565,0,0,0,0,0,0,0,0,0,0,0,0,0,0,0
61,260,27.61,2.8373,215.39,0,0,0,0,0,0,0,0,0,0,0,0,0,0,0,0
61,260,27.61,2.8373,215.39,0.0173,0,0,0,0,0,0,0,0,0,0,0,0,0,0,0
61,260,27.61,2.8373,215.39,0,0,0,0,0,0,0,0,0,0,0,0,0,0,0,0
61,260,27.61,2.8373,215.39,0.12626,0,0,0,0,0,0,0,0,0,0,0,0,0,0,0
61,260,27.61,2.8373,215.39,0.18157,0,0,0,0,0,0,0,0,0,0,0,0,0,0,0
61,260,27.61,2.8373,215.39,0.018944,0,0,0,0,0,0,0,0,0,0,0,0,0,0,0
61,260,27.61,2.8373,215.39,0,0,0,0,0,0,0,0,0,0,0,0,0,0,0,0
61,260,27.61,2.8373,215.39,0,0,0,0,0,0,0,0,0,0,0,0,0,0,0,0
61,260,27.61,2.8373,215.39,0,0,0,0,0,0,0,0,0,0,0,0,0,0,0,0
61,260,27.61,2.8373,215.39,0.005239,0,0,0,0,0,0,0,0,0,0,0,0,0,0,0
61,260,27.61,2.8373,215.39,0.30045,0,0,0,0,0,0,0,0,0,0,0,0,0,0,0
61,260,27.61,2.8373,215.39,0.15253,0,0,0,0,0,0,0,0,0,0,0,0,0,0,0
61,260,27.61,2.8373,215.39,0.19739,0,0,0,0,0,0,0,0,0,0,0,0,0,0,0
61,260,27.61,2.8373,215.39,0.005657,0,0,0,0,0,0,0,0,0,0,0,0,0,0,0
61,260,27.61,2.8373,215.39,0.66716,0,0,0,0,0,0,0,0,0,0,0,0,0,0,0
61,260,27.61,2.8373,215.39,0.071001,0,0,0,0,0,0,0,0,0,0,0,0,0,0,0
61,260,27.61,2.8373,215.39,0,0,0,0,0,0,0,0,0,0,0,0,0,0,0,0
61,260,27.61,2.8373,215.39,0.024085,0,0,0,0,0,0,0,0,0,0,0,0,0,0,0
61,260,27.61,2.8373,215.39,0,0,0,0,0,0,0,0,0,0,0,0,0,0,0,0
61,260,27.61,2.8373,215.39,0.36298,0,0,0,0,0,0,0,0,0,0,0,0,0,0,0
61,260,27.61,2.8373,215.39,0.14527,0,0,0,0,0,0,0,0,0,0,0,0,0,0,0
61,260,27.61,2.8373,215.39,0,0,0,0,0,0,0,0,0,0,0,0,0,0,0,0
61,260,27.61,2.8373,215.39,1.0934,0,0,0,0,0,0,0,0,0,0,0,0,0,0,0
61,260,27.61,2.8373,215.39,0,0,0,0,0,0,0,0,0,0,0,0,0,0,0,0
61,260,27.61,2.8373,215.39,0,0,0,0,0,0,0,0,0,0,0,0,0,0,0,0
61,260,27.61,2.8373,215.39,0,0,0,0,0,0,0,0,0,0,0,0,0,0,0,0
61,260,27.61,2.8373,215.39,0,0,0,0,0,0,0,0,0,0,0,0,0,0,0,0
61,260,27.61,2.8373,215.39,0.021777,0,0,0,0,0,0,0,0,0,0,0,0,0,0,0
61,260,27.61,2.8373,215.39,0.002031,0,0,0,0,0,0,0,0,0,0,0,0,0,0,0
61,260,27.61,2.8373,215.39,0.077153,0,0,0,0,0,0,0,0,0,0,0,0,0,0,0
61,260,27.61,2.8373,215.39,0,0,0,0,0,0,0,0,0,0,0,0,0,0,0,0
61,260,27.61,2.8373,215.39,0.00524,0,0,0,0,0,0,0,0,0,0,0,0,0,0,0
61,260,27.61,2.8373,215.39,0.0088426,0,0,0,0,0,0,0,0,0,0,0,0,0,0,0
61,260,27.61,2.8373,215.39,0.000234,0,0,0,0,0,0,0,0,0,0,0,0,0,0,0
61,260,27.61,2.8373,215.39,0,0,0,0,0,0,0,0,0,0,0,0,0,0,0,0
61,260,27.61,2.8373,215.39,0,0,0,0,0,0,0,0,0,0,0,0,0,0,0,0
61,260,27.61,2.8373,215.39,0,0,0,0,0,0,0,0,0,0,0,0,0,0,0,0
61,260,27.61,2.8373,215.39,0.0059107,0,0,0,0,0,0,0,0,0,0,0,0,0,0,0
61,260,27.61,2.8373,215.39,0.000254,0,0,0,0,0,0.13028,0,0,0,0.050576,0,0,0,0,0
61,260,27.61,2.8373,215.39,0.34346,0,0,0,0,0,0,0,0,0,0,0,0,0,0,0
61,260,27.61,2.8373,215.39,0,0,0,0,0,0,0,0,0,0,0,0,0,0,0,0
61,260,27.61,2.8373,215.39,0,0,0,0,0,0,0,0,0,0,0,0,0,0,0,0
61,260,27.61,2.8373,215.39,0.004588,0,0,0,0,0,0,0,0,0,0,0,0,0,0,0
61,260,27.61,2.8373,215.39,0.045331,0,0,0,0,0,0,0,0,0,0,0,0,0,0,0
61,260,27.61,2.8373,215.39,0,0,0,0,0,0,0,0,0,0,0,0,0,0,0,0
61,260,27.61,2.8373,215.39,0,0,0,0,0,0,0,0,0,0,0,0,0,0,0,0
61,260,27.61,2.8373,215.39,0,0,0,0,0,0,0,0,0,0,0,0,0,0,0,0
61,260,27.61,2.8373,215.39,0,0,0,0,0,0,0,0,0,0,0,0,0,0,0,0
61,260,27.61,2.8373,215.39,0.030321,0,0,0,0,0,0,0,0,0,0,0,0,0,0,0
61,260,27.61,2.8373,215.39,0.0059107,0,0,0,0,0,0,0,0,0,0,0,0,0,0,0
61,260,27.61,2.8373,215.39,0.003346,0,0,0,0,0,0,0,0,0,0,0,0,0,0,0
61,260,27.61,2.8373,215.39,0,0,0,0,0,0,0,0,0,0,0,0,0,0,0,0
61,260,27.61,2.8373,215.39,0,0,0,0,0,0,0,0,0,0,0,0,0,0,0,0
61,260,27.61,2.8373,215.39,0,0,0,0,0,0,0,0,0,0,0,0,0,0,0,0
61,260,27.61,2.8373,215.39,0.0088426,0,0,0,0,0,0,0,0,0,0,0,0,0,0,0
61,260,27.61,2.8373,215.39,0.25802,0,0,0,0,0,0,0,0,0,0,0,0,0,0,0
61,260,27.61,2.8373,215.39,0,0,0,0,0,0,0,0,0,0,0,0,0,0,0,0
61,260,27.61,2.8373,215.39,0.003346,0,0,0,0,0,0,0,0,0,0.050576,0,0,0,0,0
61,260,27.61,2.8373,215.39,0.90117,0,0,0,0,0,0,0,0,0,0,0,0,0,0,0
61,260,27.61,2.8373,215.39,0.046678,0,0,0,0,0,0,0,0,0,0,0,0,0,0,0
61,260,27.61,2.8373,215.39,0,0,0,0,0,0,0,0,0,0,0,0,0,0,0,0
61,260,27.61,2.8373,215.39,0.005657,0,0,0,0,0,0,0,0,0,0,0,0,0,0,0
61,260,27.61,2.8373,215.39,0,0,0,0,0,0,0,0,0,0,0,0,0,0,0,0
61,260,27.61,2.8373,215.39,0,0,0,0,0,0,0,0,0,0,0,0,0,0,0,0
61,260,27.61,2.8373,215.39,0.65673,0,0,0,0,0,0,0,0,0,0,0,0,0,0,0
61,260,27.61,2.8373,215.39,0.011629,0,0,0,0,0,0,0,0,0,0,0,0,0,0,0
61,260,27.61,2.8373,215.39,0.018944,0,0,0,0,0,0,0,0,0,0,0,0,0,0,0
61,260,27.61,2.8373,215.39,1.0565,0,0,0,0,0,0,0,0,0,0,0,0,0,0,0
61,260,27.61,2.8373,215.39,1.8259,0,0,0,0,0,0,0,0,0,0,0,0,0,0,0
61,260,27.61,2.8373,215.39,0.001009,0,0,0,0,0,0,0,0,0,0,0,0,0,0,0
61,260,27.61,2.8373,215.39,0,0,0,0,0,0,0,0,0,0,0,0,0,0,0,0
61,260,27.61,2.8373,215.39,0,0,0,0,0,0,0,0,0,0,0,0,0,0,0,0
61,260,27.61,2.8373,215.39,0,0,0,0,0,0,0,0,0,0,0,0,0,0,0,0
61,260,27.61,2.8373,215.39,0,0,0,0,0,0,0,0,0,0,0,0,0,0,0,0
61,260,27.61,2.8373,215.39,0.95969,0,0,0,0,0,0,0,0,0,0,0,0,0,0,0
61,260,27.61,2.8373,215.39,0.002998,0,0,0,0,0,0,0,0,0,0,0,0,0,0,0
61,260,27.61,2.8373,215.39,1.7579,0,0,0,0,0,0,0,0,0,0,0,0,0,0,0
61,260,27.61,2.8373,215.39,0,0,0,0,0,0,0,0,0,0,0,0,0,0,0,0
61,260,27.61,2.8373,215.39,0,0,0,0,0,0,0,0,0,0,0,0,0,0,0,0
61,260,27.61,2.8373,215.39,0,0,0,0,0,0,0.13028,0,0,0,0,0,0,0,0,0
61,260,27.61,2.8373,215.39,0,0,0,0,0,0,0,0,0,0,0,0,0,0,0,0
61,260,27.61,2.8373,215.39,0.07502,0,0,0,0,0,0,0,0,0,0,0,0,0,0,0
61,260,27.61,2.8373,215.39,0,0,0,0,0,1.3832,0,0,0,0,0,0,0,0,0,0
61,260,27.61,2.8373,215.39,0,0,0,0,0,0,0,0,0,0,0,0,0,0,0,0
61,260,27.61,2.8373,215.39,0.042115,0,0,0,0,0,0,0,0,0,0,0,0,0,0,0
61,260,27.61,2.8373,215.39,0,0,0,0,0,0,0,0,0,0,0,0,0,0,0,0
61,260,27.61,2.8373,215.39,0,0,0,0,0,0,0,0,0,0,0,0,0,0,0,0
61,260,27.61,2.8373,215.39,0,0,0,0,0,0,0,0,0,0,0,0,0,0,0,0
61,260,27.61,2.8373,215.39,0.41905,0,0,0,0,0,0,0,0,0,0,0,0,0,0,0
61,260,27.61,2.8373,215.39,0.0071766,0,0,0,0,0,0,0,0,0,0,0,0,0,0,0
61,260,27.61,2.8373,215.39,0.06137,0,0,0,0,0,0,0,0,0,0,0,0,0,0,0
61,260,27.61,2.8373,215.39,1.2668,0,0,0,0,0,0,0,0,0,0,0,0,0,0,0
61,260,27.61,2.8373,215.39,0,0,0,0,0,0,0,0,0,0,0,0,0,0,0,0
61,260,27.61,2.8373,215.39,0,0,0,0,0,0,0,0,0,0,0,0,0,0,0,0
61,260,27.61,2.8373,215.39,0.001292,0,0,0,0,0,0,0,0,0,0,0,0,0,0,0
61,260,27.61,2.8373,215.39,0.3117,0,0,0,0,0,0,0,0,0,0,0,0,0,0,0
61,260,27.61,2.8373,215.39,0.00524,0,0,0,0,0,0,0,0,0,0,0,0,0,0,0
61,260,27.61,2.8373,215.39,0.00524,0,0,0,0,0,0,0,0,0,0,0,0,0,0,0
61,260,27.61,2.8373,215.39,0.0059107,0,0,0,0,0,0,0,0,0,0,0,0,0,0,0
61,260,27.61,2.8373,215.39,2.6855,0,0,0,0,0,0,0,0,0,0,0,0,0,0,0
61,260,27.61,2.8373,215.39,0.003346,0,0,0,0,0,0,0,0,0,0,0,0,0,0,0
61,260,27.61,2.8373,215.39,0,0,0,0,0,0,0,0,0,0,0,0,0,0,0,0
61,260,27.61,2.8373,215.39,0,0,0,0,0,0,0,0,0,0,0,0,0,0,0,0
61,260,27.61,2.8373,215.39,1.9258,0,0,0,0,0,0,0,0,0,0,0,0,0,0,0
61,260,27.61,2.8373,215.39,0.20734,0,0,0,0,0,0,0,0,0,0,0,0,0,0,0
61,260,27.61,2.8373,215.39,0,0,0,0,0,0,0,0,0,0,0,0,0,0,0,0
61,260,27.61,2.8373,215.39,0.00524,0,0,0,0,0,0,0,0,0,0,0,0,0,0,0
61,260,27.61,2.8373,215.39,2.0629,0,0,0,0,0,0,0,0,0,0,0,0,0,0,0
61,260,27.61,2.8373,215.39,0,0,0,0,0,0,0,0,0,0,0,0,0,0,0,0
61,260,27.61,2.8373,215.39,0,0,0,0,0,0,0,0,0,0,0,0,0,0,0,0
61,260,27.61,2.8373,215.39,0,0,0,0,0,0,0,0,0,0,0,0,0,0,0,0
61,260,27.61,2.8373,215.39,0.3117,0,0,0,0,0,0,0,0,0,0,0,0,0,0,0
61,260,27.61,2.8373,215.39,0,0,0,0,0,0,0,0,0,0,0,0,0,0,0,0
61,260,27.61,2.8373,215.39,0,0,0,0,0,0,0,0,0,0,0,0,0,0,0,0
61,260,27.61,2.8373,215.39,0.005239,0,0,0,0,0,0,0,0,0,0,0,0,0,0,0
61,260,27.61,2.8373,215.39,0,0,0,0,0,0,0,0,0,0,0,0,0,0,0,0
61,260,27.61,2.8373,215.39,0,0,0,0,0,0,0,0,0,0,0,0,0,0,0,0
61,260,27.61,2.8373,215.39,2.5969,0,0,0,0,0,0,0,0,0,0,0,0,0,0,0
61,260,27.61,2.8373,215.39,0.007328,0,0,0,0,0,0,0,0,0,0,0,0,0,0,0
61,260,27.61,2.8373,215.39,0.15253,0,0,0,0,0,0,0,0,0,0,0,0,0,0,0
61,260,27.61,2.8373,215.39,0,0,0,0,0,0,0,0,0,0,0,0,0,0,0,0
61,260,27.61,2.8373,215.39,0.0085945,0,0,0,0,0,0,0,0,0,0,0,0,0,0,0
61,260,27.61,2.8373,215.39,0.12261,0,0,0,0,0,0,0,0,0,0,0,0,0,0,0
61,260,27.61,2.8373,215.39,0.025604,0,0,0,0,0,0.67053,0,0,0,0,0,0,0,0,0
61,260,27.61,2.8373,215.39,0.003539,0,0,0,0,0,0,0,0,0,0,0,0,0,0,0
61,260,27.61,2.8373,215.39,0.010649,0,0,0,0,0,0,0,0,0,0,0,0,0,0,0
61,260,27.61,2.8373,215.39,0.00524,0,0,0,0,0,0,0,0,0,0,0,0,0,0,0
61,260,27.61,2.8373,215.39,0,0,0,0,0,0,0,0,0,0,0,0,0,0,0,0
61,260,27.61,2.8373,215.39,0.092789,0,0,0,0,0,0,0,0,0,0,0,0,0,0,0
61,260,27.61,2.8373,215.39,1.0934,0,0,0,0,0,0,0,0,0,0,0,0,0,0,0
61,260,27.61,2.8373,215.39,2.7391,0,0,0,0,0,0,0,0,0,0,0,0,0,0,0
61,260,27.61,2.8373,215.39,0,0,0,0,0,0,0,0,0,0,0,0,0,0,0,0
61,260,27.61,2.8373,215.39,0,0,0,0,0,0,0,0,0,0,0,0,0,0,0,0
61,260,27.61,2.8373,215.39,0.00524,0,0,0,0,0,0,0,0,0,0,0,0,0,0,0
61,260,27.61,2.8373,215.39,0,0,0,0,0,0,0,0,0,0,0,0,0,0,0,0
61,260,27.61,2.8373,215.39,0,0,0,0,0,0,0,0,0,0,0,0,0,0,0,0
61,260,27.61,2.8373,215.39,0.0059107,0,0,0,0,0,0,0,0,0,0,0,0,0,0,0
61,260,27.61,2.8373,215.39,0.008333,0,0,0,0,0,0,0,0,0,0,0,0,0,0,0
61,260,27.61,2.8373,215.39,0.0015835,0,0,0,0,0,0,0,0,0,0,0,0,0,0,0
61,260,27.61,2.8373,215.39,0,0,0,0,0,0,0,0,0,0,0,0,0,0,0,0
61,260,27.61,2.8373,215.39,0,0,0,0,0,0,0,0,0,0,0,0,0,0,0,0
61,260,27.61,2.8373,215.39,0.43387,0,0,0,0,0,0,0,0,0,0,0,0,0,0,0
61,260,27.61,2.8373,215.39,0,0,0,0,0,0,0,0,0,0,0,0,0,0,0,0
61,260,27.61,2.8373,215.39,0.001397,0,0,0,0,0,0,0,0,0,0,0,0,0,0,0
61,260,27.61,2.8373,215.39,0.002031,0,0,0,0,0,0,0,0,0,0,0,0,0,0,0
61,260,27.61,2.8373,215.39,0,0,0,0,0,0,0,0,0,0,0,0,0,0,0,0
61,260,27.61,2.8373,215.39,1.0565,0,0,0,0,0,0,0,0,0,0,0,0,0,0,0
61,260,27.61,2.8373,215.39,1.0999,0,0,0,0,0,0,0,0,0,0,0,0,0,0,0
61,260,27.61,2.8373,215.39,0.0173,0,0,0,0,0,0,0,0,0,0,0,0,0,0,0
61,260,27.61,2.8373,215.39,0,0,0,0,0,0,0,0,0,0,0,0,0,0,0,0
61,260,27.61,2.8373,215.39,0.008333,0,0,0,0,0,0,0,0,0,0,0,0,0,0,0
61,260,27.61,2.8373,215.39,0.12626,0,0,0,0,0,0,0,0,0,0,0,0,0,0,0
61,260,27.61,2.8373,215.39,0,0,0,0,0,0,0,0,0,0,0,0,0,0,0,0
61,260,27.61,2.8373,215.39,0,0,0,0,0,0,0,0,0,0,0,0,0,0,0,0
61,260,27.61,2.8373,215.39,0,0,0,0,0,0,0,0,0,0,0,0,0,0,0,0
61,260,27.61,2.8373,215.39,0.01873,0,0,0,0,0,0.13028,0,0,0,0,0,0,0,0,0
61,260,27.61,2.8373,215.39,0,0,0,0,0,0,0,0,0,0,0,0,0,0,0,0
61,260,27.61,2.8373,215.39,0.13395,0,0,0,0,0,0,0,0,0,0,0,0,0,0,0
61,260,27.61,2.8373,215.39,0,0,0,0,0,0,0,0,0,0,0,0,0,0,0,0
61,260,27.61,2.8373,215.39,0,0,0,0,0,0,0,0,0,0,0,0,0,0,0,0
61,260,27.61,2.8373,215.39,1.1989,0,0,0,0,0,0,0,0,0,0,0,0,0,0,0
61,260,27.61,2.8373,215.39,0,0,0,0,0,0,0,0,0,0,0,0,0,0,0,0
61,260,27.61,2.8373,215.39,0,0,0,0,0,0,0,0,0,0,0,0,0,0,0,0
61,260,27.61,2.8373,215.39,0.27803,0,0,0,0,0,0,0,0,0,0,0,0,0,0,0
61,260,27.61,2.8373,215.39,0,0,0,0,0,0,0,0,0,0,0,0,0,0,0,0
61,260,27.61,2.8373,215.39,0.009672,0,0,0,0,0,0,0,0,0,0,0,0,0,0,0
61,260,27.61,2.8373,215.39,0,0,0,0,0,0,0,0,0,0,0,0,0,0,0,0
61,260,27.61,2.8373,215.39,0.15503,0,0,0,0,0,0,0,0,0,0,0,0,0,0,0
61,260,27.61,2.8373,215.39,0.010649,0,0,0,0,0,0,0,0,0,0,0,0,0,0,0
61,260,27.61,2.8373,215.39,0.027446,0,0,0,0,0,0,0,0,0,0,0,0,0,0,0
61,260,27.61,2.8373,215.39,0.008333,0,0,0,0,0,0,0,0,0,0,0,0,0,0,0
61,260,27.61,2.8373,215.39,0,0,0,0,0,0,0,0,0,0,0,0,0,0,0,0
61,260,27.61,2.8373,215.39,0,0,0,0,0,0,0,0,0,0,0,0,0,0,0,0
61,260,27.61,2.8373,215.39,0,0,0,0,0,0,0,0,0,0,0,0,0,0,0,0
61,260,27.61,2.8373,215.39,0,0,0,0,0,2.0673,0,0,0,0,0,0,0,0,0,0
61,260,27.61,2.8373,215.39,0,0,0,0,0,0,0,0,0,0,0,0,0,0,0,0
61,260,27.61,2.8373,215.39,0.049312,0,0,0,0,0,0,0,0,0,0.091124,0,0,0,0,0
61,260,27.61,2.8373,215.39,1.7161,0,0,0,0,0,0,0,0,0,0,0,0,0,0,0
61,260,27.61,2.8373,215.39,0,0,0,0,0,0,0,0,0,0,0,0,0,0,0,0
61,260,27.61,2.8373,215.39,0,0,0,0,0,0,0,0,0,0,0,0,0,0,0,0
61,260,27.61,2.8373,215.39,0,0,0,0,0,0,0,0,0,0,0,0,0,0,0,0
61,260,27.61,2.8373,215.39,0.0094623,0,0,0,0,0,0,0,0,0,0,0,0,0,0,0
61,260,27.61,2.8373,215.39,0.019431,0,0,0,0,0,0,0,0,0,0,0,0,0,0,0
61,260,27.61,2.8373,215.39,0.02297,0,0,0,0,0,0,0,0,0,0,0,0,0,0,0
61,260,27.61,2.8373,215.39,0.024761,0,0,0,0,0,0,0,0,0,0,0,0,0,0,0
61,260,27.61,2.8373,215.39,0.010295,0,0,0,0,0,0.13028,0,0,0,0,0,0,0,0,0
61,260,27.61,2.8373,215.39,0,0,0,0,0,0,0,0,0,0,0,0,0,0,0,0
61,260,27.61,2.8373,215.39,0.2642,0,0,0,0,0,0,0,0,0,0,0,0,0,0,0
61,260,27.61,2.8373,215.39,0,0,0,0,0,0,0,0,0,0,0,0,0,0,0,0
61,260,27.61,2.8373,215.39,0,0,0,0,0,0,0,0,0,0,0,0,0,0,0,0
61,260,27.61,2.8373,215.39,0.008333,0,0,0,0,0,0,0,0,0,0,0,0,0,0,0
61,260,27.61,2.8373,215.39,0.003355,0,0,0,0,0,0,0,0,0,0,0,0,0,0,0
61,260,27.61,2.8373,215.39,0,0,0,0,0,0,0,0,0,0,0,0,0,0,0,0
61,260,27.61,2.8373,215.39,0.008333,0,0,0,0,0,0,0,0,0,0,0,0,0,0,0
61,260,27.61,2.8373,215.39,0,0,0,0,0,0,0,0,0,0,0,0,0,0,0,0
61,260,27.61,2.8373,215.39,0.005239,0,0,0,0,0,0,0,0,0,0,0,0,0,0,0
62,261,12.008,32.239,2447.4,0.53876,0,0,0,0,0,0,0,0,0,0,0,0,0,0,0
62,261,12.008,32.239,2447.4,0,0,0,0,0,0,0,0,0,0,0,0,0,0,4.0511,0
62,261,12.008,32.239,2447.4,0.008335,0,0,0,0,0,0,0,0,0,5.3407,0,0,0,0,0
62,261,12.008,32.239,2447.4,0,0,0,0,0,0,0,0,0,0,0,0,0,0,0,0
62,261,12.008,32.239,2447.4,0,0,0,0,0,0,0,0,0,0,0,0,0,0,0,0
62,261,12.008,32.239,2447.4,0,0,0,0,0,0,0,0,0,0,0,0,0,0,0,0
62,261,12.008,32.239,2447.4,0,0,0,0,0,0,0,0,0,0,0,0,0,0,0,0
62,261,12.008,32.239,2447.4,0,0,0,0,0,0,0,0,0,0,0,0,0,0,0,0
62,261,12.008,32.239,2447.4,0,0,0,0,0,0,0,0,0,0,0,0,0,0,0,0
62,261,12.008,32.239,2447.4,0.0071766,0,0,0,0,0,0,0,0,0,0,0,0,0,0,0
62,261,12.008,32.239,2447.4,0,0,0,0,0,0,0,0,0,0,0,0,0,0,0,0
62,261,12.008,32.239,2447.4,0,0,0,0,0,0,0,0,0,0,0,0,0,0,0,0
62,261,12.008,32.239,2447.4,0.000376,0,0,0,0,0,0,0,0,0,0,0,0,0,0,0
62,261,12.008,32.239,2447.4,0,0,0,0,0,0,0,0,0,0,0,0,0,0,0,0
62,261,12.008,32.239,2447.4,0,0,0,0,0,0,0,0,0,0,0,0,0,0,0,0
62,261,12.008,32.239,2447.4,0,0,0,0,0,0,0,0,0,0,0,0,0,0,0,0
62,261,12.008,32.239,2447.4,0,0,0,0,0,0,0,0,0,0,0,0,0,0,2.5478,0
62,261,12.008,32.239,2447.4,0,0,0,0,0,0,0,0,0,0,0,0,0,0,0,0
62,261,12.008,32.239,2447.4,3.7909,0,0,0,0,0,0,0,0,0,0,0,0,0,0,0
62,261,12.008,32.239,2447.4,1.6647,0,0,0,0,0,0,0,0,0,0,0,0,0,0,0
62,261,12.008,32.239,2447.4,0.002998,0,0,0,0,0,0,0,0,0,0,0,0,0,0,0
62,261,12.008,32.239,2447.4,0,0,0,0,0,0,0,0,0,0,0,0,0,0,0,0
62,261,12.008,32.239,2447.4,0,0,0,0,0,0,0,0,0,0,0,0,0,0,0,0
62,261,12.008,32.239,2447.4,0,0,0,0,0,0,0,0,0,0,0,0,0,0,0,0
62,261,12.008,32.239,2447.4,0.00714,0,0,0,0,0,0,0,0,0,0,0,0,0,0,0
62,261,12.008,32.239,2447.4,0.054239,0,0,0,0,0,0,0,0,0,0,0,0,0,0,0
62,261,12.008,32.239,2447.4,0,0,0,0,0,0,0,0,0,0,0,0,0,0,0,0
62,261,12.008,32.239,2447.4,0.008333,0,0,0,0,0,0,0,0,0,0,0,0,0,0,0
62,261,12.008,32.239,2447.4,0.0088426,0,0,0,0,0,0,0,0,0,0,0,0,0,0,0
62,261,12.008,32.239,2447.4,0.69402,0,0,0,0,0,0,0,0,0,0,0,0,0,0,0
62,261,12.008,32.239,2447.4,3.0514,0,0,0,0,0,0,0,0,0,0,0,0,0,0,0
62,261,12.008,32.239,2447.4,0.005239,0,0,0,0,0,0,0,0,0,0,0,0,0,0,0
62,261,12.008,32.239,2447.4,0,0,0,0,0,0,0,0,0,0,0,0,0,0,0,0
62,261,12.008,32.239,2447.4,0,0,0,0,0,0,0,0,0,0,0,0,0,0,0,0
62,261,12.008,32.239,2447.4,0.008333,0,0,0,0,0,0,0,0,0,0,0,0,0,0,0
62,261,12.008,32.239,2447.4,0,0,0,0,0,0,0,0,0,0,0,0,0,0,0,0
62,261,12.008,32.239,2447.4,5.2329,0,0,0,0,0,0,0,0,0,0,0,0,0,0,0
62,261,12.008,32.239,2447.4,0.068325,0,0,0,0,0,0,0,0,0,0,0,0,0,0,0
62,261,12.008,32.239,2447.4,0.026473,0,0,0,0,0,0,0,0,0,0,0,0,0,0,0
62,261,12.008,32.239,2447.4,0,0,0,0,0,0,0,0,0,0,0,0,0,0,0,0
62,261,12.008,32.239,2447.4,0,0,0,0,0,0,0,0,0,0,0.050576,0,0,0,0,0
62,261,12.008,32.239,2447.4,0.006456,0,0,0,0,0,0,0,0,0,0,0,0,0,0,0
62,261,12.008,32.239,2447.4,0,0,0,0,0,0,0,0,0,0,0,0,0,0,0,0
62,261,12.008,32.239,2447.4,0.45729,0,0,0,0,0,0,0,0,0,0,0,0,0,0,0
62,261,12.008,32.239,2447.4,0.008333,0,0,0,0,0,0,0,0,0,0,0,0,0,0,0
62,261,12.008,32.239,2447.4,0,0,0,0,0,0,0,0,0,0,0,0,0,0,0,0
62,261,12.008,32.239,2447.4,0,0,0,0,0,0,0,0,0,0,0,0,0,0,0,0
62,261,12.008,32.239,2447.4,0,0,0,0,0,0,0,0,0,0,0,0,0,0,0,0
62,261,12.008,32.239,2447.4,3.7909,0,0,0,0,0,0,0,0,0,0,0,0,0,0,0
62,261,12.008,32.239,2447.4,0,0,0,0,0,0,0,0,0,0,0,0,0,0,0,0
62,261,12.008,32.239,2447.4,0.011629,0,0,0,0,0,0,0,0,0,0,0,0,0,0,0
62,261,12.008,32.239,2447.4,0,0,0,0,0,0,0,0,0,0,0,0,0,0,0,0
62,261,12.008,32.239,2447.4,0.43387,0,0,0,0,0,0,0,0,0,0,0,0,0,0,0
62,261,12.008,32.239,2447.4,0,0,0,0,0,0,0,0,0,0,0,0,0,0,0,0
62,261,12.008,32.239,2447.4,0,0,0,0,0,0,0,0,0,0,0,0,0,0,0,0
62,261,12.008,32.239,2447.4,0,0,0,0,0,0,0,0,0,0,0,0,0,0,0,0
62,261,12.008,32.239,2447.4,1.6647,0,0,0,0,0,0,0,0,0,0,0,0,0,0,0
62,261,12.008,32.239,2447.4,0.011629,0,0,0,0,0,0,0,0,0,0,0,0,0,0,0
62,261,12.008,32.239,2447.4,0,0,0,0,0,0,0,0,0,0,0,0,0,0,0,0
62,261,12.008,32.239,2447.4,0,0,0,0,0,0,0,0,0,0,0,0,0,0,0,0
62,261,12.008,32.239,2447.4,0,0,0,0,0,0,0,0,0,0,0,0,0,0,0,0
62,261,12.008,32.239,2447.4,0.012275,0,0,0,0,0,0,0,0,0,0,0,0,0,0,0
62,261,12.008,32.239,2447.4,0.20213,0,0,0,0,0,0,0,0,0,0,0,0,0,0,0
62,261,12.008,32.239,2447.4,0.72232,0,0,0,0,0,0,0,0,0,0,0,0,0,0,0
62,261,12.008,32.239,2447.4,0,0,0,0,0,0,0,0,0,0,0,0,0,0,0,0
62,261,12.008,32.239,2447.4,0,0,0,0,0,0,0,0,0,0,0,0,0,0,0,0
62,261,12.008,32.239,2447.4,0.00524,0,0,0,0,0,0,0,0,0,0,0,0,0,0,0
62,261,12.008,32.239,2447.4,0.010082,0,0,0,0,0,0,0,0,0,0,0,0,0,0,0
62,261,12.008,32.239,2447.4,0.000254,0,0,0,0,0,0,0,0,0,0,0,0,0,27.616,0
62,261,12.008,32.239,2447.4,0,0,0,0,0,0,0,0,0,0,0,0,0,0,0,0
62,261,12.008,32.239,2447.4,0.01873,0,0,0,0,0,0,0,0,0,0,0,0,0,0,0
62,261,12.008,32.239,2447.4,0.007697,0,0,0,0,0,0,0,0,0,0,0,0,0,0,0
62,261,12.008,32.239,2447.4,0,0,0,0,0,0,0,0,0,0,0,0,0,0,0,0
62,261,12.008,32.239,2447.4,15.669,0,0,0,0,0,0,0,0,0,0,0,0,0,0,0
62,261,12.008,32.239,2447.4,0.90893,0,0,0,0,0,0,0,0,0,0,0,0,0,0,0
62,261,12.008,32.239,2447.4,0,0,0,0,0,0,0,0,0,0,0,0,0,0,0,0
62,261,12.008,32.239,2447.4,0.43212,0,0,0,0,0,0,0,0,0,0,0,0,0,8.6228,0
62,261,12.008,32.239,2447.4,0.018318,0,0,0,0,0,0,0,0,0,0,0,0,0,0,0
62,261,12.008,32.239,2447.4,0.16365,0,0,0,0,0,0,0,0,0,0,0,0,0,0,0
62,261,12.008,32.239,2447.4,0,0,0,0,0,0,0,0,0,0,0,0,0,0,0,0
62,261,12.008,32.239,2447.4,0,0,0,0,0,0,0,0,0,0,0,0,0,0,0,0
62,261,12.008,32.239,2447.4,0,0,0,0,0,0,0,0,0,0,0,0,0,0,0,0
62,261,12.008,32.239,2447.4,0.81843,0,0,0,0,0,0,0,0,0,0,0,0,0,0,0
62,261,12.008,32.239,2447.4,0.024999,0,0,0,0,0,0,0,0,0,0,0,0,0,0,0
62,261,12.008,32.239,2447.4,0.008335,0,0,0,0,0,0,0,0,0,0,0,0,0,0,0
62,261,12.008,32.239,2447.4,0,0,0,0,0,0,0,0,0,0,0,0,0,0,0,0
62,261,12.008,32.239,2447.4,0.000716,0,0,0,0,0,0,0,0,0,0,0,0,0,0,0
62,261,12.008,32.239,2447.4,0,0,0,0,0,0,0,0,0,0,0,0,0,0,0,0
62,261,12.008,32.239,2447.4,0,0,0,0,0,14.394,0,0,0,0,0,0,0,0,0,0
62,261,12.008,32.239,2447.4,0,0,0,0,0,0,0,0,0,0,0,0,0,0,0,0
62,261,12.008,32.239,2447.4,0.074483,0,0,0,0,0,0,0,0,0,0,0,0,0,0,0
62,261,12.008,32.239,2447.4,0,0,0,0,0,0,0,0,0,0,0,0,0,0,0,0
62,261,12.008,32.239,2447.4,0,0,0,0,0,0,0,0,0,0,0,0,0,0,0,0
62,261,12.008,32.239,2447.4,0,0,0,0,0,0,0,0,0,0,0,0,0,0,0,0
62,261,12.008,32.239,2447.4,0.009672,0,0,0,0,0.79502,0,0,0,0,0,0,0,0,0,0
62,261,12.008,32.239,2447.4,0,0,0,0,0,0,0,0,0,0,0,0,0,0,0,0
62,261,12.008,32.239,2447.4,0,0,0,0,0,0,0,0,0,0,0,0,0,0,0,0
62,261,12.008,32.239,2447.4,0.008333,0,0,0,0,0,0,0,0,0,0,0,0,0,0,0
62,261,12.008,32.239,2447.4,0,0,0,0,0,0,0,0,0,0,0,0,0,0,0,0
62,261,12.008,32.239,2447.4,0,0,0,0,0,0,0,0,0,0,0,0,0,0,0,0
62,261,12.008,32.239,2447.4,0.0055384,0,0,0,0,0,0,0,0,0,0,0,0,0,0,0
62,261,12.008,32.239,2447.4,1.4591,0,0,0,0,0,0,0,0,0,0,0,0,0,0,0
62,261,12.008,32.239,2447.4,0,0,0,0,0,0,0,0,0,0,0,0,0,0,0,0
62,261,12.008,32.239,2447.4,0,0,0,0,0,0,0,0,0,0,0,0,0,0,0,0
62,261,12.008,32.239,2447.4,0.72843,0,0,0,0,0,0,0,0,0,0,0,0,0,0,0
62,261,12.008,32.239,2447.4,0,0,0,0,0,0,0,0,0,0,0,0,0,0,0,0
62,261,12.008,32.239,2447.4,0,0,0,0,0,0,0,0,0,0,0,0,0,0,0,0
62,261,12.008,32.239,2447.4,0,0,0,0,0,0,0,0,0,0,0,0,0,0,0,0
62,261,12.008,32.239,2447.4,0.008333,0,0,0,0,0,0,0,0,0,0,0,0,0,0,0
62,261,12.008,32.239,2447.4,0.008336,0,0,0,0,0,0,0,0,0,0,0,0,0,0,0
62,261,12.008,32.239,2447.4,0.019431,0,0,0,0,0,0,0,0,0,0,0,0,0,0,0
62,261,12.008,32.239,2447.4,0,0,0,0,0,0,0,0,0,0,0,0,0,0,0,0
62,261,12.008,32.239,2447.4,0.43387,0,0,0,0,0,0,0,0,0,0,0,0,0,0,0
62,261,12.008,32.239,2447.4,0.18047,0,0,0,0,0,0,0,0,0,0,0,0,0,0,0
62,261,12.008,32.239,2447.4,2.9263,0,0,0,0,0,0,0,0,0,0,0,0,0,0,0
62,261,12.008,32.239,2447.4,0.008335,0,0,0,0,0,0,0,0,0,0,0,0,0,0,0
62,261,12.008,32.239,2447.4,0,0,0,0,0,0,0,0,0,0,0,0,0,0,0,0
62,261,12.008,32.239,2447.4,0,0,0,0,0,0,0,0,0,0,0,0,0,0,0,0
62,261,12.008,32.239,2447.4,0.73234,0,0,0,0,0,0,0,0,0,0,0,0,0,0,0
62,261,12.008,32.239,2447.4,0,0,0,0,0,0,0,0,0,0,0,0,0,0,0,0
62,261,12.008,32.239,2447.4,0.018944,0,0,0,0,0,0,0,0,0,0,0,0,0,0,0
62,261,12.008,32.239,2447.4,0.2642,0,0,0,0,0,0,0,0,0,0,0,0,0,0,0
62,261,12.008,32.239,2447.4,0,0,0,0,0,0,0,0,0,0,0,0,0,0,0,0
62,261,12.008,32.239,2447.4,23.025,0,0,0,0,0,0,0,0,0,0,0,0,0,0,0
62,261,12.008,32.239,2447.4,0.0091388,0,0,0,0,0,0,0,0,0,0,0,0,0,0,0
62,261,12.008,32.239,2447.4,0,0,0,0,0,0,0,0,0,0,0,0,0,0,0,0
62,261,12.008,32.239,2447.4,0,0,0,0,0,0,0,0,0,0,0,0,0,0,0,0
62,261,12.008,32.239,2447.4,2.3515,0,0,0,0,0,0,0,0,0,0,0,0,0,0,0
62,261,12.008,32.239,2447.4,0.0262,0,0,0,0,0,0,0,0,0,0,0,0,0,0,0
62,261,12.008,32.239,2447.4,0.01358,0,0,0,0,0,0.40452,0,0,0,0,0,0,0,0,0
62,261,12.008,32.239,2447.4,0.0053955,0,0,0,0,0,0,0,0,0,0,0,0,0,0,0
62,261,12.008,32.239,2447.4,0.003416,0,0,0,0,0,0,0,0,0,0,0,0,0,0,0
62,261,12.008,32.239,2447.4,0,0,0,0,0,0,0,0,0,0,0,0,0,0,0,0
62,261,12.008,32.239,2447.4,0,0,0,0,0,0,0,0,0,0,0,0,0,0,0,0
62,261,12.008,32.239,2447.4,23.025,0,0,0,0,0,0,0,0,0,0,0,0,0,0,0
62,261,12.008,32.239,2447.4,0,0,0,0,0,0,0,0,0,0,0,0,0,0,0,0
62,261,12.008,32.239,2447.4,0,0,0,0,0,0,0,0,0,0,0,0,0,0,2.5478,0
62,261,12.008,32.239,2447.4,4.0786,0,0,0,0,0,0,0,0,0,0,0,0,0,0,0
62,261,12.008,32.239,2447.4,0,0,0,0,0,0,0,0,0,0,0,0,0,0,0,0
62,261,12.008,32.239,2447.4,0.005769,0,0,0,0,0,0,0,0,0,0.050576,0,0,0,0,0
62,261,12.008,32.239,2447.4,16.785,0,0,0,0,0,0,0,0,0,0,0,0,0,0,0
62,261,12.008,32.239,2447.4,0,0,0,0,0,0,0,0,0,0,0,0,0,0,0,0
62,261,12.008,32.239,2447.4,1.9258,0,0,0,0,0,0,0,0,0,0,0,0,0,0,0
62,261,12.008,32.239,2447.4,0.0098155,0,0,0,0,0,0,0,0,0,0,0,0,0,0,0
62,261,12.008,32.239,2447.4,0.0083826,0,0,0,0,0,0,0,0,0,0,0,0,0,0,0
62,261,12.008,32.239,2447.4,0.028835,0,0,0,0,0,0,0,0,0,0,0,0,0,0,0
62,261,12.008,32.239,2447.4,0,0,0,0,0,0,0,0,0,0,0,0,0,0,0,0
62,261,12.008,32.239,2447.4,0,0,0,0,0,0,0,0,0,0,0,0,0,0,0,0
62,261,12.008,32.239,2447.4,0.032708,0,0,0,0,0,0,0,0,0,0,0,0,0,0,0
62,261,12.008,32.239,2447.4,0,0,0,0,0,0,0,0,0,0,0,0,0,0,0,0
62,261,12.008,32.239,2447.4,0,0,0,0,0,0,0,0,0,0,0,0,0,0,0,0
62,261,12.008,32.239,2447.4,0.000376,0,0,0,0,0,0,0,0,0,0,0,0,0,0,0
62,261,12.008,32.239,2447.4,0.002068,0,0,0,0,0,0,0,0,0,0,0,0,0,0,0
62,261,12.008,32.239,2447.4,0.23542,0,0,0,0,0,0,0,0,0,0,0,0,0,0,0
62,261,12.008,32.239,2447.4,2.0629,0,0,0,0,0,0,0,0,0,0,0,0,0,0,0
62,261,12.008,32.239,2447.4,0,0,0,0,0,0,0,0,0,0,0,0,0,0,28.464,0
62,261,12.008,32.239,2447.4,0.14724,0,0,0,0,0,0,0,0,0,0,0,0,0,0,0
62,261,12.008,32.239,2447.4,0,0,0,0,0,0,0,0,0,0,0,0,0,0,0,0
62,261,12.008,32.239,2447.4,0.25131,0,0,0,0,0,0,0,0,0,0,0,0,0,0,0
62,261,12.008,32.239,2447.4,0,0,0,0,0,0,0,0,0,0,0,0,0,0,0,0
62,261,12.008,32.239,2447.4,0,0,0,0,0,0,0,0,0,0,0,0,0,0,0,0
62,261,12.008,32.239,2447.4,2.3027,0,0,0,0,0,0,0,0,0,0,0,0,0,0,0
62,261,12.008,32.239,2447.4,0,0,0,0,0,0,0,0,0,0,0,0,0,0,0,0
62,261,12.008,32.239,2447.4,6.001,0,0,0,0,0,0,0,0,0,0,0,0,0,0,0
62,261,12.008,32.239,2447.4,0,0,0,0,0,0,0,0,0,0,0,0,0,0,0,0
62,261,12.008,32.239,2447.4,0.018944,0,0,0,0,0,0,0,0,0,0,0,0,0,0,0
62,261,12.008,32.239,2447.4,0,0,0,0,0,0,0,0,0,0,0,0,0,0,0,0
62,261,12.008,32.239,2447.4,0,0,0,0,0,0,0,0,0,0,0,0,0,0,0,0
62,261,12.008,32.239,2447.4,0,0,0,0,0,0,0,0,0,0,0,0,0,0,0,0
62,261,12.008,32.239,2447.4,0,0,0,0,0,0,0,0,0,0,0,0,0,0,0,0
62,261,12.008,32.239,2447.4,0.0091388,0,0,0,0,0,0,0,0,0,0,0,0,0,0,0
62,261,12.008,32.239,2447.4,2.9263,0,0,0,0,0,0,0,0,0,0,0,0,0,0,0
62,261,12.008,32.239,2447.4,0,0,0,0,0,0,0,0,0,0,0,0,0,0,0,0
62,261,12.008,32.239,2447.4,0,0,0,0,0,0,0,0,0,0,0,0,0,0,0,0
62,261,12.008,32.239,2447.4,0.61125,0,0,0,0,0,0,0,0,0,0,0,0,0,0,0
62,261,12.008,32.239,2447.4,4.022,0,0,0,0,0,0,0,0,0,0,0,0,0,0,0
62,261,12.008,32.239,2447.4,0,0,0,0,0,0,0,0,0,0,0,0,0,0,0,0
62,261,12.008,32.239,2447.4,0,0,0,0,0,0,0,0,0,0,0,0,0,0,0,0
62,261,12.008,32.239,2447.4,0.002068,0,0,0,0,0,0.13028,0,0,0,0,0,0,0,0,0
62,261,12.008,32.239,2447.4,0.008793,0,0,0,0,0,0,0,0,0,0,0,0,0,0,0
62,261,12.008,32.239,2447.4,6.001,0,0,0,0,0,0,0,0,0,0,0,0,0,0,0
62,261,12.008,32.239,2447.4,0,0,0,0,0,0,0,0,0,0,0,0,0,0,0,0
62,261,12.008,32.239,2447.4,0,0,0,0,0,0,0,0,0,0,0,0,0,0,0,0
62,261,12.008,32.239,2447.4,0.028835,0,0,0,0,0,0,0,0,0,0,0,0,0,0,0
62,261,12.008,32.239,2447.4,0.002031,0,0,0,0,0,0,0,0,0,0,0,0,0,0,0
62,261,12.008,32.239,2447.4,0.01358,0,0,0,0,0,0,0,0,0,0,0,0,0,0,0
62,261,12.008,32.239,2447.4,0,0,0,0,0,0,0,0,0,0,0,0,0,0,0,0
62,261,12.008,32.239,2447.4,0,0,0,0,0,0,0,0,0,0,0,0,0,0,0,0
62,261,12.008,32.239,2447.4,0.003538,0,0,0,0,0,0,0,0,0,0,0,0,0,0,0
62,261,12.008,32.239,2447.4,0,0,0,0,0,0,0,0,0,0,0,0,0,0,0,0
62,261,12.008,32.239,2447.4,0.008333,0,0,0,0,0,0,0,0,0,0,0,0,0,0,0
62,261,12.008,32.239,2447.4,0,0,0,0,0,0,0,0,0,0,0,0,0,0,0,0
62,261,12.008,32.239,2447.4,2.6401,0,0,0,0,0,0,0,0,0,0,0,0,0,0,0
62,261,12.008,32.239,2447.4,0,0,0,0,0,0,0,0,0,0,0,0,0,0,0,0
62,261,12.008,32.239,2447.4,0,0,0,0,0,0,0,0,0,0,0,0,0,0,0,0
62,261,12.008,32.239,2447.4,0,0,0,0,0,0,0,0,0,0,0,0,0,0,0,0
62,261,12.008,32.239,2447.4,0,0,0,0,0,0,0,0,0,0,0,0,0,0,0,0
62,261,12.008,32.239,2447.4,0.008793,0,0,0,0,0,0,0,0,0,0,0,0,0,0,0
62,261,12.008,32.239,2447.4,0,0,0,0,0,0,0,0,0,0,0,0,0,0,0,0
62,261,12.008,32.239,2447.4,0,0,0,0,0,0,0,0,0,0,0,0,0,0,0,0
62,261,12.008,32.239,2447.4,0.008333,0,0,0,0,0,0,0,0,0,0,0,0,0,0,0
62,261,12.008,32.239,2447.4,0,0,0,0,0,0,0,0,0,0,0,0,0,0,1.8632,0
62,261,12.008,32.239,2447.4,0.0084135,0,0,0,0,0,0,0,0,0,0,0,0,0,0,0
62,261,12.008,32.239,2447.4,0,0,0,0,0,0,0,0,0,0,0,0,0,0,0,0
62,261,12.008,32.239,2447.4,0,0,0,0,0,0,0,0,0,0,0,0,0,0,0,0
62,261,12.008,32.239,2447.4,0.00524,0,0,0,0,0,0,0,0,0,0,0,0,0,0,0
62,261,12.008,32.239,2447.4,0.00524,0,0,0,0,0,0,0,0,0,0,0,0,0,0,0
62,261,12.008,32.239,2447.4,0,0,0,0,0,0,0,0,0,0,0,0,0,0,0,0
62,261,12.008,32.239,2447.4,0,0,0,0,0,0,0,0,0,0,0,0,0,0,0,0
62,261,12.008,32.239,2447.4,0.008333,0,0,0,0,0,0,0,0,0,0,0,0,0,0,0
62,261,12.008,32.239,2447.4,0,0,0,0,0,0,0,0,0,0,0,0,0,0,0,0
62,261,12.008,32.239,2447.4,0.00052,0,0,0,0,0,0,0,0,0,0,0,0,0,0,0
62,261,12.008,32.239,2447.4,0.00524,0,0,0,0,0,0,0,0,0,0,0,0,0,0,0
62,261,12.008,32.239,2447.4,0,0,0,0,0,0,0,0,0,0,0,0,0,0,0,0
62,261,12.008,32.239,2447.4,0,0,0,0,0,0,0,0,0,0,0,0,0,0,0,0
62,261,12.008,32.239,2447.4,0,0,0,0,0,0,0,0,0,0,0,0,0,0,0,0
62,261,12.008,32.239,2447.4,0.001769,0,0,0,0,0,0,0,0,0,0,0,0,0,0,0
62,261,12.008,32.239,2447.4,0.01358,0,0,0,0,0,0,0,0,0,0,0,0,0,0,0
62,261,12.008,32.239,2447.4,3.6517,0,0,0,0,0,0,0,0,0,0,0,0,0,0,0
62,261,12.008,32.239,2447.4,0,0,0,0,0,0,0,0,0,0,0,0,0,0,0,0
62,261,12.008,32.239,2447.4,0.15918,0,0,0,0,0,0,0,0,0,0,0,0,0,0,0
62,261,12.008,32.239,2447.4,0,0,0,0,0,0,0,0,0,0,0,0,0,0,0,0
62,261,12.008,32.239,2447.4,0.0015835,0,0,0,0,0,0,0,0,0,0,0,0,0,0,0
62,261,12.008,32.239,2447.4,1.4071,0,0,0,0,0.10147,0,0,0,0,0,0,0,0,0,0
62,261,12.008,32.239,2447.4,0.026473,0,0,0,0,0,0,0,0,0,0,0,0,0,0,0
62,261,12.008,32.239,2447.4,0,0,0,0,0,0,0,0,0,0,0,0,0,0,0,0
62,261,12.008,32.239,2447.4,0.003416,0,0,0,0,0,0,0,0,0,0,0,0,0,0,0
62,261,12.008,32.239,2447.4,0.025604,0,0,0,0,0,0,0,0,0,0,0,0,0,0,0
62,261,12.008,32.239,2447.4,0,0,0,0,0,0,0,0,0,0,0,0,0,0,0,0
62,261,12.008,32.239,2447.4,0,0,0,0,0,0,0,0,0,0,0,0,0,0,0,0
62,261,12.008,32.239,2447.4,0.21924,0,0,0,0,0,0,0,0,0,0,0,0,0,0,0
62,261,12.008,32.239,2447.4,0.002998,0,0,0,0,0,0,0,0,0,0,0,0,0,0,0
62,261,12.008,32.239,2447.4,0,0,0,0,0,0,0,0,0,0,0,0,0,0,0,0
62,261,12.008,32.239,2447.4,0,0,0,0,0,0,0,0,0,0,0,0,0,0,0,0
62,261,12.008,32.239,2447.4,0.027446,0,0,0,0,0,0,0,0,0,0,0,0,0,0,0
62,261,12.008,32.239,2447.4,4.2889,0,0,0,0,0,0,0,0,0,0,0,0,0,0,0
62,261,12.008,32.239,2447.4,0.005037,0,0,0,0,0,0,0,0,0,0,0,0,0,0,0
62,261,12.008,32.239,2447.4,0.00524,0,0,0,0,0,0,0,0,0,0,0,0,0,0,0
62,261,12.008,32.239,2447.4,0.43387,0,0,0,0,0,0,0,0,0,0,0,0,0,0,0
62,261,12.008,32.239,2447.4,0,0,0,0,0,0,0,0,0,0,0,0,0,0,0,0
62,261,12.008,32.239,2447.4,0,0,0,0,0,0,0,0,0,0,0,0,0,0,0,0
62,261,12.008,32.239,2447.4,0,0,0,0,0,0,0,0,0,0,0,0,0,0,0,0
62,261,12.008,32.239,2447.4,1.0697,0,0,0,0,0,0,0,0,0,0,0,0,0,0,0
62,261,12.008,32.239,2447.4,0.22557,0,0,0,0,0,0,0,0,0,0,0,0,0,0,0
62,261,12.008,32.239,2447.4,0.00524,0,0,0,0,0,0,0,0,0,0,0,0,0,0,0
62,261,12.008,32.239,2447.4,2.0629,0,0,0,0,0,0,0,0,0,0,0,0,0,0,0
62,261,12.008,32.239,2447.4,0.65673,0,0,0,0,0,0,0,0,0,0,0,0,0,0,0
62,261,12.008,32.239,2447.4,2.6401,0,0,0,0,0,0,0,0,0,0,0,0,0,0,0
62,261,12.008,32.239,2447.4,0,0,0,0,0,0,0,0,0,0,0,0,0,0,0,0
62,261,12.008,32.239,2447.4,0,0,0,0,0,0,0,0,0,0,0,0,0,0,0,0
62,261,12.008,32.239,2447.4,0.00524,0,0,0,0,0,0,0,0,0,0,0,0,0,0,0
62,261,12.008,32.239,2447.4,0.10797,0,0,0,0,0,0,0,0,0,0,0,0,0,0,0
62,261,12.008,32.239,2447.4,2.3027,0,0,0,0,0,0,0,0,0,0,0,0,0,0,0
62,261,12.008,32.239,2447.4,0.14527,0,0,0,0,0,0,0,0,0,0,0,0,0,0,0
62,261,12.008,32.239,2447.4,2.0629,0,0,0,0,0,0,0,0,0,0,0,0,0,0,0
62,261,12.008,32.239,2447.4,0,0,0,0,0,0,0,0,0,0,0,0,0,0,0,0
62,261,12.008,32.239,2447.4,0.010395,0,0,0,0,0,0,0,0,0,0,0,0,0,0,0
62,261,12.008,32.239,2447.4,7.8e-05,0,0,0,0,0,0,0,0,0,0,0,0,0,28.544,0
62,261,12.008,32.239,2447.4,0,0,0,0,0,0,0,0,0,0,0,0,0,0,31.929,0
62,261,12.008,32.239,2447.4,0.055171,0,0,0,0,0,0,0,0,0,0,0,0,0,0,0
62,261,12.008,32.239,2447.4,5.4806,0,0,0,0,0,0,0,0,0,0,0,0,0,0,0
62,261,12.008,32.239,2447.4,0.21432,0,0,0,0,0,0,0,0,0,0,0,0,0,0,0
62,261,12.008,32.239,2447.4,0.082013,0,0,0,0,0,0,0,0,0,0,0,0,0,0,0
62,261,12.008,32.239,2447.4,0,0,0,0,0,0,0,0,0,0,0,0,0,0,0,0
62,261,12.008,32.239,2447.4,0.008333,0,0,0,0,0,0,0,0,0,0,0,0,0,0,0
62,261,12.008,32.239,2447.4,0,0,0,0,0,0,0,0,0,0,0,0,0,0,0,0
62,261,12.008,32.239,2447.4,0.005239,0,0,0,0,0,0,0,0,0,0,0,0,0,0,0
62,261,12.008,32.239,2447.4,0,0,0,0,0,0,0,0,0,0,0,0,0,0,0,0
62,261,12.008,32.239,2447.4,0,0,0,0,0,0,0,0,0,0,0,0,0,0,0,0
62,261,12.008,32.239,2447.4,0.23542,0,0,0,0,0,0,0,0,0,0,0,0,0,0,0
62,261,12.008,32.239,2447.4,5.0627,0,0,0,0,0,0,0,0,0,0,0,0,0,0,0
62,261,12.008,32.239,2447.4,0,0,0,0,0,0,0,0,0,0,0,0,0,0,0,0
62,261,12.008,32.239,2447.4,0.012768,0,0,0,0,0,0,0,0,0,0,0,0,0,0,0
62,261,12.008,32.239,2447.4,0.07502,0,0,0,0,0,0,0,0,0,0,0,0,0,0,0
62,261,12.008,32.239,2447.4,0.008333,0,0,0,0,0,0,0,0,0,0,0,0,0,0,0
62,261,12.008,32.239,2447.4,0,0,0,0,0,0,0,0,0,0,0,0,0,0,0,0
62,261,12.008,32.239,2447.4,0,0,0,0,0,0,0,0,0,0,0,0,0,0,0,0
62,261,12.008,32.239,2447.4,0.23542,0,0,0,0,0,0,0,0,0,0,0,0,0,0,0
62,261,12.008,32.239,2447.4,0.007221,0,0,0,0,0,0,0,0,0,0,0,0,0,0,0
62,261,12.008,32.239,2447.4,9.6207,0,0,0,0,0,0,0,0,0,0,0,0,0,0,0
62,261,12.008,32.239,2447.4,0.092789,0,0,0,0,0,0,0,0,0,0,0,0,0,0,0
62,261,12.008,32.239,2447.4,0,0,0,0,0,0,0,0,0,0,0,0,0,0,0,0
62,261,12.008,32.239,2447.4,0.054239,0,0,0,0,0,0,0,0,0,0,0,0,0,0,0
62,261,12.008,32.239,2447.4,0,0,0,0,0,0,0,0,0,0,0,0,0,0,0,0
62,261,12.008,32.239,2447.4,15.047,0,0,0,0,0,0,0,0,0,0,0,0,0,0,0
62,261,12.008,32.239,2447.4,0,0,0,0,0,0,0,0,0,0,0,0,0,0,0,0
62,261,12.008,32.239,2447.4,1.123,0,0,0,0,0,0,0,0,0,0,0,0,0,0,0
62,261,12.008,32.239,2447.4,0,0,0,0,0,0,0,0,0,0,0,0,0,0,0,0
62,261,12.008,32.239,2447.4,0.055171,0,0,0,0,0,0,0,0,0,0,0,0,0,0,0
62,261,12.008,32.239,2447.4,0,0,0,0,0,0,0,0,0,0,0,0,0,0,0,0
62,261,12.008,32.239,2447.4,0.008335,0,0,0,0,0,0,0,0,0,0,0,0,0,0,0
62,261,12.008,32.239,2447.4,0.005239,0,0,0,0,0,0,0,0,0,0,0,0,0,0,0
62,261,12.008,32.239,2447.4,0,0,0,0,0,0,0,0,0,0,0,0,0,0,0,0
62,261,12.008,32.239,2447.4,0,0,0,0,0,0,0,0,0,0,0,0,0,0,0,0
62,261,12.008,32.239,2447.4,0.012275,0,0,0,0,0,0,0,0,0,0,0,0,0,0,0
62,261,12.008,32.239,2447.4,0.005239,0,0,0,0,0,0,0,0,0,0,0,0,0,0,0
62,261,12.008,32.239,2447.4,0.008335,0,0,0,0,0,0,0,0,0,0,0,0,0,0,0
62,261,12.008,32.239,2447.4,0,0,0,0,0,0,0,0,0,0,0,0,0,0,0,0
62,261,12.008,32.239,2447.4,0,0,0,0,0,0,0,0,0,0,0,0,0,0,0,0
62,261,12.008,32.239,2447.4,0,0,0,0,0,0,0,0,0,0,0,0,0,0,0,0
62,261,12.008,32.239,2447.4,0,0,0,0,0,0,0,0,0,0,0,0,0,0,0,0
62,261,12.008,32.239,2447.4,0.00524,0,0,0,0,0,0,0,0,0,0,0,0,0,0,0
62,261,12.008,32.239,2447.4,0,0,0,0,0,0,0,0,0,0,0,0,0,0,0,0
62,261,12.008,32.239,2447.4,0.005202,0,0,0,0,0,0,0,0,0,0,0,0,0,0,0
62,261,12.008,32.239,2447.4,5.813,0,0,0,0,0,0,0,0,0,0,0,0,0,0,0
62,261,12.008,32.239,2447.4,0,0,0,0,0,0,0,0,0,0,0,0,0,0,0,0
62,261,12.008,32.239,2447.4,0,0,0,0,0,0,0,0,0,0,0,0,0,0,0,0
62,261,12.008,32.239,2447.4,0,0,0,0,0,0,0,0,0,0,0,0,0,0,0,0
62,261,12.008,32.239,2447.4,2.5969,0,0,0,0,0,0,0,0,0,0,0,0,0,0,0
62,261,12.008,32.239,2447.4,2.5969,0,0,0,0,0,0,0,0,0,0,0,0,0,0,0
62,261,12.008,32.239,2447.4,0,0,0,0,0,0,0,0,0,0,0,0,0,0,0,0
62,261,12.008,32.239,2447.4,3.0514,0,0,0,0,0,0,0,0,0,0,0,0,0,0,0
62,261,12.008,32.239,2447.4,0.005239,0,0,0,0,0,0,0,0,0,0,0,0,0,0.7806,0
62,261,12.008,32.239,2447.4,0.011325,0,0,0,0,0,0,0,0,0,0,0,0,0,0,0
62,261,12.008,32.239,2447.4,0.48546,0,0,0,0,0,0,0,0,0,0,0,0,0,0,0
62,261,12.008,32.239,2447.4,0.027878,0,0,0,0,0,0,0,0,0,0,0,0,0,0,0
62,261,12.008,32.239,2447.4,0.14527,0,0,0,0,0,0,0,0,0,0,0,0,0,0,0
62,261,12.008,32.239,2447.4,0.052263,0,0,0,0,0,29.564,0,0,0,0,0,0,0,0,0
62,261,12.008,32.239,2447.4,0,0,0,0,0,0,0,0,0,0,0,0,0,0,0,0
62,261,12.008,32.239,2447.4,0,0,0,0,0,0,0,0,0,0,0,0,0,0,0,0
62,261,12.008,32.239,2447.4,0.055171,0,0,0,0,0,0,0,0,0,0,0,0,0,0,0
62,261,12.008,32.239,2447.4,22.65,0,0,0,0,0,0,0,0,0,0,0,0,0,0,0
62,261,12.008,32.239,2447.4,6.7278,0,0,0,0,0,0,0,0,0,0,0,0,0,0,0
62,261,12.008,32.239,2447.4,0.00524,0,0,0,0,0,0,0,0,0,0,0,0,0,0,0
62,261,12.008,32.239,2447.4,5.7829,0,0,0,0,0,0,0,0,0,0,0,0,0,0,0
62,261,12.008,32.239,2447.4,1.5467,0,0,0,0,0,0,0,0,0,0,0,0,0,0,0
62,261,12.008,32.239,2447.4,0,0,0,0,0,0,0,0,0,0,0,0,0,0,0,0
62,261,12.008,32.239,2447.4,0,0,0,0,0,0,0,0,0,0,0,0,0,0,0,0
62,261,12.008,32.239,2447.4,0,0,0,0,0,0,0,0,0,0,0,0,0,0,0,0
62,261,12.008,32.239,2447.4,0,0,0,0,0,0,0,0,0,0,0,0,0,0,0,0
62,261,12.008,32.239,2447.4,0.087115,0,0,0,0,0,0,0,0,0,0,0,0,0,0,0
62,261,12.008,32.239,2447.4,0,0,0,0,0,0,0,0,0,0,0,0,0,0,0,0
62,261,12.008,32.239,2447.4,0.002139,0,0,0,0,0,0,0,0,0,0,0,0,0,0,0
62,261,12.008,32.239,2447.4,0,0,0,0,0,0,0,0,0,0,0,0,0,0,0,0
62,261,12.008,32.239,2447.4,0.008333,0,0,0,0,0,0,0,0,0,0,0,0,0,0,0
62,261,12.008,32.239,2447.4,0,0,0,0,0,0,0,0,0,0,0,0,0,0,0,0
62,261,12.008,32.239,2447.4,0,0,0,0,0,0,0,0,0,0,0,0,0,0,0,0
62,261,12.008,32.239,2447.4,0,0,0,0,0,0,0,0,0,0,0,0,0,0,0,0
62,261,12.008,32.239,2447.4,0.008333,0,0,0,0,0,0,0,0,0,0,0,0,0,0,0
62,261,12.008,32.239,2447.4,1.9258,0,0,0,0,0,0,0,0,0,0,0,0,0,8.7457,0
62,261,12.008,32.239,2447.4,0,0,0,0,0,0,0,0,0,0,0,0,0,0,0,0
62,261,12.008,32.239,2447.4,0,0,0,0,0,0,0,0,0,0,0,0,0,0,0,0
62,261,12.008,32.239,2447.4,4.2889,0,0,0,0,0,0,0,0,0,0,0,0,0,0,0
62,261,12.008,32.239,2447.4,0.087115,0,0,0,0,0,0,0,0,0,0,0,0,0,0,0
62,261,12.008,32.239,2447.4,0,0,0,0,0,0,0,0,0,0,0,0,0,0,0,0
62,261,12.008,32.239,2447.4,0.14724,0,0,0,0,0,0,0,0,0,0,0,0,0,0,0
62,261,12.008,32.239,2447.4,0.001669,0,0,0,0,0,0,0,0,0,0,0,0,0,0,0
62,261,12.008,32.239,2447.4,0,0,0,0,0,0,0,0,0,0,0,0,0,0,0,0
62,261,12.008,32.239,2447.4,0,0,0,0,0,0,0,0,0,0,0,0,0,0,23.67,0
62,261,12.008,32.239,2447.4,0.000251,0,0,0,0,0,0,0,0,0,0,0,0,0,0,0
62,261,12.008,32.239,2447.4,0,0,0,0,0,0,0,0,0,0,0,0,0,0,0,0
62,261,12.008,32.239,2447.4,0.6253,0,0,0,0,0,0,0,0,0,0,0,0,0,0,0
62,261,12.008,32.239,2447.4,0.36298,0,0,0,0,0,0,0,0,0,0,0,0,0,0,0
62,261,12.008,32.239,2447.4,0.65673,0,0,0,0,0,0,0,0,0,0,0,0,0,0,0
62,261,12.008,32.239,2447.4,1.0115,0,0,0,0,0,0,0,0,0,0,0,0,0,0,0
62,261,12.008,32.239,2447.4,0.16662,0,0,0,0,0,0,0,0,0,0,0,0,0,0,0
62,261,12.008,32.239,2447.4,0,0,0,0,0,0,0,0,0,0,0,0,0,0,0,0
62,261,12.008,32.239,2447.4,0,0,0,0,0,0,0,0,0,0,0,0,0,0,0,0
62,261,12.008,32.239,2447.4,0,0,0,0,0,0,0,0,0,0,0,0,0,0,0,0
62,261,12.008,32.239,2447.4,0,0,0,0,0,0,0,0,0,0,0,0,0,0,0,0
62,261,12.008,32.239,2447.4,0,0,0,0,0,0,0,0,0,0,0,0,0,0,0,0
62,261,12.008,32.239,2447.4,0,0,0,0,0,0.095694,0,0,0,0,0,0,0,0,12.632,0
62,261,12.008,32.239,2447.4,0,0,0,0,0,0,0,0,0,0,0,0,0,0,0,0
62,261,12.008,32.239,2447.4,0,0,0,0,0,0,0,0,0,0,0,0,0,0,0,0
62,261,12.008,32.239,2447.4,0.003416,0,0,0,0,0,0,0,0,0,0,0,0,0,0,0
62,261,12.008,32.239,2447.4,0.008333,0,0,0,0,0,0,0,0,0,0,0,0,0,0,0
62,261,12.008,32.239,2447.4,2.5969,0,0,0,0,0,0,0,0,0,0,0,0,0,0,0
62,261,12.008,32.239,2447.4,2.2363,0,0,0,0,0,0,0,0,0,0,0,0,0,0,0
62,261,12.008,32.239,2447.4,0.90893,0,0,0,0,0,0,0,0,0,0,0,0,0,0,0
62,261,12.008,32.239,2447.4,0.00524,0,0,0,0,0,0,0,0,0,0,0,0,0,0,0
62,261,12.008,32.239,2447.4,0.1308,0,0,0,0,0,0,0,0,0,0,0,0,0,0,0
62,261,12.008,32.239,2447.4,0,0,0,0,0,0,0,0,0,0,0,0,0,0,0,0
62,261,12.008,32.239,2447.4,0.33402,0,0,0,0,0,0,0,0,0,0,0,0,0,0,0
62,261,12.008,32.239,2447.4,0,0,0,0,0,0,0,0,0,0,0,0,0,0,0,0
62,261,12.008,32.239,2447.4,0.00247,0,0,0,0,0,0,0,0,0,0.050576,0,0,0,0,0
62,261,12.008,32.239,2447.4,0,0,0,0,0,0,0,0,0,0,0,0,0,0,0,0
62,261,12.008,32.239,2447.4,0.0262,0,0,0,0,0,0,0,0,0,0,0,0,0,0,0
62,261,12.008,32.239,2447.4,0,0,0,0,0,0,0,0,0,0,0,0,0,0,0,0
62,261,12.008,32.239,2447.4,0.02059,0,0,0,0,0,0,0,0,0,0.36549,0,0,0,0,0
62,261,12.008,32.239,2447.4,0,0,0,0,0,0,0,0,0,0,0,0,0,0,0,0
62,261,12.008,32.239,2447.4,0,0,0,0,0,0,0,0,0,0,0,0,0,0,0,0
62,261,12.008,32.239,2447.4,0,0,0,0,0,0,0,0,0,0,0,0,0,0,0,0
62,261,12.008,32.239,2447.4,0.65673,0,0,0,0,0,0,0,0,0,0,0,0,0,6.7994,0
62,261,12.008,32.239,2447.4,2.2363,0,0,0,0,0,0,0,0,0,0,0,0,0,0,0
62,261,12.008,32.239,2447.4,0.90117,0,0,0,0,0,0,0,0,0,0,0,0,0,0,0
62,261,12.008,32.239,2447.4,0,0,0,0,0,0,0,0,0,0,0,0,0,0,0,0
62,261,12.008,32.239,2447.4,0,0,0,0,0,0,0,0,0,0,0,0,0,0,0,0
62,261,12.008,32.239,2447.4,0.00524,0,0,0,0,0,0,0,0,0,0,0,0,0,0,0
62,261,12.008,32.239,2447.4,0.00524,0,0,0,0,0,0,0,0,0,0,0,0,0,0,0
62,261,12.008,32.239,2447.4,0.023994,0,0,0,0,0,0,0,0,0,0,0,0,0,0,0
62,261,12.008,32.239,2447.4,6.4344,0,0,0,0,0,0,0,0,0,0,0,0,0,0,0
62,261,12.008,32.239,2447.4,0,0,0,0,0,0,0,0,0,0,0,0,0,0,0,0
62,261,12.008,32.239,2447.4,1.8741,0,0,0,0,0,0,0,0,0,0,0,0,0,0,0
62,261,12.008,32.239,2447.4,0,0,0,0,0,0,0,0,0,0,0,0,0,0,0,0
62,261,12.008,32.239,2447.4,0.14285,0,0,0,0,0,0,0,0,0,0,0,0,0,0,0
62,261,12.008,32.239,2447.4,0.022121,0,0,0,0,0,0,0,0,0,0,0,0,0,0,0
62,261,12.008,32.239,2447.4,0.001009,0,0,0,0,0,0,0,0,0,0,0,0,0,0,0
62,261,12.008,32.239,2447.4,0,0,0,0,0,0,0,0,0,0,0,0,0,0,0,0
62,261,12.008,32.239,2447.4,0.065564,0,0,0,0,0,0,0,0,0,0,0,0,0,0,0
62,261,12.008,32.239,2447.4,0,0,0,0,0,0,0,0,0,0,0,0,0,0,17.346,0
62,261,12.008,32.239,2447.4,0.024364,0,0,0,0,0,0,0,0,0,0,0,0,0,0,0
62,261,12.008,32.239,2447.4,0.002068,0,0,0,0,0,0,0,0,0,0,0,0,0,0,0
62,261,12.008,32.239,2447.4,0,0,0,0,0,0,0,0,0,0,0,0,0,0,0,0
62,261,12.008,32.239,2447.4,0,0,0,0,0,0,0,0,0,0,0,0,0,0,0,0
62,261,12.008,32.239,2447.4,0.30045,0,0,0,0,0,0,0,0,0,0,0,0,0,0,0
62,261,12.008,32.239,2447.4,0,0,0,0,0,0,0,0,0,0,0,0,0,0,0,0
62,261,12.008,32.239,2447.4,0.48546,0,0,0,0,0,0,0,0,0,0,0,0,0,0,0
62,261,12.008,32.239,2447.4,0.30045,0,0,0,0,0,0,0,0,0,0,0,0,0,0,0
62,261,12.008,32.239,2447.4,0.0084135,0,0,0,0,0,0,0,0,0,0,0,0,0,0,0
62,261,12.008,32.239,2447.4,1.2478,0,0,0,0,0,0,0,0,0,0,0,0,0,0,0
62,261,12.008,32.239,2447.4,0,0,0,0,0,0,0,0,0,0,0,0,0,0,0,0
62,261,12.008,32.239,2447.4,0,0,0,0,0,0,0,0,0,0,0,0,0,0,0,0
62,261,12.008,32.239,2447.4,0,0,0,0,0,0,0,0,0,0,0,0,0,0,0,0
62,261,12.008,32.239,2447.4,0.008539,0,0,0,0,0,0,0,0,0,0,0,0,0,0,0
62,261,12.008,32.239,2447.4,0.18157,0,0,0,0,0,0,0,0,0,0,0,0,0,0,0
62,261,12.008,32.239,2447.4,0,0,0,0,0,0,0,0,0,0,0,0,0,0,0,0
62,261,12.008,32.239,2447.4,0,0,0,0,0,0,0,0,0,0,0,0,0,0,0,0
62,261,12.008,32.239,2447.4,2.6401,0,0,0,0,0,0,0,0,0,0,0,0,0,0,0
62,261,12.008,32.239,2447.4,1.4071,0,0,0,0,0,0,0,0,0,0,0,0,0,0,0
62,261,12.008,32.239,2447.4,0.10797,0,0,0,0,0,0,0,0,0,0,0,0,0,1.1722,0
62,261,12.008,32.239,2447.4,0.007328,0,0,0,0,0,0,0,0,0,0,0,0,0,0,0
62,261,12.008,32.239,2447.4,0,0,0,0,0,0,0,0,0,0,0,0,0,0,0,0
62,261,12.008,32.239,2447.4,0.01358,0,0,0,0,0.42841,0,0,0,0,0,0,0,0,0,0
62,261,12.008,32.239,2447.4,0,0,0,0,0,0.79321,0,0,0,0,0,0,0,0,0,0
62,261,12.008,32.239,2447.4,0.012768,0,0,0,0,0,0,0,0,0,0,0,0,0,0,0
62,261,12.008,32.239,2447.4,0.18157,0,0,0,0,0,0,0,0,0,0,0,0,0,0,0
62,261,12.008,32.239,2447.4,0,0,0,0,0,0,0,0,0,0,0,0,0,0,0.97641,0
62,261,12.008,32.239,2447.4,0,0,0,0,0,0,0,0,0,0,0,0,0,0,0,0
62,261,12.008,32.239,2447.4,0,0,0,0,0,0,0,0,0,0,0,0,0,0,0,0
62,261,12.008,32.239,2447.4,0.72232,0,0,0,0,0,0,0,0,0,0,0,0,0,0,0
62,261,12.008,32.239,2447.4,0.00014,0,0,0,0,0,0,0,0,0,0,0,0,0,0,0
62,261,12.008,32.239,2447.4,0.15253,0,0,0,0,0,0,0,0,0,0,0,0,0,0,0
62,261,12.008,32.239,2447.4,0.000376,0,0,0,0,0,0,0,0,0,0,0,0,0,0,0
62,261,12.008,32.239,2447.4,0,0,0,0,0,0,0,0,0,0,0,0,0,0,0,0
62,261,12.008,32.239,2447.4,0.14527,0,0,0,0,0,0,0,0,0,0,0,0,0,0,0
62,261,12.008,32.239,2447.4,0.008708,0,0,0,0,0,0,0,0,0,0,0,0,0,0,0
62,261,12.008,32.239,2447.4,2.6733,0,0,0,0,0,0,0,0,0,0,0,0,0,0,0
62,261,12.008,32.239,2447.4,0.19739,0,0,0,0,0,0,0,0,0,0,0,0,0,6.6479,0
62,261,12.008,32.239,2447.4,0.00524,0,0,0,0,0,0,0,0,0,0,0,0,0,0,0
62,261,12.008,32.239,2447.4,0,0,0,0,0,0,0,0,0,0,0,0,0,0,0,0
62,261,12.008,32.239,2447.4,0.087115,0,0,0,0,0,0,0,0,0,0,0,0,0,0,0
62,261,12.008,32.239,2447.4,0.0020765,0,0,0,0,0,0,0,0,0,0,0,0,0,0,0
62,261,12.008,32.239,2447.4,0.87319,0,0,0,0,0,0,0,0,0,0,0,0,0,0,0
62,261,12.008,32.239,2447.4,0,0,0,0,0,0,0,0,0,0,0,0,0,0,0,0
62,261,12.008,32.239,2447.4,0.045331,0,0,0,0,0,0,0,0,0,0,0,0,0,0,0
62,261,12.008,32.239,2447.4,0.008333,0,0,0,0,0,0,0,0,0,0,0,0,0,0,0
62,261,12.008,32.239,2447.4,0,0,0,0,0,0,0,0,0,0,0,0,0,0,0,0
62,261,12.008,32.239,2447.4,0,0,0,0,0,0,0,0,0,0,0,0,0,0,0,0
62,261,12.008,32.239,2447.4,0,0,0,0,0,0,0.13028,0,0,0,0,0,0,0,0,0
62,261,12.008,32.239,2447.4,0.008071,0,0,0,0,0,0,0,0,0,0,0,0,0,0,0
62,261,12.008,32.239,2447.4,0.77328,0,0,0,0,0,0,0,0,0,0,0,0,0,0,0
62,261,12.008,32.239,2447.4,3.0297,0,0,0,0,0,0,0,0,0,5.7775,0,0,0,0,0
62,261,12.008,32.239,2447.4,0,0,0,0,0,0,0,0,0,0,0,0,0,0,0,0
62,261,12.008,32.239,2447.4,0,0,0,0,0,0,0,0,0,0,0,0,0,0,0,0
62,261,12.008,32.239,2447.4,0,0,0,0,0,0,0,0,0,0,0,0,0,0,0,0
62,261,12.008,32.239,2447.4,0,0,0,0,0,0,0,0,0,0,0,0,0,0,0,0
62,261,12.008,32.239,2447.4,0.00387,0,0,0,0,0,0,0,0,0,0,0,0,0,0,0
62,261,12.008,32.239,2447.4,0.0084135,0,0,0,0,0,0,0,0,0,0,0,0,0,0,0
62,261,12.008,32.239,2447.4,0,0,0,0,0,0,0,0,0,0,0,0,0,0,0,0
62,261,12.008,32.239,2447.4,0.26074,0,0,0,0,0,0,0,0,0,0,0,0,0,0,0
62,261,12.008,32.239,2447.4,0,0,0,0,0,0,0,0,0,0,0,0,0,0,0,0
62,261,12.008,32.239,2447.4,0,0,0,0,0,0,0,0,0,0,0,0,0,0,0,0
62,261,12.008,32.239,2447.4,0.000234,0,0,0,0,0.79321,0,0,0,0,0,0,0,0,0,0
62,261,12.008,32.239,2447.4,0,0,0,0,0,0,0,0,0,0,0,0,0,0,0,0
62,261,12.008,32.239,2447.4,0,0,0,0,0,0,0,0,0,0,0,0,0,0,0,0
62,261,12.008,32.239,2447.4,0,0,0,0,0,0,0,0,0,0,0,0,0,0,0,0
62,261,12.008,32.239,2447.4,0,0,0,0,0,0,0,0,0,0,0,0,0,0,0,0
62,261,12.008,32.239,2447.4,0.000688,0,0,0,0,0,0,0,0,0,0,0,0,0,2.1424,0
62,261,12.008,32.239,2447.4,0,0,0,0,0,0,0,0,0,0,0,0,0,0,0,0
62,261,12.008,32.239,2447.4,7.95e-05,0,0,0,0,0,0,0,0,0,0,0,0,0,5.9194,0
62,261,12.008,32.239,2447.4,0.51313,0,0,0,0,0,0,0,0,0,0,0,0,0,0,0
62,261,12.008,32.239,2447.4,10.316,0,0,0,0,0,0,0,0,0,0,0,0,0,0,0
62,261,12.008,32.239,2447.4,0,0,0,0,0,0,0,0,0,0,0,0,0,0,0,0
62,261,12.008,32.239,2447.4,0.0084135,0,0,0,0,0,0,0,0,0,0,0,0,0,0,0
62,261,12.008,32.239,2447.4,0.27803,0,0,0,0,0,0,0,0,0,0,0,0,0,0,0
62,261,12.008,32.239,2447.4,0.001493,0,0,0,0,0,0,0,0,0,0,0,0,0,0,0
62,261,12.008,32.239,2447.4,0.0055384,0,0,0,0,0,0,0,0,0,0,0,0,0,0,0
62,261,12.008,32.239,2447.4,0,0,0,0,0,0,0,0,0,0,0,0,0,0,0,0
62,261,12.008,32.239,2447.4,0.10943,0,0,0,0,0,0,0,0,0,0,0,0,0,0,0
62,261,12.008,32.239,2447.4,0.005239,0,0,0,0,0,0,0,0,0,0,0,0,0,0,0
62,261,12.008,32.239,2447.4,0.49662,0,0,0,0,0,0,0,0,0,0,0,0,0,0,0
62,261,12.008,32.239,2447.4,0,0,0,0,0,0,0,0,0,0,0,0,0,0,0,0
62,261,12.008,32.239,2447.4,0.00524,0,0,0,0,0,0,0,0,0,0,0,0,0,0,0
62,261,12.008,32.239,2447.4,0,0,0,0,0,0,0,0,0,0,0,0,0,0,0,0
62,261,12.008,32.239,2447.4,0,0,0,0,0,0,0,0,0,0,0,0,0,0,0,0
62,261,12.008,32.239,2447.4,0,0,0,0,0,0,0,0,0,0,0,0,0,0,0,0
62,261,12.008,32.239,2447.4,30.407,0,0,0,0,0,0,0,0,0,0,0,0,0,0,0
62,261,12.008,32.239,2447.4,0.0076281,0,0,0,0,0,0,0,0,0,0,0,0,0,0,0
62,261,12.008,32.239,2447.4,0,0,0,0,0,0,0,0,0,0,0,0,0,0,0,0
62,261,12.008,32.239,2447.4,2.372,0,0,0,0,0,0,0,0,0,0,0,0,0,0,0
62,261,12.008,32.239,2447.4,0,0,0,0,0,0,0,0,0,0,0,0,0,0,0,0
62,261,12.008,32.239,2447.4,4.2889,0,0,0,0,0,0,0,0,0,0,0,0,0,0,0
62,261,12.008,32.239,2447.4,0,0,0,0,0,0,0,0,0,0,0,0,0,0,0,0
62,261,12.008,32.239,2447.4,0,0,0,0,0,0,0,0,0,0,0,0,0,0,0,0
62,261,12.008,32.239,2447.4,0.0085945,0,0,0,0,0,0,0,0,0,0,0,0,0,0,0
62,261,12.008,32.239,2447.4,0,0,0,0,0,0,0,0,0,0,0,0,0,0,0,0
62,261,12.008,32.239,2447.4,0,0,0,0,0,0,0,0,0,0,0,0,0,0,0,0
62,261,12.008,32.239,2447.4,0,0,0,0,0,0,0,0,0,0,0,0,0,0,0,0
62,261,12.008,32.239,2447.4,0,0,0,0,0,0,0,0,0,0,0,0,0,0,0,0
62,261,12.008,32.239,2447.4,0.008333,0,0,0,0,0,0,0,0,0,0,0,0,0,6.9817,0
63,262,4.074,92.825,7046.7,0,0,0,0,0,0,0,0,0,0,0,0,0,0,0,0
63,262,4.074,92.825,7046.7,0.19022,0,0,0,0,0,0,0,0,0,0,0,0,0,37.984,0
63,262,4.074,92.825,7046.7,0,0,0,0,0,0,0,0,0,0,0,0,0,0,0,0
63,262,4.074,92.825,7046.7,23.025,0,0,0,0,0,0,0,0,0,0,0,0,0,0,0
63,262,4.074,92.825,7046.7,0,0,0,0,0,0,0,0,0,0,0,0,0,0,0,0
63,262,4.074,92.825,7046.7,0,0,0,0,0,0,0,0,0,0,0,0,0,0,0,0
63,262,4.074,92.825,7046.7,0.70436,0,0,0,0,0,0,0,0,0,0,0,0,0,0,0
63,262,4.074,92.825,7046.7,0.0032875,0,0,0,0,0.78723,0,0,0,0,0,0,0,0,0,0
63,262,4.074,92.825,7046.7,0,0,0,0,0,0,0,0,0,0,0,0,0,0,0,0
63,262,4.074,92.825,7046.7,0.01023,0,0,0,0,0,0,0,0,0,0,0,0,0,0.25837,0
63,262,4.074,92.825,7046.7,5.1786,0,0,0,0,0,0,0,0,0,0,0,0,0,0,0
63,262,4.074,92.825,7046.7,0,0,0,0,0,0,0,0,0,0,0,0,0,0,0,0
63,262,4.074,92.825,7046.7,0.003346,0,0,0,0,0,0,0,0,0,0,0,0,0,0,0
63,262,4.074,92.825,7046.7,0,0,0,0,0,0,0,0,0,0,0,0,0,0,0,0
63,262,4.074,92.825,7046.7,0.23542,0,0,0,0,0,0,0,0,0,0,0,0,0,0,0
63,262,4.074,92.825,7046.7,1.3821,0,0,0,0,0,0,0,0,0,0,0,0,0,0,0
63,262,4.074,92.825,7046.7,0,0,0,0,0,0,0,0,0,0,0,0,0,0,0,0
63,262,4.074,92.825,7046.7,1.0999,0,0,0,0,0,0,0,0,0,0,0,0,0,0,0
63,262,4.074,92.825,7046.7,5.813,0,0,0,0,0,0,0,0,0,0,0,0,0,0,0
63,262,4.074,92.825,7046.7,0,0,0,0,0,0,0,0,0,0,0,0,0,0,0,0
63,262,4.074,92.825,7046.7,2.1036,0,0,0,0,0,0,0,0,0,0,0,0,0,0,0
63,262,4.074,92.825,7046.7,0.00524,0,0,0,0,0,0,0,0,0,0,0,0,0,0,0
63,262,4.074,92.825,7046.7,0.41905,0,0,0,0,0,0,0,0,0,0,0,0,0,0,0
63,262,4.074,92.825,7046.7,0.037899,0,0,0,0,0,0,0,0,0,0,0,0,0,35.843,0
63,262,4.074,92.825,7046.7,0.49662,0,0,0,0,0,0,0,0,0,0,0,0,0,0,0
63,262,4.074,92.825,7046.7,0.00021,0,0,0,0,0,0,0,0,0,0,0,0,0,0,0
63,262,4.074,92.825,7046.7,0.96221,0,0,0,0,0,0,0,0,0,0,0,0,0,0,0
63,262,4.074,92.825,7046.7,2.6855,0,0,0,0,0,0,0,0,0,0,0,0,0,0,0
63,262,4.074,92.825,7046.7,15.047,0,0,0,0,0,0,0,0,0,0,0,0,0,0,0
63,262,4.074,92.825,7046.7,0,0,0,0,0,0,0,0,0,0,0,0,0,0,0,0
63,262,4.074,92.825,7046.7,0,0,0,0,0,0,0,0,0,0,0,0,0,0,0,0
63,262,4.074,92.825,7046.7,0,0,0,0,0,0,0,0,0,0,0,0,0,0,61.843,0
63,262,4.074,92.825,7046.7,0,0,0,0,0,0,0,0,0,0,0,0,0,0,0,0
63,262,4.074,92.825,7046.7,0.41905,0,0,0,0,0,0,0,0,0,0,0,0,0,0,0
63,262,4.074,92.825,7046.7,37.239,0,0,0,0,0,0,0,0,0,0,0,0,0,0,0
63,262,4.074,92.825,7046.7,0.19022,0,0,0,0,0,0,0,0,0,0,0,0,0,0,0
63,262,4.074,92.825,7046.7,4.0786,0,0,0,0,0,0,0,0,0,0,0,0,0,0,0
63,262,4.074,92.825,7046.7,0,0,0,0,0,0,0,0,0,0,14.621,0,0,0,0,0
63,262,4.074,92.825,7046.7,0.0032665,0,0,0,0,0,0,0,0,0,0,0,0,0,0,0
63,262,4.074,92.825,7046.7,0,0,0,0,0,0,0,0,0,0,0,0,0,0,0,0
63,262,4.074,92.825,7046.7,4.2889,0,0,0,0,0,0,0,0,0,0,0,0,0,0,0
63,262,4.074,92.825,7046.7,12.183,0,0,0,0,0,0,0,0,0,0,0,0,0,0,0
63,262,4.074,92.825,7046.7,0.010395,0,0,0,0,0,0,0,0,0,0,0,0,0,12.381,0
63,262,4.074,92.825,7046.7,0,0,0,0,0,0,0,0,0,0,0,0,0,0,0,0
63,262,4.074,92.825,7046.7,0.0021738,0,0,0,0,0,0,0,0,0,0,0,0,0,0,0
63,262,4.074,92.825,7046.7,0,0,0,0,0,0,0,0,0,0,0,0,0,0,34.373,0
63,262,4.074,92.825,7046.7,0.008333,0,0,0,0,0,0,0,0,0,0,0,0,0,0,0
63,262,4.074,92.825,7046.7,0.02317,0,0,0,0,0,0,0,0,0,0,0,0,0,37.866,0
63,262,4.074,92.825,7046.7,4.6113,0,0,0,0,0,0,0,0,0,0,0,0,0,0,0
63,262,4.074,92.825,7046.7,0.008333,0,0,0,0,0,0,0,0,0,0,0,0,0,0,0
63,262,4.074,92.825,7046.7,0,0,0,0,0,0,0,0,0,0,0,0,0,0,0.25837,0
63,262,4.074,92.825,7046.7,0,0,0,0,0,0,0,0,0,0,0,0,0,0,0,0
63,262,4.074,92.825,7046.7,1.0115,0,0,0,0,0,0,0,0,0,0,0,0,0,0,0
63,262,4.074,92.825,7046.7,3.3728,0,0,0,0,0,0,0,0,0,0,0,0,0,0,0
63,262,4.074,92.825,7046.7,0,0,0,0,0,0,0,0,0,0,0,0,0,0,0,0
63,262,4.074,92.825,7046.7,0,0,0,0,0,0,0,0,0,0,0,0,0,0,0,0
63,262,4.074,92.825,7046.7,0,0,0,0,0,0,0,0,0,0,0,0,0,0,0,0
63,262,4.074,92.825,7046.7,0.005239,0,0,0,0,0,0,0,0,0,0,0,0,0,0,0
63,262,4.074,92.825,7046.7,0,0,0,0,0,0,0,0,0,0,0,0,0,0,0,0
63,262,4.074,92.825,7046.7,0.027446,0,0,0,0,0,0,0,0,0,0,0,0,0,0,0
63,262,4.074,92.825,7046.7,0,0,0,0,0,0,0,0,0,0,0,0,0,0,17.346,0
63,262,4.074,92.825,7046.7,0.047937,0,0,0,0,0,0,0,0,0,0,0,0,0,0,0
63,262,4.074,92.825,7046.7,0,0,0,0,0,0,0,0,0,0,0,0,0,0,0,0
63,262,4.074,92.825,7046.7,0.050098,0,0,0,0,0,0,0,0,0,0,0,0,0,0,0
63,262,4.074,92.825,7046.7,37.239,0,0,0,0,0,0,0,0,0,0,0,0,0,0,0
63,262,4.074,92.825,7046.7,0.008333,0,0,0,0,0,0,0,0,0,0,0,0,0,0,0
63,262,4.074,92.825,7046.7,0,0,0,0,0,0,0,0,0,0,0,0,0,0,0,0
63,262,4.074,92.825,7046.7,0,0,0,0,0,0,0,0,0,0,0,0,0,0,0,0
63,262,4.074,92.825,7046.7,0.72136,0,0,0,0,0,0,0,0,0,0,0,0,0,3.8462,0
63,262,4.074,92.825,7046.7,9.2405,0,0,0,0,0,0,0,0,0,0,0,0,0,0,0
63,262,4.074,92.825,7046.7,0,0,0,0,0,0,0,0,0,0,0,0,0,0,0,0
63,262,4.074,92.825,7046.7,0.011629,0,0,0,0,0,0,0,0,0,0,0,0,0,0,0
63,262,4.074,92.825,7046.7,0,0,0,0,0,0,0,0,0,0,0,0,0,0,0,0
63,262,4.074,92.825,7046.7,0,0,0,0,0,0,0,0,0,0,0,0,0,0,0,0
63,262,4.074,92.825,7046.7,3.8515,0,0,0,0,0,0,0,0,0,0,0,0,0,0,0
63,262,4.074,92.825,7046.7,0.007328,0,0,0,0,0,0,0,0,0,0,0,0,0,0,0
63,262,4.074,92.825,7046.7,0,0,0,0,0,0,0,0,0,0,0,0,0,0,0,0
63,262,4.074,92.825,7046.7,0.000765,0,0,0,0,0,0,0,0,0,0,0,0,0,0,0
63,262,4.074,92.825,7046.7,3.721,0,0,0,0,0,0,0,0,0,0,0,0,0,0,0
63,262,4.074,92.825,7046.7,0.003932,0,0,0,0,0,0,0,0,0,0,0,0,0,0,0
63,262,4.074,92.825,7046.7,0.00524,0,0,0,0,0,0,0,0,0,0,0,0,0,0,0
63,262,4.074,92.825,7046.7,0,0,0,0,0,0,0,0,0,0,0,0,0,0,7.7621,0
63,262,4.074,92.825,7046.7,0,0,0,0,0,0,0,0,0,0,0,0,0,0,0,0
63,262,4.074,92.825,7046.7,2.7108,0,0,0,0,0,0,0,0,0,0,0,0,0,0,0
63,262,4.074,92.825,7046.7,12.952,0,0,0,0,0,0,0,0,0,0,0,0,0,0,0
63,262,4.074,92.825,7046.7,0,0,0,0,0,0,0,0,0,0,0,0,0,0,0,0
63,262,4.074,92.825,7046.7,39.094,0,0,0,0,0,0,0,0,0,0,0,0,0,0,0
63,262,4.074,92.825,7046.7,0.0083826,0,0,0,0,0,0,0,0,0,0,0,0,0,0,0
63,262,4.074,92.825,7046.7,0.010295,0,0,0,0,0.03391,0,0,0,0,0,0,0,0,0,0
63,262,4.074,92.825,7046.7,0.011629,0,0,0,0,0,0,0,0,0,0,0,0,0,0,0
63,262,4.074,92.825,7046.7,0.02297,0,0,0,0,0,0,0,0,0,0,0,0,0,0,0
63,262,4.074,92.825,7046.7,0,0,0,0,0,0,0,0,0,0,0,0,0,0,0,0
63,262,4.074,92.825,7046.7,0,0,0,0,0,0,0,0,0,0,0,0,0,0,0,0
63,262,4.074,92.825,7046.7,0.027878,0,0,0,0,0,0,0,0,0,0,0,0,0,0,0
63,262,4.074,92.825,7046.7,0.008333,0,0,0,0,0,0,0,0,0,0,0,0,0,0,0
63,262,4.074,92.825,7046.7,5.7829,0,0,0,0,0,0,0,0,0,0,0,0,0,0,0
63,262,4.074,92.825,7046.7,2.0629,0,0,0,0,0.779,0,0,0,0,0,0,0,0,0,0
63,262,4.074,92.825,7046.7,0,0,0,0,0,0,0,0,0,0,0,0,0,0,0,0
63,262,4.074,92.825,7046.7,0.068325,0,0,0,0,0,0,0,0,0,0,0,0,0,0,0
63,262,4.074,92.825,7046.7,0.007221,0,0,0,0,0,0,0,0,0,0,0,0,0,0,0
63,262,4.074,92.825,7046.7,0,0,0,0,0,0,0,0,0,0,0,0,0,0,0,0
63,262,4.074,92.825,7046.7,0.87319,0,0,0,0,0,0,0,0,0,0,0,0,0,0,0
63,262,4.074,92.825,7046.7,0,0,0,0,0,0,0,0,0,0,0,0,0,0,0,0
63,262,4.074,92.825,7046.7,0.011629,0,0,0,0,0,0,0,0,0,0,0,0,0,0,0
63,262,4.074,92.825,7046.7,0,0,0,0,0,0,0,0,0,0,0,0,0,0,0,0
63,262,4.074,92.825,7046.7,0,0,0,0,0,0,0,0,0,0,0,0,0,0,0,0
63,262,4.074,92.825,7046.7,0,0,0,0,0,0,0,0,0,0,0,0,0,0,0,0
63,262,4.074,92.825,7046.7,0.00036,0,0,0,0,0,0,0,0,0,0,0,0,0,0,0
63,262,4.074,92.825,7046.7,0.008335,0,0,0,0,0,0,0,0,0,0,0,0,0,0,0
63,262,4.074,92.825,7046.7,0,0,0,0,0,0,0,0,0,0,0.050576,0,0,0,0,0
63,262,4.074,92.825,7046.7,0.1308,0,0,0,0,0,0,0,0,0,0,0,0,0,0,0
63,262,4.074,92.825,7046.7,0.092789,0,0,0,0,0,0,0,0,0,0,0,0,0,0,0
63,262,4.074,92.825,7046.7,0.21432,0,0,0,0,0,0,0,0,0,0,0,0,0,2.1424,0
63,262,4.074,92.825,7046.7,0,0,0,0,0,0,0,0,0,0,0,0,0,0,0,0
63,262,4.074,92.825,7046.7,0.11635,0,0,0,0,0,0,0,0,0,0,0,0,0,0,0
63,262,4.074,92.825,7046.7,0.00524,0,0,0,0,0,0,0,0,0,0,0,0,0,0,0
63,262,4.074,92.825,7046.7,0,0,0,0,0,0,0,0,0,0,0,0,0,0,0,0
63,262,4.074,92.825,7046.7,1.7327,0,0,0,0,0,0,0,0,0,0,0,0,0,0,0
63,262,4.074,92.825,7046.7,0,0,0,0,0,0,0,0,0,0,0,0,0,0,0,0
63,262,4.074,92.825,7046.7,1.123,0,0,0,0,0,0,0,0,0,0,0,0,0,0,0
63,262,4.074,92.825,7046.7,1.8741,0,0,0,0,0,0,0,0,0,0,0,0,0,0,0
63,262,4.074,92.825,7046.7,0,0,0,0,0,0,0,0,0,0,0,0,0,0,0,0
63,262,4.074,92.825,7046.7,0.010818,0,0,0,0,0,0,0,0,0,0,0,0,0,0,0
63,262,4.074,92.825,7046.7,0.81843,0,0,0,0,0,0,0,0,0,0,0,0,0,0,0
63,262,4.074,92.825,7046.7,5.1786,0,0,0,0,0,0,0,0,0,0,0,0,0,0,0
63,262,4.074,92.825,7046.7,3.0297,0,0,0,0,0,82.366,0,0,0,0,0,0,0,0,0
63,262,4.074,92.825,7046.7,0,0,0,0,0,0,0,0,0,0,0,0,0,0,39.049,0
63,262,4.074,92.825,7046.7,0.077153,0,0,0,0,0,0,0,0,0,0,0,0,0,30.622,0
63,262,4.074,92.825,7046.7,0,0,0,0,0,0,0,0,0,0,0,0,0,0,0,0
63,262,4.074,92.825,7046.7,15.669,0,0,0,0,0,0,0,0,0,0,0,0,0,0,0
63,262,4.074,92.825,7046.7,0.03414,0,0,0,0,0,0,0,0,0,0,0,0,0,0,0
63,262,4.074,92.825,7046.7,0,0,0,0,0,0,0,0,0,0,0,0,0,0,0,0
63,262,4.074,92.825,7046.7,1.1989,0,0,0,0,0,0,0,0,0,0,0,0,0,0,0
63,262,4.074,92.825,7046.7,0,0,0,0,0,0,0,0,0,0,0,0,0,0,0,0
63,262,4.074,92.825,7046.7,0.39765,0,0,0,0,0,0,0,0,0,0,0,0,0,0,0
63,262,4.074,92.825,7046.7,0,0,0,0,0,0,0,0,0,0,0,0,0,0,0,0
63,262,4.074,92.825,7046.7,0,0,0,0,0,0,0,0,0,0,0,0,0,0,0,0
63,262,4.074,92.825,7046.7,0.0021564,0,0,0,0,0,0,0,0,0,0,0,0,0,0,0
63,262,4.074,92.825,7046.7,0.00524,0,0,0,0,0,0,0,0,0,0,0,0,0,0,0
63,262,4.074,92.825,7046.7,0.002344,0,0,0,0,0,0,0,0,0,0,0,0,0,0,0
63,262,4.074,92.825,7046.7,0.03414,0,0,0,0,0,0,0,0,0,0,0,0,0,0,0
63,262,4.074,92.825,7046.7,0.001009,0,0,0,0,0,0,0,0,0,0,0,0,0,0,0
63,262,4.074,92.825,7046.7,0.3383,0,0,0,0,0,0,0,0,0,0,0,0,0,0,0
63,262,4.074,92.825,7046.7,0,0,0,0,0,0,0,0,0,0,0,0,0,0,0,0
63,262,4.074,92.825,7046.7,0.7463,0,0,0,0,0,0,0,0,0,0,0,0,0,0,0
63,262,4.074,92.825,7046.7,0,0,0,0,0,0,0,0,0,0,0,0,0,0,0,0
63,262,4.074,92.825,7046.7,16.972,0,0,0,0,0,0,0,0,0,0,0,0,0,0,0
63,262,4.074,92.825,7046.7,0,0,0,0,0,0,0,0,0,0,0,0,0,0,0,0
63,262,4.074,92.825,7046.7,3.534,0,0,0,0,0,0,0,0,0,0,0,0,0,0,0
63,262,4.074,92.825,7046.7,37.239,0,0,0,0,0,0,0,0,0,0,0,0,0,0,0
63,262,4.074,92.825,7046.7,7.8e-05,0,0,0,0,0,0,0,0,0,0,0,0,0,0,0
63,262,4.074,92.825,7046.7,0,0,0,0,0,0,0,0,0,0,0,0,0,0,0,0
63,262,4.074,92.825,7046.7,0.46884,0,0,0,0,0,0,0,0,0,0,0,0,0,0,0
63,262,4.074,92.825,7046.7,14.473,0,0,0,0,0,0,0,0,0,0,0,0,0,0,0
63,262,4.074,92.825,7046.7,0.00387,0,0,0,0,0,0,0,0,0,0,0,0,0,0,0
63,262,4.074,92.825,7046.7,0,0,0,0,0,0,0,0,0,0,0,0,0,0,0,0
63,262,4.074,92.825,7046.7,0.001434,0,0,0,0,0,0,0,0,0,0,0,0,0,0,0
63,262,4.074,92.825,7046.7,15.669,0,0,0,0,0,0,0,0,0,0,0,0,0,0,0
63,262,4.074,92.825,7046.7,0,0,0,0,0,0,0,0,0,0,0,0,0,0,0,0
63,262,4.074,92.825,7046.7,15.047,0,0,0,0,0,0,0,0,0,0,0,0,0,0,0
63,262,4.074,92.825,7046.7,1.7579,0,0,0,0,0,0,0,0,0,0,0,0,0,0,0
63,262,4.074,92.825,7046.7,0,0,0,0,0,0,0,0,0,0,0,0,0,0,14.975,0
63,262,4.074,92.825,7046.7,0,0,0,0,0,0,0,0,0,0,0,0,0,0,0,0
63,262,4.074,92.825,7046.7,0.008333,0,0,0,0,0,0,0,0,0,0,0,0,0,0,0
63,262,4.074,92.825,7046.7,0,0,0,0,0,0,0,0,0,0,0,0,0,0,0,0
63,262,4.074,92.825,7046.7,0,0,0,0,0,0,0,0,0,0,0,0,0,0,0,0
63,262,4.074,92.825,7046.7,0.005657,0,0,0,0,0,0,0,0,0,0,0,0,0,0,0
63,262,4.074,92.825,7046.7,0.004345,0,0,0,0,0,0,0,0,0,0,0,0,0,0,0
63,262,4.074,92.825,7046.7,0,0,0,0,0,0,0,0,0,0,0,0,0,0,0,0
63,262,4.074,92.825,7046.7,0.008333,0,0,0,0,0,0,0,0,0,0,0,0,0,0,0
63,262,4.074,92.825,7046.7,0,0,0,0,0,0,0,0,0,0,0,0,0,0,0,0
63,262,4.074,92.825,7046.7,1.3158,0,0,0,0,0,0,0,0,0,0,0,0,0,0,0
63,262,4.074,92.825,7046.7,0.16749,0,0,0,0,0,0,0,0,0,0,0,0,0,0,0
63,262,4.074,92.825,7046.7,1.0565,0,0,0,0,0,0,0,0,0,0,0,0,0,0,0
63,262,4.074,92.825,7046.7,0,0,0,0,0,0,0,0,0,0,0,0,0,0,0,0
63,262,4.074,92.825,7046.7,0.005239,0,0,0,0,0,0,0,0,0,0,0,0,0,0,0
63,262,4.074,92.825,7046.7,0,0,0,0,0,0,0,0,0,0,0,0,0,0,0,0
63,262,4.074,92.825,7046.7,0.0088426,0,0,0,0,0,0,0,0,0,0,0,0,0,0,0
63,262,4.074,92.825,7046.7,0.00021,0,0,0,0,0,0,0,0,0,0,0,0,0,0,0
63,262,4.074,92.825,7046.7,0.00014,0,0,0,0,0,0,0,0,0,0,0,0,0,0,0
63,262,4.074,92.825,7046.7,0.026473,0,0,0,0,0,0,0,0,0,0,0,0,0,0,0
63,262,4.074,92.825,7046.7,0,0,0,0,0,0,0,0,0,0,0,0,0,0,0,0
63,262,4.074,92.825,7046.7,0.52132,0,0,0,0,0,0,0,0,0,0,0,0,0,0,0
63,262,4.074,92.825,7046.7,0,0,0,0,0,0,0,0,0,0,0,0,0,0,0,0
63,262,4.074,92.825,7046.7,0.008333,0,0,0,0,0,0,0,0,0,0,0,0,0,0,0
63,262,4.074,92.825,7046.7,0.00524,0,0,0,0,0.032721,0,0,0,0,0,0,0,0,36.919,0
63,262,4.074,92.825,7046.7,0,0,0,0,0,0,0,0,0,0,0,0,0,0,0,0
63,262,4.074,92.825,7046.7,0.17387,0,0,0,0,0,0,0,0,0,0,0,0,0,0,0
63,262,4.074,92.825,7046.7,0.69402,0,0,0,0,0,0,0,0,0,0,0,0,0,34.373,0
63,262,4.074,92.825,7046.7,2.3027,0,0,0,0,0,0,0,0,0,0,0,0,0,0,0
63,262,4.074,92.825,7046.7,0.008333,0,0,0,0,0,0,0,0,0,0,0,0,0,0,0
63,262,4.074,92.825,7046.7,0.000126,0,0,0,0,0,0.87994,0,0,0,0,0,0,0,0,0
63,262,4.074,92.825,7046.7,0,0,0,0,0,0,0,0,0,0,0,0,0,0,0,0
63,262,4.074,92.825,7046.7,3.8515,0,0,0,0,0,0,0,0,0,0,0,0,0,0,0
63,262,4.074,92.825,7046.7,0,0,0,0,0,0,0,0,0,0,0,0,0,0,0,0
63,262,4.074,92.825,7046.7,0,0,0,0,0,0,0,0,0,0,0,0,0,0,0,0
63,262,4.074,92.825,7046.7,0,0,0,0,0,0,0,0,0,0,0,0,0,0,0,0
63,262,4.074,92.825,7046.7,0,0,0,0,0,0,0,0,0,0,0,0,0,0,0,0
63,262,4.074,92.825,7046.7,0.76194,0,0,0,0,0,0,0,0,0,0,0,0,0,0,0
63,262,4.074,92.825,7046.7,0.027078,0,0,0,0,0,0,0,0,0,0,0,0,0,0,0
63,262,4.074,92.825,7046.7,0.042115,0,0,0,0,0,0,0,0,0,0,0,0,0,1.8632,0
63,262,4.074,92.825,7046.7,0,0,0,0,0,0,0,0,0,0,0,0,0,0,0,0
63,262,4.074,92.825,7046.7,2.9263,0,0,0,0,0,0,0,0,0,0,0,0,0,0,0
63,262,4.074,92.825,7046.7,0.000716,0,0,0,0,0,0,0,0,0,0,0,0,0,0,0
63,262,4.074,92.825,7046.7,0.00524,0,0,0,0,0,0,0,0,0,0,0,0,0,17.697,0
63,262,4.074,92.825,7046.7,50.499,0,0,0,0,0,0,0,0,0,0,0,0,0,0,0
63,262,4.074,92.825,7046.7,0.0067502,0,0,0,0,0,0,0,0,0,0,0,0,0,0,0
63,262,4.074,92.825,7046.7,0,0,0,0,0,0,0,0,0,0,0,0,0,0,0,0
63,262,4.074,92.825,7046.7,0,0,0,0,0,0,0,0,0,0,0,0,0,0,0,0
63,262,4.074,92.825,7046.7,2.6491,0,0,0,0,0,0,0,0,0,0,0,0,0,0,0
63,262,4.074,92.825,7046.7,0,0,0,0,0,0,0,0,0,0,0,0,0,0,0,0
63,262,4.074,92.825,7046.7,0,0,0,0,0,0,0,0,0,0,0,0,0,0,0,0
63,262,4.074,92.825,7046.7,0,0,0,0,0,0,0,0,0,0,0,0,0,0,0,0
63,262,4.074,92.825,7046.7,14.473,0,0,0,0,0,0,0,0,0,0,0,0,0,0,0
63,262,4.074,92.825,7046.7,0.22557,0,0,0,0,0,0,0,0,0,0,0,0,0,0,0
63,262,4.074,92.825,7046.7,0.001326,0,0,0,0,0,0,0,0,0,0,0,0,0,0,0
63,262,4.074,92.825,7046.7,0.002011,0,0,0,0,0,0,0,0,0,0,0,0,0,0,0
63,262,4.074,92.825,7046.7,0.000251,0,0,0,0,0,0,0,0,0,0,0,0,0,0,0
63,262,4.074,92.825,7046.7,0,0,0,0,0,0,0,0,0,0,0,0,0,0,0,0
63,262,4.074,92.825,7046.7,0.72232,0,0,0,0,0,0.67845,0,0,0,0,0,0,0,0,0
63,262,4.074,92.825,7046.7,0,0,0,0,0,0,0,0,0,0,0,0,0,0,0,0
63,262,4.074,92.825,7046.7,0.00524,0,0,0,0,0,0,0,0,0,0,0,0,0,0,0
63,262,4.074,92.825,7046.7,0.00524,0,0,0,0,0,0,0,0,0,0,0,0,0,0,0
63,262,4.074,92.825,7046.7,0.007328,0,0,0,0,0,0,0,0,0,0,0,0,0,83.644,0
63,262,4.074,92.825,7046.7,0,0,0,0,0,0,0,0,0,0,0,0,0,0,1.7435,0
63,262,4.074,92.825,7046.7,0,0,0,0,0,0,0,0,0,0,0,0,0,0,0,0
63,262,4.074,92.825,7046.7,7.717,0,0,0,0,0,0,0,0,0,0,0,0,0,0,0
63,262,4.074,92.825,7046.7,0,0,0,0,0,0,0,0,0,0,0,0,0,0,0,0
63,262,4.074,92.825,7046.7,0.60336,0,0,0,0,0,0,0,0,0,0,0,0,0,91.461,0
63,262,4.074,92.825,7046.7,0,0,0,0,0,0,0,0,0,0,0,0,0,0,0,0
63,262,4.074,92.825,7046.7,0,0,0,0,0,0,0,0,0,0,0,0,0,0,0,0
63,262,4.074,92.825,7046.7,0,0,0,0,0,0,0,0,0,0,0,0,0,0,0,0
63,262,4.074,92.825,7046.7,0.008333,0,0,0,0,0,0,0,0,0,0,0,0,0,0,0
63,262,4.074,92.825,7046.7,0.008333,0,0,0,0,0,0,0,0,0,0,0,0,0,0,0
63,262,4.074,92.825,7046.7,1.3158,0,0,0,0,0,0,0,0,0,0,0,0,0,0,0
63,262,4.074,92.825,7046.7,0,0,0,0,0,0,0,0,0,0,0,0,0,0,0,0
63,262,4.074,92.825,7046.7,0.22557,0,0,0,0,0,0,0,0,0,0,0,0,0,0,0
63,262,4.074,92.825,7046.7,0.00524,0,0,0,0,0,0,0,0,0,0,0,0,0,0,0
63,262,4.074,92.825,7046.7,3.7909,0,0,0,0,0,0,0,0,0,0,0,0,0,0,0
63,262,4.074,92.825,7046.7,0,0,0,0,0,0,0,0,0,0,0,0,0,0,0,0
63,262,4.074,92.825,7046.7,0.019276,0,0,0,0,0,0,0,0,0,0,0,0,0,0,0
63,262,4.074,92.825,7046.7,0,0,0,0,0,0,0,0,0,0,0,0,0,0,0,0
63,262,4.074,92.825,7046.7,0.000251,0,0,0,0,0,0,0,0,0,0,0,0,0,0,0
63,262,4.074,92.825,7046.7,21.957,0,0,0,0,0,0,0,0,0,0,0,0,0,0,0
63,262,4.074,92.825,7046.7,0,0,0,0,0,0,0,0,0,0,0,0,0,0,0,0
63,262,4.074,92.825,7046.7,0,0,0,0,0,0,0,0,0,0,0,0,0,0,0,0
63,262,4.074,92.825,7046.7,0.00524,0,0,0,0,0,0,0,0,0,0,0,0,0,0,0
63,262,4.074,92.825,7046.7,0.003127,0,0,0,0,0,0,0,0,0,0,0,0,0,0,0
63,262,4.074,92.825,7046.7,0.0094623,0,0,0,0,0,0,0,0,0,0,0,0,0,0,0
63,262,4.074,92.825,7046.7,0,0,0,0,0,0,0,0,0,0,0,0,0,0,0,0
63,262,4.074,92.825,7046.7,0,0,0,0,0,0,0,0,0,0,0,0,0,0,0,0
63,262,4.074,92.825,7046.7,0.007736,0,0,0,0,0,0,0,0,0,0,0,0,0,0,0
63,262,4.074,92.825,7046.7,0.003822,0,0,0,0,0,0,0,0,0,0,0,0,0,0,0
63,262,4.074,92.825,7046.7,0.0062716,0,0,0,0,0,0,0,0,0,0,0,0,0,13.131,0
63,262,4.074,92.825,7046.7,0,0,0,0,0,0,0,0,0,0,0,0,0,0,0,0
63,262,4.074,92.825,7046.7,0,0,0,0,0,0,0,0,0,0,0,0,0,0,0,0
63,262,4.074,92.825,7046.7,0.14142,0,0,0,0,0,0,0,0,0,0,0,0,0,0,0
63,262,4.074,92.825,7046.7,0.005239,0,0,0,0,0,0,0,0,0,0,0,0,0,0,0
63,262,4.074,92.825,7046.7,0,0,0,0,0,0,0,0,0,0,0,0,0,0,8.9916,0
63,262,4.074,92.825,7046.7,0,0,0,0,0,0,0,0,0,0,0,0,0,0,0,0
63,262,4.074,92.825,7046.7,0,0,0,0,0,0,0,0,0,0,0,0,0,0,0,0
63,262,4.074,92.825,7046.7,0,0,0,0,0,0,0,0,0,0,0,0,0,0,0,0
63,262,4.074,92.825,7046.7,3.721,0,0,0,0,0,0,0,0,0,0,0,0,0,0,0
63,262,4.074,92.825,7046.7,39.094,0,0,0,0,0,0,0,0,0,0,0,0,0,0,0
63,262,4.074,92.825,7046.7,0.81843,0,0,0,0,0,0,0,0,0,0,0,0,0,0,0
63,262,4.074,92.825,7046.7,5.813,0,0,0,0,0,0,0,0,0,0,0,0,0,0,0
63,262,4.074,92.825,7046.7,46.125,0,0,0,0,0,0,0,0,0,0,0,0,0,0,0
63,262,4.074,92.825,7046.7,12.303,0,0,0,0,0,0,0,0,0,0,0,0,0,0,0
63,262,4.074,92.825,7046.7,0.010057,0,0,0,0,0,0,0,0,0,0,0,0,0,0,0
63,262,4.074,92.825,7046.7,0.008334,0,0,0,0,0,0,0,0,0,0,0,0,0,88.183,0
63,262,4.074,92.825,7046.7,0.14285,0,0,0,0,0,0,0,0,0,0,0,0,0,0,0
63,262,4.074,92.825,7046.7,0.026473,0,0,0,0,0,0,0,0,0,0,0,0,0,23.319,0
63,262,4.074,92.825,7046.7,0.95969,0,0,0,0,0,0,0,0,0,0,0,0,0,0,0
63,262,4.074,92.825,7046.7,0,0,0,0,0,0,0,0,0,0,0,0,0,0,0,0
63,262,4.074,92.825,7046.7,0.0076281,0,0,0,0,3.6056,0,0,0,0,0,0,0,0,0,0
63,262,4.074,92.825,7046.7,0.032708,0,0,0,0,0,0,0,0,0,0,0,0,0,15.765,0
63,262,4.074,92.825,7046.7,0,0,0,0,0,0,0,0,0,0,0,0,0,0,0,0
63,262,4.074,92.825,7046.7,0.76194,0,0,0,0,0,0,0,0,0,0,0,0,0,0,0
63,262,4.074,92.825,7046.7,0.045331,0,0,0,0,0,0,0,0,0,0,0,0,0,0,0
63,262,4.074,92.825,7046.7,0,0,0,0,0,3.09,0,0,0,0,0,0,0,0,0,0
63,262,4.074,92.825,7046.7,0.008333,0,0,0,0,0,0,0,0,0,0,0,0,0,0,0
63,262,4.074,92.825,7046.7,0.065564,0,0,0,0,0,0,0,0,0,0,0,0,0,0,0
63,262,4.074,92.825,7046.7,0,0,0,0,0,0,0,0,0,0,0,0,0,0,0,0
63,262,4.074,92.825,7046.7,5.3619,0,0,0,0,0,0,0,0,0,0,0,0,0,0,0
63,262,4.074,92.825,7046.7,0.0065058,0,0,0,0,0,0,0,0,0,0,0,0,0,0,0
63,262,4.074,92.825,7046.7,0.0068531,0,0,0,0,0,0,0,0,0,0,0,0,0,0,0
63,262,4.074,92.825,7046.7,0,0,0,0,0,0,0,0,0,0,0,0,0,0,0,0
63,262,4.074,92.825,7046.7,6.7278,0,0,0,0,0,0,0,0,0,0,0,0,0,0,0
63,262,4.074,92.825,7046.7,0.026743,0,0,0,0,0,0,0,0,0,0,0,0,0,0,0
63,262,4.074,92.825,7046.7,0,0,0,0,0,0,0,0,0,0,0,0,0,0,0,0
63,262,4.074,92.825,7046.7,6.3697,0,0,0,0,0,0,0,0,0,0,0,0,0,0,0
63,262,4.074,92.825,7046.7,0,0,0,0,0,0,0,0,0,0,0,0,0,0,0,0
63,262,4.074,92.825,7046.7,0.47654,0,0,0,0,0,0,0,0,0,0,0,0,0,0,0
63,262,4.074,92.825,7046.7,0,0,0,0,0,0,0,0,0,0,0,0,0,0,0,0
63,262,4.074,92.825,7046.7,0,0,0,0,0,0,0,0,0,0,0,0,0,0,0,0
63,262,4.074,92.825,7046.7,2.372,0,0,0,0,0,0,0,0,0,0,0,0,0,0,0
63,262,4.074,92.825,7046.7,7.8e-05,0,0,0,0,0,0,0,0,0,0,0,0,0,0,0
63,262,4.074,92.825,7046.7,0,0,0,0,0,0,0,0,0,0,0,0,0,0,0,0
63,262,4.074,92.825,7046.7,0.003127,0,0,0,0,0,0,0,0,0,0,0,0,0,0,0
63,262,4.074,92.825,7046.7,0,0,0,0,0,0,0,0,0,0,0,0,0,0,0,0
63,262,4.074,92.825,7046.7,2.7108,0,0,0,0,0,0,0,0,0,0,0,0,0,0,0
63,262,4.074,92.825,7046.7,0,0,0,0,0,0,0,0,0,0,0,0,0,0,0,0
63,262,4.074,92.825,7046.7,0,0,0,0,0,0,0,0,0,0,0,0,0,0,0,0
63,262,4.074,92.825,7046.7,5.3619,0,0,0,0,0,0,0,0,0,0,0,0,0,0,0
63,262,4.074,92.825,7046.7,9.4103,0,0,0,0,0,0,0,0,0,0,0,0,0,0,0
63,262,4.074,92.825,7046.7,0,0,0,0,0,0,0,0,0,0,0,0,0,0,0,0
63,262,4.074,92.825,7046.7,0,0,0,0,0,0,0,0,0,0,0,0,0,0,0,0
63,262,4.074,92.825,7046.7,0,0,0,0,0,0,0,0,0,0,0,0,0,0,0,0
63,262,4.074,92.825,7046.7,4.6113,0,0,0,0,0,0,0,0,0,0,0,0,0,0,0
63,262,4.074,92.825,7046.7,0,0,0,0,0,0,0,0,0,0,0,0,0,0,0,0
63,262,4.074,92.825,7046.7,0,0,0,0,0,0,0,0,0,0,0,0,0,0,0,0
63,262,4.074,92.825,7046.7,0.19739,0,0,0,0,0,0,0,0,0,0,0,0,0,0,0
63,262,4.074,92.825,7046.7,0.008333,0,0,0,0,0,0,0,0,0,0,0,0,0,0,0
63,262,4.074,92.825,7046.7,2.6855,0,0,0,0,0,0,0,0,0,0,0,0,0,0,0
63,262,4.074,92.825,7046.7,0,0,0,0,0,0.79321,0,0,0,0,0,0,0,0,0,0
63,262,4.074,92.825,7046.7,0,0,0,0,0,0,0,0,0,0,0,0,0,0,0,0
63,262,4.074,92.825,7046.7,0.001397,0,0,0,0,0,0,0,0,0,0,0,0,0,0,0
63,262,4.074,92.825,7046.7,0.20734,0,0,0,0,0,0,0,0,0,0,0,0,0,0,0
63,262,4.074,92.825,7046.7,0.008333,0,0,0,0,0,0,0,0,0,0,0,0,0,0,0
63,262,4.074,92.825,7046.7,0.02297,0,0,0,0,0,0,0,0,0,0,0,0,0,7.4506,0
63,262,4.074,92.825,7046.7,0,0,0,0,0,0,0,0,0,0,0,0,0,0,0,0
63,262,4.074,92.825,7046.7,0,0,0,0,0,0,0,0,0,0,0,0,0,0,0,0
63,262,4.074,92.825,7046.7,0,0,0,0,0,0,0,0,0,0,0,0,0,0,6.1615,0
63,262,4.074,92.825,7046.7,0.1308,0,0,0,0,0,0,0,0,0,0,0,0,0,0,0
63,262,4.074,92.825,7046.7,0.015836,0,0,0,0,0,0,0,0,0,0,0,0,0,0,0
63,262,4.074,92.825,7046.7,0.001769,0,0,0,0,0,0,0,0,0,0,0,0,0,0,0
63,262,4.074,92.825,7046.7,0,0,0,0,0,0,0,0,0,0,0,0,0,0,0,0
63,262,4.074,92.825,7046.7,0.001436,0,0,0,0,0,0,0,0,0,0,0,0,0,0,0
63,262,4.074,92.825,7046.7,0.003355,0,0,0,0,0,0,0,0,0,0,0,0,0,0,0
63,262,4.074,92.825,7046.7,6.001,0,0,0,0,0,0.13028,0,0,0,0,0,0,0,42.019,0
63,262,4.074,92.825,7046.7,13.871,0,0,0,0,1.1481,0,0,0,0,0,0,0,0,0,0
63,262,4.074,92.825,7046.7,0.008333,0,0,0,0,0,0,0,0,0,0,0,0,0,0,0
63,262,4.074,92.825,7046.7,0,0,0,0,0,0,0,0,0,0,0,0,0,0,0,0
63,262,4.074,92.825,7046.7,0,0,0,0,0,0,0,0,0,0,0,0,0,0,2.0627,0
63,262,4.074,92.825,7046.7,0,0,0,0,0,0,0,0,0,0,0,0,0,0,0,0
63,262,4.074,92.825,7046.7,0,0,0,0,0,0,0,0,0,0,0,0,0,0,0,0
63,262,4.074,92.825,7046.7,0,0,0,0,0,0,0,0,0,0,0,0,0,0,36.836,0
63,262,4.074,92.825,7046.7,0.008333,0,0,0,0,0,0,0,0,0,0,0,0,0,0,0
63,262,4.074,92.825,7046.7,0,0,0,0,0,0,0,0,0,0,0,0,0,0,0,0
63,262,4.074,92.825,7046.7,0,0,0,0,0,0,0,0,0,0,0,0,0,0,34.416,0
63,262,4.074,92.825,7046.7,0,0,0,0,0,0,0,0,0,0,0,0,0,0,0,0
63,262,4.074,92.825,7046.7,50.499,0,0,0,0,0,0,0,0,0,0,0,0,0,0,0
63,262,4.074,92.825,7046.7,0,0,0,0,0,0,0,0,0,0,0,0,0,0,0,0
63,262,4.074,92.825,7046.7,0.008071,0,0,0,0,0,0,0,0,0,0,0,0,0,0,0
63,262,4.074,92.825,7046.7,6.6536,0,0,0,0,0,0,0,0,0,0,0,0,0,0,0
63,262,4.074,92.825,7046.7,0,0,0,0,0,0,0,0,0,0,0,0,0,0,0,0
63,262,4.074,92.825,7046.7,3.197,0,0,0,0,0,0,0,0,0,0,0,0,0,0,0
63,262,4.074,92.825,7046.7,0.00524,0,0,0,0,0,0,0,0,0,0,0,0,0,0,0
63,262,4.074,92.825,7046.7,0.005769,0,0,0,0,0,0,0,0,0,0,0,0,0,36.671,0
63,262,4.074,92.825,7046.7,0.00524,0,0,0,0,0,0,0,0,0,0,0,0,0,0,0
63,262,4.074,92.825,7046.7,0,0,0,0,0,0,0,0,0,0,0,0,0,0,0,0
63,262,4.074,92.825,7046.7,0.008333,0,0,0,0,0,0,0,0,0,0,0,0,0,0,0
63,262,4.074,92.825,7046.7,0,0,0,0,0,0,0,0,0,0,0,0,0,0,0,0
63,262,4.074,92.825,7046.7,0,0,0,0,0,0,0,0,0,0,0,0,0,0,0,0
63,262,4.074,92.825,7046.7,4.375,0,0,0,0,0,0,0,0,0,0,0,0,0,0,0
63,262,4.074,92.825,7046.7,0,0,0,0,0,0,0,0,0,0,0,0,0,0,0,0
63,262,4.074,92.825,7046.7,0.053439,0,0,0,0,0,0,0,0,0,0,0,0,0,28.181,0
63,262,4.074,92.825,7046.7,0.00524,0,0,0,0,0,0,0,0,0,0,0,0,0,0,0
63,262,4.074,92.825,7046.7,0.011325,0,0,0,0,0,0,0,0,0,0,0,0,0,0,0
63,262,4.074,92.825,7046.7,0.14661,0,0,0,0,0,0,0,0,0,0,0,0,0,0,0
63,262,4.074,92.825,7046.7,0.031496,0,0,0,0,0,0,0,0,0,0,0,0,0,0,0
63,262,4.074,92.825,7046.7,0.008333,0,0,0,0,0,0,0,0,0,0,0,0,0,0,0
63,262,4.074,92.825,7046.7,0,0,0,0,0,0,0,0,0,0,0,0,0,0,0,0
63,262,4.074,92.825,7046.7,0.001326,0,0,0,0,0,0,0,0,0,0,0,0,0,2.5478,0
63,262,4.074,92.825,7046.7,0.00062,0,0,0,0,0,0,0,0,0,0,0,0,0,0,0
63,262,4.074,92.825,7046.7,0.0062156,0,0,0,0,0,0,0,0,0,0,0,0,0,0,0
63,262,4.074,92.825,7046.7,0.37737,0,0,0,0,0,0,0,0,0,0,0,0,0,0,0
63,262,4.074,92.825,7046.7,0,0,0,0,0,0,0,0,0,0,0,0,0,0,0,0
63,262,4.074,92.825,7046.7,0,0,0,0,0,0,0,0,0,0,0,0,0,0,0,0
63,262,4.074,92.825,7046.7,0.0085945,0,0,0,0,0,0,0,0,0,0,0,0,0,63.116,0
63,262,4.074,92.825,7046.7,0,0,0,0,0,0,0,0,0,0,0,0,0,0,0,0
63,262,4.074,92.825,7046.7,0.005239,0,0,0,0,0,0,0,0,0,0,0,0,0,0,0
63,262,4.074,92.825,7046.7,3.9219,0,0,0,0,0,0,0,0,0,0,0,0,0,1.6039,0
63,262,4.074,92.825,7046.7,0,0,0,0,0,0,0,0,0,0,0,0,0,0,0,0
63,262,4.074,92.825,7046.7,0,0,0,0,0,0,0,0,0,0,0,0,0,0,0,0
63,262,4.074,92.825,7046.7,0,0,0,0,0,0,0,0,0,0,0,0,0,0,0,0
63,262,4.074,92.825,7046.7,0.2642,0,0,0,0,0,0,0,0,0,0,0,0,0,0,0
63,262,4.074,92.825,7046.7,0.078444,0,0,0,0,0,0,0,0,0,0,0,0,0,0,0
63,262,4.074,92.825,7046.7,0.00524,0,0,0,0,0,0,0,0,0,0,0,0,0,0,0
63,262,4.074,92.825,7046.7,4.208,0,0,0,0,0,0,0,0,0,0,0,0,0,0,0
63,262,4.074,92.825,7046.7,0,0,0,0,0,0,0,0,0,0,0,0,0,0,70.118,0
63,262,4.074,92.825,7046.7,0.37737,0,0,0,0,0,0,0,0,0,0,0,0,0,0,0
63,262,4.074,92.825,7046.7,0,0,0,0,0,0,0,0,0,0,0,0,0,0,0,0
63,262,4.074,92.825,7046.7,0.001205,0,0,0,0,0,0,0,0,0,0,0,0,0,0,0
63,262,4.074,92.825,7046.7,0,0,0,0,0,0,0,0,0,0,0,0,0,0,6.5679,0
63,262,4.074,92.825,7046.7,0,0,0,0,0,0,0,0,0,0,0,0,0,0,0,0
63,262,4.074,92.825,7046.7,3.6517,0,0,0,0,0,0,0,0,0,0,0,0,0,0,0
63,262,4.074,92.825,7046.7,0.003538,0,0,0,0,0,0,0,0,0,0,0,0,0,0,0
63,262,4.074,92.825,7046.7,0,0,0,0,0,0,0,0,0,0,0,0,0,0,0,0
63,262,4.074,92.825,7046.7,0.00524,0,0,0,0,0,0,0,0,0,0,0,0,0,0,0
63,262,4.074,92.825,7046.7,0,0,0,0,0,0,0,0,0,0,0,0,0,0,34.383,0
63,262,4.074,92.825,7046.7,0,0,0,0,0,0,0,0,0,0,0,0,0,0,0,0
63,262,4.074,92.825,7046.7,0.76194,0,0,0,0,0,0,0,0,0,0,0,0,0,86.407,0
63,262,4.074,92.825,7046.7,0.00524,0,0,0,0,0,0,0,0,0,0,0,0,0,0,0
63,262,4.074,92.825,7046.7,0,0,0,0,0,0,0,0,0,0,0,0,0,0,0,0
63,262,4.074,92.825,7046.7,0,0,0,0,0,0,0,0,0,0,0,0,0,0,31.603,0
63,262,4.074,92.825,7046.7,0,0,0,0,0,0,0,0,0,0,0,0,0,0,0,0
63,262,4.074,92.825,7046.7,0.72136,0,0,0,0,0,0,0,0,0,0,0,0,0,0,0
63,262,4.074,92.825,7046.7,0,0,0,0,0,0,0,0,0,0,0,0,0,0,0,0
63,262,4.074,92.825,7046.7,0,0,0,0,0,0,0,0,0,0,0,0,0,0,0,0
63,262,4.074,92.825,7046.7,0,0,0,0,0,0,0,0,0,0,0,0,0,0,0,0
63,262,4.074,92.825,7046.7,0,0,0,0,0,0,0,0,0,0,0,0,0,0,0,0
63,262,4.074,92.825,7046.7,37.239,0,0,0,0,0,0,0,0,0,0,0,0,0,7.0599,0
63,262,4.074,92.825,7046.7,0,0,0,0,0,0,0,0,0,0,0,0,0,0,0,0
63,262,4.074,92.825,7046.7,0,0,0,0,0,0,0,0,0,0,0,0,0,0,0,0
63,262,4.074,92.825,7046.7,6.001,0,0,0,0,0,0,0,0,0,0,0,0,0,7.1641,0
63,262,4.074,92.825,7046.7,1.7579,0,0,0,0,0,0,0,0,0,0,0,0,0,2.0826,0
63,262,4.074,92.825,7046.7,0.010649,0,0,0,0,0,0,0,0,0,0,0,0,0,0,0
63,262,4.074,92.825,7046.7,0.00524,0,0,0,0,0,0,0,0,0,0,0,0,0,0,0
63,262,4.074,92.825,7046.7,0.01358,0,0,0,0,0,0,0,0,0,0,0,0,0,0,0
63,262,4.074,92.825,7046.7,0,0,0,0,0,0,0,0,0,0,0,0,0,0,0,0
63,262,4.074,92.825,7046.7,0,0,0,0,0,0.038567,0,0,0,0,0,0,0,0,0,0
63,262,4.074,92.825,7046.7,4.2889,0,0,0,0,0,0,0,0,0,0,0,0,0,0,0
63,262,4.074,92.825,7046.7,30.407,0,0,0,0,0,0,0,0,0,0,0,0,0,0,0
63,262,4.074,92.825,7046.7,0.000126,0,0,0,0,0,0,0,0,0,0,0,0,0,0,0
63,262,4.074,92.825,7046.7,0,0,0,0,0,0,0,0,0,0,0,0,0,0,0,0
63,262,4.074,92.825,7046.7,0,0,0,0,0,0,0,0,0,0,0,0,0,0,0,0
63,262,4.074,92.825,7046.7,0.001669,0,0,0,0,0,0,0,0,0,0,0,0,0,0,0
63,262,4.074,92.825,7046.7,0.026743,0,0,0,0,0,0,0,0,0,0,0,0,0,0,0
63,262,4.074,92.825,7046.7,0.21432,0,0,0,0,0,0,0,0,0,0,0,0,0,0,0
63,262,4.074,92.825,7046.7,0,0,0,0,0,0,0,0,0,0,0,0,0,0,0,0
63,262,4.074,92.825,7046.7,0.0059864,0,0,0,0,0,0,0,0,0,0,0,0,0,0,0
63,262,4.074,92.825,7046.7,0.001267,0,0,0,0,0,0,0,0,0,0,0,0,0,6.5679,0
63,262,4.074,92.825,7046.7,0.008333,0,0,0,0,0,0,0,0,0,0,0,0,0,0,0
63,262,4.074,92.825,7046.7,0,0,0,0,0,0,0,0,0,0,0,0,0,0,0,0
63,262,4.074,92.825,7046.7,0.03414,0,0,0,0,0,0,0,0,0,0,0,0,0,0,0
63,262,4.074,92.825,7046.7,17.734,0,0,0,0,0,0,0,0,0,0,0,0,0,0,0
63,262,4.074,92.825,7046.7,0.024999,0,0,0,0,0,0,0,0,0,0,0,0,0,0,0
63,262,4.074,92.825,7046.7,0.022121,0,0,0,0,0,0,0,0,0,0,0,0,0,0,0
63,262,4.074,92.825,7046.7,0.03553,0,0,0,0,0,0,0,0,0,0,0,0,0,0,0
63,262,4.074,92.825,7046.7,0.19324,0,0,0,0,0,0,0,0,0,0,0,0,0,0,0
63,262,4.074,92.825,7046.7,0,0,0,0,0,0,0,0,0,0,0,0,0,0,0,0
63,262,4.074,92.825,7046.7,0.65673,0,0,0,0,0,0,0,0,0,2.6106,0,0,0,0,0
63,262,4.074,92.825,7046.7,0,0,0,0,0,0,0,0,0,0,0,0,0,0,0,0
63,262,4.074,92.825,7046.7,0,0,0,0,0,0,0,0,0,0,0,0,0,0,0,0
63,262,4.074,92.825,7046.7,2.2363,0,0,0,0,0,0,0,0,0,0,0,0,0,0,0
63,262,4.074,92.825,7046.7,0,0,0,0,0,0,0,0,0,0,0,0,0,0,17.697,0
63,262,4.074,92.825,7046.7,0,0,0,0,0,0,0,0,0,0,0,0,0,0,0,0
63,262,4.074,92.825,7046.7,0.00524,0,0,0,0,0,0,0,0,0,0,0,0,0,0,0
63,262,4.074,92.825,7046.7,0,0,0,0,0,0,0,0,0,0,0,0,0,0,0,0
63,262,4.074,92.825,7046.7,0,0,0,0,0,0,0,0,0,0,0,0,0,0,0,0
63,262,4.074,92.825,7046.7,0.00524,0,0,0,0,0,0,0,0,0,0,0,0,0,0,0
63,262,4.074,92.825,7046.7,0.008333,0,0,0,0,0,0,0,0,0,0,0,0,0,0,0
63,262,4.074,92.825,7046.7,0.001326,0,0,0,0,0,0,0,0,0,0,0,0,0,58.955,0
63,262,4.074,92.825,7046.7,0.004143,0,0,0,0,0,0,0,0,0,0.095264,0,0,0,0,0
63,262,4.074,92.825,7046.7,3.3728,0,0,0,0,0,0,0,0,0,0,0,0,0,0,0
63,262,4.074,92.825,7046.7,0,0,0,0,0,0,0,0,0,0,0,0,0,0,0,0
63,262,4.074,92.825,7046.7,0.00524,0,0,0,0,0,0,0,0,0,0,0,0,0,0,0
63,262,4.074,92.825,7046.7,0.12261,0,0,0,0,0,0,0,0,0,0,0,0,0,0,0
63,262,4.074,92.825,7046.7,0.00524,0,0,0,0,0,0,0,0,0,0,0,0,0,0,0
63,262,4.074,92.825,7046.7,0.046678,0,0,0,0,0,0,0,0,0,0,0,0,0,0,0
63,262,4.074,92.825,7046.7,6.1524,0,0,0,0,0,0,0,0,0,0,0,0,0,0,0
63,262,4.074,92.825,7046.7,0,0,0,0,0,0,0,0,0,0,0,0,0,0,0,0
63,262,4.074,92.825,7046.7,47.097,0,0,0,0,0,0,0,0,0,0.050576,0,0,0,0,0
63,262,4.074,92.825,7046.7,0,0,0,0,0,0,0,0,0,0,0,0,0,0,0,0
63,262,4.074,92.825,7046.7,0,0,0,0,0,0,0,0,0,0,0,0,0,0,0,0
63,262,4.074,92.825,7046.7,1.6647,0,0,0,0,0,28.632,0,0,0,0,0,0,0,0,0
63,262,4.074,92.825,7046.7,0.008335,0,0,0,0,0,0,0,0,0,0,0,0,0,0,0
63,262,4.074,92.825,7046.7,5.3619,0,0,0,0,0,0,0,0,0,0,0,0,0,7.0338,0
63,262,4.074,92.825,7046.7,7.541,0,0,0,0,0,0,0,0,0,0,0,0,0,0,0
63,262,4.074,92.825,7046.7,0.010818,0,0,0,0,0,0,0,0,0,0,0,0,0,0,0
63,262,4.074,92.825,7046.7,0.00387,0,0,0,0,0,0,0,0,0,0,0,0,0,0,0
63,262,4.074,92.825,7046.7,0.003932,0,0,0,0,0,0,0,0,0,0,0,0,0,0,0
63,262,4.074,92.825,7046.7,0,0,0,0,0,0,0,0,0,0,0,0,0,0,0,0
63,262,4.074,92.825,7046.7,0,0,0,0,0,0,0,0,0,0,0,0,0,0,0,0
63,262,4.074,92.825,7046.7,2.6733,0,0,0,0,0,0,0,0,0,0,0,0,0,0,0
63,262,4.074,92.825,7046.7,0,0,0,0,0,0,0,0,0,0,0,0,0,0,0,0
63,262,4.074,92.825,7046.7,0,0,0,0,0,0,0,0,0,0,0,0,0,0,0,0
63,262,4.074,92.825,7046.7,3.7909,0,0,0,0,0,0,0,0,0,0,0,0,0,0,0
63,262,4.074,92.825,7046.7,0.004345,0,0,0,0,0,0,0,0,0,0,0,0,0,0,0
63,262,4.074,92.825,7046.7,0.008333,0,0,0,0,0,0,0,0,0,0,0,0,0,35.512,0
63,262,4.074,92.825,7046.7,0,0,0,0,0,0,0,0,0,0,0,0,0,0,0,0
63,262,4.074,92.825,7046.7,3.8515,0,0,0,0,0,0,0,0,0,0,0,0,0,0,0
63,262,4.074,92.825,7046.7,0,0,0,0,0,0,0,0,0,0,0,0,0,0,0,0
63,262,4.074,92.825,7046.7,0,0,0,0,0,0,0,0,0,0,0,0,0,0,0,0
63,262,4.074,92.825,7046.7,0,0,0,0,0,0,0,0,0,0,0,0,0,0,0,0
63,262,4.074,92.825,7046.7,0,0,0,0,0,0,0,0,0,0,0,0,0,0,0,0
63,262,4.074,92.825,7046.7,0.19739,0,0,0,0,0,0,0,0,0,0,0,0,0,0,0
63,262,4.074,92.825,7046.7,0,0,0,0,0,0,0,0,0,0,0,0,0,0,0,0
63,262,4.074,92.825,7046.7,0,0,0,0,0,0,0,0,0,0,0,0,0,0,35.429,0
63,262,4.074,92.825,7046.7,0,0,0,0,0,0,0,0,0,0,0,0,0,0,0,0
63,262,4.074,92.825,7046.7,0.008539,0,0,0,0,0,0,0,0,0,0,0,0,0,0,0
63,262,4.074,92.825,7046.7,0.008333,0,0,0,0,0,0,0,0,0,0,0,0,0,0,0
63,262,4.074,92.825,7046.7,0.39765,0,0,0,0,0,0,0,0,0,0,0,0,0,0,2.3206
63,262,4.074,92.825,7046.7,0.008333,0,0,0,0,0,0,0,0,0,0,0,0,0,0,0
63,262,4.074,92.825,7046.7,0,0,0,0,0,0,0,0,0,0,0,0,0,0,0,0
63,262,4.074,92.825,7046.7,0.010818,0,0,0,0,0,0,0,0,0,0,0,0,0,0,0
63,262,4.074,92.825,7046.7,0.008336,0,0,0,0,0,0,0,0,0,0,0,0,0,0,0
63,262,4.074,92.825,7046.7,21.957,0,0,0,0,0,0,0,0,0,0,0,0,0,0,0
63,262,4.074,92.825,7046.7,0,0,0,0,0,0,0,0,0,0,0,0,0,0,0,0
63,262,4.074,92.825,7046.7,0,0,0,0,0,0,0,0,0,0,0,0,0,0,0,0
63,262,4.074,92.825,7046.7,0.011958,0,0,0,0,0,0,0,0,0,0,0,0,0,0,0
63,262,4.074,92.825,7046.7,4.375,0,0,0,0,0,0,0,0,0,0,0,0,0,0,0
63,262,4.074,92.825,7046.7,0.000251,0,0,0,0,0,0,0,0,0,0,0,0,0,0,0
63,262,4.074,92.825,7046.7,0,0,0,0,0,0,0,0,0,0,0,0,0,0,0,0
63,262,4.074,92.825,7046.7,0,0,0,0,0,0,0,0,0,0,0,0,0,0,0,0
63,262,4.074,92.825,7046.7,0,0,0,0,0,0,0,0,0,0,0,0,0,0,0,0
63,262,4.074,92.825,7046.7,0.19022,0,0,0,0,0,0,0,0,0,0,0,0,0,0,0
63,262,4.074,92.825,7046.7,49.695,0,0,0,0,0,0,0,0,0,0,0,0,0,34.399,0
63,262,4.074,92.825,7046.7,0.63882,0,0,0,0,0,0,0,0,0,0,0,0,0,0,0
64,263,2.372,181.66,13791,0,0,0,0,0,0,0,0,0,0,0,0,0,0,0,0
64,263,2.372,181.66,13791,0.023662,0,0,0,0,0,0,0,0,0,0,0,0,0,0,0
64,263,2.372,181.66,13791,0,0,0,0,0,0,0,0,0,0,0,0,0,0,161.03,0
64,263,2.372,181.66,13791,0.008335,0,0,0,0,0,0,0,0,0,0,0,0,0,81.576,0
64,263,2.372,181.66,13791,0.0059864,0,0,0,0,0,0,0,0,0,0,0,0,0,0,0
64,263,2.372,181.66,13791,3.0514,0,0,0,0,0,0,0,0,0,0,0,0,0,82.461,0
64,263,2.372,181.66,13791,0,0,0,0,0,0,0,0,0,0,0,0,0,0,0,0
64,263,2.372,181.66,13791,1.5247,0,0,0,0,0,0,0,0,0,0,0,0,0,0,0
64,263,2.372,181.66,13791,1.4071,0,0,0,0,0,0,0,0,0,0,0,0,0,0,0
64,263,2.372,181.66,13791,0.001769,0,0,0,0,0,0,0,0,0,0,0,0,0,0,0
64,263,2.372,181.66,13791,0,0,0,0,0,0,0,0,0,0,0,0,0,0,142.48,0
64,263,2.372,181.66,13791,0.001309,0,0,0,0,0,0,0,0,0,0,0,0,0,3.2311,0
64,263,2.372,181.66,13791,2.3027,0,0,0,0,0,0,0,0,0,0,0,0,0,0,0
64,263,2.372,181.66,13791,0,0,0,0,0,0,0,0,0,0,0,0,0,0,39.285,0
64,263,2.372,181.66,13791,0.13833,0,0,0,0,0,0,0,0,0,0,0,0,0,0,0
64,263,2.372,181.66,13791,0,0,0,0,0,0,0,0,0,0,0,0,0,0,0,0
64,263,2.372,181.66,13791,0,0,0,0,0,0,0,0,0,0,0,0,0,0,0,0
64,263,2.372,181.66,13791,0,0,0,0,0,0,0,0,0,0,0,0,0,0,0,0
64,263,2.372,181.66,13791,0,0,0,0,0,0,0,0,0,0,0,0,0,0,0,0
64,263,2.372,181.66,13791,0,0,0,0,0,0,0,0,0,0,0,0,0,0,0,0
64,263,2.372,181.66,13791,3.3728,0,0,0,0,0,0,0,0,0,0,0,0,0,0,0
64,263,2.372,181.66,13791,0,0,0,0,0,0,0,0,0,0,0,0,0,0,6.6541,0
64,263,2.372,181.66,13791,0.003346,0,0,0,0,0,0,0,0,0,0,0,0,0,30.132,0
64,263,2.372,181.66,13791,1.123,0,0,0,0,0,0,0,0,0,0,0,0,0,0,0
64,263,2.372,181.66,13791,0.10537,0,0,0,0,0,0,0,0,0,0,0,0,0,0,0
64,263,2.372,181.66,13791,0,0,0,0,0,0,0,0,0,0,0,0,0,0,0,0
64,263,2.372,181.66,13791,4.375,0,0,0,0,0,0,0,0,0,0,0,0,0,0,0
64,263,2.372,181.66,13791,0,0,0,0,0,0,0,0,0,0,0,0,0,0,0,0
64,263,2.372,181.66,13791,0.001669,0,0,0,0,0,0,0,0,0,0,0,0,0,0,0
64,263,2.372,181.66,13791,0.011325,0,0,0,0,0,0,0,0,0,0,0,0,0,70.755,0
64,263,2.372,181.66,13791,0,0,0,0,0,0,0,0,0,0,0,0,0,0,0,0
64,263,2.372,181.66,13791,0.024085,0,0,0,0,0,0,0,0,0,0,0,0,0,34.436,0
64,263,2.372,181.66,13791,0.0055799,0,0,0,0,0,0,0,0,0,0,0,0,0,162.05,0
64,263,2.372,181.66,13791,0,0,0,0,0,0,0,0,0,0,0,0,0,0,0,0
64,263,2.372,181.66,13791,0.0021564,0,0,0,0,0,0,0,0,0,0,0,0,0,0,0
64,263,2.372,181.66,13791,0.01358,0,0,0,0,0,0,0,0,0,0,0,0,0,66.935,0
64,263,2.372,181.66,13791,0.024364,0,0,0,0,0,0,0,0,0,0,0,0,0,0,0
64,263,2.372,181.66,13791,0,0,0,0,0,0,0,0,0,0,0,0,0,0,120.59,0
64,263,2.372,181.66,13791,0,0,0,0,0,0,0,0,0,0,0,0,0,0,0,0
64,263,2.372,181.66,13791,0,0,0,0,0,0,0,0,0,0,0,0,0,0,0,0
64,263,2.372,181.66,13791,0.095309,0,0,0,0,0,0,0,0,0,0,0,0,0,3.2995,0
64,263,2.372,181.66,13791,1.0565,0,0,0,0,0,0,0,0,0,0,0,0,0,0,0
64,263,2.372,181.66,13791,0.00524,0,0,0,0,0,0,0,0,0,0,0,0,0,0,0
64,263,2.372,181.66,13791,0,0,0,0,0,0,0,0,0,0,0,0,0,0,0,0
64,263,2.372,181.66,13791,12.303,0,0,0,0,0,0,0,0,0,0,0,0,0,0,0
64,263,2.372,181.66,13791,0,0,0,0,0,0,0,0,0,0,0,0,0,0,0,0
64,263,2.372,181.66,13791,0.11635,0,0,0,0,0,0,0,0,0,0,0,0,0,0,0
64,263,2.372,181.66,13791,0,0,0,0,0,0,0,0,0,0,0,0,0,0,0,0
64,263,2.372,181.66,13791,0.027446,0,0,0,0,0,0,0,0,0,0,0,0,0,0,0
64,263,2.372,181.66,13791,6.001,0,0,0,0,0,0,0,0,0,0,0,0,0,55.119,0
64,263,2.372,181.66,13791,0.001292,0,0,0,0,0,0,0,0,0,0,0,0,0,0,0
64,263,2.372,181.66,13791,0.50276,0,0,0,0,0,0,0,0,0,0,0,0,0,0,0
64,263,2.372,181.66,13791,0.00524,0,0,0,0,0,0,0,0,0,0,0,0,0,0,0
64,263,2.372,181.66,13791,0,0,0,0,0,0,0,0,0,0,0,0,0,0,0,0
64,263,2.372,181.66,13791,1.3158,0,0,0,0,0,0,0,0,0,0,0,0,0,0,0
64,263,2.372,181.66,13791,0,0,0,0,0,0,0,0,0,0,0,0,0,0,0,0
64,263,2.372,181.66,13791,0.0055799,0,0,0,0,0,0,0,0,0,0,0,0,0,0,0
64,263,2.372,181.66,13791,2.1348,0,0,0,0,0,0,0,0,0,0,0,0,0,0,0
64,263,2.372,181.66,13791,0.005657,0,0,0,0,0,0,0,0,0,0,0,0,0,121.95,0
64,263,2.372,181.66,13791,0.004588,0,0,0,0,0,0,0,0,0,0,0,0,0,0,0
64,263,2.372,181.66,13791,2.6855,0,0,0,0,0,0,0,0,0,0,0,0,0,153.14,0
64,263,2.372,181.66,13791,0,0,0,0,0,0,0,0,0,0,0,0,0,0,0,0
64,263,2.372,181.66,13791,0,0,0,0,0,0,0,0,0,0,0,0,0,0,0,0
64,263,2.372,181.66,13791,0.00524,0,0,0,0,0,0,0,0,0,0,0,0,0,41.317,0
64,263,2.372,181.66,13791,0,0,0,0,0,0,0,0,0,0,0,0,0,0,0,0
64,263,2.372,181.66,13791,0,0,0,0,0,0,0,0,0,0,0,0,0,0,0,0
64,263,2.372,181.66,13791,0.0074138,0,0,0,0,0,0,0,0,0,0.050576,0,0,0,0,0
64,263,2.372,181.66,13791,0,0,0,0,0,0,0,0,0,0,0,0,0,0,0,0
64,263,2.372,181.66,13791,0.005239,0,0,0,0,0,0,0,0,0,0,0,0,0,0,0
64,263,2.372,181.66,13791,0.027446,0,0,0,0,0,0,0,0,0,0,0,0,0,0,0
64,263,2.372,181.66,13791,0.0032875,0,0,0,0,0,0,0,0,0,0,0,0,0,0,0
64,263,2.372,181.66,13791,0,0,0,0,0,0,0,0,0,0,0,0,0,0,0,0
64,263,2.372,181.66,13791,0.00036,0,0,0,0,0,0,0,0,0,0,0,0,0,41.193,0
64,263,2.372,181.66,13791,0.0091388,0,0,0,0,0,0,0,0,0,0,0,0,0,0,0
64,263,2.372,181.66,13791,0.007984,0,0,0,0,0,0,0,0,0,0,0,0,0,0,0
64,263,2.372,181.66,13791,0,0,0,0,0,0,0,0,0,0,0,0,0,0,0,0
64,263,2.372,181.66,13791,0.008335,0,0,0,0,0,0,0,0,0,0,0,0,0,0,0
64,263,2.372,181.66,13791,0.09698,0,0,0,0,0,0,0,0,0,0,0,0,0,0,0
64,263,2.372,181.66,13791,0.025155,0,0,0,0,0,0,0,0,0,0,0,0,0,0,0
64,263,2.372,181.66,13791,6.7278,0,0,0,0,0,0,0,0,0,0,0,0,0,0,0
64,263,2.372,181.66,13791,0,0,0,0,0,0,0,0,0,0,0,0,0,0,0,0
64,263,2.372,181.66,13791,0.49662,0,0,0,0,0,0,0,0,0,0,0,0,0,0,0
64,263,2.372,181.66,13791,0,0,0,0,0,0,0,0,0,0,0,0,0,0,0,0
64,263,2.372,181.66,13791,0,0,0,0,0,0,0,0,0,0,0,0,0,0,0,0
64,263,2.372,181.66,13791,0,0,0,0,0,0,0,0,0,0,0,0,0,0,0,0
64,263,2.372,181.66,13791,0.000156,0,0,0,0,0,0,0,0,0,0,0,0,0,0,0
64,263,2.372,181.66,13791,0,0,0,0,0,0,0,0,0,0,0,0,0,0,0,0
64,263,2.372,181.66,13791,0.010395,0,0,0,0,0,0,0,0,0,0,0,0,0,0,0
64,263,2.372,181.66,13791,0.002031,0,0,0,0,0,0,0,0,0,0,0,0,0,0,0
64,263,2.372,181.66,13791,0,0,0,0,0,0,0,0,0,0,0,0,0,0,0,0
64,263,2.372,181.66,13791,0.026473,0,0,0,0,0,0,0,0,0,0,0,0,0,0,0
64,263,2.372,181.66,13791,0,0,0,0,0,0,0,0,0,0,0,0,0,0,0,0
64,263,2.372,181.66,13791,0.074483,0,0,0,0,0,0,0,0,0,0,0,0,0,0,0
64,263,2.372,181.66,13791,0.005239,0,0,0,0,0,0,0,0,0,0,0,0,0,0,0
64,263,2.372,181.66,13791,0,0,0,0,0,0,0,0,0,0,0,0,0,0,0,0
64,263,2.372,181.66,13791,2.6401,0,0,0,0,0,0,0,0,0,0,0,0,0,0,0
64,263,2.372,181.66,13791,0,0,0,0,0,0,0,0,0,0,0,0,0,0,12.705,0
64,263,2.372,181.66,13791,0,0,0,0,0,0,0,0,0,0,0,0,0,0,0,0
64,263,2.372,181.66,13791,0,0,0,0,0,0,0,0,0,0,7.7779,0,0,0,160.98,0
64,263,2.372,181.66,13791,0.02297,0,0,0,0,0,0,0,0,0,0,0,0,0,0,0
64,263,2.372,181.66,13791,0,0,0,0,0,0,0,0,0,0,0,0,0,0,0,0
64,263,2.372,181.66,13791,0.39235,0,0,0,0,0,0,0,0,0,0,0,0,0,0,0
64,263,2.372,181.66,13791,0.01291,0,0,0,0,0,0,0,0,0,0,0,0,0,0,0
64,263,2.372,181.66,13791,0,0,0,0,0,0,0,0,0,0,0,0,0,0,0,0
64,263,2.372,181.66,13791,0,0,0,0,0,0,0,0,0,0,0,0,0,0,0,0
64,263,2.372,181.66,13791,0.054239,0,0,0,0,0,0,0,0,0,0,0,0,0,14.36,0
64,263,2.372,181.66,13791,0,0,0,0,0,0,0,0,0,0,0,0,0,0,92.75,0
64,263,2.372,181.66,13791,0,0,0,0,0,0,0,0,0,0,0,0,0,0,0,0
64,263,2.372,181.66,13791,0.69402,0,0,0,0,0,0,0,0,0,0,0,0,0,0,0
64,263,2.372,181.66,13791,1.5737,0,0,0,0,0,0,0,0,0,0,0,0,0,0.85895,0
64,263,2.372,181.66,13791,0.00524,0,0,0,0,0,0,0,0,0,0,0,0,0,48.542,0
64,263,2.372,181.66,13791,0,0,0,0,0,0,0,0,0,0,0,0,0,0,0,0
64,263,2.372,181.66,13791,0.00021,0,0,0,0,0,0,0,0,0,0,0,0,0,0,0
64,263,2.372,181.66,13791,0.15918,0,0,0,0,0,0,0,0,0,0,0,0,0,0,0
64,263,2.372,181.66,13791,0,0,0,0,0,0,0,0,0,0,0,0,0,0,41.152,0
64,263,2.372,181.66,13791,13.871,0,0,0,0,0,0,0,0,0,0,0,0,0,0,0
64,263,2.372,181.66,13791,0,0,0,0,0,0,0,0,0,0,0,0,0,0,0,0
64,263,2.372,181.66,13791,0,0,0,0,0,0,0,0,0,0,0,0,0,0,0,0
64,263,2.372,181.66,13791,0,0,0,0,0,0,0,0,0,0,0,0,0,0,134.49,0
64,263,2.372,181.66,13791,0,0,0,0,0,0,0,0,0,0,0,0,0,0,0,0
64,263,2.372,181.66,13791,50.499,0,0,0,0,0,0,0,0,0,0,0,0,0,28.989,0
64,263,2.372,181.66,13791,6.1524,0,0,0,0,0,0,0,0,0,0,0,0,0,0,0
64,263,2.372,181.66,13791,0,0,0,0,0,0,0,0,0,0,0,0,0,0,0,0
64,263,2.372,181.66,13791,0,0,0,0,0,0,0,0,0,0,0,0,0,0,119.83,0
64,263,2.372,181.66,13791,0.0060617,0,0,0,0,0,0,0,0,0,0,0,0,0,0,0
64,263,2.372,181.66,13791,0.12008,0,0,0,0,0,0,0,0,0,0,0,0,0,89.651,0
64,263,2.372,181.66,13791,0.50276,0,0,0,0,0,0.60778,0,0,0,0,0,0,0,36.836,0
64,263,2.372,181.66,13791,0,0,0,0,0,0,0,0,0,0,0,0,0,0,75.847,0
64,263,2.372,181.66,13791,2.372,0,0,0,0,0,0,0,0,0,0,0,0,0,0,0
64,263,2.372,181.66,13791,0,0,0,0,0,0,0,0,0,0,0,0,0,0,0,0
64,263,2.372,181.66,13791,0,0,0,0,0,0,0,0,0,0,0,0,0,0,14.272,0
64,263,2.372,181.66,13791,0.00524,0,0,0,0,0,0,0,0,0,0,0,0,0,2.9578,0
64,263,2.372,181.66,13791,0,0,0,0,0,0,0,0,0,0,0,0,0,0,0,0
64,263,2.372,181.66,13791,0,0,0,0,0,0,0,0,0,0,0,0,0,0,0,0
64,263,2.372,181.66,13791,0.000688,0,0,0,0,0,0,0,0,0,0,0,0,0,0,0
64,263,2.372,181.66,13791,0.81843,0,0,0,0,0,0,0,0,0,0,0,0,0,0,0
64,263,2.372,181.66,13791,0,0,0,0,0,0,0,0,0,0,0.095264,0,0,0,0,0
64,263,2.372,181.66,13791,0,0,0,0,0,0,0,0,0,0,0,0,0,0,0,0
64,263,2.372,181.66,13791,0.21924,0,0,0,0,0,0,0,0,0,0,0,0,0,0,0
64,263,2.372,181.66,13791,0.10797,0,0,0,0,0,0,0,0,0,0,0,0,0,34.337,0
64,263,2.372,181.66,13791,3.3728,0,0,0,0,0,0,0,0,0,0,0,0,0,49.639,0
64,263,2.372,181.66,13791,2.453,0,0,0,0,0,0,0,0,0,0,0,0,0,161.23,0
64,263,2.372,181.66,13791,0.12626,0,0,0,0,0,0,0,0,0,0,0,0,0,0,0
64,263,2.372,181.66,13791,0,0,0,0,0,0,0,0,0,0,0,0,0,0,141.8,0
64,263,2.372,181.66,13791,0.0084135,0,0,0,0,0,0,0,0,0,0,0,0,0,0,0
64,263,2.372,181.66,13791,0,0,0,0,0,0,0,0,0,0,0,0,0,0,0,0
64,263,2.372,181.66,13791,0,0,0,0,0,0,0,0,0,0,0,0,0,0,41.317,0
64,263,2.372,181.66,13791,0,0,0,0,0,0,0,0,0,0,0,0,0,0,0,0
64,263,2.372,181.66,13791,0.19022,0,0,0,0,0,0,0,0,0,0,0,0,0,0,0
64,263,2.372,181.66,13791,0.12008,0,0,0,0,0,0,0,0,0,0,0,0,0,0,0
64,263,2.372,181.66,13791,0,0,0,0,0,0,0,0,0,0,0,0,0,0,5.1323,0
64,263,2.372,181.66,13791,0.000251,0,0,0,0,0,0,0,0,0,0,0,0,0,0,0
64,263,2.372,181.66,13791,1.9258,0,0,0,0,0,0,0,0,0,0,0,0,0,0,0
64,263,2.372,181.66,13791,0,0,0,0,0,0,0,0,0,0,0,0,0,0,0,0
64,263,2.372,181.66,13791,2.6855,0,0,0,0,0,0,0,0,0,0,0,0,0,0,0
64,263,2.372,181.66,13791,0.10797,0,0,0,0,0,0,0,0,0,0,0,0,0,43.062,0
64,263,2.372,181.66,13791,6.4344,0,0,0,0,0,0,0,0,0,0,0,0,0,0,0
64,263,2.372,181.66,13791,0,0,0,0,0,0,0,0,0,0,0,0,0,0,0,0
64,263,2.372,181.66,13791,0,0,0,0,0,0,0,0,0,0,0,0,0,0,117.78,0
64,263,2.372,181.66,13791,0,0,0,0,0,0,0,0,0,0,0,0,0,0,0,0
64,263,2.372,181.66,13791,0,0,0,0,0,0,0,0,0,0,0,0,0,0,92.605,0
64,263,2.372,181.66,13791,0,0,0,0,0,0.001579,0,0,0,0,0,0,0,0,0,0
64,263,2.372,181.66,13791,0,0,0,0,0,0,0,0,0,0,0,0,0,0,0,0
64,263,2.372,181.66,13791,0.96221,0,0,0,0,0,0,0,0,0,0,0,0,0,0,0
64,263,2.372,181.66,13791,0,0,0,0,0,0,0,0,0,0,0,0,0,0,6.7994,0
64,263,2.372,181.66,13791,7.4638,0,0,0,0,0,0,0,0,0,0,0,0,0,0,0
64,263,2.372,181.66,13791,3.3728,0,0,0,0,0,54.329,0,0,0,0,0,0,0,7.4245,0
64,263,2.372,181.66,13791,0,0,0,0,0,0,0,0,0,0,0,0,0,0,0,0
64,263,2.372,181.66,13791,0.21924,0,0,0,0,0,0,0,0,0,0,0,0,0,0,0
64,263,2.372,181.66,13791,0.000376,0,0,0,0,0,0,0,0,0,0,0,0,0,0,0
64,263,2.372,181.66,13791,0,0,0,0,0,0,0,0,0,0,0,0,0,0,3.7095,0
64,263,2.372,181.66,13791,1.5247,0,0,0,0,0,0,0,0,0,0,0,0,0,35.098,0
64,263,2.372,181.66,13791,0.0088426,0,0,0,0,0,0,0,0,0,0,0,0,0,0,0
64,263,2.372,181.66,13791,0,0,0,0,0,0,0,0,0,0,0,0,0,0,0,0
64,263,2.372,181.66,13791,0,0,0,0,0,0,0,0,0,0,0,0,0,0,1.943,0
64,263,2.372,181.66,13791,12.952,0,0,0,0,0,0,0,0,0,0.050576,0,0,0,0,0
64,263,2.372,181.66,13791,0.008333,0,0,0,0,0,0,0,0,0,0,0,0,0,177.55,0
64,263,2.372,181.66,13791,0,0,0,0,0,0,0,0,0,0,0,0,0,0,34.353,0
64,263,2.372,181.66,13791,0,0,0,0,0,0,0,0,0,0,0,0,0,0,0,0
64,263,2.372,181.66,13791,0.008333,0,0,0,0,0,0,0,0,0,0,0,0,0,1.6837,0
64,263,2.372,181.66,13791,0.003295,0,0,0,0,0,0,0,0,0,0,0,0,0,0,0
64,263,2.372,181.66,13791,2.3027,0,0,0,0,0,0,0,0,0,0,0,0,0,0,0
64,263,2.372,181.66,13791,0,0,0,0,0,0,0,0,0,0,0,0,0,0,0,0
64,263,2.372,181.66,13791,0.0062716,0,0,0,0,0,0,0,0,0,0,0,0,0,0,0
64,263,2.372,181.66,13791,0,0,0,0,0,0,0,0,0,0,0,0,0,0,51.831,0
64,263,2.372,181.66,13791,0,0,0,0,0,0,0,0,0,0,0,0,0,0,160.49,0
64,263,2.372,181.66,13791,0,0,0,0,0,0,0,0,0,0,0,0,0,0,0,0
64,263,2.372,181.66,13791,5.2329,0,0,0,0,0,0,0,0,0,0,0,0,0,93.134,0
64,263,2.372,181.66,13791,0.030321,0,0,0,0,0,0.40452,0,0,0,0,0,0,0,129.25,0
64,263,2.372,181.66,13791,0.025155,0,0,0,0,0,0,0,0,0,0,0,0,0,0,0
64,263,2.372,181.66,13791,0.031169,0,0,0,0,0,0,0,0,0,0,0,0,0,0,0
64,263,2.372,181.66,13791,0,0,0,0,0,0,0,0,0,0,0,0,0,0,26.832,0
64,263,2.372,181.66,13791,0.14527,0,0,0,0,0,0,0,0,0,5.3049,0,0,0,161.62,0
64,263,2.372,181.66,13791,0,0,0,0,0,0,0,0,0,0,0,0,0,0,0,0
64,263,2.372,181.66,13791,0,0,0,0,0,0,0,0,0,0,0,0,0,0,0,0
64,263,2.372,181.66,13791,0.024761,0,0,0,0,0,0,0,0,0,0,0,0,0,0,0
64,263,2.372,181.66,13791,0.058948,0,0,0,0,0,0,0,0,0,0,0,0,0,0,0
64,263,2.372,181.66,13791,0.00524,0,0,0,0,0,0,0,0,0,0,0,0,0,0,0
64,263,2.372,181.66,13791,0.008333,0,0,0,0,0,0,0,0,0,0,0,0,0,88.823,0
64,263,2.372,181.66,13791,0,0,0,0,0,0,0,0,0,0,0,0,0,0,0,0
64,263,2.372,181.66,13791,0.48546,0,0,0,0,0,0,0,0,0,0,0,0,0,0,0
64,263,2.372,181.66,13791,0.022121,0,0,0,0,0.79321,0,0,0,0,0,0,0,0,0,0
64,263,2.372,181.66,13791,0,0,0,0,0,0,0,0,0,0,0,0,0,0,0,0
64,263,2.372,181.66,13791,0,0,0,0,0,0,0,0,0,0,0,0,0,0,159.23,0
64,263,2.372,181.66,13791,0,0,0,0,0,0,0,0,0,0,0,0,0,0,0,0
64,263,2.372,181.66,13791,14.473,0,0,0,0,0,0,0,0,0,0,0,0,0,0,0
64,263,2.372,181.66,13791,0.005037,0,0,0,0,0,0,0,0,0,0,0,0,0,0,0
64,263,2.372,181.66,13791,5.813,0,0,0,0,0,0,0,0,0,0,0,0,0,0,0
64,263,2.372,181.66,13791,0,0,0,0,0,0,0,0,0,0,0,0,0,0,0,0
64,263,2.372,181.66,13791,0,0,0,0,0,0,0,0,0,0,0,0,0,0,0,0
64,263,2.372,181.66,13791,4.022,0,0,0,0,0,0,0,0,0,0,0,0,0,161.79,0
64,263,2.372,181.66,13791,0,0,0,0,0,0,0,0,0,0,0,0,0,0,0,0
64,263,2.372,181.66,13791,0.001436,0,0,0,0,0,0,0,0,0,0,0,0,0,0,0
64,263,2.372,181.66,13791,0.12626,0,0,0,0,0,0,0,0,0,0,0,0,0,0,0
64,263,2.372,181.66,13791,1.5737,0,0,0,0,0,0,0,0,0,0,0,0,0,0,0
64,263,2.372,181.66,13791,2.3515,0,0,0,0,0,0,0,0,0,0,0,0,0,0,0
64,263,2.372,181.66,13791,0,0,0,0,0,0,0,0,0,0,0,0,0,0,0,0
64,263,2.372,181.66,13791,0,0,0,0,0,0,0,0,0,0,0,0,0,0,0,0
64,263,2.372,181.66,13791,0,0,0,0,0,0,0,0,0,0,0,0,0,0,1.3682,0
64,263,2.372,181.66,13791,0.21724,0,0,0,0,0,0,0,0,0,0,0,0,0,162.12,0
64,263,2.372,181.66,13791,0,0,0,0,0,0,0,0,0,0,0.50813,0,0,0,0,0
64,263,2.372,181.66,13791,0,0,0,0,0,0,0,0,0,0,0,0,0,0,6.5556,0
64,263,2.372,181.66,13791,0.00714,0,0,0,0,0,0,0,0,0,0,0,0,0,0,0
64,263,2.372,181.66,13791,0,0,0,0,0,0,0,0,0,0,0,0,0,0,0,0
64,263,2.372,181.66,13791,0.25931,0,0,0,0,0,0,0,0,0,0,0,0,0,91.999,0
64,263,2.372,181.66,13791,5.7829,0,0,0,0,0,0,0,0,0,0,0,0,0,0,0
64,263,2.372,181.66,13791,0,0,0,0,0,0,0,0,0,0,0,0,0,0,0,0
64,263,2.372,181.66,13791,0,0,0,0,0,0,0,0,0,0,0,0,0,0,0,0
64,263,2.372,181.66,13791,0,0,0,0,0,0,0,0,0,0,0,0,0,0,31.603,0
64,263,2.372,181.66,13791,0,0,0,0,0,0,0,0,0,0,0,0,0,0,6.7473,0
64,263,2.372,181.66,13791,0.00387,0,0,0,0,0,0,0,0,0,0,0,0,0,0,0
64,263,2.372,181.66,13791,0.012275,0,0,0,0,0,0,0,0,0,0,0,0,0,0,0
64,263,2.372,181.66,13791,0,0,0,0,0,0,0,0,0,0,0,0,0,0,0,0
64,263,2.372,181.66,13791,0,0,0,0,0,0,0,0,0,0,0,0,0,0,0,0
64,263,2.372,181.66,13791,0.014493,0,0,0,0,0,0,0,0,0,0,0,0,0,0,0
64,263,2.372,181.66,13791,0,0,0,0,0,0,0,0,0,0,0,0,0,0,0.93732,0
64,263,2.372,181.66,13791,0,0,0,0,0,0,0,0,0,0,0,0,0,0,0,0
64,263,2.372,181.66,13791,0.001309,0,0,0,0,0,0,0,0,0,0,0,0,0,0,0
64,263,2.372,181.66,13791,0.008333,0,0,0,0,0,0,0,0,0,0,0,0,0,42.06,0
64,263,2.372,181.66,13791,0.026743,0,0,0,0,0,0,0,0,0,0,0,0,0,41.688,0
64,263,2.372,181.66,13791,1.2668,0,0,0,0,0,0,0,0,0,0,0,0,0,131.2,0
64,263,2.372,181.66,13791,0.19739,0,0,0,0,0,0,0,0,0,0,0,0,0,0,0
64,263,2.372,181.66,13791,0.19739,0,0,0,0,0,0,0,0,0,0,0,0,0,9.7291,0
64,263,2.372,181.66,13791,0,0,0,0,0,0,0,0,0,0,0,0,0,0,0,0
64,263,2.372,181.66,13791,0.011031,0,0,0,0,0,0,0,0,0,0,0,0,0,37.002,0
64,263,2.372,181.66,13791,0.002031,0,0,0,0,0,0,0,0,0,0,0,0,0,0,0
64,263,2.372,181.66,13791,0,0,0,0,0,0,0,0,0,0,0,0,0,0,0,0
64,263,2.372,181.66,13791,0.95969,0,0,0,0,0,0,0,0,0,0,0,0,0,0,0
64,263,2.372,181.66,13791,0.38059,0,0,0,0,0,0,0,0,0,0,0,0,0,0,0
64,263,2.372,181.66,13791,14.153,0,0,0,0,0,0,0,0,0,0,0,0,0,0,0
64,263,2.372,181.66,13791,0.008333,0,0,0,0,0,0,0,0,0,0,0,0,0,127.12,0
64,263,2.372,181.66,13791,0,0,0,0,0,0,0,0,0,0,0,0,0,0,0,0
64,263,2.372,181.66,13791,0.000688,0,0,0,0,0,0,0,0,0,0,0,0,0,0,0
64,263,2.372,181.66,13791,0,0,0,0,0,0,0,0,0,0,0,0,0,0,0,0
64,263,2.372,181.66,13791,0.008335,0,0,0,0,0,0,0,0,0,0,0,0,0,0,0
64,263,2.372,181.66,13791,0,0,0,0,0,0,0,0,0,0,0,0,0,0,84.63,0
64,263,2.372,181.66,13791,0.7463,0,0,0,0,0,0,0,0,0,0,0,0,0,97.607,0
64,263,2.372,181.66,13791,0,0,0,0,0,0,0,0,0,0,0,0,0,0,0,0
64,263,2.372,181.66,13791,0.00524,0,0,0,0,0,0,0,0,0,0,0,0,0,0.74144,0
64,263,2.372,181.66,13791,0,0,0,0,0,0,0,0,0,0,0,0,0,0,0,0
64,263,2.372,181.66,13791,0.042115,0,0,0,0,0,0,0,0,0,0,0,0,0,0,0
64,263,2.372,181.66,13791,0.008333,0,0,0,0,0,0,0,0,0,0,0,0,0,0,0
64,263,2.372,181.66,13791,0.008333,0,0,0,0,0,0,0,0,0,0,0,0,0,0,0
64,263,2.372,181.66,13791,0,0,0,0,0,0,0,0,0,0,0,0,0,0,0,0
64,263,2.372,181.66,13791,12.679,0,0,0,0,0,0,0,0,0,0,0,0,0,0,0
64,263,2.372,181.66,13791,0,0,0,0,0,0,0,0,0,0,0,0,0,0,0,0
64,263,2.372,181.66,13791,0.005239,0,0,0,0,0,0,0,0,0,0,0,0,0,0,0
64,263,2.372,181.66,13791,0,0,0,0,0,0,0,0,0,0,0,0,0,0,0,0
64,263,2.372,181.66,13791,0,0,0,0,0,0,0,0,0,0,0,0,0,0,0,0
64,263,2.372,181.66,13791,0.053439,0,0,0,0,0,0,0,0,0,0,0,0,0,0,0
64,263,2.372,181.66,13791,0.00524,0,0,0,0,0,0,0,0,0,0,0,0,0,0,0
64,263,2.372,181.66,13791,0,0,0,0,0,0,0,0,0,0,0,0,0,0,0,0
64,263,2.372,181.66,13791,0,0,0,0,0,0,0,0,0,0,0,0,0,0,0,0
64,263,2.372,181.66,13791,0.70436,0,0,0,0,0,0,0,0,0,0,0,0,0,135.65,0
64,263,2.372,181.66,13791,0.73234,0,0,0,0,5.8654,0,0,0,0,0,0,0,0,0,0
64,263,2.372,181.66,13791,0,0,0,0,0,0,0,0,0,0,0,0,0,0,120.37,0
64,263,2.372,181.66,13791,2.7108,0,0,0,0,0,0,0,0,0,0,0,0,0,0,0
64,263,2.372,181.66,13791,5.7557,0,0,0,0,0,0,0,0,0,0,0,0,0,0,0
64,263,2.372,181.66,13791,0.000156,0,0,0,0,0,0,0,0,0,0,0,0,0,0,0
64,263,2.372,181.66,13791,0,0,0,0,0,0,0,0,0,0,0,0,0,0,0.3106,0
64,263,2.372,181.66,13791,16.972,0,0,0,0,0,0,0,0,0,0,0,0,0,0,0
64,263,2.372,181.66,13791,0.25931,0,0,0,0,0,0,0,0,0,0,0,0,0,0,0
64,263,2.372,181.66,13791,0.00524,0,0,0,0,0,0,0,0,0,0,0,0,0,0,0
64,263,2.372,181.66,13791,0,0,0,0,0,0,0,0,0,0,0,0,0,0,0,0
64,263,2.372,181.66,13791,0.053439,0,0,0,0,0,0,0,0,0,0,0,0,0,0,0
64,263,2.372,181.66,13791,0,0,0,0,0,0,0,0,0,0,0,0,0,0,132.85,0
64,263,2.372,181.66,13791,0.001397,0,0,0,0,0,0,0,0,0,0,0,0,0,0,0
64,263,2.372,181.66,13791,0,0,0,0,0,0,0,0,0,0,0,0,0,0,28.584,0
64,263,2.372,181.66,13791,5.7829,0,0,0,0,0,0,0,0,0,0,0,0,0,15.677,0
64,263,2.372,181.66,13791,0.0074138,0,0,0,0,0,0,0,0,0,0,0,0,0,0,0
64,263,2.372,181.66,13791,0.038575,0,0,0,0,0,0,0,0,0,0,0,0,0,0,0
64,263,2.372,181.66,13791,0,0,0,0,0,0,0,0,0,0,0,0,0,0,0,0
64,263,2.372,181.66,13791,0.0055384,0,0,0,0,0,0,0,0,0,0,0,0,0,0,0
64,263,2.372,181.66,13791,5.1786,0,0,0,0,0,0,0,0,0,0,0,0,0,0,0
64,263,2.372,181.66,13791,0,0,0,0,0,0,0,0,0,0,0,0,0,0,0,0
64,263,2.372,181.66,13791,0.00524,0,0,0,0,0,0.13028,0,0,0,0,0,0,0,0,0
64,263,2.372,181.66,13791,0,0,0,0,0,0,0,0,0,0,0,0,0,0,0.5456,0
64,263,2.372,181.66,13791,1.2668,0,0,0,0,0,0,0,0,0,0,0,0,0,0,0
64,263,2.372,181.66,13791,0.10943,0,0,0,0,0,0,0,0,0,0,0,0,0,41.441,0
64,263,2.372,181.66,13791,0.39235,0,0,0,0,0,0,0,0,0,0,0,0,0,159.09,0
64,263,2.372,181.66,13791,0,0,0,0,0,0,0,0,0,0,0,0,0,0,0,0
64,263,2.372,181.66,13791,0,0,0,0,0,0,0,0,0,0,0,0,0,0,0,0
64,263,2.372,181.66,13791,0,0,0,0,0,0,0,0,0,0,0,0,0,0,0,0
64,263,2.372,181.66,13791,0,0,0,0,0,0,0,0,0,0,0,0,0,0,0,0
64,263,2.372,181.66,13791,0,0,0,0,0,0,0,0,0,0,0,0,0,0,0,0
64,263,2.372,181.66,13791,0.39765,0,0,0,0,0,0,0,0,0,0,0,0,0,41.688,0
64,263,2.372,181.66,13791,0.38515,0,0,0,0,0,0,0,0,0,0,0,0,0,0,0
64,263,2.372,181.66,13791,0.082013,0,0,0,0,0,0,0,0,0,0,0,0,0,0,0
64,263,2.372,181.66,13791,0,0,0,0,0,0,0,0,0,0,0,0,0,0,0,0
64,263,2.372,181.66,13791,0.005239,0,0,0,0,0,0,0,0,0,0,0,0,0,64.389,0
64,263,2.372,181.66,13791,0.01291,0,0,0,0,0,0,0,0,0,0,0,0,0,13.043,0
64,263,2.372,181.66,13791,0.000126,0,0,0,0,0,0,0,0,0,0,0,0,0,0,0
64,263,2.372,181.66,13791,0.003538,0,0,0,0,0,0,0,0,0,0,0,0,0,0,0
64,263,2.372,181.66,13791,1.4071,0,0,0,0,0,0,0,0,0,0,0,0,0,15.063,0
64,263,2.372,181.66,13791,0,0,0,0,0,0,0,0,0,0,0,0,0,0,0,0
64,263,2.372,181.66,13791,0.008333,0,0,0,0,0,0,0,0,0,0,0,0,0,0,0
64,263,2.372,181.66,13791,0.074483,0,0,0,0,0,0,0,0,0,0,0,0,0,0,0
64,263,2.372,181.66,13791,0,0,0,0,0,0,0,0,0,0,0,0,0,0,0,0
64,263,2.372,181.66,13791,2.2489,0,0,0,0,0,0,0,0,0,0,0,0,0,0,0
64,263,2.372,181.66,13791,0.65673,0,0,0,0,0,0,0,0,0,0,0,0,0,6.6417,0
64,263,2.372,181.66,13791,0,0,0,0,0,0,0,0,0,0,0,0,0,0,8.131,0
64,263,2.372,181.66,13791,0.008333,0,0,0,0,0,0,0,0,0,0,0,0,0,0,0
64,263,2.372,181.66,13791,0.0083826,0,0,0,0,0,0,0,0,0,0,0,0,0,0,0
64,263,2.372,181.66,13791,3.7909,0,0,0,0,0,0,0,0,0,0,0,0,0,0,0
64,263,2.372,181.66,13791,0,0,0,0,0,0,0,0,0,0,0,0,0,0,0,0
64,263,2.372,181.66,13791,0,0,0,0,0,0,0,0,0,0,0,0,0,0,161.82,0
64,263,2.372,181.66,13791,0,0,0,0,0,0,0,0,0,0,0,0,0,0,3.1628,0
64,263,2.372,181.66,13791,0,0,0,0,0,0,0,0,0,0,0,0,0,0,0,0
64,263,2.372,181.66,13791,0.0173,0,0,0,0,0,0,0,0,0,0,0,0,0,0,0
64,263,2.372,181.66,13791,5.7829,0,0,0,0,0,0,0,0,0,0,0,0,0,0,0
64,263,2.372,181.66,13791,0.15715,0,0,0,0,0,21.415,0,0,0,0,0,0,0,0,0
64,263,2.372,181.66,13791,0.029455,0,0,0,0,0,0,0,0,0,0,0,0,0,0,0
64,263,2.372,181.66,13791,1.0697,0,0,0,0,0,0,0,0,0,0,0,0,0,0,0
64,263,2.372,181.66,13791,0,0,0,0,0,0,0,0,0,0,0,0,0,0,0,0
64,263,2.372,181.66,13791,33.563,0,0,0,0,0,0,0,0,0,0,0,0,0,0,0
64,263,2.372,181.66,13791,0,0,0,0,0,0,0,0,0,0,0,0,0,0,0,0
64,263,2.372,181.66,13791,0,0,0,0,0,0,0,0,0,0,0,0,0,0,0,0
64,263,2.372,181.66,13791,0,0,0,0,0,0,0,0,0,0,0,0,0,0,0,0
64,263,2.372,181.66,13791,0.001292,0,0,0,0,0,0,0,0,0,0,0,0,0,0,0
64,263,2.372,181.66,13791,0.14527,0,0,0,0,0,0,0,0,0,0,0,0,0,11.949,0
64,263,2.372,181.66,13791,4.8695,0,0,0,0,0,0,0,0,0,0,0,0,0,0,0
64,263,2.372,181.66,13791,49.695,0,0,0,0,0,0,0,0,0,0,0,0,0,0,0
64,263,2.372,181.66,13791,0.008333,0,0,0,0,0,0,0,0,0,0,0,0,0,0,0
64,263,2.372,181.66,13791,0,0,0,0,0,0,0,0,0,0,0,0,0,0,0,0
64,263,2.372,181.66,13791,0,0,0,0,0,0,0,0,0,0,0,0,0,0,0,0
64,263,2.372,181.66,13791,50.499,0,0,0,0,0,0.059897,0,0,0,0,0,0,0,0,0
64,263,2.372,181.66,13791,13.181,0,0,0,0,0,0,0,0,0,0,0,0,0,0.7806,0
64,263,2.372,181.66,13791,0.008333,0,0,0,0,0,0,0,0,0,0,0,0,0,0,0
64,263,2.372,181.66,13791,0,0,0,0,0,0,0,0,0,0,0,0,0,0,0,0
64,263,2.372,181.66,13791,0.65673,0,0,0,0,0,0,0,0,0,0,0,0,0,0,0
64,263,2.372,181.66,13791,0.0068538,0,0,0,0,0,0,0,0,0,0,0,0,0,0,0
64,263,2.372,181.66,13791,0.001292,0,0,0,0,0,0,0,0,0,0,0,0,0,0,0
64,263,2.372,181.66,13791,0.0097187,0,0,0,0,0,0,0,0,0,0,0,0,0,0,0
64,263,2.372,181.66,13791,1.0565,0,0,0,0,0,0,0,0,0,0,0,0,0,0,0
64,263,2.372,181.66,13791,0,0,0,0,0,0,0,0,0,0,0,0,0,0,0,0
64,263,2.372,181.66,13791,0.00524,0,0,0,0,0,0,0,0,0,0,0,0,0,0,0
64,263,2.372,181.66,13791,0,0,0,0,0,0,0,0,0,0,0,0,0,0,0,0
64,263,2.372,181.66,13791,0,0,0,0,0,0,0,0,0,0,0,0,0,0,0,0
64,263,2.372,181.66,13791,0,0,0,0,0,0,0,0,0,0,0,0,0,0,6.8515,0
64,263,2.372,181.66,13791,0,0,0,0,0,0,0,0,0,0,0,0,0,0,0,0
64,263,2.372,181.66,13791,0,0,0,0,0,0,0,0,0,0,0,0,0,0,0,0
64,263,2.372,181.66,13791,2.8326,0,0,0,0,0,0,0,0,0,0,0,0,0,0,0
64,263,2.372,181.66,13791,0,0,0,0,0,0,0,0,0,0,0,0,0,0,6.574,0
64,263,2.372,181.66,13791,0,0,0,0,0,0,0,0,0,0,0,0,0,0,0,0
64,263,2.372,181.66,13791,0,0,0,0,0,0,0,0,0,0,0,0,0,0,0,0
64,263,2.372,181.66,13791,0.022121,0,0,0,0,0,0,0,0,0,0,0,0,0,16.643,0
64,263,2.372,181.66,13791,0.003539,0,0,0,0,0,0,0,0,0,0,0,0,0,0,0
64,263,2.372,181.66,13791,0.010395,0,0,0,0,0,0,0,0,0,0,0,0,0,0,0
64,263,2.372,181.66,13791,0,0,0,0,0,0,0,0,0,0,0,0,0,0,0,0
64,263,2.372,181.66,13791,0.002068,0,0,0,0,0,0,0,0,0,0,0,0,0,0,0
64,263,2.372,181.66,13791,0.058948,0,0,0,0,0,0,0,0,0,0,0,0,0,0,0
64,263,2.372,181.66,13791,0.14724,0,0,0,0,0,0,0,0,0,0,0,0,0,0,0
64,263,2.372,181.66,13791,0.005239,0,0,0,0,0,0,0,0,0,0,0,0,0,0.25837,0
64,263,2.372,181.66,13791,0,0,0,0,0,0,0,0,0,0,0,0,0,0,133.01,0
64,263,2.372,181.66,13791,0,0,0,0,0,0,0,0,0,0,0,0,0,0,0.70227,0
64,263,2.372,181.66,13791,0,0,0,0,0,0,0,0,0,0,0,0,0,0,134.83,0
64,263,2.372,181.66,13791,4.2889,0,0,0,0,0,0,0,0,0,0,0,0,0,0,0
64,263,2.372,181.66,13791,0,0,0,0,0,0,0,0,0,0,0,0,0,0,0,0
64,263,2.372,181.66,13791,4.5325,0,0,0,0,0,0,0,0,0,0,0,0,0,0,0
64,263,2.372,181.66,13791,0.008333,0,0,0,0,0,0,0,0,0,0,0,0,0,89.489,0
64,263,2.372,181.66,13791,0,0,0,0,0,0,0,0,0,0,0,0,0,0,0,0
64,263,2.372,181.66,13791,0,0,0,0,0,0,0,0,0,0,0,0,0,0,0,0
64,263,2.372,181.66,13791,0.005239,0,0,0,0,0,0,0,0,0,0,0,0,0,5.1323,0
64,263,2.372,181.66,13791,0.25931,0,0,0,0,0,0,0,0,0,0,0,0,0,0,0
64,263,2.372,181.66,13791,0,0,0,0,0,0,0,0,0,0,0,0,0,0,0,0
64,263,2.372,181.66,13791,8.9433,0,0,0,0,0,0,0,0,0,0,0,0,0,0,0
64,263,2.372,181.66,13791,0,0,0,0,0,0,0,0,0,0,0,0,0,0,0,0
64,263,2.372,181.66,13791,0.0083325,0,0,0,0,0,0,0,0,0,0,0,0,0,119.94,0
64,263,2.372,181.66,13791,0.001205,0,0,0,0,0,0,0,0,0,0,0,0,0,0,0
64,263,2.372,181.66,13791,1.0984,0,0,0,0,0,0,0,0,0,0,0,0,0,0,0
64,263,2.372,181.66,13791,0,0,0,0,0,0,0,0,0,0,0,0,0,0,4.5269,0
64,263,2.372,181.66,13791,4.5325,0,0,0,0,0,0,0,0,0,0,0,0,0,0,0
64,263,2.372,181.66,13791,0,0,0,0,0,0,0,0,0,0,0,0,0,0,38.93,0
64,263,2.372,181.66,13791,0,0,0,0,0,0,0,0,0,0,0,0,0,0,0,0
64,263,2.372,181.66,13791,0.0062156,0,0,0,0,0,0,0,0,0,0,0,0,0,0,0
64,263,2.372,181.66,13791,4.0436,0,0,0,0,0,0,0,0,0,0,0,0,0,0,0
64,263,2.372,181.66,13791,3.3083,0,0,0,0,0,0,0,0,0,0,0,0,0,0,0
64,263,2.372,181.66,13791,0,0,0,0,0,0,0,0,0,0,0,0,0,0,0,0
64,263,2.372,181.66,13791,0.036917,0,0,0,0,0,0,0,0,0,0,0,0,0,0,0
64,263,2.372,181.66,13791,0,0,0,0,0,0,0,0,0,0,0,0,0,0,0,0
64,263,2.372,181.66,13791,12.952,0,0,0,0,0,0,0,0,0,0,0,0,0,0,0
64,263,2.372,181.66,13791,0,0,0,0,0,0,0,0,0,0,0,0,0,0,0,0
64,263,2.372,181.66,13791,0,0,0,0,0,0,0,0,0,0,0,0,0,0,92.904,0
64,263,2.372,181.66,13791,0.068325,0,0,0,0,0,0,0,0,0,0,0,0,0,0,0
64,263,2.372,181.66,13791,0.12008,0,0,0,0,0,0,0,0,0,0,0,0,0,0,0
64,263,2.372,181.66,13791,0,0,0,0,0,0,0,0,0,0,0,0,0,0,0,0
64,263,2.372,181.66,13791,0,0,0,0,0,0,10.349,0,0,0,0,0,0,0,0,0
64,263,2.372,181.66,13791,0.001309,0,0,0,0,0,0,0,0,0,0,0,0,0,0,0
64,263,2.372,181.66,13791,1.7579,0,0,0,0,0,0,0,0,0,0,0,0,0,0,0
64,263,2.372,181.66,13791,0.000376,0,0,0,0,0,0,0,0,0,0,0,0,0,38.812,0
64,263,2.372,181.66,13791,0,0,0,0,0,0,0,0,0,0,0,0,0,0,89.241,0
64,263,2.372,181.66,13791,0,0,0,0,0,0,0,0,0,0,0,0,0,0,0,0
64,263,2.372,181.66,13791,46.125,0,0,0,0,0,0,0,0,0,0,0,0,0,0,0
64,263,2.372,181.66,13791,0.00524,0,0,0,0,0,0,0,0,0,0,0,0,0,0,0
64,263,2.372,181.66,13791,0.025155,0,0,0,0,0,0,0,0,0,0,0,0,0,0,0
64,263,2.372,181.66,13791,1.7579,0,0,0,0,0,0,0,0,0,0,0,0,0,0,0
64,263,2.372,181.66,13791,0,0,0,0,0,0,0,0,0,0,0,0,0,0,33.726,0
64,263,2.372,181.66,13791,0.027078,0,0,0,0,0,0,0,0,0,0,0,0,0,0,0
64,263,2.372,181.66,13791,7.039,0,0,0,0,0,0,0,0,0,0,0,0,0,0,0
64,263,2.372,181.66,13791,0.027175,0,0,0,0,0,0,0,0,0,0,0,0,0,0,0
64,263,2.372,181.66,13791,0.032708,0,0,0,0,0,0,0,0,0,0,0,0,0,0,0
64,263,2.372,181.66,13791,0,0,0,0,0,0,0,0,0,0,0,0,0,0,4.1195,0
64,263,2.372,181.66,13791,0.6253,0,0,0,0,0,0,0,0,0,0,0,0,0,0,0
64,263,2.372,181.66,13791,0,0,0,0,0,0,0,0,0,0,0,0,0,0,0,0
64,263,2.372,181.66,13791,0.003822,0,0,0,0,0,0,0,0,0,0,0,0,0,0.25837,0
64,263,2.372,181.66,13791,0.14724,0,0,0,0,0,0,0,0,0,0,0,0,0,0,0
64,263,2.372,181.66,13791,22.65,0,0,0,0,0,0,0,0,0,0,0,0,0,0,0
64,263,2.372,181.66,13791,0,0,0,0,0,0,0,0,0,0,0,0,0,0,0,0
64,263,2.372,181.66,13791,0.001463,0,0,0,0,0,0,0,0,0,0,0,0,0,0,0
64,263,2.372,181.66,13791,49.695,0,0,0,0,0,0,0,0,0,0,0,0,0,0,0
64,263,2.372,181.66,13791,0,0,0,0,0,0,0,0,0,0,0,0,0,0,15.59,0
64,263,2.372,181.66,13791,0.008335,0,0,0,0,0,0,0,0,0,0,0,0,0,0,0
64,263,2.372,181.66,13791,0,0,0,0,0,0,0,0,0,0,0,0,0,0,0,0
64,263,2.372,181.66,13791,0,0,0,0,0,0,0,0,0,0,0,0,0,0,0.25837,0
64,263,2.372,181.66,13791,0,0,0,0,0,0,0,0,0,0,0,0,0,0,0,0
64,263,2.372,181.66,13791,0,0,0,0,0,0,0,0,0,0,0,0,0,0,0,0
64,263,2.372,181.66,13791,0,0,0,0,0,0,0,0,0,0,0,0,0,0,82.658,0
64,263,2.372,181.66,13791,0,0,0,0,0,0,0,0,0,0,0,0,0,0,0,0
64,263,2.372,181.66,13791,0.000251,0,0,0,0,0,0.059897,0,0,0,0,0,0,0,0,0
64,263,2.372,181.66,13791,0.65673,0,0,0,0,0,0,0,0,0,0,0,0,0,15.326,0
64,263,2.372,181.66,13791,0.06137,0,0,0,0,0,0,0,0,0,0,0,0,0,0,0
64,263,2.372,181.66,13791,0.050098,0,0,0,0,0,0,0,0,0,0,0,0,0,0,0
64,263,2.372,181.66,13791,0.96221,0,0,0,0,0,0,0,0,0,0,0,0,0,0,0
64,263,2.372,181.66,13791,0,0,0,0,0,0,0,0,0,0,0,0,0,0,0,0
64,263,2.372,181.66,13791,0,0,0,0,0,0,0,0,0,0,0,0,0,0,0,0
64,263,2.372,181.66,13791,0.030321,0,0,0,0,0,0,0,0,0,0,0,0,0,0,0
64,263,2.372,181.66,13791,0,0,0,0,0,0,0,0,0,0,0,0,0,0,0,0
64,263,2.372,181.66,13791,0.017738,0,0,0,0,0,0,0,0,0,0,0,0,0,119.18,0
64,263,2.372,181.66,13791,0,0,0,0,0,0,0,0,0,0,0,0,0,0,136.3,0
64,263,2.372,181.66,13791,0.0055799,0,0,0,0,0,0,0,0,0,0,0,0,0,0,0
64,263,2.372,181.66,13791,0,0,0,0,0,0,0,0,0,0,0,0,0,0,0,0
64,263,2.372,181.66,13791,7.95e-05,0,0,0,0,0.019125,0,0,0,0,0,0,0,0,0,0
64,263,2.372,181.66,13791,1.0984,0,0,0,0,0,0,0,0,0,0,0,0,0,0,0
64,263,2.372,181.66,13791,17.734,0,0,0,0,0,0,0,0,0,0,0,0,0,0,0
64,263,2.372,181.66,13791,0,0,0,0,0,0,0,0,0,0,0,0,0,0,0,0
64,263,2.372,181.66,13791,0,0,0,0,0,0,0,0,0,0,0,0,0,0,0.25837,0
64,263,2.372,181.66,13791,0.12008,0,0,0,0,0,0,0,0,0,0,0,0,0,0,0
64,263,2.372,181.66,13791,0.010649,0,0,0,0,0,0,0,0,0,0,0,0,0,1.1722,0
64,263,2.372,181.66,13791,5.2329,0,0,0,0,0,0.13028,0,0,0,0,0,0,0,0,0
64,263,2.372,181.66,13791,0.14142,0,0,0,0,0,0.13028,0,0,0,0,0,0,0,0,0
64,263,2.372,181.66,13791,0.00524,0,0,0,0,0,0,0,0,0,0,0,0,0,0,0
64,263,2.372,181.66,13791,0.72136,0,0,0,0,0,0,0,0,0,0,0,0,0,14.36,0
64,263,2.372,181.66,13791,0.37737,0,0,0,0,0,0,0,0,0,0,0,0,0,0,0
64,263,2.372,181.66,13791,0.0068531,0,0,0,0,0,0,0,0,0,0,0,0,0,0,0
64,263,2.372,181.66,13791,0.27803,0,0,0,0,0,0,0,0,0,0,0,0,0,0,0
64,263,2.372,181.66,13791,0,0,0,0,0,0,0,0,0,0,0,0,0,0,0,0
64,263,2.372,181.66,13791,0.0055384,0,0,0,0,0,0,0,0,0,0,0,0,0,0,0
64,263,2.372,181.66,13791,2.1985,0,0,0,0,0,0,0,0,0,0,0,0,0,0,0
64,263,2.372,181.66,13791,0,0,0,0,0,0,0,0,0,0,0,0,0,0,38.22,0
64,263,2.372,181.66,13791,0.43212,0,0,0,0,0,0,0,0,0,0,0,0,0,0,0
64,263,2.372,181.66,13791,2.7108,0,0,0,0,0,0,0,0,0,0,0,0,0,0,0
64,263,2.372,181.66,13791,0.01873,0,0,0,0,0,0,0,0,0,0,0,0,0,41.276,0
64,263,2.372,181.66,13791,0,0,0,0,0,0,0,0,0,0,0,0,0,0,0,0
64,263,2.372,181.66,13791,0.003346,0,0,0,0,0.002414,0,0,0,0,0,0,0,0,0,0
64,263,2.372,181.66,13791,0,0,0,0,0,0,0,0,0,0,0,0,0,0,0,0
64,263,2.372,181.66,13791,0,0,0,0,0,0,0,0,0,0,0,0,0,0,0,0
64,263,2.372,181.66,13791,0.10943,0,0,0,0,0,0,0,0,0,0,0,0,0,0,0
64,263,2.372,181.66,13791,0.008333,0,0,0,0,0,0,0,0,0,0,0,0,0,0,0
64,263,2.372,181.66,13791,0.008333,0,0,0,0,0,0,0,0,0,0,0,0,0,0,0
64,263,2.372,181.66,13791,1.2478,0,0,0,0,0,0,0,0,0,0,0,0,0,104.62,0
64,263,2.372,181.66,13791,12.303,0,0,0,0,0,0,0,0,0,0,0,0,0,0,0
64,263,2.372,181.66,13791,0,0,0,0,0,0,0,0,0,0,0,0,0,0,66.299,0
64,263,2.372,181.66,13791,0.010082,0,0,0,0,0,0,0,0,0,0,0,0,0,0,0
64,263,2.372,181.66,13791,0,0,0,0,0,0,0,0,0,0,0,0,0,0,0,0
64,263,2.372,181.66,13791,0.003468,0,0,0,0,0,0,0,0,0,0,0,0,0,0,0
64,263,2.372,181.66,13791,0.002031,0,0,0,0,0,0,0,0,0,0,0,0,0,0,0
64,263,2.372,181.66,13791,0,0,0,0,0,0,0,0,0,0,0,0,0,0,0,0
64,263,2.372,181.66,13791,0,0,0,0,0,0,0,0,0,0,0,0,0,0,0,0
64,263,2.372,181.66,13791,3.3728,0,0,0,0,0,0,0,0,0,0,0,0,0,0,0
64,263,2.372,181.66,13791,0,0,0,0,0,0,0,0,0,0,0,0,0,0,123.17,0
64,263,2.372,181.66,13791,0,0,0,0,0,0,0,0,0,0,0,0,0,0,0.3106,0
64,263,2.372,181.66,13791,0,0,0,0,0,0,0,0,0,0,0,0,0,0,0,0
64,263,2.372,181.66,13791,0,0,0,0,0,0,0,0,0,0,0,0,0,0,0,0
64,263,2.372,181.66,13791,0.0059864,0,0,0,0,0,0,0,0,0,0,0,0,0,0,0
64,263,2.372,181.66,13791,0.008333,0,0,0,0,0,0,0,0,0,0,0,0,0,1.7834,0
64,263,2.372,181.66,13791,0.037899,0,0,0,0,0,0,0,0,0,0,0,0,0,161.37,0
64,263,2.372,181.66,13791,0,0,0,0,0,0,0,0,0,0,0,0,0,0,0,0
64,263,2.372,181.66,13791,0.001009,0,0,0,0,0,0,0,0,0,0,0,0,0,0,0
64,263,2.372,181.66,13791,0.008198,0,0,0,0,0,0,0,0,0,0,0,0,0,0,0
64,263,2.372,181.66,13791,0.0053955,0,0,0,0,0,0,0,0,0,0,0,0,0,0,0
65,264,1.726,431.23,32736,0,0,0,0,0,0,0,0,0,0,0,0,0,0,0,0
65,264,1.726,431.23,32736,0.005239,0,0,0,0,0,0,0,0,0,0,0,0,0,38.339,0
65,264,1.726,431.23,32736,0,0,0,0,0,0,0,0,0,0,0,0,0,0,0,0
65,264,1.726,431.23,32736,0,0,0,0,0,0,0,0,0,0,0,0,0,0,0.81977,0
65,264,1.726,431.23,32736,0,0,0,0,0,0,0,0,0,0,0,0,0,0,0,0
65,264,1.726,431.23,32736,0.02059,0,0,0,0,0,0,0,0,0,0,0,0,0,9.7291,0
65,264,1.726,431.23,32736,0,0,0,0,0,0,0,0,0,0,0,0,0,0,0,0
65,264,1.726,431.23,32736,0.39765,0,0,0,0,0,0,0,0,0,0,0,0,0,15.414,0
65,264,1.726,431.23,32736,0.005239,0,0,0,0,0,0,0,0,0,0,0,0,0,0,0
65,264,1.726,431.23,32736,0.00524,0,0,0,0,0,0,0,0,0,0,0,0,0,0,0
65,264,1.726,431.23,32736,0.008333,0,0,0,0,0,0,0,0,0,0,0,0,0,0,0
65,264,1.726,431.23,32736,0,0,0,0,0,0,0,0,0,0,0,0,0,0,0,0
65,264,1.726,431.23,32736,0,0,0,0,0,0,0,0,0,0,0,0,0,0,0,0
65,264,1.726,431.23,32736,0,0,0,0,0,0,0,0,0,0,0,0,0,0,0,0
65,264,1.726,431.23,32736,0.008333,0,0,0,0,0,0,0,0,0,0,0,0,0,0,0
65,264,1.726,431.23,32736,0.0098155,0,0,0,0,0,0,0,0,0,0,0,0,0,0,0
65,264,1.726,431.23,32736,0,0,0,0,0,0,0,0,0,0,0,0,0,0,0,0
65,264,1.726,431.23,32736,0,0,0,0,0,0,0,0,0,0,0,0,0,0,0,0
65,264,1.726,431.23,32736,8.9433,0,0,0,0,0,0,0,0,0,0,0,0,0,0,0
65,264,1.726,431.23,32736,0.00387,0,0,0,0,0,0,0,0,0,0,0,0,0,0,0
65,264,1.726,431.23,32736,0,0,0,0,0,0,0,0,0,0,0,0,0,0,0,0
65,264,1.726,431.23,32736,0.001493,0,0,0,0,0,0,0,0,0,0,0,0,0,0,0
65,264,1.726,431.23,32736,0.002068,0,0,0,0,0,0,0,0,0,0,0,0,0,0,0
65,264,1.726,431.23,32736,0,0,0,0,0,0,0,0,0,0,0,0,0,0,12.561,0
65,264,1.726,431.23,32736,0,0,0,0,0,0,0,0,0,0,0,0,0,0,129.55,0
65,264,1.726,431.23,32736,0,0,0,0,0,0,0,0,0,0,0,0,0,0,0,0
65,264,1.726,431.23,32736,0,0,0,0,0,0,0,0,0,0,0,0,0,0,0,0
65,264,1.726,431.23,32736,0.0055799,0,0,0,0,0,0,0,0,0,0,0,0,0,0,0
65,264,1.726,431.23,32736,0,0,0,0,0,0,0,0,0,0,0,0,0,0,0,0
65,264,1.726,431.23,32736,0.005239,0,0,0,0,0,0,0,0,0,0,0,0,0,0,0
65,264,1.726,431.23,32736,0.0032665,0,0,0,0,0,0,0,0,0,0,0,0,0,11.328,0
65,264,1.726,431.23,32736,0.008333,0,0,0,0,0,0,0,0,0,0,0,0,0,0,0
65,264,1.726,431.23,32736,0,0,0,0,0,0,0,0,0,0,0,0,0,0,0,0
65,264,1.726,431.23,32736,1.6647,0,0,0,0,0,0,0,0,0,0,0,0,0,0,0
65,264,1.726,431.23,32736,0.0084135,0,0,0,0,0,0,0,0,0,0,0,0,0,0,0
65,264,1.726,431.23,32736,0.007328,0,0,0,0,0,0,0,0,0,0,0,0,0,0,0
65,264,1.726,431.23,32736,0,0,0,0,0,0,0,0,0,0,0,0,0,0,0,0
65,264,1.726,431.23,32736,0.068325,0,0,0,0,0,0,0,0,0,0,0,0,0,0,0
65,264,1.726,431.23,32736,0,0,0,0,0,0,0,0,0,0,0,0,0,0,0,0
65,264,1.726,431.23,32736,2.8758,0,0,0,0,0,0,0,0,0,0,0,0,0,0,0
65,264,1.726,431.23,32736,0.018944,0,0,0,0,0,0,0,0,0,0,0,0,0,0,0
65,264,1.726,431.23,32736,0,0,0,0,0,0,0,0,0,0,0,0,0,0,0,0
65,264,1.726,431.23,32736,0.008333,0,0,0,0,0,0,0,0,0,0,0,0,0,0,0
65,264,1.726,431.23,32736,0.005239,0,0,0,0,0,0,0,0,0,0,0,0,0,0,0
65,264,1.726,431.23,32736,0.15503,0,0,0,0,0,0,0,0,0,0,0,0,0,0,0
65,264,1.726,431.23,32736,0.51313,0,0,0,0,0,0,0,0,0,0,0,0,0,0,0
65,264,1.726,431.23,32736,0.024948,0,0,0,0,0,0,0,0,0,0,0,0,0,0,0
65,264,1.726,431.23,32736,0,0,0,0,0,0,0,0,0,0,0,0,0,0,0,0
65,264,1.726,431.23,32736,0.01023,0,0,0,0,0,0,0,0,0,0,0,0,0,0,0
65,264,1.726,431.23,32736,0.005239,0,0,0,0,0,0,0,0,0,0,0,0,0,0,0
65,264,1.726,431.23,32736,4.7144,0,0,0,0,0,0,0,0,0,0,0,0,0,0,0
65,264,1.726,431.23,32736,36.846,0,0,0,0,0,0,0,0,0,0,0,0,0,0,0
65,264,1.726,431.23,32736,0.34906,0,0,0,0,0,0,0,0,0,0,0,0,0,6.5864,0
65,264,1.726,431.23,32736,0.22557,0,0,0,0,0,0,0,0,0,0,0,0,0,0,0
65,264,1.726,431.23,32736,1.2668,0,0,0,0,0,0,0,0,0,0.050576,0,0,0,7.138,0
65,264,1.726,431.23,32736,33.563,0,0,0,0,0,0,0,0,0,0,0,0,0,0,0
65,264,1.726,431.23,32736,0,0,0,0,0,0,0,0,0,0,0,0,0,0,0,0
65,264,1.726,431.23,32736,0,0,0,0,0,0,0,0,0,0,0,0,0,0,0,0
65,264,1.726,431.23,32736,0.00524,0,0,0,0,0,0,0,0,0,0,0,0,0,13.307,19.405
65,264,1.726,431.23,32736,3.8515,0,0,0,0,0,0,0,0,0,0,0,0,0,32.91,0
65,264,1.726,431.23,32736,4.6113,0,0,0,0,0,0,0,0,0,0,0,0,0,6.7094,0
65,264,1.726,431.23,32736,0,0,0,0,0,0,0,0,0,0,0,0,0,0,0,0
65,264,1.726,431.23,32736,0,0,0,0,0,0,0,0,0,0,0,0,0,0,35.264,0
65,264,1.726,431.23,32736,0,0,0,0,0,0,0,0,0,0,0,0,0,0,0,0
65,264,1.726,431.23,32736,0,0,0,0,0,0,0,0,0,0,0,0,0,0,0,0
65,264,1.726,431.23,32736,0.13833,0,0,0,0,0,0,0,0,0,0,0,0,0,0,0
65,264,1.726,431.23,32736,0.00524,0,0,0,0,0,0,0,0,0,0,0,0,0,0,0
65,264,1.726,431.23,32736,0,0,0,0,0,0,0,0,0,0,0,0,0,0,0,0
65,264,1.726,431.23,32736,0,0,0,0,0,0,0,0,0,0,0,0,0,0,0,0
65,264,1.726,431.23,32736,0,0,0,0,0,0,0,0,0,0,0,0,0,0,0.25837,0
65,264,1.726,431.23,32736,3.197,0,0,0,0,0.79321,0,0,0,0,0,0,0,0,0,0
65,264,1.726,431.23,32736,0.25131,0,0,0,0,0,0,0,0,0,0,0,0,0,0,0
65,264,1.726,431.23,32736,0.0099438,0,0,0,0,0,0,0,0,0,0,0,0,0,0,0
65,264,1.726,431.23,32736,6.6536,0,0,0,0,0,0,0,0,0,0,0,0,0,0,0
65,264,1.726,431.23,32736,0.20213,0,0,0,0,0,0.002308,0,0,0,0,0,0,0,0,0
65,264,1.726,431.23,32736,0.61125,0,0,0,0,0,0,0,0,0,0,0,0,0,0,0
65,264,1.726,431.23,32736,0,0,0,0,0,0,0,0,0,0,0,0,0,0,0,0
65,264,1.726,431.23,32736,0.002344,0,0,0,0,0,0,0,0,0,0,0,0,0,40.586,0
65,264,1.726,431.23,32736,0.019431,0,0,0,0,0,0,0,0,0,0,0,0,0,0,0
65,264,1.726,431.23,32736,1.1565,0,0,0,0,0,0,0,0,0,0,0,0,0,0,0
65,264,1.726,431.23,32736,0.0074138,0,0,0,0,0,0,0,0,0,0,0,0,0,0,0
65,264,1.726,431.23,32736,0.008333,0,0,0,0,0,0,0,0,0,0,0,0,0,0,0
65,264,1.726,431.23,32736,0,0,0,0,0,0,0,0,0,0,0,0,0,0,0,0
65,264,1.726,431.23,32736,0.73234,0,0,0,0,0,0,0,0,0,0,0,0,0,0.74144,0
65,264,1.726,431.23,32736,5.813,0,0,0,0,0,0,0,0,0,0,0,0,0,0,0
65,264,1.726,431.23,32736,0.008333,0,0,0,0,0,0,0,0,0,0,0,0,0,0,0
65,264,1.726,431.23,32736,0,0,0,0,0,0,0,0,0,0,0,0,0,0,0,0
65,264,1.726,431.23,32736,0,0,0,0,0,0,0,0,0,0,0,0,0,0,0,0
65,264,1.726,431.23,32736,0.008333,0,0,0,0,0,0,0,0,0,0,0,0,0,3.5044,0
65,264,1.726,431.23,32736,0.13395,0,0,0,0,0,0,0,0,0,0,0,0,0,0,0
65,264,1.726,431.23,32736,0,0,0,0,0,0,0,0,0,0,0,0,0,0,2.5478,0
65,264,1.726,431.23,32736,0.003539,0,0,0,0,0,0,0,0,0,0,0,0,0,0,0
65,264,1.726,431.23,32736,0,0,0,0,0,0,0,0,0,0,0,0,0,0,0,0
65,264,1.726,431.23,32736,0.008333,0,0,0,0,0,0,0,0,0,0,0,0,0,0,0
65,264,1.726,431.23,32736,0.008333,0,0,0,0,0,0,0,0,0,0,0,0,0,0,0
65,264,1.726,431.23,32736,0,0,0,0,0,0,0,0,0,0,0,0,0,0,38.22,0
65,264,1.726,431.23,32736,0,0,0,0,0,0,0,0,0,0,0,0,0,0,0,0
65,264,1.726,431.23,32736,0.004345,0,0,0,0,0,0,0,0,0,0,0,0,0,0,0
65,264,1.726,431.23,32736,0.001436,0,0,0,0,0,0,0,0,0,0,0,0,0,0,0
65,264,1.726,431.23,32736,0.003127,0,0,0,0,0,31.35,0,0,0,0,0,0,0,0,0
65,264,1.726,431.23,32736,0,0,0,0,0,0,0,0,0,0,0,0,0,0,0,0
65,264,1.726,431.23,32736,0,0,0,0,0,0,0,0,0,0,0,0,0,0,0,0
65,264,1.726,431.23,32736,0,0,0,0,0,0,0,0,0,0,0,0,0,0,0,0
65,264,1.726,431.23,32736,0,0,0,0,0,0,0,0,0,0,0,0,0,0,96.907,0
65,264,1.726,431.23,32736,0,0,0,0,0,0,0,0,0,0,0,0,0,0,35.76,0
65,264,1.726,431.23,32736,0,0,0,0,0,0,0,0,0,0,0,0,0,0,0,0
65,264,1.726,431.23,32736,0.65673,0,0,0,0,0,0,0,0,0,0,0,0,0,37.167,0
65,264,1.726,431.23,32736,0.09698,0,0,0,0,0,0,0,0,0,0,0,0,0,0,0
65,264,1.726,431.23,32736,0,0,0,0,0,0,0,0,0,0,0,0,0,0,0,0
65,264,1.726,431.23,32736,0,0,0,0,0,0,0,0,0,0,0,0,0,0,15.94,0
65,264,1.726,431.23,32736,0,0,0,0,0,0,0,0,0,0,0,0,0,0,0,0
65,264,1.726,431.23,32736,1.3442,0,0,0,0,0,0,0,0,0,0,0,0,0,0,0
65,264,1.726,431.23,32736,0,0,0,0,0,0,0,0,0,0,0,0,0,0,0,0
65,264,1.726,431.23,32736,0,0,0,0,0,0,0,0,0,0,0,0,0,0,0,0
65,264,1.726,431.23,32736,0,0,0,0,0,0,0,0,0,0,0,0,0,0,0,0
65,264,1.726,431.23,32736,0,0,0,0,0,0,0,0,0,0,0,0,0,0,0,0
65,264,1.726,431.23,32736,0,0,0,0,0,0,0,0,0,0,0,0,0,0,0,0
65,264,1.726,431.23,32736,0.0059864,0,0,0,0,0,0,0,0,0,0,0,0,0,0,0
65,264,1.726,431.23,32736,0.008336,0,0,0,0,0,0,0,0,0,0,0,0,0,0,0
65,264,1.726,431.23,32736,1.7992,0,0,0,0,0,0,0,0,0,0,0,0,0,0,0
65,264,1.726,431.23,32736,0,0,0,0,0,0,0,0,0,0,0,0,0,0,0,0
65,264,1.726,431.23,32736,0.50276,0,0,0,0,0,0,0,0,0,0,0,0,0,0,0
65,264,1.726,431.23,32736,0,0,0,0,0,0,0,0,0,0,0,0,0,0,0,0
65,264,1.726,431.23,32736,0.003822,0,0,0,0,0,0,0,0,0,0,0,0,0,0,0
65,264,1.726,431.23,32736,0.009672,0,0,0,0,0,0,0,0,0,0,0,0,0,0,0
65,264,1.726,431.23,32736,0,0,0,0,0,0,0,0,0,0,0,0,0,0,0,0
65,264,1.726,431.23,32736,3.6517,0,0,0,0,0,0,0,0,0,0,0,0,0,0,0
65,264,1.726,431.23,32736,0.049312,0,0,0,0,0,0,0,0,0,0,0,0,0,0,0
65,264,1.726,431.23,32736,0,0,0,0,0,0,0,0,0,0,0,0,0,0,0,0
65,264,1.726,431.23,32736,3.0514,0,0,0,0,0,0,0,0,0,0,0,0,0,0,0
65,264,1.726,431.23,32736,0.005239,0,0,0,0,0,0,0,0,0,0,0,0,0,0,0
65,264,1.726,431.23,32736,0.002031,0,0,0,0,0,0,0,0,0,0,0,0,0,0,0
65,264,1.726,431.23,32736,0.19739,0,0,0,0,0,0,0,0,0,0,0,0,0,34.386,0
65,264,1.726,431.23,32736,14.153,0,0,0,0,0,0,0,0,0,0,0,0,0,0,0
65,264,1.726,431.23,32736,0,0,0,0,0,0,0,0,0,0,0,0,0,0,0,0
65,264,1.726,431.23,32736,0,0,0,0,0,0,0,0,0,0,0,0,0,0,0,0
65,264,1.726,431.23,32736,15.669,0,0,0,0,0,0,0,0,0,0,0,0,0,0,0
65,264,1.726,431.23,32736,0.031169,0,0,0,0,0,0,0,0,0,0,0,0,0,6.6479,0
65,264,1.726,431.23,32736,0,0,0,0,0,0,0,0,0,0,0,0,0,0,0,0
65,264,1.726,431.23,32736,0.12008,0,0,0,0,0,0,0,0,0,0,0,0,0,0,0
65,264,1.726,431.23,32736,0,0,0,0,0,0,0,0,0,0,0,0,0,0,0,0
65,264,1.726,431.23,32736,0,0,0,0,0,0,0,0,0,0,0,0,0,0,0,0
65,264,1.726,431.23,32736,1.2727,0,0,0,0,0,0,0,0,0,0,0,0,0,0,0
65,264,1.726,431.23,32736,0.019276,0,0,0,0,0,0,0,0,0,0,0,0,0,0,0
65,264,1.726,431.23,32736,0,0,0,0,0,0,0,0,0,0,0,0,0,0,0,0
65,264,1.726,431.23,32736,0,0,0,0,0,0,0,0,0,0,0,0,0,0,0,0
65,264,1.726,431.23,32736,0.00524,0,0,0,0,0,0,0,0,0,0,0,0,0,0,0
65,264,1.726,431.23,32736,0.000156,0,0,0,0,0,0,0,0,0,0,0,0,0,160.7,0
65,264,1.726,431.23,32736,0,0,0,0,0,0,0,0,0,0,0,0,0,0,0,0
65,264,1.726,431.23,32736,22.65,0,0,0,0,0,0,0,0,0,0,0,0,0,0,0
65,264,1.726,431.23,32736,0.003346,0,0,0,0,0,0,0,0,0,0,0,0,0,0,0
65,264,1.726,431.23,32736,0.008333,0,0,0,0,0,0,0,0,0,0,0,0,0,34.436,0
65,264,1.726,431.23,32736,0,0,0,0,0,0,0,0,0,0,0,0,0,0,3.9145,0
65,264,1.726,431.23,32736,0,0,0,0,0,0,0,0,0,0,0,0,0,0,0,0
65,264,1.726,431.23,32736,0.005239,0,0,0,0,0,0,0,0,0,0,0,0,0,0,0
65,264,1.726,431.23,32736,0,0,0,0,0,0,0,0,0,0,0,0,0,0,0,0
65,264,1.726,431.23,32736,4.375,0,0,0,0,0,0,0,0,0,0,0,0,0,28.544,0
65,264,1.726,431.23,32736,0.50276,0,0,0,0,0,28.632,0,0,0,0.050576,0,0,0,89.737,0
65,264,1.726,431.23,32736,0,0,0,0,0,0,0,0,0,0,0,0,0,0,109.52,0
65,264,1.726,431.23,32736,3.6187,0,0,0,0,0,0,0,0,0,0,0,0,0,0,0
65,264,1.726,431.23,32736,0.00524,0,0,0,0,0,0,0,0,0,0,0,0,0,4.1878,0
65,264,1.726,431.23,32736,0.008333,0,0,0,0,0,0,0,0,0,0,0,0,0,0,0
65,264,1.726,431.23,32736,0.004143,0,0,0,0,0,0,0,0,0,0,0,0,0,0,0
65,264,1.726,431.23,32736,0.058948,0,0,0,0,0,0,0,0,0,0,0,0,0,0,0
65,264,1.726,431.23,32736,0.008333,0,0,0,0,0,0,0,0,0,0,0,0,0,0,0
65,264,1.726,431.23,32736,0,0,0,0,0,0,0,0,0,0,0,0,0,0,0,0
65,264,1.726,431.23,32736,0.010649,0,0,0,0,0,0,0,0,0,0,0,0,0,121.65,0
65,264,1.726,431.23,32736,3.8515,0,0,0,0,0,0.008333,0,0,0,0,0,0,0,103.22,0
65,264,1.726,431.23,32736,0.010395,0,0,0,0,0,0,0,0,0,0,0,0,0,161.1,0
65,264,1.726,431.23,32736,0,0,0,0,0,0,0,0,0,0,0,0,0,0,1.4856,0
65,264,1.726,431.23,32736,0,0,0,0,0,0,0,0,0,0,0,0,0,0,0,0
65,264,1.726,431.23,32736,0,0,0,0,0,0,0,0,0,0,0,0,0,0,0,0
65,264,1.726,431.23,32736,0,0,0,0,0,0,0,0,0,0,0,0,0,0,34.34,0
65,264,1.726,431.23,32736,0,0,0,0,0,0,0,0,0,0,0,0,0,0,0,0
65,264,1.726,431.23,32736,0.69701,0,0,0,0,0,0,0,0,0,0,0,0,0,0,0
65,264,1.726,431.23,32736,0,0,0,0,0,0,0,0,0,0,0,0,0,0,0,0
65,264,1.726,431.23,32736,0,0,0,0,0,0,0,0,0,0,0,0,0,0,0,0
65,264,1.726,431.23,32736,0,0,0,0,0,0,0,0,0,0,0,0,0,0,0,0
65,264,1.726,431.23,32736,0.80231,0,0,0,0,0,0,0,0,0,0,0,0,0,0,0
65,264,1.726,431.23,32736,0.14142,0,0,0,0,0,0,0,0,0,0,0,0,0,0,0
65,264,1.726,431.23,32736,0,0,0,0,0,0,0,0,0,0,0,0,0,0,0,0
65,264,1.726,431.23,32736,0,0,0,0,0,0,0,0,0,0,0,0,0,0,0,0
65,264,1.726,431.23,32736,0,0,0,0,0,0,0,0,0,0,0,0,0,0,0,0
65,264,1.726,431.23,32736,0.12626,0,0,0,0,0,0,0,0,0,0,0,0,0,0,0
65,264,1.726,431.23,32736,0.084433,0,0,0,0,0,0.42744,0,0,0,0,0,0,0,0,0
65,264,1.726,431.23,32736,0.005769,0,0,0,0,0,0,0,0,0,0,0,0,0,0,0
65,264,1.726,431.23,32736,0,0,0,0,0,0,0,0,0,0,0,0,0,0,34.347,0
65,264,1.726,431.23,32736,0.010082,0,0,0,0,0,0,0,0,0,0,0,0,0,0,0
65,264,1.726,431.23,32736,0,0,0,0,0,0,0,0,0,0,0,0,0,0,0,0
65,264,1.726,431.23,32736,0.005239,0,0,0,0,0,0,0,0,0,0,0,0,0,0,0
65,264,1.726,431.23,32736,0.001769,0,0,0,0,0,0,0,0,0,0,0,0,0,0,0
65,264,1.726,431.23,32736,0.22557,0,0,0,0,0,0,0,0,0,0,0,0,0,0,0
65,264,1.726,431.23,32736,6.0958,0,0,0,0,0,0,0,0,0,0,0,0,0,23.319,0
65,264,1.726,431.23,32736,0,0,0,0,0,0,0,0,0,0,0,0,0,0,0,0
65,264,1.726,431.23,32736,0.027078,0,0,0,0,0,0,0,0,0,0,0,0,0,156.47,0
65,264,1.726,431.23,32736,0.018318,0,0,0,0,0,0,0,0,0,0,0,0,0,0,0
65,264,1.726,431.23,32736,0,0,0,0,0,0,0,0,0,0,0,0,0,0,83.644,0
65,264,1.726,431.23,32736,1.9258,0,0,0,0,0,0,0,0,0,0,0,0,0,34.326,0
65,264,1.726,431.23,32736,0.39765,0,0,0,0,0,0,0,0,0,0,0,0,0,0,0
65,264,1.726,431.23,32736,0.001205,0,0,0,0,0,0,0,0,0,0,0,0,0,0,0
65,264,1.726,431.23,32736,0,0,0,0,0,0,0,0,0,0,0,0,0,0,0,0
65,264,1.726,431.23,32736,1.0565,0,0,0,0,0,0,0,0,0,0,0,0,0,0,0
65,264,1.726,431.23,32736,1.4591,0,0,0,0,0.79321,0,0,0,0,0,0,0,0,0,0
65,264,1.726,431.23,32736,7.95e-05,0,0,0,0,0,0,0,0,0,0,0,0,0,0,0
65,264,1.726,431.23,32736,0,0,0,0,0,0,0,0,0,0,0,0,0,0,0,0
65,264,1.726,431.23,32736,0.008333,0,0,0,0,0,0,0,0,0,0,0,0,0,0,0
65,264,1.726,431.23,32736,0.002011,0,0,0,0,0,0,0,0,0,0,0,0,0,0,0
65,264,1.726,431.23,32736,0,0,0,0,0,0,0,0,0,0,0,0,0,0,34.519,0
65,264,1.726,431.23,32736,0,0,0,0,0,0,0,0,0,0,0,0,0,0,0,0
65,264,1.726,431.23,32736,206.36,0,0,0,0,0,0,0,0,0,0,0,0,0,0,0
65,264,1.726,431.23,32736,0.078444,0,0,0,0,0,0,0,0,0,0,0,0,0,0,0
65,264,1.726,431.23,32736,0,0,0,0,0,0,0,0,0,0,0,0,0,0,0,0
65,264,1.726,431.23,32736,0.12008,0,0,0,0,0,0,0,0,0,0,0,0,0,91.384,0
65,264,1.726,431.23,32736,0,0,0,0,0,0,0,0,0,0,0,0,0,0,0,0
65,264,1.726,431.23,32736,1.0934,0,0,0,0,0,0,0,0,0,0,0,0,0,0,0
65,264,1.726,431.23,32736,0.36298,0,0,0,0,0,0,0,0,0,0,0,0,0,0,0
65,264,1.726,431.23,32736,0,0,0,0,0,0,0,0,0,0,0,0,0,0,0,0
65,264,1.726,431.23,32736,0.0094623,0,0,0,0,0,0,0,0,0,0,0,0,0,0,0
65,264,1.726,431.23,32736,0.41905,0,0,0,0,0,0,0,0,0,0,0,0,0,43.61,0
65,264,1.726,431.23,32736,0.00524,0,0,0,0,0,0,0,0,0,0,0,0,0,0,0
65,264,1.726,431.23,32736,0,0,0,0,0,0,0,0,0,0,0,0,0,0,0,0
65,264,1.726,431.23,32736,0.087115,0,0,0,0,0,0,0,0,0,0.79957,0,0,0,0,0
65,264,1.726,431.23,32736,1.7327,0,0,0,0,0,0,0,0,0,0,0,0,0,0,0
65,264,1.726,431.23,32736,0,0,0,0,0,0,0,0,0,0,0,0,0,0,0,0
65,264,1.726,431.23,32736,0,0,0,0,0,0,0,0,0,0,0,0,0,0,0,0
65,264,1.726,431.23,32736,0,0,0,0,0,0,0,0,0,0,0,0,0,0,0,0
65,264,1.726,431.23,32736,0,0,0,0,0,0,0,0,0,0,0,0,0,0,0,0
65,264,1.726,431.23,32736,0,0,0,0,0,0,0,0,0,0,0,0,0,0,1.8632,0
65,264,1.726,431.23,32736,0,0,0,0,0,0,0,0,0,0,0,0,0,0,0,0
65,264,1.726,431.23,32736,0,0,0,0,0,0,0,0,0,0,0,0,0,0,0,0
65,264,1.726,431.23,32736,0.003127,0,0,0,0,0,0,0,0,0,0,0,0,0,0,0
65,264,1.726,431.23,32736,0,0,0,0,0,0,0,0,0,0,0,0,0,0,0,0
65,264,1.726,431.23,32736,0.001326,0,0,0,0,0,0,0,0,0,0,0,0,0,0,0
65,264,1.726,431.23,32736,0,0,0,0,0,0,0,0,0,0,0,0,0,0,0,0
65,264,1.726,431.23,32736,0,0,0,0,0,0,0,0,0,0,0,0,0,0,0,0
65,264,1.726,431.23,32736,0.16662,0,0,0,0,0,0,0,0,0,0,0,0,0,0,0
65,264,1.726,431.23,32736,0.02059,0,0,0,0,0,0,0,0,0,0,0,0,0,0,0
65,264,1.726,431.23,32736,0.0055384,0,0,0,0,0,0,0,0,0,0,0,0,0,0,0
65,264,1.726,431.23,32736,0.003127,0,0,0,0,0,0,0,0,0,0,0,0,0,0,0
65,264,1.726,431.23,32736,2.8326,0,0,0,0,0,0,0,0,0,0,0,0,0,0,0
65,264,1.726,431.23,32736,0,0,0,0,0,0,0,0,0,0,0,0,0,0,159.3,0
65,264,1.726,431.23,32736,0,0,0,0,0,0,0,0,0,0,0,0,0,0,0,0
65,264,1.726,431.23,32736,0.0067709,0,0,0,0,0,0,0,0,0,0,0,0,0,0,0
65,264,1.726,431.23,32736,0,0,0,0,0,0,0,0,0,0,0,0,0,0,0,0
65,264,1.726,431.23,32736,0.008333,0,0,0,0,0,0,0,0,0,0,0,0,0,0,0
65,264,1.726,431.23,32736,0.000376,0,0,0,0,0,0,0,0,0,0,0,0,0,0,0
65,264,1.726,431.23,32736,0.0055384,0,0,0,0,0,0,0,0,0,0,0,0,0,0,0
65,264,1.726,431.23,32736,1.5737,0,0,0,0,0,0,0,0,0,0,0,0,0,0,0
65,264,1.726,431.23,32736,0.13395,0,0,0,0,0,0,0,0,0,0,0,0,0,0,0
65,264,1.726,431.23,32736,0,0,0,0,0,0,0,0,0,0,0,0,0,0,0,0
65,264,1.726,431.23,32736,10.316,0,0,0,0,0,0,0,0,0,0,0,0,0,0,0
65,264,1.726,431.23,32736,0,0,0,0,0,0,0,0,0,0,0,0,0,0,0,0
65,264,1.726,431.23,32736,0.008333,0,0,0,0,0,0,0,0,0,0,0,0,0,133.17,0
65,264,1.726,431.23,32736,0.047937,0,0,0,0,0,0,0,0,0,0,0,0,0,0,0
65,264,1.726,431.23,32736,36.846,0,0,0,0,0,0,0,0,0,0,0,0,0,0,0
65,264,1.726,431.23,32736,0.029455,0,0,0,0,0,0,0,0,0,0,0,0,0,0,0
65,264,1.726,431.23,32736,0.00524,0,0,0,0,0,0,0,0,0,0,0,0,0,0,0
65,264,1.726,431.23,32736,184.33,0,0,0,0,0,0,0,0,0,0,0,0,0,0,0
65,264,1.726,431.23,32736,0.0099438,0,0,0,0,0,0,0,0,0,0,0,0,0,0,0
65,264,1.726,431.23,32736,0,0,0,0,0,0,0,0,0,0,0,0,0,0,0,0
65,264,1.726,431.23,32736,0.000234,0,0,0,0,0,0,0,0,0,0,0,0,0,0,0
65,264,1.726,431.23,32736,6.1524,0,0,0,0,0,0,0,0,0,0,0,0,0,0,0
65,264,1.726,431.23,32736,0,0,0,0,0,0,0,0,0,0,0,0,0,0,7.0338,0
65,264,1.726,431.23,32736,0,0,0,0,0,0,0,0,0,0,0,0,0,0,93.057,0
65,264,1.726,431.23,32736,0,0,0,0,0,0,0,0,0,0,0,0,0,0,0,0
65,264,1.726,431.23,32736,0.0062156,0,0,0,0,0,0,0,0,0,0,0,0,0,0,0
65,264,1.726,431.23,32736,0,0,0,0,0,0,0,0,0,0,0,0,0,0,0,0
65,264,1.726,431.23,32736,2.1985,0,0,0,0,0,0,0,0,0,0,0,0,0,0,0
65,264,1.726,431.23,32736,6.6536,0,0,0,0,0,0,0,0,0,0,0,0,0,0,0
65,264,1.726,431.23,32736,0,0,0,0,0,0,0,0,0,0,0.050576,0,0,0,11.985,0
65,264,1.726,431.23,32736,9.2405,0,0,0,0,0,0,0,0,0,0,0,0,0,0,0
65,264,1.726,431.23,32736,0.010082,0,0,0,0,0,0,0,0,0,0,0,0,0,0,0
65,264,1.726,431.23,32736,0.003416,0,0,0,0,0,0,0,0,0,0,0,0,0,0,0
65,264,1.726,431.23,32736,0,0,0,0,0,0,0,0,0,0,0,0,0,0,0,0
65,264,1.726,431.23,32736,0,0,0,0,0,0,0,0,0,0,0,0,0,0,0,0
65,264,1.726,431.23,32736,0,0,0,0,0,0,0,0,0,0,0,0,0,0,0,0
65,264,1.726,431.23,32736,0,0,0,0,0,0,0,0,0,0,0,0,0,0,0,0
65,264,1.726,431.23,32736,0,0,0,0,0,0,0,0,0,0,0,0,0,0,0,0
65,264,1.726,431.23,32736,0.19324,0,0,0,0,0,0,0,0,0,0,0,0,0,0,0
65,264,1.726,431.23,32736,0.001009,0,0,0,0,0,0,0,0,0,0,0,0,0,0,0
65,264,1.726,431.23,32736,17.734,0,0,0,0,0,0,0,0,0,0,0,0,0,0,0
65,264,1.726,431.23,32736,0.0062716,0,0,0,0,0,0,0,0,0,0,0,0,0,0,0
65,264,1.726,431.23,32736,0.11635,0,0,0,0,0,0,0,0,0,0,0,0,0,0,0
65,264,1.726,431.23,32736,5.7557,0,0,0,0,0,0,0,0,0,0,0,0,0,0,0
65,264,1.726,431.23,32736,5.813,0,0,0,0,0,0,0,0,0,0,0,0,0,4.1878,0
65,264,1.726,431.23,32736,0.003538,0,0,0,0,0,0,0,0,0,0,0,0,0,0,0
65,264,1.726,431.23,32736,0.052263,0,0,0,0,0,0,0,0,0,0,0,0,0,125.91,0
65,264,1.726,431.23,32736,0,0,0,0,0,0,0,0,0,0,0,0,0,0,0,0
65,264,1.726,431.23,32736,0,0,0,0,0,0,0,0,0,0,0,0,0,0,0,0
65,264,1.726,431.23,32736,0.025155,0,0,0,0,0,0,0,0,0,0,0,0,0,0,0
65,264,1.726,431.23,32736,2.372,0,0,0,0,0,0,0,0,0,0,0,0,0,33.726,0
65,264,1.726,431.23,32736,0.003127,0,0,0,0,0,0,0,0,0,0,0,0,0,0,0
65,264,1.726,431.23,32736,0,0,0,0,0,0,0,0,0,0,0,0,0,0,28.866,0
65,264,1.726,431.23,32736,0.00524,0,0,0,0,0,0,0,0,0,0,0,0,0,54.023,0
65,264,1.726,431.23,32736,0.000191,0,0,0,0,0,0,0,0,0,0,0,0,0,0,0
65,264,1.726,431.23,32736,0.008198,0,0,0,0,0,0,0,0,0,0,0,0,0,0,0
65,264,1.726,431.23,32736,0.1308,0,0,0,0,0,0,0,0,0,0,0,0,0,378.24,0
65,264,1.726,431.23,32736,0.5937,0,0,0,0,0,0,0,0,0,0,0,0,0,0,0
65,264,1.726,431.23,32736,0,0,0,0,0,0,0,0,0,0,0,0,0,0,0,0
65,264,1.726,431.23,32736,0,0,0,0,0,0,0,0,0,0,0,0,0,0,0,0
65,264,1.726,431.23,32736,0,0,0,0,0,0,0,0,0,0,0,0,0,0,0,0
65,264,1.726,431.23,32736,0.011958,0,0,0,0,0,0,0,0,0,0,0,0,0,0,0
65,264,1.726,431.23,32736,0.61125,0,0,0,0,0,0,0,0,0,0,0,0,0,0,0
65,264,1.726,431.23,32736,0,0,0,0,0,0,0,0,0,0,0,0,0,0,0,0
65,264,1.726,431.23,32736,0,0,0,0,0,0,0,0,0,0,0,0,0,0,0,0
65,264,1.726,431.23,32736,0,0,0,0,0,0,0,0,0,0,0,0,0,0,0,0
65,264,1.726,431.23,32736,0.001009,0,0,0,0,0,0,0,0,0,0,0,0,0,0,0
65,264,1.726,431.23,32736,0,0,0,0,0,0,0,0,0,0,0,0,0,0,0,0
65,264,1.726,431.23,32736,0.000376,0,0,0,0,0,0,0,0,0,0,0,0,0,136.14,0
65,264,1.726,431.23,32736,0.0084135,0,0,0,0,0,0,0,0,0,0,0,0,0,0,0
65,264,1.726,431.23,32736,0,0,0,0,0,0,0,0,0,0,0,0,0,0,0,0
65,264,1.726,431.23,32736,0.65673,0,0,0,0,0,0,0,0,0,0,0,0,0,0,0
65,264,1.726,431.23,32736,0,0,0,0,0,0,0,0,0,0,0,0,0,0,0,0
65,264,1.726,431.23,32736,0,0,0,0,0,0,0,0,0,0,0,0,0,0,5.3745,0
65,264,1.726,431.23,32736,0,0,0,0,0,0,0,0,0,0,0,0,0,0,0,0
65,264,1.726,431.23,32736,5.3619,0,0,0,0,0,0,0,0,0,0,0,0,0,0,0
65,264,1.726,431.23,32736,0.00524,0,0,0,0,0,0,0,0,0,0,0,0,0,0,0
65,264,1.726,431.23,32736,0.95969,0,0,0,0,0,0,0,0,0,0,0,0,0,27.656,0
65,264,1.726,431.23,32736,0.003932,0,0,0,0,0,0,0,0,0,0,0,0,0,157.81,0
65,264,1.726,431.23,32736,0,0,0,0,0,0,0,0,0,0,0,0,0,0,4.769,0
65,264,1.726,431.23,32736,0.00524,0,0,0,0,0,0,0,0,0,0,0,0,0,0,0
65,264,1.726,431.23,32736,0,0,0,0,0,0,0,0,0,0,0,0,0,0,0,0
65,264,1.726,431.23,32736,2.6855,0,0,0,0,0,0,0,0,0,0,0,0,0,74.574,0
65,264,1.726,431.23,32736,0,0,0,0,0,0,0,0,0,0,0,0,0,0,0,0
65,264,1.726,431.23,32736,0,0,0,0,0,0,0,0,0,0,0,0,0,0,0,0
65,264,1.726,431.23,32736,0,0,0,0,0,0,0,0,0,0,0,0,0,0,0,0
65,264,1.726,431.23,32736,0.003538,0,0,0,0,0,0,0,0,0,0,0,0,0,0,0
65,264,1.726,431.23,32736,0,0,0,0,0,0,0,0,0,0,0,0,0,0,0,0
65,264,1.726,431.23,32736,0.087115,0,0,0,0,0,0,0,0,0,0,0,0,0,0,0
65,264,1.726,431.23,32736,3.6517,0,0,0,0,0,0,0,0,0,0,0,0,0,0,0
65,264,1.726,431.23,32736,0,0,0,0,0,0,0,0,0,0,0,0,0,0,0,0
65,264,1.726,431.23,32736,0,0,0,0,0,0,0,0,0,0,0,0,0,0,0,0
65,264,1.726,431.23,32736,0,0,0,0,0,0,0,0,0,0,0,0,0,0,0,0
65,264,1.726,431.23,32736,0,0,0,0,0,0,0,0,0,0,0,0,0,0,0,0
65,264,1.726,431.23,32736,0,0,0,0,0,0,0,0,0,0,0,0,0,0,0,0
65,264,1.726,431.23,32736,0.48546,0,0,0,0,0,0,0,0,0,0,0,0,0,134.49,0
65,264,1.726,431.23,32736,0.66017,0,0,0,0,0,0,0,0,0,0,0,0,0,10.467,0
65,264,1.726,431.23,32736,0,0,0,0,0,0,0,0,0,0,0,0,0,0,0,0
65,264,1.726,431.23,32736,5.1786,0,0,0,0,0,0,0,0,0,0,0,0,0,0,0
65,264,1.726,431.23,32736,0,0,0,0,0,0,0,0,0,0,0.56874,0,0,0,0.25837,0
65,264,1.726,431.23,32736,0,0,0,0,0,0,0,0,0,0,0,0,0,0,40.586,0
65,264,1.726,431.23,32736,0,0,0,0,0,0,0,0,0,0,0,0,0,0,0,0
65,264,1.726,431.23,32736,0.012275,0,0,0,0,0,0,0,0,0,0,0,0,0,0,0
65,264,1.726,431.23,32736,100.61,0,0,0,0,0,0,0,0,0,0,0,0,0,0,0
65,264,1.726,431.23,32736,0,0,0,0,0,0,0,0,0,0,0,0,0,0,0,0
65,264,1.726,431.23,32736,0.026743,0,0,0,0,0,0,0,0,0,0,0,0,0,52.927,0
65,264,1.726,431.23,32736,36.846,0,0,0,0,0,0,0,0,0,0,0,0,0,0,0
65,264,1.726,431.23,32736,0,0,0,0,0,0,0,0,0,0,0,0,0,0,0,0
65,264,1.726,431.23,32736,0.003932,0,0,0,0,0,0,0,0,0,0,0,0,0,0,0
65,264,1.726,431.23,32736,0.008333,0,0,0,0,0,0,0,0,0,0,0,0,0,0,0
65,264,1.726,431.23,32736,0.34906,0,0,0,0,0,0,0,0,0,0,0,0,0,0,0
65,264,1.726,431.23,32736,0,0,0,0,0,0,0,0,0,0,0,0,0,0,0,0
65,264,1.726,431.23,32736,0.093425,0,0,0,0,0,0,0,0,0,0,0,0,0,0,0
65,264,1.726,431.23,32736,0.48546,0,0,0,0,1.0116,0,0,0,0,0,0,0,0,0,0
65,264,1.726,431.23,32736,0,0,0,0,0,0,0,0,0,0,0,0,0,0,0,0
65,264,1.726,431.23,32736,0,0,0,0,0,0,0,0,0,0,0,0,0,0,0,0
65,264,1.726,431.23,32736,0,0,0,0,0,0,0,0,0,0,0,0,0,0,0,0
65,264,1.726,431.23,32736,0.032708,0,0,0,0,0,0,0,0,0,0,0,0,0,0,0
65,264,1.726,431.23,32736,0,0,0,0,0,0,0,0,0,0,0,0,0,0,0,0
65,264,1.726,431.23,32736,0,0,0,0,0,0,0,0,0,0,0,0,0,0,0,0
65,264,1.726,431.23,32736,0.003538,0,0,0,0,0,0,0,0,0,0,0,0,0,30.296,0
65,264,1.726,431.23,32736,0.008333,0,0,0,0,0,0,0,0,0,0,0,0,0,0,0
65,264,1.726,431.23,32736,0,0,0,0,0,0,0,0,0,0,0,0,0,0,0.4281,0
65,264,1.726,431.23,32736,0.00524,0,0,0,0,0,0,0,0,0,0,0,0,0,102.52,0
65,264,1.726,431.23,32736,0.028835,0,0,0,0,0,0,0,0,0,0,0,0,0,0,0
65,264,1.726,431.23,32736,0,0,0,0,0,0,0,0,0,0,0,0,0,0,0,0
65,264,1.726,431.23,32736,0,0,0,0,0,0,0,0,0,0,0,0,0,0,15.59,0
65,264,1.726,431.23,32736,2.1348,0,0,0,0,0,0,0,0,0,0,0,0,0,0,0
65,264,1.726,431.23,32736,0,0,0,0,0,0,0,0,0,0,0.34879,0,0,0,0,0
65,264,1.726,431.23,32736,0.00014,0,0,0,0,0,0,0,0,0,0,0,0,0,0,0
65,264,1.726,431.23,32736,0,0,0,0,0,0,0,0,0,0,0,0,0,0,2.0627,0
65,264,1.726,431.23,32736,0,0,0,0,0,0,0,0,0,0,0,0,0,0,0,0
65,264,1.726,431.23,32736,0.011958,0,0,0,0,0,0,0,0,0,0,0,0,0,0,0
65,264,1.726,431.23,32736,0.008335,0,0,0,0,0,0,0,0,0,0,0,0,0,160.98,0
65,264,1.726,431.23,32736,0,0,0,0,0,0,0,0,0,0,0,0,0,0,0,0
65,264,1.726,431.23,32736,1.4071,0,0,0,0,0,0,0,0,0,0,0,0,0,0,0
65,264,1.726,431.23,32736,0.15918,0,0,0,0,0,0,0,0,0,0,0,0,0,0,0
65,264,1.726,431.23,32736,0.006733,0,0,0,0,0,0,0,0,0,0,0,0,0,0,0
65,264,1.726,431.23,32736,0.010818,0,0,0,0,0,0,0,0,0,0,0,0,0,0,0
65,264,1.726,431.23,32736,0.052263,0,0,0,0,0,0,0,0,0,0,0,0,0,0,0
65,264,1.726,431.23,32736,99.437,0,0,0,0,0,0,0,0,0,0,0,0,0,0,0
65,264,1.726,431.23,32736,0,0,0,0,0,0,0,0,0,0,0,0,0,0,0,0
65,264,1.726,431.23,32736,0.038575,0,0,0,0,0,0,0,0,0,0,0,0,0,0,0
65,264,1.726,431.23,32736,0.32688,0,0,0,0,0,0,0,0,0,0,0,0,0,0,0
65,264,1.726,431.23,32736,0.0053955,0,0,0,0,0,0,0,0,0,0,0,0,0,0,0
65,264,1.726,431.23,32736,0.18157,0,0,0,0,0,0,0,0,0,0,0,0,0,117.45,0
65,264,1.726,431.23,32736,0,0,0,0,0,0,0,0,0,0,0,0,0,0,0,0
65,264,1.726,431.23,32736,0,0,0,0,0,0,0,0,0,0,0,0,0,0,0,0
65,264,1.726,431.23,32736,1.0984,0,0,0,0,0,0,0,0,0,0,0,0,0,0,0
65,264,1.726,431.23,32736,17.734,0,0,0,0,0,0,0,0,0,0,0,0,0,0,0
65,264,1.726,431.23,32736,0.24121,0,0,0,0,0,0,0,0,0,0,0,0,0,0,0
65,264,1.726,431.23,32736,0.002998,0,0,0,0,0,0,0,0,0,0,0,0,0,0,0
65,264,1.726,431.23,32736,0.005037,0,0,0,0,0,0,0,0,0,0,0,0,0,143.81,0
65,264,1.726,431.23,32736,0,0,0,0,0,0,0,0,0,0,0,0,0,0,0,0
65,264,1.726,431.23,32736,0.022121,0,0,0,0,0,0,0,0,0,0,0,0,0,0,0
65,264,1.726,431.23,32736,0.07502,0,0,0,0,0,0,0,0,0,0,0,0,0,0,0
65,264,1.726,431.23,32736,0,0,0,0,0,0,0,0,0,0,0,0,0,0,0,0
65,264,1.726,431.23,32736,0,0,0,0,0,0,0,0,0,0,0,0,0,0,0,0
65,264,1.726,431.23,32736,3.3083,0,0,0,0,0,0,0,0,0,0,0,0,0,158.47,0
65,264,1.726,431.23,32736,0.099117,0,0,0,0,0,0,0,0,0,0,0,0,0,0,0
65,264,1.726,431.23,32736,39.094,0,0,0,0,0,0,0,0,0,0,0,0,0,0,0
65,264,1.726,431.23,32736,0,0,0,0,0,0,0,0,0,0,0,0,0,0,0,0
65,264,1.726,431.23,32736,0,0,0,0,0,0,0,0,0,0,0,0,0,0,0,0
65,264,1.726,431.23,32736,0,0,0,0,0,0,0,0,0,0,0,0,0,0,0,0
65,264,1.726,431.23,32736,0.24121,0,0,0,0,0,0,0,0,0,0,0,0,0,0,0
65,264,1.726,431.23,32736,0.003355,0,0,0,0,0,0,0,0,0,0,0,0,0,0,0
65,264,1.726,431.23,32736,0.24121,0,0,0,0,0,0,0,0,0,0,0,0,0,0,0
65,264,1.726,431.23,32736,9.6207,0,0,0,0,0,0,0,0,0,0,0,0,0,0,0
65,264,1.726,431.23,32736,0,0,0,0,0,0,0,0,0,0,0,0,0,0,0,0
65,264,1.726,431.23,32736,0,0,0,0,0,0,0,0,0,0,0,0,0,0,0,0
65,264,1.726,431.23,32736,0,0,0,0,0,0,0.67053,0,0,0,0,0,0,0,89.318,0
65,264,1.726,431.23,32736,0.51313,0,0,0,0,0,0,0,0,0,0,0,0,0,0,0
65,264,1.726,431.23,32736,2.1036,0,0,0,0,0,0,0,0,0,0,0,0,0,0,0
65,264,1.726,431.23,32736,0,0,0,0,0,0,0,0,0,0,0,0,0,0,0,0
65,264,1.726,431.23,32736,0,0,0,0,0,0,0,0,0,0,0,0,0,0,0,0
65,264,1.726,431.23,32736,0.00524,0,0,0,0,0,0,0,0,0,0,0,0,0,0,0
65,264,1.726,431.23,32736,0,0,0,0,0,0,0,0,0,0,0,0,0,0,0,0
65,264,1.726,431.23,32736,37.239,0,0,0,0,0,0,0,0,0,0,0,0,0,0,0
65,264,1.726,431.23,32736,0,0,0,0,0,0,0,0,0,0,0,0,0,0,0,0
65,264,1.726,431.23,32736,0.0055384,0,0,0,0,0,0,0,0,0,0,0,0,0,41.317,0
65,264,1.726,431.23,32736,0,0,0,0,0,0,0,0,0,0,0,0,0,0,0,0
65,264,1.726,431.23,32736,0,0,0,0,0,0,0,0,0,0,0,0,0,0,0,0
65,264,1.726,431.23,32736,0,0,0,0,0,0,0,0,0,0,0,0,0,0,0,0
65,264,1.726,431.23,32736,0,0,0,0,0,0,0,0,0,0,0,0,0,0,0,0
65,264,1.726,431.23,32736,0.01498,0,0,0,0,0,0,0,0,0,0,0,0,0,0,0
65,264,1.726,431.23,32736,0,0,0,0,0,0,0,0,0,0,0,0,0,0,0,0
65,264,1.726,431.23,32736,0,0,0,0,0,0,0,0,0,0,0,0,0,0,0,0
65,264,1.726,431.23,32736,6.3697,0,0,0,0,0,0,0,0,0,0,0,0,0,2.1624,0
65,264,1.726,431.23,32736,0,0,0,0,0,0,0,0,0,0,0,0,0,0,0,0
65,264,1.726,431.23,32736,0.03414,0,0,0,0,0,0,0,0,0,0,0,0,0,0,0
65,264,1.726,431.23,32736,0,0,0,0,0,0,0,0,0,0,0,0,0,0,0,0
65,264,1.726,431.23,32736,7.541,0,0,0,0,0,0,0,0,0,0,0,0,0,0,0
65,264,1.726,431.23,32736,0,0,0,0,0,0,0,0,0,0,0,0,0,0,0,0
65,264,1.726,431.23,32736,0,0,0,0,0,0,0,0,0,0,0,0,0,0,14.448,0
65,264,1.726,431.23,32736,0,0,0,0,0,0,0,0,0,0,0,0,0,0,0,0
65,264,1.726,431.23,32736,0.0083325,0,0,0,0,0,0,0,0,0,0,0,0,0,0,0
65,264,1.726,431.23,32736,0.15918,0,0,0,0,0,0,0,0,0,0,0,0,0,0,0
65,264,1.726,431.23,32736,3.2636,0,0,0,0,0,0,0,0,0,0,0,0,0,0,0
65,264,1.726,431.23,32736,6.1524,0,0,0,0,0,0,0,0,0,0,0,0,0,0,0
65,264,1.726,431.23,32736,0,0,0,0,0,0,0,0,0,0,0,0,0,0,86.8,0
65,264,1.726,431.23,32736,0.0084135,0,0,0,0,0,0,0,0,0,0,0,0,0,0,0
65,264,1.726,431.23,32736,0,0,0,0,0,0,0,0,0,0,0,0,0,0,1.0156,0
65,264,1.726,431.23,32736,0.90893,0,0,0,0,0,0,0,0,0,0,0,0,0,111.62,0
65,264,1.726,431.23,32736,0,0,0,0,0,0,0,0,0,0,0,0,0,0,0,0
65,264,1.726,431.23,32736,0,0,0,0,0,0,0,0,0,0,0,0,0,0,0,0
65,264,1.726,431.23,32736,0.007328,0,0,0,0,0,0,0,0,0,0,0,0,0,0,0
65,264,1.726,431.23,32736,0.014493,0,0,0,0,0,0,0,0,0,0,0,0,0,4.648,1.0781
65,264,1.726,431.23,32736,0.00036,0,0,0,0,0,0,0,0,0,0,0,0,0,0,0
65,264,1.726,431.23,32736,0,0,0,0,0,0,0,0,0,0,0,0,0,0,0,0
65,264,1.726,431.23,32736,0.008333,0,0,0,0,0,0,0,0,0,0,0,0,0,0,0
65,264,1.726,431.23,32736,0,0,0,0,0,0,0,0,0,0,6.9606,0,0,0,117.23,0
65,264,1.726,431.23,32736,0.37737,0,0,0,0,0,0,0,0,0,0,0,0,0,0,0
65,264,1.726,431.23,32736,0.12397,0,0,0,0,0,0,0,0,0,0,0,0,0,0,0
65,264,1.726,431.23,32736,0.067121,0,0,0,0,0,0,0,0,0,0,0,0,0,0,0
65,264,1.726,431.23,32736,0,0,0,0,0,0,0,0,0,0,0,0,0,0,0,0
65,264,1.726,431.23,32736,16.785,0,0,0,0,0,0,0,0,0,0,0,0,0,0,0
65,264,1.726,431.23,32736,0.010649,0,0,0,0,0,0,0,0,0,0,0,0,0,0,0
65,264,1.726,431.23,32736,0.023518,0,0,0,0,0,0,0,0,0,0,0,0,0,13.043,0
65,264,1.726,431.23,32736,0.15918,0,0,0,0,0,0,0,0,0,0,0,0,0,0,0
65,264,1.726,431.23,32736,56.438,0,0,0,0,0,0,0,0,0,0,0,0,0,0,0
65,264,1.726,431.23,32736,0,0,0,0,0,0,0,0,0,0,0,0,0,0,14.799,0
65,264,1.726,431.23,32736,0,0,0,0,0,0,0,0,0,0,0,0,0,0,0,0
65,264,1.726,431.23,32736,0.006456,0,0,0,0,0,0,0,0,0,0,0,0,0,0,0
65,264,1.726,431.23,32736,6.4751,0,0,0,0,0,0.002308,0,0,0,0,0,0,0,0,0
65,264,1.726,431.23,32736,0,0,0,0,0,0,0,0,0,0,0,0,0,0,0,0
65,264,1.726,431.23,32736,0.0076281,0,0,0,0,0,0,0,0,0,0,0,0,0,41.978,0
65,264,1.726,431.23,32736,0,0,0,0,0,0,0,0,0,0,0,0,0,0,6.611,0
65,264,1.726,431.23,32736,0.047937,0,0,0,0,0,0,0,0,0,0,0,0,0,0,0
65,264,1.726,431.23,32736,0,0,0,0,0,0,0,0,0,0,0,0,0,0,0,0
65,264,1.726,431.23,32736,0.037899,0,0,0,0,0,0,0,0,0,0,0,0,0,0,0
65,264,1.726,431.23,32736,37.239,0,0,0,0,0,0,0,0,0,0,0,0,0,0,0
65,264,1.726,431.23,32736,6.1524,0,0,0,0,0,21.415,0,0,0,0,0,0,0,0,0
65,264,1.726,431.23,32736,0.21724,0,0,0,0,0,0,0,0,0,0,0,0,0,0,0
65,264,1.726,431.23,32736,9.2405,0,0,0,0,0,0,0,0,0,0,0,0,0,7.3725,0
65,264,1.726,431.23,32736,0.0068531,0,0,0,0,0,0,0,0,0,0,0,0,0,0,0
65,264,1.726,431.23,32736,0.10537,0,0,0,0,0,0,0,0,0,0,0,0,0,0,0
65,264,1.726,431.23,32736,0.83857,0,0,0,0,0,0,0,0,0,0,0,0,0,0,0
65,264,1.726,431.23,32736,0.003538,0,0,0,0,0,0,0,0,0,0,0,0,0,0,0
65,264,1.726,431.23,32736,0.008335,0,0,0,0,0,0,0,0,0,0,0,0,0,0,0
65,264,1.726,431.23,32736,0.0032875,0,0,0,0,0,0,0,0,0,0,0,0,0,0,0
65,264,1.726,431.23,32736,0,0,0,0,0,0,0,0,0,0,0,0,0,0,0,0
65,264,1.726,431.23,32736,0,0,0,0,0,0,0,0,0,0,0,0,0,0,0,0
65,264,1.726,431.23,32736,0.48546,0,0,0,0,0,0,0,0,0,0,0,0,0,0,0
65,264,1.726,431.23,32736,0,0,0,0,0,0,0,0,0,0,0,0,0,0,0,0
65,264,1.726,431.23,32736,23.025,0,0,0,0,0,0,0,0,0,0,0,0,0,0,0
65,264,1.726,431.23,32736,0,0,0,0,0,0,0,0,0,0,0,0,0,0,0,0
65,264,1.726,431.23,32736,0.008333,0,0,0,0,0,0,0,0,0,0,0,0,0,0,0
65,264,1.726,431.23,32736,0,0,0,0,0,0,0,0,0,0,0,0,0,0,0,0
65,264,1.726,431.23,32736,12.952,0,0,0,0,0,0,0,0,0,0,0,0,0,0,0
65,264,1.726,431.23,32736,0,0,0,0,0,0,0,0,0,0,0,0,0,0,0,0
65,264,1.726,431.23,32736,0,0,0,0,0,0,0,0,0,0,0,0,0,0,0,0
65,264,1.726,431.23,32736,0.36292,0,0,0,0,0,0,0,0,0,0,0,0,0,160.7,0
65,264,1.726,431.23,32736,0,0,0,0,0,0,0,0,0,0,0,0,0,0,0,0
65,264,1.726,431.23,32736,0,0,0,0,0,0,0,0,0,0,0,0,0,0,0,0
65,264,1.726,431.23,32736,0,0,0,0,0,0,0,0,0,0,0,0,0,0,0,0
65,264,1.726,431.23,32736,0.85313,0,0,0,0,0,0,0,0,0,0,0,0,0,0,0
65,264,1.726,431.23,32736,10.829,0,0,0,0,0,0,0,0,0,0,0,0,0,0,0
65,264,1.726,431.23,32736,0.005239,0,0,0,0,0,0,0,0,0,0,0,0,0,0,0
65,264,1.726,431.23,32736,0,0,0,0,0,0,0,0,0,0,0,0,0,0,0,0
65,264,1.726,431.23,32736,0.028835,0,0,0,0,0,0,0,0,0,0,0,0,0,0,0
66,265,1,938,71208,0.14527,0,0,0,0,0,0,0,0,0,0,0,0,0,0,0
66,265,1,938,71208,0.026743,0,0,0,0,0,0,0,0,0,0,0,0,0,0,0
66,265,1,938,71208,0.0055384,0,0,0,0,0,0,0,0,0,0,0,0,0,0,0
66,265,1,938,71208,0,0,0,0,0,0,0,0,0,0,0,0,0,0,0,0
66,265,1,938,71208,0,0,0,0,0,0,0,0,0,0,0,0,0,0,0,0
66,265,1,938,71208,0,0,0,0,0,0,0,0,0,0,0,0,0,0,0,0
66,265,1,938,71208,0.12397,0,0,0,0,0,0,0,0,0,0,0,0,0,0,0
66,265,1,938,71208,6.001,0,0,0,0,0,0,0,0,0,0,0,0,0,0,0
66,265,1,938,71208,0.003539,0,0,0,0,0,0,0,0,0,0,0,0,0,0,0
66,265,1,938,71208,0.007736,0,0,0,0,0,0,0,0,0,0,0,0,0,0,0
66,265,1,938,71208,0,0,0,0,0,0,0,0,0,0,0,0,0,0,0,0
66,265,1,938,71208,0,0,0,0,0,0,0,0,0,0,0,0,0,0,0,0
66,265,1,938,71208,0,0,0,0,0,0,0,0,0,0,0,0,0,0,0,0
66,265,1,938,71208,0.00524,0,0,0,0,0,0,0,0,0,0,0,0,0,0,0
66,265,1,938,71208,0.23542,0,0,0,0,0,0,0,0,0,0,0,0,0,0,0
66,265,1,938,71208,0,0,0,0,0,0,0,0,0,0,0,0,0,0,0,0
66,265,1,938,71208,0,0,0,0,0,0,0,0,0,0,0,0,0,0,0,0
66,265,1,938,71208,0,0,0,0,0,0,0,0,0,0,3.2608,0,0,0,0,0
66,265,1,938,71208,4.0436,0,0,0,0,0,0,0,0,0,0,0,0,0,0,0
66,265,1,938,71208,0,0,0,0,0,0,0,0,0,0,0,0,0,0,0,0
66,265,1,938,71208,0,0,0,0,0,0,0,0,0,0,0,0,0,0,0,0
66,265,1,938,71208,6.3697,0,0,0,0,0,0,0,0,0,0,0,0,0,0,0
66,265,1,938,71208,0,0,0,0,0,0,0,0,0,0,0,0,0,0,0,0
66,265,1,938,71208,0,0,0,0,0,0,0,0,0,0,0,0,0,0,0,0
66,265,1,938,71208,0,0,0,0,0,0,0,0,0,0,0,0,0,0,105.32,0
66,265,1,938,71208,0.005202,0,0,0,0,0,0,0,0,0,0,0,0,0,0,0
66,265,1,938,71208,0,0,0,0,0,0,0,0,0,0,0,0,0,0,0,0
66,265,1,938,71208,0,0,0,0,0,0,0,0,0,0,0,0,0,0,0,70.35
66,265,1,938,71208,0.16365,0,0,0,0,0,0,0,0,0,0,0,0,0,0,0
66,265,1,938,71208,0.040803,0,0,0,0,0,0,0,0,0,0,0,0,0,0,0
66,265,1,938,71208,0.12008,0,0,0,0,0,0,0,0,0,0,0,0,0,0,0
66,265,1,938,71208,0.24121,0,0,0,0,0,0,0,0,0,0,0,0,0,0,0
66,265,1,938,71208,56.438,0,0,0,0,0,0,0,0,0,0,0,0,0,0,0
66,265,1,938,71208,0.72136,0,0,0,0,0,0,0,0,0,0,0,0,0,0,0
66,265,1,938,71208,0.000254,0,0,0,0,0,0,0,0,0,0,0,0,0,0,0
66,265,1,938,71208,0,0,0,0,0,0,0,0,0,0,0,0,0,0,0,0
66,265,1,938,71208,0,0,0,0,0,0,0,0,0,0,0,0,0,0,0,0
66,265,1,938,71208,16.972,0,0,0,0,0,0,0,0,0,0,0,0,0,0,0
66,265,1,938,71208,0.01873,0,0,0,0,0,0,0,0,0,0,0,0,0,0,0
66,265,1,938,71208,0.005239,0,0,0,0,0,0,0,0,0,0,0,0,0,0,0
66,265,1,938,71208,0.007328,0,0,0,0,0,0,0,0,0,0,0,0,0,0,0
66,265,1,938,71208,2.5505,0,0,0,0,0,0,0,0,0,0,0,0,0,0,0
66,265,1,938,71208,0,0,0,0,0,0,0,0,0,0,0,0,0,0,0,0
66,265,1,938,71208,0,0,0,0,0,0,0,0,0,0,0,0,0,0,0,0
66,265,1,938,71208,0.43387,0,0,0,0,0,0,0,0,0,0,0,0,0,0,0
66,265,1,938,71208,0,0,0,0,0,0,0,0,0,0,0,0,0,0,0,0
66,265,1,938,71208,0,0,0,0,0,0,0,0,0,0,0,0,0,0,0,0
66,265,1,938,71208,0,0,0,0,0,0,0,0,0,0,0,0,0,0,0,0
66,265,1,938,71208,0.0074138,0,0,0,0,0,0,0,0,0,0,0,0,0,0,0
66,265,1,938,71208,52.728,0,0,0,0,0,0,0,0,0,0,0,0,0,0,0
66,265,1,938,71208,0,0,0,0,0,0,0,0,0,0,0,0,0,0,0,0
66,265,1,938,71208,0,0,0,0,0,0,0,0,0,0,0,0,0,0,0,0
66,265,1,938,71208,33.563,0,0,0,0,0,0,0,0,0,0,0,0,0,0,0
66,265,1,938,71208,0.0053955,0,0,0,0,0,0,0,0,0,0,0,0,0,0,0
66,265,1,938,71208,0.15715,0,0,0,0,0,0.13028,0,0,0,0,0,0,0,0,0
66,265,1,938,71208,0,0,0,0,0,0,0,0,0,0,0,0,0,0,0,0
66,265,1,938,71208,0.0088426,0,0,0,0,0,0,0,0,0,0,0,0,0,0,0
66,265,1,938,71208,0.25931,0,0,0,0,0,0,0,0,0,0,0,0,0,0,0
66,265,1,938,71208,6.1524,0,0,0,0,0,0,0,0,0,0,0,0,0,0,0
66,265,1,938,71208,0,0,0,0,0,0,0,0,0,0,0,0,0,0,119.5,0
66,265,1,938,71208,0,0,0,0,0,0,0,0,0,0,0,0,0,0,0,0
66,265,1,938,71208,0,0,0,0,0,0,0,0,0,0,0,0,0,0,0,0
66,265,1,938,71208,5.7829,0,0,0,0,0,0,0,0,0,0,0,0,0,0,0
66,265,1,938,71208,0,0,0,0,0,0,0,0,0,0,0,0,0,0,2.1225,0
66,265,1,938,71208,0,0,0,0,0,0,0,0,0,0,0,0,0,0,0,0
66,265,1,938,71208,1.5737,0,0,0,0,0,0,0,0,0,0,0,0,0,0,0
66,265,1,938,71208,0,0,0,0,0,0,0,0,0,0,0,0,0,0,0,0
66,265,1,938,71208,0.11635,0,0,0,0,0,0,0,0,0,0,0,0,0,0,0
66,265,1,938,71208,0,0,0,0,0,0,0,0,0,0,0,0,0,0,0,0
66,265,1,938,71208,0,0,0,0,0,0,0,0,0,0,0,0,0,0,0,0
66,265,1,938,71208,0,0,0,0,0,0.37372,0,0,0,0,0,0,0,0,0,0
66,265,1,938,71208,0,0,0,0,0,0,0,0,0,0,0,0,0,0,0,0
66,265,1,938,71208,0,0,0,0,0,0,0,0,0,0,0,0,0,0,0,0
66,265,1,938,71208,1.5467,0,0,0,0,0,0,0,0,0,0,0,0,0,0,0
66,265,1,938,71208,0,0,0,0,0,0,0,0,0,0,0,0,0,0,0,0
66,265,1,938,71208,0.008333,0,0,0,0,0,0,0,0,0,0,0,0,0,0,0
66,265,1,938,71208,0,0,0,0,0,0,0,0,0,0,0,0,0,0,0,0
66,265,1,938,71208,0,0,0,0,0,0,0,0,0,0,0,0,0,0,0,0
66,265,1,938,71208,0.003355,0,0,0,0,0,0,0,0,0,0,0,0,0,0,0
66,265,1,938,71208,0,0,0,0,0,0,0,0,0,0,9.9016,0,0,0,0,0
66,265,1,938,71208,0,0,0,0,0,0,0,0,0,0,0,0,0,0,0,0
66,265,1,938,71208,0.09698,0,0,0,0,0,0,0,0,0,0,0,0,0,0,0
66,265,1,938,71208,0.008333,0,0,0,0,0,0,0,0,0,0,0,0,0,0,0
66,265,1,938,71208,0,0,0,0,0,0,0,0,0,0,0,0,0,0,0,0
66,265,1,938,71208,0,0,0,0,0,0,0,0,0,0,0,0,0,0,0,0
66,265,1,938,71208,0.010649,0,0,0,0,0,0,0,0,0,0,0,0,0,35.098,0
66,265,1,938,71208,0.36298,0,0,0,0,0,0,0,0,0,0,0,0,0,0,0
66,265,1,938,71208,0.026473,0,0,0,0,0,0,0,0,0,0.43842,0,0,0,0,0
66,265,1,938,71208,0,0,0,0,0,0,0,0,0,0,0,0,0,0,0,0
66,265,1,938,71208,0.027878,0,0,0,0,0,0,0,0,0,0,0,0,0,0,0
66,265,1,938,71208,0.23542,0,0,0,0,0,0,0,0,0,0,0,0,0,0,0
66,265,1,938,71208,0.0021564,0,0,0,0,0,0,0,0,0,0,0,0,0,5.1929,0
66,265,1,938,71208,0.008333,0,0,0,0,0,0,0,0,0,0,0,0,0,0,0
66,265,1,938,71208,0,0,0,0,0,0,0,0,0,0,0,0,0,0,0,0
66,265,1,938,71208,0.036917,0,0,0,0,0,0,0,0,0,0,0,0,0,0,0
66,265,1,938,71208,0,0,0,0,0,0,0,0,0,0,0,0,0,0,0,0
66,265,1,938,71208,0,0,0,0,0,0,0,0,0,0,0,0,0,0,7.2423,0
66,265,1,938,71208,0,0,0,0,0,0,0,0,0,0,0,0,0,0,99.007,0
66,265,1,938,71208,0,0,0,0,0,0,0,0,0,0,0,0,0,0,0,0
66,265,1,938,71208,0.0021564,0,0,0,0,0,0,0,0,0,0,0,0,0,0,0
66,265,1,938,71208,0.00036,0,0,0,0,0,0,0,0,0,0,0,0,0,0,0
66,265,1,938,71208,0.43212,0,0,0,0,0,0,0,0,0,0,0,0,0,4.648,0
66,265,1,938,71208,854.91,0,0,0,0,0,0,0,0,0,0,0,0,0,0,0
66,265,1,938,71208,0,0,0,0,0,0,0,0,0,0,0,0,0,0,0,0
66,265,1,938,71208,0,0,0,0,0,0,0,0,0,0,0,0,0,0,0,0
66,265,1,938,71208,9.7452,0,0,0,0,0,0,0,0,0,0,0,0,0,91.307,0
66,265,1,938,71208,10.053,0,0,0,0,0,0,0,0,0,0,0,0,0,0,0
66,265,1,938,71208,0,0,0,0,0,0,0,0,0,0,0,0,0,0,0,0
66,265,1,938,71208,0.002784,0,0,0,0,0,0,0,0,0,0,0,0,0,12.345,0
66,265,1,938,71208,0,0,0,0,0,0,0,0,0,0,0,0,0,0,501.75,0
66,265,1,938,71208,0,0,0,0,0,0,0,0,0,0,0,0,0,0,0,0
66,265,1,938,71208,0,0,0,0,0,0,0,0,0,0,0,0,0,0,0,0
66,265,1,938,71208,0,0,0,0,0,0,0,0,0,0,0,0,0,0,85.417,0
66,265,1,938,71208,0.00829,0,0,0,0,0,0,0,0,0,0,0,0,0,0,0
66,265,1,938,71208,2.453,0,0,0,0,0.80063,0,0,0,0,0,0,0,0,0,0
66,265,1,938,71208,0,0,0,0,0,0,0,0,0,0,0,0,0,0,0,0
66,265,1,938,71208,0.006456,0,0,0,0,0,0,0,0,0,0,0,0,0,0,0
66,265,1,938,71208,0,0,0,0,0,0,0,0,0,0,0,0,0,0,0,0
66,265,1,938,71208,0,0,0,0,0,0,0,0,0,0,0,0,0,0,0,0
66,265,1,938,71208,0.21724,0,0,0,0,0,0,0,0,0,0,0,0,0,4.0511,0
66,265,1,938,71208,0,0,0,0,0,0,0,0,0,0,0,0,0,0,0,0
66,265,1,938,71208,12.952,0,0,0,0,0,0,0,0,0,0,0,0,0,0,0
66,265,1,938,71208,3.4225,0,0,0,0,0,0,0,0,0,0,0,0,0,120.48,0
66,265,1,938,71208,0,0,0,0,0,0,0,0,0,0,0,0,0,0,0,0
66,265,1,938,71208,0,0,0,0,0,0,0,0,0,0,0,0,0,0,0,0
66,265,1,938,71208,0.008333,0,0,0,0,0,0,0,0,0,0,0,0,0,0,0
66,265,1,938,71208,0,0,0,0,0,0,0,0,0,0,0,0,0,0,0,0
66,265,1,938,71208,0.050098,0,0,0,0,0,0,0,0,0,0,0,0,0,0,0
66,265,1,938,71208,0,0,0,0,0,0,0,0,0,0,0,0,0,0,0,0
66,265,1,938,71208,0.07502,0,0,0,0,0,0,0,0,0,0,0,0,0,0,0
66,265,1,938,71208,0.0068538,0,0,0,0,0,0,0,0,0,0,0,0,0,0,0
66,265,1,938,71208,0,0,0,0,0,0,0,0,0,0,0,0,0,0,0,0
66,265,1,938,71208,3.0514,0,0,0,0,0,0,0,0,0,0,0,0,0,0,0
66,265,1,938,71208,0,0,0,0,0,0,0,0,0,0,0,0,0,0,0,0
66,265,1,938,71208,3.4225,0,0,0,0,0,0,0,0,0,0,0,0,0,42.225,0
66,265,1,938,71208,0.0076281,0,0,0,0,0,0,0,0,0,0,0,0,0,1.8632,0
66,265,1,938,71208,0.010082,0,0,0,0,0,0,0,0,0,0,0,0,0,0,0
66,265,1,938,71208,0.008333,0,0,0,0,0,0,0,0,0,0,0,0,0,0,0
66,265,1,938,71208,0.53876,0,0,0,0,0,0,0,0,0,0,0,0,0,0,0
66,265,1,938,71208,0,0,0,0,0,0,0,0,0,0,0,0,0,0,0,0
66,265,1,938,71208,0,0,0,0,0,0,190.4,0,0,0,0,0,0,0,0,0
66,265,1,938,71208,3.721,0,0,0,0,0,0,0,0,0,0,0,0,0,15.238,23.45
66,265,1,938,71208,6.4751,0,0,0,0,0,0,0,0,0,0,0,0,0,0,0
66,265,1,938,71208,0,0,0,0,0,0,0,0,0,0,0,0,0,0,0,0
66,265,1,938,71208,0.082013,0,0,0,0,0,0,0,0,0,0,0,0,0,0,0
66,265,1,938,71208,8.9433,0,0,0,0,0,0,0,0,0,0,0,0,0,0,0
66,265,1,938,71208,0,0,0,0,0,0,0,0,0,0,0,0,0,0,0,0
66,265,1,938,71208,16.785,0,0,0,0,0,0,0,0,0,0,0,0,0,0,0
66,265,1,938,71208,0,0,0,0,0,0,0,0,0,0,0,0,0,0,0,0
66,265,1,938,71208,0,0,0,0,0,0,0,0,0,0,0,0,0,0,0,0
66,265,1,938,71208,0,0,0,0,0,0.79321,0,0,0,0,0,0,0,0,0,0
66,265,1,938,71208,0,0,0,0,0,0,0,0,0,0,0,0,0,0,0,0
66,265,1,938,71208,0.3383,0,0,0,0,0,0,0,0,0,0,0,0,0,0,0
66,265,1,938,71208,0.0068538,0,0,0,0,0,0,0,0,0,0,0,0,0,0,0
66,265,1,938,71208,0.002998,0,0,0,0,0,0,0,0,0,0,0,0,0,0,0
66,265,1,938,71208,0.027878,0,0,0,0,0,0,0,0,0,0,0,0,0,0,0
66,265,1,938,71208,0.01291,0,0,0,0,0,0,0,0,0,0,0,0,0,0,0
66,265,1,938,71208,0,0,0,0,0,0,0,0,0,0,0,0,0,0,0,0
66,265,1,938,71208,0,0,0,0,0,0,0,0,0,0,0,0,0,0,0,0
66,265,1,938,71208,0.007328,0,0,0,0,0,0,0,0,0,0,0,0,0,0,0
66,265,1,938,71208,0,0,0,0,0,0,0,0,0,0,0,0,0,0,36.588,0
66,265,1,938,71208,0.058948,0,0,0,0,0,0,0,0,0,0,0,0,0,0,0
66,265,1,938,71208,0.001463,0,0,0,0,0,0,0,0,0,0.10058,0,0,0,0,0
66,265,1,938,71208,0,0,0,0,0,0,0,0,0,0,0,0,0,0,0,0
66,265,1,938,71208,0.48546,0,0,0,0,0,0,0,0,0,0,0,0,0,126.51,0
66,265,1,938,71208,1.7161,0,0,0,0,0,0,0,0,0,0,0,0,0,0,0
66,265,1,938,71208,0,0,0,0,0,0,0,0,0,0,0,0,0,0,2.4112,0
66,265,1,938,71208,0,0,0,0,0,0,0,0,0,0,0,0,0,0,0,0
66,265,1,938,71208,0,0,0,0,0,0,0,0,0,0,0,0,0,0,0,0
66,265,1,938,71208,0.15715,0,0,0,0,0,0,0,0,0,0,0,0,0,0,0
66,265,1,938,71208,0.008333,0,0,0,0,0,0,0,0,0,0,0,0,0,0,0
66,265,1,938,71208,0.00524,0,0,0,0,0,0,0,0,0,0,0,0,0,0,0
66,265,1,938,71208,0,0,0,0,0,0,0,0,0,0,0,0,0,0,117.67,0
66,265,1,938,71208,0,0,0,0,0,0,0,0,0,0,0,0,0,0,0,0
66,265,1,938,71208,0,0,0,0,0,0,0,0,0,0,0,0,0,0,0,0
66,265,1,938,71208,0,0,0,0,0,0,0,0,0,0,0,0,0,0,0,0
66,265,1,938,71208,1.8259,0,0,0,0,0,0,0,0,0,0,0,0,0,0,0
66,265,1,938,71208,0,0,0,0,0,0,0,0,0,0,0,0,0,0,0,0
66,265,1,938,71208,0,0,0,0,0,0,0.13028,0,0,0,0,0,0,0,0,0
66,265,1,938,71208,0.0099438,0,0,0,0,0,0,0,0,0,0,0,0,0,0,0
66,265,1,938,71208,0,0,0,0,0,0,0,0,0,0,0,0,0,0,0,0
66,265,1,938,71208,0,0,0,0,0,0,0,0,0,0,0,0,0,0,0,0
66,265,1,938,71208,0.00247,0,0,0,0,0,0,0,0,0,0,0,0,0,0,0
66,265,1,938,71208,0,0,0,0,0,0,0,0,0,0,0,0,0,0,0,0
66,265,1,938,71208,3.3083,0,0,0,0,0,0,0,0,0,0,0,0,0,0,0
66,265,1,938,71208,0.0067502,0,0,0,0,0,0,0,0,0,0,0,0,0,0,0
66,265,1,938,71208,0.019276,0,0,0,0,0,0,0,0,0,0,0,0,0,0,0
66,265,1,938,71208,0,0,0,0,0,0,0,0,0,0,0,0,0,0,0,0
66,265,1,938,71208,0.0021738,0,0,0,0,0,0,0,0,0,0,0,0,0,0,0
66,265,1,938,71208,0,0,0,0,0,0,0,0,0,0,0,0,0,0,0,0
66,265,1,938,71208,2.7108,0,0,0,0,0,0,0,0,0,0,0,0,0,0,0
66,265,1,938,71208,1.7579,0,0,0,0,0,0,0,0,0,0,0,0,0,0,0
66,265,1,938,71208,0.007697,0,0,0,0,0,0,0,0,0,0,0,0,0,0,0
66,265,1,938,71208,0,0,0,0,0,0,0,0,0,0,0,0,0,0,0,0
66,265,1,938,71208,1.1989,0,0,0,0,0,0,0,0,0,0,0,0,0,0,0
66,265,1,938,71208,0,0,0,0,0,0,0,0,0,0,0,0,0,0,0,0
66,265,1,938,71208,0,0,0,0,0,0,0,0,0,0,0,0,0,0,0,0
66,265,1,938,71208,0,0,0,0,0,0,0,0,0,0,0,0,0,0,0,0
66,265,1,938,71208,0.011629,0,0,0,0,0,0,0,0,0,0,0,0,0,0,0
66,265,1,938,71208,0.73234,0,0,0,0,0,0,0,0,0,0,0,0,0,0,0
66,265,1,938,71208,0,0,0,0,0,0,0,0,0,0,0,0,0,0,0,0
66,265,1,938,71208,39.094,0,0,0,0,0,0,0,0,0,0,0,0,0,0,0
66,265,1,938,71208,0,0,0,0,0,0,0,0,0,0,0,0,0,0,0,0
66,265,1,938,71208,2.5969,0,0,0,0,0,0,0,0,0,0,0,0,0,0,0
66,265,1,938,71208,0,0,0,0,0,0,0,0,0,0,0,0,0,0,0,0
66,265,1,938,71208,0.005239,0,0,0,0,0,0,0,0,0,0,0,0,0,0,0
66,265,1,938,71208,0.20213,0,0,0,0,0,0,0,0,0,0,0,0,0,0,0
66,265,1,938,71208,15.669,0,0,0,0,0,0,0,0,0,0,0,0,0,0,0
66,265,1,938,71208,0,0,0,0,0,0,0,0,0,0,0,0,0,0,0,0
66,265,1,938,71208,0,0,0,0,0,0,0,0,0,0,0,0,0,0,0,0
66,265,1,938,71208,184.33,0,0,0,0,0,0,0,0,0,0,0,0,0,0,0
66,265,1,938,71208,12.183,0,0,0,0,0,0,0,0,0,0,0,0,0,12.273,0
66,265,1,938,71208,0,0,0,0,0,0,0,0,0,0,0,0,0,0,0,0
66,265,1,938,71208,0,0,0,0,0,0,0,0,0,0,0,0,0,0,0,0
66,265,1,938,71208,0,0,0,0,0,0,0,0,0,0,0.28781,0,0,0,0,0
66,265,1,938,71208,7.8e-05,0,0,0,0,0,0,0,0,0,0,0,0,0,0,0
66,265,1,938,71208,0,0,0,0,0,0,0,0,0,0,0,0,0,0,0,0
66,265,1,938,71208,2.1985,0,0,0,0,0,0,0,0,0,0,0,0,0,0,0
66,265,1,938,71208,0.002031,0,0,0,0,0,0,0,0,0,0,0,0,0,0,0
66,265,1,938,71208,0.008333,0,0,0,0,0,0,0,0,0,0,0,0,0,0,0
66,265,1,938,71208,0,0,0,0,0,0,0,0,0,0,0,0,0,0,36.753,0
66,265,1,938,71208,0,0,0,0,0,0,0,0,0,0,0,0,0,0,0,0
66,265,1,938,71208,0,0,0,0,0,0,0,0,0,0,0,0,0,0,0,0
66,265,1,938,71208,0.001292,0,0,0,0,0,0,0,0,0,0,0,0,0,0,0
66,265,1,938,71208,0.005239,0,0,0,0,0,0,0,0,0,0,0,0,0,0,0
66,265,1,938,71208,2.6401,0,0,0,0,0,0.13028,0,0,0,0,0,0,0,0,0
66,265,1,938,71208,0,0,0,0,0,0,0.42744,0,0,0,0,0,0,0,0,0
66,265,1,938,71208,0.099117,0,0,0,0,0,0,0,0,0,0,0,0,0,0,0
66,265,1,938,71208,0.20213,0,0,0,0,0,0,0,0,0,0,0,0,0,0,0
66,265,1,938,71208,0,0,0,0,0,0,0,0,0,0,0,0,0,0,0,0
66,265,1,938,71208,0.005239,0,0,0,0,0,0,0,0,0,0,0,0,0,0,0
66,265,1,938,71208,0,0,0,0,0,0,0,0,0,0,0,0,0,0,0,0
66,265,1,938,71208,0,0,0,0,0,0,0,0,0,0,0,0,0,0,6.5987,0
66,265,1,938,71208,0.32688,0,0,0,0,0,0,0,0,0,0,0,0,0,0,0
66,265,1,938,71208,0.0091388,0,0,0,0,0,0,0,0,0,0,0,0,0,0,0
66,265,1,938,71208,0.5937,0,0,0,0,0,0,0,0,0,0,0,0,0,0,0
66,265,1,938,71208,0,0,0,0,0,0,0,0,0,0,0,0,0,0,0,0
66,265,1,938,71208,0.0076281,0,0,0,0,0,0,0,0,0,0,0,0,0,0,0
66,265,1,938,71208,0,0,0,0,0,0,0,0,0,0,0,0,0,0,0,0
66,265,1,938,71208,0.008335,0,0,0,0,0,0,0,0,0,0,0,0,0,0,0
66,265,1,938,71208,0,0,0,0,0,0,0,0,0,0,0,0,0,0,0,0
66,265,1,938,71208,0.65673,0,0,0,0,0,0,0,0,0,0,0,0,0,0,0
66,265,1,938,71208,0,0,0,0,0,0,0,0,0,0,0,0,0,0,80.94,0
66,265,1,938,71208,0,0,0,0,0,0,0,0,0,0,0,0,0,0,3.1628,0
66,265,1,938,71208,0,0,0,0,0,0,0,0,0,0,0,0,0,0,21.211,0
66,265,1,938,71208,0,0,0,0,0,0,0,0,0,0,0,0,0,0,0,0
66,265,1,938,71208,0,0,0,0,0,0,0,0,0,0,0,0,0,0,0,0
66,265,1,938,71208,0.008333,0,0,0,0,0,0,0,0,0,0,0,0,0,0,0
66,265,1,938,71208,0,0,0,0,0,0,0,0,0,0,0,0,0,0,0,0
66,265,1,938,71208,0.002031,0,0,0,0,0,0,0,0,0,0,0,0,0,0,0
66,265,1,938,71208,0.20108,0,0,0,0,0,0,0,0,0,0,0,0,0,0,0
66,265,1,938,71208,0.003416,0,0,0,0,0,0,0,0,0,0,0,0,0,0,0
66,265,1,938,71208,0.005202,0,0,0,0,0,0,0,0,0,0,0,0,0,0,0
66,265,1,938,71208,0.001463,0,0,0,0,0,0,0,0,0,0,0,0,0,0,0
66,265,1,938,71208,0.011629,0,0,0,0,0,0,0,0,0,0,0,0,0,0,0
66,265,1,938,71208,0,0,0,0,0,0,0,0,0,0,0,0,0,0,0,0
66,265,1,938,71208,7.039,0,0,0,0,0,0,0,0,0,0,0,0,0,0,0
66,265,1,938,71208,0.3117,0,0,0,0,0,0,0,0,0,0,0,0,0,0,0
66,265,1,938,71208,0.017738,0,0,0,0,0,0,0,0,0,0,0,0,0,0,0
66,265,1,938,71208,0,0,0,0,0,0,0,0,0,0,0,0,0,0,0,0
66,265,1,938,71208,0.17387,0,0,0,0,0,0,0,0,0,0,0,0,0,107.42,0
66,265,1,938,71208,0,0,0,0,0,0,0,0,0,0,0,0,0,0,0,0
66,265,1,938,71208,0.000126,0,0,0,0,0,0,0,0,0,0,0,0,0,0,0
66,265,1,938,71208,0.008335,0,0,0,0,0,0,0,0,0,0,0,0,0,0,0
66,265,1,938,71208,0.008333,0,0,0,0,0,0,0,0,0,0,0,0,0,0,0
66,265,1,938,71208,0,0,0,0,0,0,0,0,0,0,0,0,0,0,0,0
66,265,1,938,71208,0,0,0,0,0,0,0,0,0,0,0,0,0,0,0,0
66,265,1,938,71208,0.0015835,0,0,0,0,0,0,0,0,0,0,0,0,0,0,0
66,265,1,938,71208,0.003346,0,0,0,0,0,0,0,0,0,0,0,0,0,0,0
66,265,1,938,71208,0,0,0,0,0,0,0,0,0,0,0,0,0,0,0,0
66,265,1,938,71208,0,0,0,0,0,0,0,0,0,0,0,0,0,0,0,0
66,265,1,938,71208,0.009672,0,0,0,0,0,0,0,0,0,0,0,0,0,161.23,0
66,265,1,938,71208,7.95e-05,0,0,0,0,0,0,0,0,0,0,0,0,0,0,0
66,265,1,938,71208,6.3697,0,0,0,0,0,0,0,0,0,0,0,0,0,0,0
66,265,1,938,71208,0.008332,0,0,0,0,0,0,0,0,0,0,0,0,0,0,0
66,265,1,938,71208,40.861,0,0,0,0,0,0,0,0,0,0,0,0,0,0,0
66,265,1,938,71208,0.56816,0,0,0,0,0,0,0,0,0,0,0,0,0,0,0
66,265,1,938,71208,0,0,0,0,0,0,0,0,0,0,0,0,0,0,0,0
66,265,1,938,71208,0,0,0,0,0,0,0,0,0,0,0,0,0,0,0,0
66,265,1,938,71208,0.69402,0,0,0,0,0,0,0,0,0,0,0,0,0,0,0
66,265,1,938,71208,0.037899,0,0,0,0,0,135.01,0,0,0,0,0,0,0,0,0
66,265,1,938,71208,0.001292,0,0,0,0,0,0,0,0,0,0,0,0,0,0,0
66,265,1,938,71208,0,0,0,0,0,0,0,0,0,0,0,0,0,0,0,0
66,265,1,938,71208,0.80231,0,0,0,0,0,0,0,0,0,0,0,0,0,0,0
66,265,1,938,71208,0.01023,0,0,0,0,0,0,0,0,0,0,0,0,0,0,0
66,265,1,938,71208,0.008333,0,0,0,0,0,0,0,0,0,0,0,0,0,0,0
66,265,1,938,71208,2.0629,0,0,0,0,0,0,0,0,0,0,0,0,0,0,0
66,265,1,938,71208,0.00524,0,0,0,0,0,0,0,0,0,0,0,0,0,0,0
66,265,1,938,71208,0,0,0,0,0,10.752,0,0,0,0,0,0,0,0,159.72,0
66,265,1,938,71208,0.010295,0,0,0,0,0,0,0,0,0,0,0,0,0,0,0
66,265,1,938,71208,0.28022,0,0,0,0,0,0,0,0,0,0,0,0,0,0,0
66,265,1,938,71208,4.5325,0,0,0,0,0,0,0,0,0,0,0,0,0,0,0
66,265,1,938,71208,0.008335,0,0,0,0,0,0,0,0,0,1.3802,0,0,0,0,0
66,265,1,938,71208,0.16365,0,0,0,0,0,0,0,0,0,0,0,0,0,0,0
66,265,1,938,71208,0.024364,0,0,0,0,0,0,0,0,0,0,0,0,0,0,0
66,265,1,938,71208,0,0,0,0,0,0,0,0,0,0,0,0,0,0,0,0
66,265,1,938,71208,0,0,0,0,0,0,0,0,0,0,0,0,0,0,0,0
66,265,1,938,71208,0.0083826,0,0,0,0,0,0,0,0,0,0,0,0,0,0,0
66,265,1,938,71208,0.003346,0,0,0,0,0,0,0,0,0,0,0,0,0,0,0
66,265,1,938,71208,0,0,0,0,0,0,0,0,0,0,0,0,0,0,0,0
66,265,1,938,71208,0,0,0,0,0,0,0,0,0,0,0,0,0,0,0,0
66,265,1,938,71208,0.25131,0,0,0,0,0,0,0,0,0,0,0,0,0,0,0
66,265,1,938,71208,9.6207,0,0,0,0,0,0,0,0,0,0,0,0,0,104.62,0
66,265,1,938,71208,0,0,0,0,0,0,0,0,0,0,0,0,0,0,0,0
66,265,1,938,71208,0.00524,0,0,0,0,0,0,0,0,0,0,0,0,0,0,0
66,265,1,938,71208,0,0,0,0,0,0,0,0,0,0,0,0,0,0,0,0
66,265,1,938,71208,0,0,0,0,0,0,0,0,0,0,0,0,0,0,0,0
66,265,1,938,71208,0.011629,0,0,0,0,0,0,0,0,0,0,0,0,0,0,0
66,265,1,938,71208,0,0,0,0,0,0,0,0,0,0,0,0,0,0,439.99,0
66,265,1,938,71208,0,0,0,0,0,0,0,0,0,0,0,0,0,0,0,0
66,265,1,938,71208,0.001769,0,0,0,0,0,0,0,0,0,0,0,0,0,0,0
66,265,1,938,71208,0.005202,0,0,0,0,0,0,0,0,0,0,0,0,0,0,0
66,265,1,938,71208,0,0,0,0,0,0,0,0,0,0,0,0,0,0,0,0
66,265,1,938,71208,0.81843,0,0,0,0,0,0,0,0,0,0,0,0,0,0,0
66,265,1,938,71208,0,0,0,0,0,0,0,0,0,0,0,0,0,0,0,0
66,265,1,938,71208,13.181,0,0,0,0,0,0,0,0,0,0,0,0,0,0,0
66,265,1,938,71208,0.12008,0,0,0,0,0,0,0,0,0,0,0,0,0,0,0
66,265,1,938,71208,0.001436,0,0,0,0,0,0,0,0,0,0,0,0,0,7.2161,0
66,265,1,938,71208,0,0,0,0,0,0,0,0,0,0,0,0,0,0,0,0
66,265,1,938,71208,0.0098155,0,0,0,0,0,0,0,0,0,0,0,0,0,0,0
66,265,1,938,71208,0.084433,0,0,0,0,0,0,0,0,0,0,0,0,0,0,0
66,265,1,938,71208,2.8758,0,0,0,0,0,0,0,0,0,0,0,0,0,0,0
66,265,1,938,71208,0,0,0,0,0,0,0,0,0,0,0,0,0,0,0,0
66,265,1,938,71208,0,0,0,0,0,0,0,0,0,0,0,0,0,0,0,0
66,265,1,938,71208,0,0,0,0,0,0,36.426,0,0,0,0,0,0,0,0,0
66,265,1,938,71208,0.0055799,0,0,0,0,0,0,0,0,0,0,0,0,0,0,0
66,265,1,938,71208,0.021777,0,0,0,0,0,0,0,0,0,0,0,0,0,3.0944,0
66,265,1,938,71208,0,0,0,0,0,0,0,0,0,0,0,0,0,0,0,0
66,265,1,938,71208,0,0,0,0,0,0,0,0,0,0,0,0,0,0,0,0
66,265,1,938,71208,0,0,0,0,0,0,0,0,0,0,0,0,0,0,0,0
66,265,1,938,71208,0,0,0,0,0,0,0,0,0,0,0,0,0,0,0,0
66,265,1,938,71208,0,0,0,0,0,0,0,0,0,0,0,0,0,0,0,0
66,265,1,938,71208,0,0,0,0,0,0,0,0,0,0,0,0,0,0,93.663,0
66,265,1,938,71208,5.3619,0,0,0,0,0,0,0,0,0,0,0,0,0,0,0
66,265,1,938,71208,0,0,0,0,0,0,0,0,0,0,0,0,0,0,0,0
66,265,1,938,71208,0,0,0,0,0,0,0,0,0,0,0,0,0,0,0,0
66,265,1,938,71208,0.72136,0,0,0,0,0,0,0,0,0,0,0,0,0,0,0
66,265,1,938,71208,0.26074,0,0,0,0,0,0,0,0,0,0,0,0,0,0,0
66,265,1,938,71208,0,0,0,0,0,0,0,0,0,0,0,0,0,0,0,0
66,265,1,938,71208,0.00524,0,0,0,0,0,0,0,0,0,0,0,0,0,0,0
66,265,1,938,71208,0.003127,0,0,0,0,0,0,0,0,0,0,0,0,0,0,0
66,265,1,938,71208,0,0,0,0,0,0,0,0,0,0,0,0,0,0,0,0
66,265,1,938,71208,0,0,0,0,0,0,0,0,0,0,0,0,0,0,0,0
66,265,1,938,71208,0,0,0,0,0,0,0,0,0,0,0,0,0,0,0,0
66,265,1,938,71208,187.74,0,0,0,0,0,0,0,0,0,0,0,0,0,0,0
66,265,1,938,71208,0,0,0,0,0,0,0,0,0,0,0,0,0,0,0,0
66,265,1,938,71208,0.14285,0,0,0,0,0,0,0,0,0,0,0,0,0,0,0
66,265,1,938,71208,0,0,0,0,0,0,0,0,0,0,0,0,0,0,0,0
66,265,1,938,71208,0,0,0,0,0,0,0,0,0,0,0,0,0,0,0,0
66,265,1,938,71208,2.8326,0,0,0,0,0,10.498,0,0,0,0,0,0,0,0,0
66,265,1,938,71208,0,0,0,0,0,0,0,0,0,0,0,0,0,0,88.994,0
66,265,1,938,71208,0,0,0,0,0,0,0,0,0,0,0,0,0,0,0,0
66,265,1,938,71208,0,0,0,0,0,0,0,0,0,0,0,0,0,0,0,0
66,265,1,938,71208,0.008071,0,0,0,0,0,0,0,0,0,0,0,0,0,0,0
66,265,1,938,71208,0.024364,0,0,0,0,0,0,0,0,0,0,0,0,0,0,0
66,265,1,938,71208,21.957,0,0,0,0,0,0,0,0,0,0,0,0,0,11.985,0
66,265,1,938,71208,0,0,0,0,0,0,0,0,0,0,0,0,0,0,0,0
66,265,1,938,71208,0.001205,0,0,0,0,0,0,0,0,0,0,0,0,0,0,0
66,265,1,938,71208,7.039,0,0,0,0,0,0,0,0,0,0,0,0,0,0,0
66,265,1,938,71208,0,0,0,0,0,0,0,0,0,0,0,0,0,0,0,0
66,265,1,938,71208,0,0,0,0,0,0,0,0,0,0,0,0,0,0,160.28,0
66,265,1,938,71208,0.0055799,0,0,0,0,0,0,0,0,0,0,0,0,0,0,0
66,265,1,938,71208,0.001669,0,0,0,0,0,0,0,0,0,0,0,0,0,0,0
66,265,1,938,71208,0,0,0,0,0,0,0,0,0,0,0,0,0,0,0,0
66,265,1,938,71208,0.13833,0,0,0,0,0,0,0,0,0,0,0,0,0,0,0
66,265,1,938,71208,0.049312,0,0,0,0,0,0,0,0,0,0,0,0,0,0,0
66,265,1,938,71208,0,0,0,0,0,0,0,0,0,0,0,0,0,0,0,0
66,265,1,938,71208,0,0,0,0,0,0,0,0,0,0,0,0,0,0,0,0
66,265,1,938,71208,0,0,0,0,0,0,0,0,0,0,0,0,0,0,0,0
66,265,1,938,71208,0.026473,0,0,0,0,0,0,0,0,0,0,0,0,0,0,0
66,265,1,938,71208,0.008333,0,0,0,0,0,0,0,0,0,0,0,0,0,1.2114,0
66,265,1,938,71208,0.0032665,0,0,0,0,0,0,0,0,0,0,0,0,0,0,0
66,265,1,938,71208,0.0060617,0,0,0,0,0,0,0,0,0,0,0,0,0,0,0
66,265,1,938,71208,0.60336,0,0,0,0,0,0,0,0,0,0,0,0,0,0,0
66,265,1,938,71208,0.010295,0,0,0,0,0,0,0,0,0,0,0,0,0,0,0
66,265,1,938,71208,10.829,0,0,0,0,0,0,0,0,0,0,0,0,0,0,0
66,265,1,938,71208,0.36298,0,0,0,0,0,0,0,0,0,0,0,0,0,0,0
66,265,1,938,71208,0.001397,0,0,0,0,0,0,0,0,0,0,0,0,0,0,0
66,265,1,938,71208,0.011031,0,0,0,0,0,0,0,0,0,0,0,0,0,0,0
66,265,1,938,71208,0,0,0,0,0,0,0,0,0,0,0,0,0,0,0,0
66,265,1,938,71208,56.438,0,0,0,0,0,0,0,0,0,0,0,0,0,1.9629,0
66,265,1,938,71208,0.000688,0,0,0,0,0,0,0,0,0,0,0,0,0,0,0
66,265,1,938,71208,0.56816,0,0,0,0,0,0,0,0,0,0,0,0,0,0,0
66,265,1,938,71208,0,0,0,0,0,0,0,0,0,0,0,0,0,0,0,0
66,265,1,938,71208,0.005202,0,0,0,0,0,0,0,0,0,0,0,0,0,0,0
66,265,1,938,71208,0.002139,0,0,0,0,0,0,0,0,0,0,0,0,0,676.7,0
66,265,1,938,71208,0.66017,0,0,0,0,0,0,0,0,0,0,0,0,0,0,0
66,265,1,938,71208,0,0,0,0,0,0,0,0,0,0,0,0,0,0,21.563,0
66,265,1,938,71208,0,0,0,0,0,0,0,0,0,0,0,0,0,0,0,0
66,265,1,938,71208,0.61125,0,0,0,0,1.9893,0,0,0,0,0,0,0,0,0,0
66,265,1,938,71208,0,0,0,0,0,0,0,0,0,0,0,0,0,0,0,0
66,265,1,938,71208,0.008333,0,0,0,0,0,0,0,0,0,0,0,0,0,0,0
66,265,1,938,71208,0.006733,0,0,0,0,0,0,0,0,0,0,0,0,0,0,0
66,265,1,938,71208,0.00524,0,0,0,0,0,0,0,0,0,0,0,0,0,0,0
66,265,1,938,71208,0.10537,0,0,0,0,0,0,0,0,0,0,0,0,0,0,0
66,265,1,938,71208,0,0,0,0,0,0,0,0,0,0,0,0,0,0,0,0
66,265,1,938,71208,0,0,0,0,0,0.79321,0,0,0,0,0,0,0,0,0,0
66,265,1,938,71208,0.008335,0,0,0,0,0,0,0,0,0,0,0,0,0,0,0
66,265,1,938,71208,0,0,0,0,0,0,0,0,0,0,0,0,0,0,0,0
66,265,1,938,71208,0,0,0,0,0,0,0,0,0,0,0,0,0,0,0,0
66,265,1,938,71208,2.1036,0,0,0,0,0,0,0,0,0,1.7448,0,0,0,0,0
66,265,1,938,71208,0.00524,0,0,0,0,0,0,0,0,0,0,0,0,0,0,0
66,265,1,938,71208,0,0,0,0,0,0,0,0,0,0,0,0,0,0,0,0
66,265,1,938,71208,0.005239,0,0,0,0,0,0,0,0,0,0,0,0,0,0,0
66,265,1,938,71208,53.186,0,0,0,0,0,0,0,0,0,0,0,0,0,32.91,0
66,265,1,938,71208,0.008333,0,0,0,0,0,0,0,0,0,0,0,0,0,0,0
66,265,1,938,71208,0.0072214,0,0,0,0,0,0,0,0,0,0,0,0,0,0,0
66,265,1,938,71208,0.038575,0,0,0,0,0,0,0,0,0,0,0,0,0,0,0
66,265,1,938,71208,2.1036,0,0,0,0,0,0,0,0,0,0,0,0,0,0,0
66,265,1,938,71208,0,0,0,0,0,0,0,0,0,0,0,0,0,0,0,0
66,265,1,938,71208,0,0,0,0,0,0,0,0,0,0,0,0,0,0,39.403,0
66,265,1,938,71208,0,0,0,0,0,0,0,0,0,0,0,0,0,0,0,0
66,265,1,938,71208,0.00524,0,0,0,0,0,0,0,0,0,0,0,0,0,0,0
66,265,1,938,71208,0.005239,0,0,0,0,0,0,0,0,0,0,0,0,0,0,0
66,265,1,938,71208,0.0091388,0,0,0,0,0,0,0,0,0,0,0,0,0,0,0
66,265,1,938,71208,0.00524,0,0,0,0,0,0,0,0,0,0,0,0,0,25.778,0
66,265,1,938,71208,0.20213,0,0,0,0,0,0,0,0,0,0,0,0,0,0,0
66,265,1,938,71208,0,0,0,0,0,0,0,0,0,0,0,0,0,0,0,0
66,265,1,938,71208,0.004143,0,0,0,0,0,0,0,0,0,0,0,0,0,6.6417,0
66,265,1,938,71208,0,0,0,0,0,0,0,0,0,0,0,0,0,0,0,0
66,265,1,938,71208,0,0,0,0,0,0,0,0,0,0,0,0,0,0,0,0
66,265,1,938,71208,0,0,0,0,0,0,0,0,0,0,0,0,0,0,0,0
66,265,1,938,71208,0,0,0,0,0,0,0,0,0,0,0,0,0,0,0,0
66,265,1,938,71208,0.024364,0,0,0,0,0,0,0,0,0,0,0,0,0,0,0
66,265,1,938,71208,0,0,0,0,0,0,0,0,0,0,0,0,0,0,0,0
66,265,1,938,71208,3.0514,0,0,0,0,0,0,0,0,0,0,0,0,0,0,0
66,265,1,938,71208,0.47654,0,0,0,0,0,0,0,0,0,0,0,0,0,0,0
66,265,1,938,71208,0,0,0,0,0,0,0,0,0,0,0,0,0,0,0,0
66,265,1,938,71208,0,0,0,0,0,0,0,0,0,0,0,0,0,0,90.898,0
66,265,1,938,71208,0,0,0,0,0,0,0,0,0,0,0,0,0,0,0,0
66,265,1,938,71208,2.6855,0,0,0,0,0,0,0,0,0,0,0,0,0,0,0
66,265,1,938,71208,9.6207,0,0,0,0,0,0,0,0,0,0,0,0,0,0,0
66,265,1,938,71208,0.00524,0,0,0,0,0,0,0,0,0,0,0,0,0,0,0
66,265,1,938,71208,49.695,0,0,0,0,0,0,0,0,0,0,0,0,0,0,0
66,265,1,938,71208,0.000156,0,0,0,0,0,0,0,0,0,0,0,0,0,0,0
66,265,1,938,71208,0.09698,0,0,0,0,0,0,0,0,0,0,0,0,0,0,0
66,265,1,938,71208,0,0,0,0,0,0,0,0,0,0,0,0,0,0,0,0
66,265,1,938,71208,0.00524,0,0,0,0,0,0,0,0,0,0,0,0,0,0,0
66,265,1,938,71208,0,0,0,0,0,0,0,0,0,0,0,0,0,0,0,0
66,265,1,938,71208,0.28022,0,0,0,0,0,0,0,0,0,0,0,0,0,0,0
66,265,1,938,71208,0,0,0,0,0,0,0,0,0,0,0,0,0,0,0,0
67,266,1.054,2775.1,2.1067e+05,0.005239,0,0,0,0,0,0,0,0,0,0,0,0,0,0,0
67,266,1.054,2775.1,2.1067e+05,0.008333,0,0,0,0,0,0,0,0,0,0,0,0,0,0,0
67,266,1.054,2775.1,2.1067e+05,0,0,0,0,0,0,0,0,0,0,0,0,0,0,0,0
67,266,1.054,2775.1,2.1067e+05,0,0,0,0,0,0,0,0,0,0,0,0,0,0,28.06,0
67,266,1.054,2775.1,2.1067e+05,0.00524,0,0,0,0,0,0,0,0,0,0,0,0,0,0,0
67,266,1.054,2775.1,2.1067e+05,0,0,0,0,0,0,0,0,0,0,0,0,0,0,0,0
67,266,1.054,2775.1,2.1067e+05,0.20734,0,0,0,0,0,0,0,0,0,0,0,0,0,0,0
67,266,1.054,2775.1,2.1067e+05,0.006733,0,0,0,0,0,0,0,0,0,0,0,0,0,0,0
67,266,1.054,2775.1,2.1067e+05,0.00524,0,0,0,0,0,0,0,0,0,0,0,0,0,0,0
67,266,1.054,2775.1,2.1067e+05,0.005657,0,0,0,0,0,0,0,0,0,0,0,0,0,0,0
67,266,1.054,2775.1,2.1067e+05,0.16365,0,0,0,0,0,0,0,0,0,0,0,0,0,0,0
67,266,1.054,2775.1,2.1067e+05,0,0,0,0,0,0,0,0,0,0,0,0,0,0,6.101,0
67,266,1.054,2775.1,2.1067e+05,0,0,0,0,0,0,0,0,0,0,0,0,0,0,0,0
67,266,1.054,2775.1,2.1067e+05,0.002011,0,0,0,0,0,0,0,0,0,0,0,0,0,90.402,0
67,266,1.054,2775.1,2.1067e+05,0,0,0,0,0,0,0,0,0,0,0,0,0,0,0,0
67,266,1.054,2775.1,2.1067e+05,3.8515,0,0,0,0,0,0,0,0,0,0,0,0,0,0,0
67,266,1.054,2775.1,2.1067e+05,0,0,0,0,0,0,0,0,0,0,0,0,0,0,0,0
67,266,1.054,2775.1,2.1067e+05,0.10537,0,0,0,0,0,0,0,0,0,0,0,0,0,0,0
67,266,1.054,2775.1,2.1067e+05,0.001326,0,0,0,0,0,0,0,0,0,0,0,0,0,6.3432,0
67,266,1.054,2775.1,2.1067e+05,0,0,0,0,0,0,0,0,0,0,0,0,0,0,0,0
67,266,1.054,2775.1,2.1067e+05,0.0053955,0,0,0,0,0,0,0,0,0,0,0,0,0,46.35,0
67,266,1.054,2775.1,2.1067e+05,0,0,0,0,0,0,0,0,0,0,0,0,0,0,0,0
67,266,1.054,2775.1,2.1067e+05,0.000688,0,0,0,0,0,0,0,0,0,0,0,0,0,0,0
67,266,1.054,2775.1,2.1067e+05,0,0,0,0,0,0,0,0,0,0,0,0,0,0,0,0
67,266,1.054,2775.1,2.1067e+05,0.008333,0,0,0,0,0,0,0,0,0,0,0,0,0,0,0
67,266,1.054,2775.1,2.1067e+05,6.4751,0,0,0,0,0,0,0,0,0,0,0,0,0,0,0
67,266,1.054,2775.1,2.1067e+05,0,0,0,0,0,0,0,0,0,0,0,0,0,0,0,0
67,266,1.054,2775.1,2.1067e+05,0.010295,0,0,0,0,0,0,0,0,0,0,0,0,0,0,0
67,266,1.054,2775.1,2.1067e+05,0,0,0,0,0,0,0,0,0,0,0,0,0,0,39.758,0
67,266,1.054,2775.1,2.1067e+05,100.61,0,0,0,0,0,0,0,0,0,0,0,0,0,0,0
67,266,1.054,2775.1,2.1067e+05,0.008333,0,0,0,0,0,0,0,0,0,0,0,0,0,0,0
67,266,1.054,2775.1,2.1067e+05,0.0097187,0,0,0,0,0,0,0,0,0,0,0,0,0,0,0
67,266,1.054,2775.1,2.1067e+05,0,0,0,0,0,0,12.783,0,0,0,0,0,0,0,0,0
67,266,1.054,2775.1,2.1067e+05,0.008333,0,0,0,0,0,0,0,0,0,0,0,0,0,0,0
67,266,1.054,2775.1,2.1067e+05,0,0,0,0,0,0,0,0,0,0,0,0,0,0,0,0
67,266,1.054,2775.1,2.1067e+05,0,0,0,0,0,0,0,0,0,0,0,0,0,0,0,0
67,266,1.054,2775.1,2.1067e+05,0.000716,0,0,0,0,0,0,0,0,0,0,0,0,0,0,152.63
67,266,1.054,2775.1,2.1067e+05,0,0,0,0,0,0,0,0,0,0,0,0,0,0,0,0
67,266,1.054,2775.1,2.1067e+05,0.011629,0,0,0,0,0,0,0,0,0,0,0,0,0,0,0
67,266,1.054,2775.1,2.1067e+05,0.24121,0,0,0,0,0,0,0,0,0,0,0,0,0,0,0
67,266,1.054,2775.1,2.1067e+05,3.0514,0,0,0,0,0,0,0,0,0,0,0,0,0,92.067,0
67,266,1.054,2775.1,2.1067e+05,1.5737,0,0,0,0,0,0,0,0,0,0,0,0,0,83.644,124.88
67,266,1.054,2775.1,2.1067e+05,0,0,0,0,0,0,0,0,0,0,0,0,0,0,0,0
67,266,1.054,2775.1,2.1067e+05,0,0,0,0,0,0,0,0,0,0,0,0,0,0,0,0
67,266,1.054,2775.1,2.1067e+05,0.1308,0,0,0,0,0,0,0,0,0,0,0,0,0,0,0
67,266,1.054,2775.1,2.1067e+05,0.001397,0,0,0,0,0,0,0,0,0,0,0,0,0,0,0
67,266,1.054,2775.1,2.1067e+05,1.1565,0,0,0,0,0,0,0,0,0,0,0,0,0,0,0
67,266,1.054,2775.1,2.1067e+05,0,0,0,0,0,0,0,0,0,0,0,0,0,0,0,0
67,266,1.054,2775.1,2.1067e+05,0.002031,0,0,0,0,0,0,0,0,0,0,0,0,0,87.79,0
67,266,1.054,2775.1,2.1067e+05,0.006456,0,0,0,0,0,0,0,0,0,0,0,0,0,0,0
67,266,1.054,2775.1,2.1067e+05,0.077153,0,0,0,0,0,0,0,0,0,0,0,0,0,0,0
67,266,1.054,2775.1,2.1067e+05,0.00524,0,0,0,0,0,0,0,0,0,0,0,0,0,0,0
67,266,1.054,2775.1,2.1067e+05,0.008333,0,0,0,0,0,0,0,0,0,0,0,0,0,0,0
67,266,1.054,2775.1,2.1067e+05,0,0,0,0,0,0,0,0,0,0,0,0,0,0,5.4956,0
67,266,1.054,2775.1,2.1067e+05,0,0,0,0,0,0,0,0,0,0,0,0,0,0,0,0
67,266,1.054,2775.1,2.1067e+05,0.0062156,0,0,0,0,0,0,0,0,0,0,0,0,0,0,0
67,266,1.054,2775.1,2.1067e+05,0.005239,0,0,0,0,0,0,0,0,0,0,0,0,0,0,0
67,266,1.054,2775.1,2.1067e+05,1.4071,0,0,0,0,0,0,0,0,0,0,0,0,0,0,0
67,266,1.054,2775.1,2.1067e+05,2.6401,0,0,0,0,0,0,0,0,0,0,0,0,0,0,0
67,266,1.054,2775.1,2.1067e+05,0,0,0,0,0,0,0,0,0,0,0,0,0,0,0,0
67,266,1.054,2775.1,2.1067e+05,0.008333,0,0,0,0,0,0,0,0,0,0,0,0,0,0,0
67,266,1.054,2775.1,2.1067e+05,0.008333,0,0,0,0,0,0,0,0,0,0,0,0,0,0,0
67,266,1.054,2775.1,2.1067e+05,0.53876,0,0,0,0,0,0,0,0,0,0.050576,0,0,0,34.217,0
67,266,1.054,2775.1,2.1067e+05,0,0,0,0,0,0,0,0,0,0,0,0,0,0,0,0
67,266,1.054,2775.1,2.1067e+05,0.060209,0,0,0,0,0,0,0,0,0,0,0,0,0,0,0
67,266,1.054,2775.1,2.1067e+05,337.63,0,0,0,0,0,0,0,0,0,0,0,0,0,0,0
67,266,1.054,2775.1,2.1067e+05,0,0,0,0,0,0,0,0,0,0,0,0,0,0,20.859,0
67,266,1.054,2775.1,2.1067e+05,0,0,0,0,0,0,0,0,0,0,0,0,0,0,0,0
67,266,1.054,2775.1,2.1067e+05,0,0,0,0,0,0,0,0,0,0,0,0,0,0,0,0
67,266,1.054,2775.1,2.1067e+05,0.008335,0,0,0,0,0,0,0,0,0,0,0,0,0,676.7,0
67,266,1.054,2775.1,2.1067e+05,0,0,0,0,0,0,0,0,0,0,0,0,0,0,92.067,0
67,266,1.054,2775.1,2.1067e+05,0,0,0,0,0,0,0,0,0,0,0,0,0,0,0,0
67,266,1.054,2775.1,2.1067e+05,1.5737,0,0,0,0,0,0,0,0,0,0,0,0,0,30.132,0
67,266,1.054,2775.1,2.1067e+05,0,0,0,0,0,0,0,0,0,0,0,0,0,0,0,0
67,266,1.054,2775.1,2.1067e+05,0,0,0,0,0,0,0.13028,0,0,0,0,0,0,0,0,0
67,266,1.054,2775.1,2.1067e+05,0.20213,0,0,0,0,0,0,0,0,0,0,0,0,0,0,0
67,266,1.054,2775.1,2.1067e+05,0.26074,0,0,0,0,0,0,0,0,0,0,0,0,0,13.307,0
67,266,1.054,2775.1,2.1067e+05,0.00524,0,0,0,0,0,0,0,0,0,0,0,0,0,0,0
67,266,1.054,2775.1,2.1067e+05,0,0,0,0,0,0,0,0,0,0,0,0,0,0,0,0
67,266,1.054,2775.1,2.1067e+05,1.8741,0,0,0,0,0,0,0,0,0,0,0,0,0,0,0
67,266,1.054,2775.1,2.1067e+05,0.007736,0,0,0,0,0,0,0,0,0,0,0,0,0,0,0
67,266,1.054,2775.1,2.1067e+05,0,0,0,0,0,0,0,0,0,0,0,0,0,0,0,0
67,266,1.054,2775.1,2.1067e+05,0.01873,0,0,0,0,0,0,0,0,0,0,0,0,0,0,0
67,266,1.054,2775.1,2.1067e+05,0,0,0,0,0,0,0,0,0,0,0,0,0,0,0,0
67,266,1.054,2775.1,2.1067e+05,0,0,0,0,0,0,0,0,0,0,0,0,0,0,0,0
67,266,1.054,2775.1,2.1067e+05,0.00524,0,0,0,0,0,0,0,0,0,0,0,0,0,0,0
67,266,1.054,2775.1,2.1067e+05,0,0,0,0,0,0,0,0,0,0,0,0,0,0,0,0
67,266,1.054,2775.1,2.1067e+05,0,0,0,0,0,0,0,0,0,0,0,0,0,0,0,0
67,266,1.054,2775.1,2.1067e+05,0,0,0,0,0,3.09,0,0,0,0,0.050576,0,0,0,11.769,0
67,266,1.054,2775.1,2.1067e+05,0,0,0,0,0,0,0,0,0,0,0,0,0,0,0,0
67,266,1.054,2775.1,2.1067e+05,0.00524,0,0,0,0,0,0,0,0,0,0,0,0,0,0,0
67,266,1.054,2775.1,2.1067e+05,0.054239,0,0,0,0,0,0,0,0,0,0,0,0,0,0,0
67,266,1.054,2775.1,2.1067e+05,0,0,0,0,0,0,0,0,0,0,0,0,0,0,0,6.9378
67,266,1.054,2775.1,2.1067e+05,0,0,0,0,0,0,0,0,0,0,0,0,0,0,0,0
67,266,1.054,2775.1,2.1067e+05,0,0,0,0,0,0,0,0,0,0,0,0,0,0,0,0
67,266,1.054,2775.1,2.1067e+05,0,0,0,0,0,0,0,0,0,0,0,0,0,0,0,0
67,266,1.054,2775.1,2.1067e+05,0,0,0,0,0,0,0,0,0,0,0,0,0,0,0,0
67,266,1.054,2775.1,2.1067e+05,0,0,0,0,0,0,0,0,0,0,0,0,0,0,0,0
67,266,1.054,2775.1,2.1067e+05,0.00524,0,0,0,0,0,0,0,0,0,0,0,0,0,0,0
67,266,1.054,2775.1,2.1067e+05,337.63,0,0,0,0,0,0,0,0,0,0,0,0,0,0,0
67,266,1.054,2775.1,2.1067e+05,0.48546,0,0,0,0,0,0,0,0,0,0,0,0,0,0,0
67,266,1.054,2775.1,2.1067e+05,0.00524,0,0,0,0,0,0,0,0,0,0,0,0,0,0,0
67,266,1.054,2775.1,2.1067e+05,0,0,0,0,0,0,0,0,0,0,0,0,0,0,0,0
67,266,1.054,2775.1,2.1067e+05,5.2329,0,0,0,0,0,0,0,0,0,0,0,0,0,0,0
67,266,1.054,2775.1,2.1067e+05,0.058948,0,0,0,0,0,0,0,0,0,0,0,0,0,0,0
67,266,1.054,2775.1,2.1067e+05,0.005239,0,0,0,0,0,0,0,0,0,0,0,0,0,0,0
67,266,1.054,2775.1,2.1067e+05,0,0,0,0,0,0,0,0,0,0,0,0,0,0,0,0
67,266,1.054,2775.1,2.1067e+05,0.025001,0,0,0,0,0,0,0,0,0,0,0,0,0,0,0
67,266,1.054,2775.1,2.1067e+05,0,0,0,0,0,0,0,0,0,0,0,0,0,0,0,0
67,266,1.054,2775.1,2.1067e+05,0.11635,0,0,0,0,0,0,0,0,0,0,0,0,0,0,0
67,266,1.054,2775.1,2.1067e+05,0,0,0,0,0,0,0,0,0,0,0,0,0,0,0,0
67,266,1.054,2775.1,2.1067e+05,0,0,0,0,0,0,0,0,0,0,0,0,0,0,0,0
67,266,1.054,2775.1,2.1067e+05,2.453,0,0,0,0,0,0,0,0,0,0,0,0,0,0,0
67,266,1.054,2775.1,2.1067e+05,0,0,0,0,0,0,0,0,0,0,0,0,0,0,0,0
67,266,1.054,2775.1,2.1067e+05,0.008333,0,0,0,0,0,0,0,0,0,0,0,0,0,0,0
67,266,1.054,2775.1,2.1067e+05,337.63,0,0,0,0,8.8596,0,0,0,0,0,0,0,0,0,0
67,266,1.054,2775.1,2.1067e+05,0,0,0,0,0,0,0,0,0,0,0,0,0,0,158.81,0
67,266,1.054,2775.1,2.1067e+05,0.5937,0,0,0,0,0,0,0,0,0,0,0,0,0,0,0
67,266,1.054,2775.1,2.1067e+05,3.0297,0,0,0,0,0,0,0,0,0,0,0,0,0,85.81,0
67,266,1.054,2775.1,2.1067e+05,0,0,0,0,0,0,0,0,0,0,0,0,0,0,84.63,0
67,266,1.054,2775.1,2.1067e+05,0,0,0,0,0,0,0,0,0,0,0,0,0,0,0,0
67,266,1.054,2775.1,2.1067e+05,0.008333,0,0,0,0,0,0,0,0,0,0,0,0,0,101.82,0
67,266,1.054,2775.1,2.1067e+05,0,0,0,0,0,0,0,0,0,0,0,0,0,0,0,0
67,266,1.054,2775.1,2.1067e+05,6.6536,0,0,0,0,0,0,0,0,0,0,0,0,0,0,0
67,266,1.054,2775.1,2.1067e+05,0.003416,0,0,0,0,0,0,0,0,0,0,0,0,0,0,0
67,266,1.054,2775.1,2.1067e+05,0.002068,0,0,0,0,0,0,0,0,0,0,0,0,0,0,0
67,266,1.054,2775.1,2.1067e+05,0.054239,0,0,0,0,0,0.13028,0,0,0,0,0,0,0,0,0
67,266,1.054,2775.1,2.1067e+05,0.00387,0,0,0,0,0,0,0,0,0,0,0,0,0,0,0
67,266,1.054,2775.1,2.1067e+05,0,0,0,0,0,0,0,0,0,0,0,0,0,0,0,0
67,266,1.054,2775.1,2.1067e+05,0,0,0,0,0,0,0,0,0,0,0,0,0,0,0,0
67,266,1.054,2775.1,2.1067e+05,0,0,0,0,0,0,0,0,0,0,0,0,0,0,0,0
67,266,1.054,2775.1,2.1067e+05,0.14142,0,0,0,0,0,0,0,0,0,0,0,0,0,0,0
67,266,1.054,2775.1,2.1067e+05,0.046678,0,0,0,0,0,0,0,0,0,0,0,0,0,1.564,0
67,266,1.054,2775.1,2.1067e+05,0.25931,0,0,0,0,0,0,0,0,0,0,0,0,0,0.3106,0
67,266,1.054,2775.1,2.1067e+05,0,0,0,0,0,0,0,0,0,0,0,0,0,0,40.35,0
67,266,1.054,2775.1,2.1067e+05,0.023994,0,0,0,0,0,0,0,0,0,0,0,0,0,0,0
67,266,1.054,2775.1,2.1067e+05,0,0,0,0,0,0,0,0,0,0,0,0,0,0,0,0
67,266,1.054,2775.1,2.1067e+05,0,0,0,0,0,0,0,0,0,0,0,0,0,0,121.04,0
67,266,1.054,2775.1,2.1067e+05,0,0,0,0,0,0,0,0,0,0,0,0,0,0,0,0
67,266,1.054,2775.1,2.1067e+05,0.13395,0,0,0,0,0,388.02,0,0,0,0,0,0,0,128.65,0
67,266,1.054,2775.1,2.1067e+05,0.000716,0,0,0,0,0,0,0,0,0,0,0,0,0,0,0
67,266,1.054,2775.1,2.1067e+05,0,0,0,0,0,0,0,0,0,0,0,0,0,0,0,0
67,266,1.054,2775.1,2.1067e+05,2.5969,0,0,0,0,0,0,0,0,0,0.050576,0,0,0,0,0
67,266,1.054,2775.1,2.1067e+05,0,0,0,0,0,0,0,0,0,0,0,0,0,0,0,0
67,266,1.054,2775.1,2.1067e+05,0.52132,0,0,0,0,0,0,0,0,0,0,0,0,0,0,0
67,266,1.054,2775.1,2.1067e+05,0,0,0,0,0,0,0,0,0,0,0,0,0,0,0,0
67,266,1.054,2775.1,2.1067e+05,0.010939,0,0,0,0,0,0,0,0,0,0,0,0,0,0,0
67,266,1.054,2775.1,2.1067e+05,0.008335,0,0,0,0,0,0,0,0,0,0,0,0,0,0,0
67,266,1.054,2775.1,2.1067e+05,0,0,0,0,0,0,0,0,0,0,0,0,0,0,0,0
67,266,1.054,2775.1,2.1067e+05,0,0,0,0,0,0,0,0,0,0,0,0,0,0,0,0
67,266,1.054,2775.1,2.1067e+05,3.721,0,0,0,0,0,0,0,0,0,0,0,0,0,0,0
67,266,1.054,2775.1,2.1067e+05,0,0,0,0,0,0,0,0,0,0,0,0,0,0,0,0
67,266,1.054,2775.1,2.1067e+05,0.1504,0,0,0,0,0,0,0,0,0,0,0,0,0,0,0
67,266,1.054,2775.1,2.1067e+05,0,0,0,0,0,0,0,0,0,0,0,0,0,0,0,0
67,266,1.054,2775.1,2.1067e+05,0.60336,0,0,0,0,0,0,0,0,0,0,0,0,0,0,0
67,266,1.054,2775.1,2.1067e+05,1.0565,0,0,0,0,0,0,0,0,0,0,0,0,0,0,0
67,266,1.054,2775.1,2.1067e+05,0.65673,0,0,0,0,0,0,0,0,0,0,0,0,0,0,0
67,266,1.054,2775.1,2.1067e+05,0,0,0,0,0,0,0,0,0,0,0,0,0,0,0,0
67,266,1.054,2775.1,2.1067e+05,0.46884,0,0,0,0,0,0,0,0,0,0,0,0,0,0,0
67,266,1.054,2775.1,2.1067e+05,0.024085,0,0,0,0,0,0,0,0,0,0,0,0,0,0,0
67,266,1.054,2775.1,2.1067e+05,0,0,0,0,0,0,7.1367,0,0,0,0,0,0,0,0,0
67,266,1.054,2775.1,2.1067e+05,0,0,0,0,0,0,0,0,0,0,0,0,0,0,0,0
67,266,1.054,2775.1,2.1067e+05,0,0,0,0,0,0,0,0,0,0,0,0,0,0,90.812,0
67,266,1.054,2775.1,2.1067e+05,0,0,0,0,0,0,0,0,0,0,0,0,0,0,563.49,0
67,266,1.054,2775.1,2.1067e+05,0,0,0,0,0,0,0,0,0,0,0,0,0,0,0,0
67,266,1.054,2775.1,2.1067e+05,1.7992,0,0,0,0,0,0,0,0,0,0,0,0,0,0,0
67,266,1.054,2775.1,2.1067e+05,0,0,0,0,0,0,0,0,0,0,0,0,0,0,0,0
67,266,1.054,2775.1,2.1067e+05,0.058948,0,0,0,0,0,0,0,0,0,0,0,0,0,0,0
67,266,1.054,2775.1,2.1067e+05,0.008333,0,0,0,0,0,19.84,0,0,0,0,0,0,0,27.857,0
67,266,1.054,2775.1,2.1067e+05,0,0,0,0,0,0,0,0,0,0,0,0,0,0,0,0
67,266,1.054,2775.1,2.1067e+05,0.008333,0,0,0,0,0,0,0,0,0,0,0,0,0,0,0
67,266,1.054,2775.1,2.1067e+05,3.3728,0,0,0,0,0,0,0,0,0,0,0,0,0,0,0
67,266,1.054,2775.1,2.1067e+05,0.00062,0,0,0,0,0,0,0,0,0,0,0,0,0,0,0
67,266,1.054,2775.1,2.1067e+05,3.721,0,0,0,0,0,0,0,0,0,0,0,0,0,0,0
67,266,1.054,2775.1,2.1067e+05,0.23542,0,0,0,0,0,0,0,0,0,0,0,0,0,0,0
67,266,1.054,2775.1,2.1067e+05,0,0,0,0,0,0,0,0,0,0,0,0,0,0,0,0
67,266,1.054,2775.1,2.1067e+05,0.008333,0,0,0,0,0,0,0,0,0,0,0,0,0,0,0
67,266,1.054,2775.1,2.1067e+05,0,0,0,0,0,0,0,0,0,0,0,0,0,0,0,0
67,266,1.054,2775.1,2.1067e+05,0.12397,0,0,0,0,0,0,0,0,0,0,0,0,0,0,0
67,266,1.054,2775.1,2.1067e+05,0,0,0,0,0,0,0,0,0,0,0,0,0,0,0,0
67,266,1.054,2775.1,2.1067e+05,0.81843,0,0,0,0,0,0,0,0,0,0,0,0,0,0,0
67,266,1.054,2775.1,2.1067e+05,43.585,0,0,0,0,0,0,0,0,0,0,0,0,0,90.974,0
67,266,1.054,2775.1,2.1067e+05,0,0,0,0,0,0,0,0,0,0,0,0,0,0,0,0
67,266,1.054,2775.1,2.1067e+05,0,0,0,0,0,0,0,0,0,0,0,0,0,0,0,0
67,266,1.054,2775.1,2.1067e+05,0,0,0,0,0,0,0,0,0,0,0,0,0,0,0,0
67,266,1.054,2775.1,2.1067e+05,2.1985,0,0,0,0,0,0,0,0,0,0,0,0,0,0,0
67,266,1.054,2775.1,2.1067e+05,0,0,0,0,0,0,0,0,0,0,0,0,0,0,0,0
67,266,1.054,2775.1,2.1067e+05,0,0,0,0,0,0,0,0,0,0,0,0,0,0,36.174,0
67,266,1.054,2775.1,2.1067e+05,0.41905,0,0,0,0,0,0,0,0,0,0,0,0,0,0,0
67,266,1.054,2775.1,2.1067e+05,0.73234,0,0,0,0,0,0,0,0,0,0,0,0,0,88.909,0
67,266,1.054,2775.1,2.1067e+05,0,0,0,0,0,0,0,0,0,0,0,0,0,0,0,0
67,266,1.054,2775.1,2.1067e+05,0,0,0,0,0,0,0,0,0,0,0,0,0,0,4.3245,0
67,266,1.054,2775.1,2.1067e+05,0,0,0,0,0,0,0,0,0,0,0,0,0,0,160.91,0
67,266,1.054,2775.1,2.1067e+05,0.00062,0,0,0,0,0,0,0,0,0,0,0,0,0,0,0
67,266,1.054,2775.1,2.1067e+05,2.2284,0,0,0,0,0,0,0,0,0,0,0,0,0,0,0
67,266,1.054,2775.1,2.1067e+05,1.8741,0,0,0,0,0,0,0,0,0,0,0,0,0,0,0
67,266,1.054,2775.1,2.1067e+05,0.65673,0,0,0,0,0,0,0,0,0,0,0,0,0,6.7033,0
67,266,1.054,2775.1,2.1067e+05,0,0,0,0,0,0,0,0,0,0,0,0,0,0,0,0
67,266,1.054,2775.1,2.1067e+05,0.25931,0,0,0,0,0,0,0,0,0,0,0,0,0,0,0
67,266,1.054,2775.1,2.1067e+05,0.82777,0,0,0,0,0,0,0,0,0,0,0,0,0,0,0
67,266,1.054,2775.1,2.1067e+05,0.055171,0,0,0,0,0,0,0,0,0,0,0,0,0,0,0
67,266,1.054,2775.1,2.1067e+05,0.002031,0,0,0,0,0,0,0,0,0,0,0,0,0,0,0
67,266,1.054,2775.1,2.1067e+05,0,0,0,0,0,0,0,0,0,0,0,0,0,0,0,0
67,266,1.054,2775.1,2.1067e+05,0,0,0,0,0,0,0,0,0,0,16.891,0,0,0,0,0
67,266,1.054,2775.1,2.1067e+05,0.32688,0,0,0,0,0,0,0,0,0,0,0,0,0,0,0
67,266,1.054,2775.1,2.1067e+05,0.008333,0,0,0,0,0,0,0,0,0,0,0,0,0,0,0
67,266,1.054,2775.1,2.1067e+05,0,0,0,0,0,0,0,0,0,0,0,0,0,0,0,0
67,266,1.054,2775.1,2.1067e+05,0,0,0,0,0,0,0,0,0,0,0,0,0,0,1.7435,0
67,266,1.054,2775.1,2.1067e+05,0,0,0,0,0,0,0,0,0,0,0,0,0,0,0,0
67,266,1.054,2775.1,2.1067e+05,49.695,0,0,0,0,0,0,0,0,0,0,0,0,0,0,0
67,266,1.054,2775.1,2.1067e+05,0,0,0,0,0,0,0,0,0,0,0,0,0,0,92.298,0
67,266,1.054,2775.1,2.1067e+05,0.01291,0,0,0,0,0,0,0,0,0,0,0,0,0,0,0
67,266,1.054,2775.1,2.1067e+05,0.011031,0,0,0,0,0,0,0,0,0,0,0,0,0,4.5874,0
67,266,1.054,2775.1,2.1067e+05,0,0,0,0,0,0,0,0,0,0,0,0,0,0,0,0
67,266,1.054,2775.1,2.1067e+05,0.48546,0,0,0,0,0,0,0,0,0,0,0,0,0,0,0
67,266,1.054,2775.1,2.1067e+05,0.023518,0,0,0,0,0,0,0,0,0,0,0,0,0,86.407,0
67,266,1.054,2775.1,2.1067e+05,0.00524,0,0,0,0,0,0,0,0,0,0,0,0,0,0,0
67,266,1.054,2775.1,2.1067e+05,1.0984,0,0,0,0,0,0,0,0,0,0,0,0,0,91.145,0
67,266,1.054,2775.1,2.1067e+05,0.021777,0,0,0,0,0,0,0,0,0,0,0,0,0,0,0
67,266,1.054,2775.1,2.1067e+05,0.003355,0,0,0,0,0,0,0,0,0,0,0,0,0,0,0
67,266,1.054,2775.1,2.1067e+05,0.51313,0,0,0,0,0,0,0,0,0,0,0,0,0,0,0
67,266,1.054,2775.1,2.1067e+05,6.1524,0,0,0,0,0,0,0,0,0,0,0,0,0,0,0
67,266,1.054,2775.1,2.1067e+05,0,0,0,0,0,0,0,0,0,0,0,0,0,0,0,0
67,266,1.054,2775.1,2.1067e+05,0.025155,0,0,0,0,0,0,0,0,0,0,0,0,0,0,0
67,266,1.054,2775.1,2.1067e+05,0,0,0,0,0,0,9.3756,0,0,0,0,0,0,0,0,0
67,266,1.054,2775.1,2.1067e+05,0,0,0,0,0,0,0,0,0,0,0,0,0,0,7.6392,0
67,266,1.054,2775.1,2.1067e+05,0,0,0,0,0,0,0,0,0,0,0,0,0,0,0,0
67,266,1.054,2775.1,2.1067e+05,0,0,0,0,0,0,0,0,0,0,0,0,0,0,0,0
67,266,1.054,2775.1,2.1067e+05,0,0,0,0,0,0,0,0,0,0,0,0,0,0,0,0
67,266,1.054,2775.1,2.1067e+05,0.022121,0,0,0,0,0,0,0,0,0,0,0,0,0,0,0
67,266,1.054,2775.1,2.1067e+05,5.813,0,0,0,0,0,0,0,0,0,0,0,0,0,0,0
67,266,1.054,2775.1,2.1067e+05,0,0,0,0,0,0,0,0,0,0,0,0,0,0,0,0
67,266,1.054,2775.1,2.1067e+05,0.47654,0,0,0,0,0,0,0,0,0,0,0,0,0,0,0
67,266,1.054,2775.1,2.1067e+05,0.005657,0,0,0,0,0,0,0,0,0,0,0,0,0,0,0
67,266,1.054,2775.1,2.1067e+05,0,0,0,0,0,0,0,0,0,0,0,0,0,0,0,0
67,266,1.054,2775.1,2.1067e+05,0.1504,0,0,0,0,0,0,0,0,0,0,0,0,0,0,0
67,266,1.054,2775.1,2.1067e+05,5.1786,0,0,0,0,0,0,0,0,0,0,0,0,0,0,0
67,266,1.054,2775.1,2.1067e+05,0.0020765,0,0,0,0,0,0,0,0,0,0,0,0,0,0,0
67,266,1.054,2775.1,2.1067e+05,0.0065058,0,0,0,0,0,0,0,0,0,0,0,0,0,0,0
67,266,1.054,2775.1,2.1067e+05,0.0065058,0,0,0,0,0,0,0,0,0,0,0,0,0,0,0
67,266,1.054,2775.1,2.1067e+05,0.025155,0,0,0,0,0,0,0,0,0,0,0,0,0,0,0
67,266,1.054,2775.1,2.1067e+05,0.023994,0,0,0,0,0,0,0,0,0,0,0,0,0,0,0
67,266,1.054,2775.1,2.1067e+05,0,0,0,0,0,0,0,0,0,0,0,0,0,0,2.8895,0
67,266,1.054,2775.1,2.1067e+05,6.7278,0,0,0,0,0,0,0,0,0,0,0,0,0,0,0
67,266,1.054,2775.1,2.1067e+05,0,0,0,0,0,0,0,0,0,0,0,0,0,0,0,0
67,266,1.054,2775.1,2.1067e+05,0.002068,0,0,0,0,0,0,0,0,0,0,0,0,0,0,0
67,266,1.054,2775.1,2.1067e+05,0,0,0,0,0,0,0,0,0,0,0,0,0,0,161.96,0
67,266,1.054,2775.1,2.1067e+05,0.25802,0,0,0,0,0,0,0,0,0,0,0,0,0,0,0
67,266,1.054,2775.1,2.1067e+05,0.34346,0,0,0,0,0,0,0,0,0,0,0,0,0,0,0
67,266,1.054,2775.1,2.1067e+05,0.060209,0,0,0,0,0,0,0,0,0,0,0,0,0,0,0
67,266,1.054,2775.1,2.1067e+05,0.37737,0,0,0,0,0,0,0,0,0,0,0,0,0,0,0
67,266,1.054,2775.1,2.1067e+05,2.7391,0,0,0,0,0,0,0,0,0,0,0,0,0,0,0
67,266,1.054,2775.1,2.1067e+05,0,0,0,0,0,0,0,0,0,0,0,0,0,0,0,0
67,266,1.054,2775.1,2.1067e+05,0,0,0,0,0,0,0,0,0,0,0,0,0,0,117.67,0
67,266,1.054,2775.1,2.1067e+05,0.0065058,0,0,0,0,0,0,0,0,0,0,0,0,0,0,0
67,266,1.054,2775.1,2.1067e+05,0,0,0,0,0,0,0,0,0,0,0,0,0,0,0,0
67,266,1.054,2775.1,2.1067e+05,0,0,0,0,0,0,0.002308,0,0,0,0,0,0,0,0,0
67,266,1.054,2775.1,2.1067e+05,0,0,0,0,0,0,0,0,0,0,0,0,0,0,0,0
67,266,1.054,2775.1,2.1067e+05,12.679,0,0,0,0,0,0,0,0,0,0,0,0,0,0,0
67,266,1.054,2775.1,2.1067e+05,0,0,0,0,0,0,0,0,0,0,0,0,0,0,0,0
67,266,1.054,2775.1,2.1067e+05,13.871,0,0,0,0,0,0,0,0,0,0,0,0,0,0,0
67,266,1.054,2775.1,2.1067e+05,0,0,0,0,0,0,0,0,0,0,0,0,0,0,0,0
67,266,1.054,2775.1,2.1067e+05,3.3083,0,0,0,0,0,0,0,0,0,0,0,0,0,0,0
67,266,1.054,2775.1,2.1067e+05,0.0098155,0,0,0,0,0,0,0,0,0,0,0,0,0,0,0
67,266,1.054,2775.1,2.1067e+05,0.008335,0,0,0,0,0,0,0,0,0,0,0,0,0,0,0
67,266,1.054,2775.1,2.1067e+05,4.0786,0,0,0,0,0,0,0,0,0,0,0,0,0,0,0
67,266,1.054,2775.1,2.1067e+05,0,0,0,0,0,0,7.6576,0,0,0,1.6802,0,0,0,0,0
67,266,1.054,2775.1,2.1067e+05,0.20213,0,0,0,0,0,0,0,0,0,0,0,0,0,99.707,0
67,266,1.054,2775.1,2.1067e+05,0.39235,0,0,0,0,0,0,0,0,0,0,0,0,0,0,0
67,266,1.054,2775.1,2.1067e+05,53.186,0,0,0,0,0,0,0,0,0,0,0,0,0,0,0
67,266,1.054,2775.1,2.1067e+05,0,0,0,0,0,0,0,0,0,0,0,0,0,0,0,0
67,266,1.054,2775.1,2.1067e+05,0,0,0,0,0,0,0,0,0,0,0,0,0,0,0,0
67,266,1.054,2775.1,2.1067e+05,0.001769,0,0,0,0,0,0,0,0,0,0,0,0,0,0,0
67,266,1.054,2775.1,2.1067e+05,0.56816,0,0,0,0,0,0,0,0,0,0,0,0,0,0,0
67,266,1.054,2775.1,2.1067e+05,0.12909,0,0,0,0,0,0,0,0,0,0,0,0,0,0,0
67,266,1.054,2775.1,2.1067e+05,1.7579,0,0,0,0,0,0,0,0,0,0,0,0,0,0,0
67,266,1.054,2775.1,2.1067e+05,16.202,0,0,0,0,0,0,0,0,0,0,0,0,0,0,0
67,266,1.054,2775.1,2.1067e+05,0.010649,0,0,0,0,0,0,0,0,0,0,0,0,0,84.038,0
67,266,1.054,2775.1,2.1067e+05,0,0,0,0,0,0,0,0,0,0,0,0,0,0,0,0
67,266,1.054,2775.1,2.1067e+05,0,0,0,0,0,0,0,0,0,0,0,0,0,0,0,0
67,266,1.054,2775.1,2.1067e+05,0,0,0,0,0,0,0,0,0,0,0,0,0,0,0,0
67,266,1.054,2775.1,2.1067e+05,0,0,0,0,0,0,0,0,0,0,0,0,0,0,0,0
67,266,1.054,2775.1,2.1067e+05,7.039,0,0,0,0,0,0,0,0,0,0,0,0,0,0,0
67,266,1.054,2775.1,2.1067e+05,0.011031,0,0,0,0,0,0,0,0,0,0,0,0,0,0,0
67,266,1.054,2775.1,2.1067e+05,2.7391,0,0,0,0,0,0,0,0,0,0,0,0,0,0,0
67,266,1.054,2775.1,2.1067e+05,0.000251,0,0,0,0,0,0,0,0,0,0,0,0,0,8.6228,0
67,266,1.054,2775.1,2.1067e+05,0.53876,0,0,0,0,0,0,0,0,0,0,0,0,0,0,0
67,266,1.054,2775.1,2.1067e+05,0,0,0,0,0,0,0,0,0,0,0,0,0,0,0,0
67,266,1.054,2775.1,2.1067e+05,0.003468,0,0,0,0,0,0,0,0,0,0,0,0,0,0,0
67,266,1.054,2775.1,2.1067e+05,0.12008,0,0,0,0,0,0,0,0,0,0,0,0,0,0,0
67,266,1.054,2775.1,2.1067e+05,0.025155,0,0,0,0,0,0,0,0,0,0,0,0,0,0,0
67,266,1.054,2775.1,2.1067e+05,0,0,0,0,0,0,0,0,0,0,0,0,0,0,0,0
67,266,1.054,2775.1,2.1067e+05,0.009672,0,0,0,0,0,0,0,0,0,0.050576,0,0,0,0,0
67,266,1.054,2775.1,2.1067e+05,0,0,0,0,0,0,0,0,0,0,0,0,0,0,15.063,0
67,266,1.054,2775.1,2.1067e+05,0.008333,0,0,0,0,0,0,0,0,0,0,0,0,0,0,0
67,266,1.054,2775.1,2.1067e+05,0,0,0,0,0,0,0,0,0,0,0,0,0,0,0,0
67,266,1.054,2775.1,2.1067e+05,0.008333,0,0,0,0,0,4.1671,0,0,0,0,0,0,0,0,0
67,266,1.054,2775.1,2.1067e+05,0,0,0,0,0,0,0,0,0,0,0,0,0,0,0,0
67,266,1.054,2775.1,2.1067e+05,15.669,0,0,0,0,0,0,0,0,0,0,0,0,0,30.296,0
67,266,1.054,2775.1,2.1067e+05,0,0,0,0,0,0,0,0,0,0,0,0,0,0,0,0
67,266,1.054,2775.1,2.1067e+05,2.1036,0,0,0,0,0,0,0,0,0,0,0,0,0,0,0
67,266,1.054,2775.1,2.1067e+05,0.000191,0,0,0,0,0,0,0,0,0,0,0,0,0,0,0
67,266,1.054,2775.1,2.1067e+05,2.8758,0,0,0,0,0,0,0,0,0,0,0,0,0,0,0
67,266,1.054,2775.1,2.1067e+05,52.728,0,0,0,0,0,0,0,0,0,0,0,0,0,0,0
67,266,1.054,2775.1,2.1067e+05,0.96221,0,0,0,0,0,0,0,0,0,0,0,0,0,0,0
67,266,1.054,2775.1,2.1067e+05,0,0,0,0,0,0,0,0,0,0,0,0,0,0,0,0
67,266,1.054,2775.1,2.1067e+05,0.00524,0,0,0,0,0,0,0,0,0,0,0,0,0,0,0
67,266,1.054,2775.1,2.1067e+05,1.4071,0,0,0,0,0,0,0,0,0,0,0,0,0,0,0
67,266,1.054,2775.1,2.1067e+05,4.0436,0,0,0,0,0,0,0,0,0,0,0,0,0,0,0
67,266,1.054,2775.1,2.1067e+05,187.74,0,0,0,0,0,0,0,0,0,0,0,0,0,10.836,0
67,266,1.054,2775.1,2.1067e+05,0.10537,0,0,0,0,0,0,0,0,0,0,0,0,0,0,0
67,266,1.054,2775.1,2.1067e+05,0,0,0,0,0,0,0,0,0,0,0,0,0,0,0,0
67,266,1.054,2775.1,2.1067e+05,5.0627,0,0,0,0,0,0,0,0,0,0,0,0,0,0,0
67,266,1.054,2775.1,2.1067e+05,0,0,0,0,0,0,0,0,0,0,0,0,0,0,0,0
67,266,1.054,2775.1,2.1067e+05,0,0,0,0,0,0,0,0,0,0,0,0,0,0,0,0
67,266,1.054,2775.1,2.1067e+05,4.0786,0,0,0,0,0,0,0,0,0,0,0,0,0,0,0
67,266,1.054,2775.1,2.1067e+05,6.4751,0,0,0,0,0,0,0,0,0,0,0,0,0,0,6.9378
67,266,1.054,2775.1,2.1067e+05,0.008333,0,0,0,0,0,0,0,0,0,0,0,0,0,0.62393,0
67,266,1.054,2775.1,2.1067e+05,0.026743,0,0,0,0,0,0,0,0,0,0,0,0,0,0,0
67,266,1.054,2775.1,2.1067e+05,0,0,0,0,0,0,0,0,0,0,0,0,0,0,0,0
67,266,1.054,2775.1,2.1067e+05,0,0,0,0,0,0,0,0,0,0,0,0,0,0,0,0
67,266,1.054,2775.1,2.1067e+05,1.0697,0,0,0,0,0,0,0,0,0,0,0,0,0,301.05,0
67,266,1.054,2775.1,2.1067e+05,0,0,0,0,0,0,0,0,0,0,0,0,0,0,0,0
67,266,1.054,2775.1,2.1067e+05,0.026473,0,0,0,0,0,0,0,0,0,0,0,0,0,0,0
67,266,1.054,2775.1,2.1067e+05,0.14285,0,0,0,0,0,0,0,0,0,0,0,0,0,0,0
67,266,1.054,2775.1,2.1067e+05,0.82777,0,0,0,0,0,0,0,0,0,0,0,0,0,39.167,0
67,266,1.054,2775.1,2.1067e+05,0.078444,0,0,0,0,0,0,0,0,0,0,0,0,0,0,0
67,266,1.054,2775.1,2.1067e+05,0,0,0,0,0,0,0,0,0,0,0,0,0,0,11.328,0
67,266,1.054,2775.1,2.1067e+05,0.0021564,0,0,0,0,0,0,0,0,0,0,0,0,0,0,0
67,266,1.054,2775.1,2.1067e+05,0.48546,0,0,0,0,0,0,0,0,0,0,0,0,0,0,0
67,266,1.054,2775.1,2.1067e+05,0.036917,0,0,0,0,0,0,0,0,0,0,0,0,0,0,0
67,266,1.054,2775.1,2.1067e+05,0.00524,0,0,0,0,0,0,0,0,0,0,0,0,0,0,0
67,266,1.054,2775.1,2.1067e+05,0.01291,0,0,0,0,0,0,0,0,0,0,0,0,0,0,0
67,266,1.054,2775.1,2.1067e+05,0.021777,0,0,0,0,0,0,0,0,0,0,0,0,0,0,0
67,266,1.054,2775.1,2.1067e+05,0,0,0,0,0,0,0,0,0,0,0,0,0,0,0,0
67,266,1.054,2775.1,2.1067e+05,0.082013,0,0,0,0,0,0,0,0,0,0,0,0,0,0,0
67,266,1.054,2775.1,2.1067e+05,0,0,0,0,0,0,0,0,0,0,0,0,0,0,0,0
67,266,1.054,2775.1,2.1067e+05,6.4751,0,0,0,0,0,0,0,0,0,0,0,0,0,0.25837,0
67,266,1.054,2775.1,2.1067e+05,0,0,0,0,0,0,0,0,0,0,0,0,0,0,0,0
67,266,1.054,2775.1,2.1067e+05,0.005411,0,0,0,0,0,0,0,0,0,0,0,0,0,0,0
67,266,1.054,2775.1,2.1067e+05,2.5505,0,0,0,0,0,0,0,0,0,0,0,0,0,0,0
67,266,1.054,2775.1,2.1067e+05,0,0,0,0,0,0,0,0,0,0,0,0,0,0,9.7291,0
67,266,1.054,2775.1,2.1067e+05,0,0,0,0,0,0,0,0,0,0,0,0,0,0,0,0
67,266,1.054,2775.1,2.1067e+05,0.12397,0,0,0,0,0,0,0,0,0,0,0,0,0,0,0
67,266,1.054,2775.1,2.1067e+05,0,0,0,0,0,0,0,0,0,0,0,0,0,0,0,0
67,266,1.054,2775.1,2.1067e+05,0.019431,0,0,0,0,0,0,0,0,0,0,0,0,0,0,0
67,266,1.054,2775.1,2.1067e+05,0.036917,0,0,0,0,0,0,0,0,0,0,0,0,0,0,0
67,266,1.054,2775.1,2.1067e+05,0,0,0,0,0,0,0,0,0,0,0,0,0,0,0,0
67,266,1.054,2775.1,2.1067e+05,0,0,0,0,0,0,0,0,0,0,0,0,0,0,0,0
67,266,1.054,2775.1,2.1067e+05,5.1786,0,0,0,0,0,0,0,0,0,0,0,0,0,0,0
67,266,1.054,2775.1,2.1067e+05,0,0,0,0,0,0,0,0,0,0,0,0,0,0,0,0
67,266,1.054,2775.1,2.1067e+05,0.3383,0,0,0,0,0,0,0,0,0,0,0,0,0,0,0
67,266,1.054,2775.1,2.1067e+05,0.032708,0,0,0,0,0.8217,0,0,0,0,0,0,0,0,0,0
67,266,1.054,2775.1,2.1067e+05,0.17387,0,0,0,0,0,0,0,0,0,0,0,0,0,0,0
67,266,1.054,2775.1,2.1067e+05,0.0021738,0,0,0,0,0,0,0,0,0,0,0,0,0,0,0
67,266,1.054,2775.1,2.1067e+05,0,0,0,0,0,0,0,0,0,0,0,0,0,0,0,0
67,266,1.054,2775.1,2.1067e+05,0,0,0,0,0,0,0,0,0,0,0,0,0,0,0,0
67,266,1.054,2775.1,2.1067e+05,0,0,0,0,0,0,0,0,0,0,0,0,0,0,0,0
67,266,1.054,2775.1,2.1067e+05,0.008335,0,0,0,0,0,0,0,0,0,0,0,0,0,29.315,0
67,266,1.054,2775.1,2.1067e+05,0.024364,0,0,0,0,0,0,0,0,0,0,0,0,0,159.23,0
67,266,1.054,2775.1,2.1067e+05,0,0,0,0,0,0,0,0,0,0,0,0,0,0,0,0
67,266,1.054,2775.1,2.1067e+05,0.66716,0,0,0,0,0,0,0,0,0,0,0,0,0,18.751,0
67,266,1.054,2775.1,2.1067e+05,0.011958,0,0,0,0,0,0,0,0,0,0,0,0,0,0,0
67,266,1.054,2775.1,2.1067e+05,0,0,0,0,0,0,0,0,0,0,0,0,0,0,0,0
67,266,1.054,2775.1,2.1067e+05,0,0,0,0,0,0,0,0,0,0,0,0,0,0,159.44,0
67,266,1.054,2775.1,2.1067e+05,0,0,0,0,0,0,0,0,0,0,0,0,0,0,0,0
67,266,1.054,2775.1,2.1067e+05,0.008333,0,0,0,0,0,0,0,0,0,0,0,0,0,7.5027,0
67,266,1.054,2775.1,2.1067e+05,0,0,0,0,0,0,0,0,0,0,0,0,0,0,0,0
67,266,1.054,2775.1,2.1067e+05,1.8741,0,0,0,0,0,0,0,0,0,0,0,0,0,0,0
67,266,1.054,2775.1,2.1067e+05,14.153,0,0,0,0,0,0,0,0,0,0,0,0,0,0,0
67,266,1.054,2775.1,2.1067e+05,0.007221,0,0,0,0,0,0,0,0,0,0,0,0,0,127.43,0
67,266,1.054,2775.1,2.1067e+05,0,0,0,0,0,0,0,0,0,0,0,0,0,0,0,0
67,266,1.054,2775.1,2.1067e+05,0.00524,0,0,0,0,0,0,0,0,0,0,0,0,0,0,0
67,266,1.054,2775.1,2.1067e+05,0.010649,0,0,0,0,0,0,0,0,0,0,0,0,0,0,0
67,266,1.054,2775.1,2.1067e+05,0,0,0,0,0,0,0,0,0,0,0,0,0,0,0,0
67,266,1.054,2775.1,2.1067e+05,0,0,0,0,0,0,0,0,0,0,0,0,0,0,0,0
67,266,1.054,2775.1,2.1067e+05,0,0,0,0,0,0,0,0,0,0,0,0,0,0,0,0
67,266,1.054,2775.1,2.1067e+05,0.01358,0,0,0,0,0,0,0,0,0,0,0,0,0,0,0
67,266,1.054,2775.1,2.1067e+05,0,0,0,0,0,0,0,0,0,0,0,0,0,0,0,0
67,266,1.054,2775.1,2.1067e+05,0,0,0,0,0,0,0,0,0,0,0,0,0,0,12.705,0
67,266,1.054,2775.1,2.1067e+05,1.3821,0,0,0,0,0,0,0,0,0,0,0,0,0,0,0
67,266,1.054,2775.1,2.1067e+05,2.2363,0,0,0,0,0,0,0,0,0,0,0,0,0,3.3678,0
67,266,1.054,2775.1,2.1067e+05,3.3728,0,0,0,0,0,0,0,0,0,0,0,0,0,0,0
67,266,1.054,2775.1,2.1067e+05,0.00524,0,0,0,0,0,0,0,0,0,0,0,0,0,0,0
67,266,1.054,2775.1,2.1067e+05,0,0,0,0,0,0,0,0,0,0,0,0,0,0,0,0
67,266,1.054,2775.1,2.1067e+05,0,0,0,0,0,0,0,0,0,0,0,0,0,0,0,0
67,266,1.054,2775.1,2.1067e+05,0.00524,0,0,0,0,0,0,0,0,0,0,0,0,0,28.625,0
67,266,1.054,2775.1,2.1067e+05,0.36292,0,0,0,0,0,0,0,0,0,0,0,0,0,0,0
67,266,1.054,2775.1,2.1067e+05,0,0,0,0,0,0,0,0,0,0,0,0,0,0,0,0
67,266,1.054,2775.1,2.1067e+05,0.51313,0,0,0,0,0,0,0,0,0,0,0,0,0,0,0
67,266,1.054,2775.1,2.1067e+05,2.5505,0,0,0,0,0,0,0,0,0,0,0,0,0,0,0
67,266,1.054,2775.1,2.1067e+05,0,0,0,0,0,0,0,0,0,0,0,0,0,0,0,0
67,266,1.054,2775.1,2.1067e+05,0.00524,0,0,0,0,0,0,0,0,0,0,0,0,0,0,0
67,266,1.054,2775.1,2.1067e+05,0.008793,0,0,0,0,0,0,0,0,0,0,0,0,0,0,0
67,266,1.054,2775.1,2.1067e+05,0.0076281,0,0,0,0,0,0,0,0,0,0,0,0,0,0,0
67,266,1.054,2775.1,2.1067e+05,0,0,0,0,0,0,0,0,0,0,0,0,0,0,0,0
67,266,1.054,2775.1,2.1067e+05,0.20108,0,0,0,0,0,0,0,0,0,0,0,0,0,0,0
67,266,1.054,2775.1,2.1067e+05,0.008333,0,0,0,0,0,14.003,0,0,0,0,0,0,0,0,0
67,266,1.054,2775.1,2.1067e+05,0.0067502,0,0,0,0,0,0,0,0,0,0,0,0,0,0,0
67,266,1.054,2775.1,2.1067e+05,2.7108,0,0,0,0,0,0,0,0,0,0,0,0,0,0,0
67,266,1.054,2775.1,2.1067e+05,0,0,0,0,0,0,0,0,0,0,0,0,0,0,118.21,0
67,266,1.054,2775.1,2.1067e+05,0,0,0,0,0,0,0,0,0,0,0,0,0,0,0,0
67,266,1.054,2775.1,2.1067e+05,0,0,0,0,0,0,0,0,0,0,0,0,0,0,0,0
67,266,1.054,2775.1,2.1067e+05,0,0,0,0,0,0.000172,0,0,0,0,0,0,0,0,0,0
67,266,1.054,2775.1,2.1067e+05,0.011958,0,0,0,0,0,0,0,0,0,0,0,0,0,0,0
67,266,1.054,2775.1,2.1067e+05,0,0,0,0,0,0,0,0,0,0,0,0,0,0,0,0
67,266,1.054,2775.1,2.1067e+05,0.16749,0,0,0,0,0,0,0,0,0,0,0,0,0,0,0
67,266,1.054,2775.1,2.1067e+05,0,0,0,0,0,0,0,0,0,0,0.26058,0,0,0,0,0
67,266,1.054,2775.1,2.1067e+05,0,0,0,0,0,0,0,0,0,0,0,0,0,0,0,0
67,266,1.054,2775.1,2.1067e+05,0,0,0,0,0,0,0,0,0,0,0,0,0,0,0,0
67,266,1.054,2775.1,2.1067e+05,5.7557,0,0,0,0,0,0,0,0,0,0,0,0,0,0,319.14
67,266,1.054,2775.1,2.1067e+05,0,0,0,0,0,0,0,0,0,0,0,0,0,0,0,0
67,266,1.054,2775.1,2.1067e+05,0.011325,0,0,0,0,0,0,0,0,0,0,0,0,0,8.4999,0
67,266,1.054,2775.1,2.1067e+05,0,0,0,0,0,0,0,0,0,0,0,0,0,0,0,0
67,266,1.054,2775.1,2.1067e+05,0,0,0,0,0,0,0,0,0,0,0,0,0,0,0,0
67,266,1.054,2775.1,2.1067e+05,0,0,0,0,0,0,0,0,0,0,0,0,0,0,0,0
67,266,1.054,2775.1,2.1067e+05,0,0,0,0,0,0,0,0,0,0,0,0,0,0,0,0
67,266,1.054,2775.1,2.1067e+05,0.001397,0,0,0,0,0,0.40452,0,0,0,0,0,0,0,0,0
67,266,1.054,2775.1,2.1067e+05,0,0,0,0,0,0,0,0,0,0,0,0,0,0,0,0
67,266,1.054,2775.1,2.1067e+05,0,0,0,0,0,0,0,0,0,0,0,0,0,0,0,0
67,266,1.054,2775.1,2.1067e+05,0.00021,0,0,0,0,0,0,0,0,0,0,0,0,0,134,0
67,266,1.054,2775.1,2.1067e+05,1.7992,0,0,0,0,0,0,0,0,0,0,0,0,0,0,0
67,266,1.054,2775.1,2.1067e+05,0.055171,0,0,0,0,0,0,0,0,0,0,0,0,0,0,0
67,266,1.054,2775.1,2.1067e+05,0.053439,0,0,0,0,0,0,0,0,0,0,0,0,0,0,0
67,266,1.054,2775.1,2.1067e+05,13.871,0,0,0,0,0,444.87,0,0,0,0,0,0,0,0,0
67,266,1.054,2775.1,2.1067e+05,0,0,0,0,0,0,0,0,0,0,0,0,0,0,0,0
67,266,1.054,2775.1,2.1067e+05,0.49662,0,0,0,0,0,0,0,0,0,0,0,0,0,0,0
67,266,1.054,2775.1,2.1067e+05,5.7557,0,0,0,0,0,0,0,0,0,0,0,0,0,0,0
67,266,1.054,2775.1,2.1067e+05,0.14285,0,0,0,0,0.10147,0,0,0,0,0,0,0,0,0,0
67,266,1.054,2775.1,2.1067e+05,3.0514,0,0,0,0,0,0,0,0,0,0,0,0,0,0,0
67,266,1.054,2775.1,2.1067e+05,0,0,0,0,0,0,0,0,0,0,0,0,0,0,0,0
67,266,1.054,2775.1,2.1067e+05,0.019276,0,0,0,0,0,0,0,0,0,0,0,0,0,0,0
67,266,1.054,2775.1,2.1067e+05,0,0,0,0,0,0,0,0,0,0,0,0,0,0,0,0
67,266,1.054,2775.1,2.1067e+05,0.00524,0,0,0,0,0.002284,0,0,0,0,0,0,0,0,0,0
67,266,1.054,2775.1,2.1067e+05,0.003468,0,0,0,0,0,0,0,0,0,0,0,0,0,0,0
67,266,1.054,2775.1,2.1067e+05,0.0262,0,0,0,0,0,0,0,0,0,0,0,0,0,0,0
67,266,1.054,2775.1,2.1067e+05,0.72232,0,0,0,0,0,0,0,0,0,0,0,0,0,0,0
67,266,1.054,2775.1,2.1067e+05,0.011325,0,0,0,0,0,0,0,0,0,0,0,0,0,0,0
67,266,1.054,2775.1,2.1067e+05,12.183,0,0,0,0,0,0,0,0,0,0,0,0,0,0,0
67,266,1.054,2775.1,2.1067e+05,0,0,0,0,0,0,0,0,0,0,0,0,0,0,0,0
67,266,1.054,2775.1,2.1067e+05,0,0,0,0,0,0,0,0,0,0,0,0,0,0,0,0
67,266,1.054,2775.1,2.1067e+05,0.34346,0,0,0,0,0,0,0,0,0,0,0,0,0,0,0
67,266,1.054,2775.1,2.1067e+05,0,0,0,0,0,0,0,0,0,0,0,0,0,0,0,0
67,266,1.054,2775.1,2.1067e+05,0.0083325,0,0,0,0,0,0,0,0,0,0,0,0,0,0,0
67,266,1.054,2775.1,2.1067e+05,1.8259,0,0,0,0,0,0,0,0,0,0,0,0,0,0,0
67,266,1.054,2775.1,2.1067e+05,0,0,0,0,0,0.79321,0,0,0,0,0,0,0,0,0,0
67,266,1.054,2775.1,2.1067e+05,0.73234,0,0,0,0,0,0,0,0,0,0,0,0,0,0,0
67,266,1.054,2775.1,2.1067e+05,0.049312,0,0,0,0,0,0,0,0,0,0,0,0,0,8.2539,0
67,266,1.054,2775.1,2.1067e+05,0.01358,0,0,0,0,0,0,0,0,0,0,0,0,0,0,0
67,266,1.054,2775.1,2.1067e+05,0,0,0,0,0,0,0,0,0,0,0.050576,0,0,0,0,0
67,266,1.054,2775.1,2.1067e+05,0.65673,0,0,0,0,0,0,0,0,0,0,0,0,0,0,0
67,266,1.054,2775.1,2.1067e+05,0,0,0,0,0,0,0,0,0,0,0,0,0,0,0,0
67,266,1.054,2775.1,2.1067e+05,0,0,0,0,0,0,0,0,0,0,0,0,0,0,0,0
67,266,1.054,2775.1,2.1067e+05,0.00524,0,0,0,0,0,0,0,0,0,0,0,0,0,0,0
67,266,1.054,2775.1,2.1067e+05,0,0,0,0,0,0,5.1016,0,0,0,0,0,0,0,0,0
67,266,1.054,2775.1,2.1067e+05,0.008333,0,0,0,0,0,0,0,0,0,0,0,0,0,0,0
67,266,1.054,2775.1,2.1067e+05,0,0,0,0,0,0,0,0,0,0,0,0,0,0,0,0
67,266,1.054,2775.1,2.1067e+05,0,0,0,0,0,0,0,0,0,0,0,0,0,0,7.0338,0
67,266,1.054,2775.1,2.1067e+05,0,0,0,0,0,0,0,0,0,0,0,0,0,0,0,0
67,266,1.054,2775.1,2.1067e+05,0,0,0,0,0,0,0,0,0,0,0,0,0,0,0,0
67,266,1.054,2775.1,2.1067e+05,0.001463,0,0,0,0,0,0,0,0,0,0,0,0,0,0,0
67,266,1.054,2775.1,2.1067e+05,0.008333,0,0,0,0,0,0,0,0,0,0,0,0,0,0,0
67,266,1.054,2775.1,2.1067e+05,0.0083325,0,0,0,0,0,0,0,0,0,0,0,0,0,0,0
67,266,1.054,2775.1,2.1067e+05,0,0,0,0,0,0,0,0,0,0,0,0,0,0,0,0
67,266,1.054,2775.1,2.1067e+05,0,0,0,0,0,0,0,0,0,0,0,0,0,0,0,0
67,266,1.054,2775.1,2.1067e+05,0,0,0,0,0,0,0,0,0,0,0,0,0,0,129.86,0
67,266,1.054,2775.1,2.1067e+05,2.2489,0,0,0,0,0,0,0,0,0,0,0,0,0,0,0
67,266,1.054,2775.1,2.1067e+05,6.3697,0,0,0,0,0,0,0,0,0,0,0,0,0,0,0
67,266,1.054,2775.1,2.1067e+05,0,0,0,0,0,0,0,0,0,0,0,0,0,0,86.8,0
67,266,1.054,2775.1,2.1067e+05,0,0,0,0,0,0,0,0,0,0,0,0,0,0,6.5249,0
67,266,1.054,2775.1,2.1067e+05,0,0,0,0,0,0,0,0,0,0,0,0,0,0,0,0
67,266,1.054,2775.1,2.1067e+05,0,0,0,0,0,0,0,0,0,0,0,0,0,0,0,0
67,266,1.054,2775.1,2.1067e+05,0.024761,0,0,0,0,0,0,0,0,0,0,0,0,0,161.62,0
67,266,1.054,2775.1,2.1067e+05,9.6207,0,0,0,0,0,0,0,0,0,0,0,0,0,7.4245,0
67,266,1.054,2775.1,2.1067e+05,0.039762,0,0,0,0,0,0,0,0,0,0,0,0,0,0,0
67,266,1.054,2775.1,2.1067e+05,0.90893,0,0,0,0,0,0,0,0,0,0,0,0,0,0,0
67,266,1.054,2775.1,2.1067e+05,0,0,0,0,0,0,0,0,0,0,0,0,0,0,0,0
67,266,1.054,2775.1,2.1067e+05,0.20734,0,0,0,0,0,0,0,0,0,0,0,0,0,0,0
67,266,1.054,2775.1,2.1067e+05,0,0,0,0,0,0,0,0,0,0,0,0,0,0,0,0
67,266,1.054,2775.1,2.1067e+05,0,0,0,0,0,0,0,0,0,0,0,0,0,0,0,0
67,266,1.054,2775.1,2.1067e+05,0,0,0,0,0,0,0,0,0,0,0,0,0,0,0,0
67,266,1.054,2775.1,2.1067e+05,6.4344,0,0,0,0,0,0,0,0,0,0,0,0,0,0,0
67,266,1.054,2775.1,2.1067e+05,4.0436,0,0,0,0,0,0,0,0,0,0,0,0,0,0,0
67,266,1.054,2775.1,2.1067e+05,0.008333,0,0,0,0,0,0,0,0,0,0,0,0,0,676.7,0
67,266,1.054,2775.1,2.1067e+05,0.008708,0,0,0,0,0,0,0,0,0,0,0,0,0,0,0
67,266,1.054,2775.1,2.1067e+05,0.000765,0,0,0,0,0,0,0,0,0,0,0,0,0,0,0
67,266,1.054,2775.1,2.1067e+05,0,0,0,0,0,0,0,0,0,0,0,0,0,0,6.5925,0
67,266,1.054,2775.1,2.1067e+05,0,0,0,0,0,0,0,0,0,0,0,0,0,0,0,0
67,266,1.054,2775.1,2.1067e+05,0,0,0,0,0,0,0,0,0,0,0,0,0,0,0,0
67,266,1.054,2775.1,2.1067e+05,0,0,0,0,0,0,0,0,0,0,0,0,0,0,0,0
67,266,1.054,2775.1,2.1067e+05,0.024364,0,0,0,0,0,0,0,0,0,0,0,0,0,0,0
67,266,1.054,2775.1,2.1067e+05,0.001326,0,0,0,0,0,0,0,0,0,0,0,0,0,0,0
67,266,1.054,2775.1,2.1067e+05,4.375,0,0,0,0,0,0,0,0,0,0,0,0,0,0,0
67,266,1.054,2775.1,2.1067e+05,2.372,0,0,0,0,0,0,0,0,0,0,0,0,0,0,0
67,266,1.054,2775.1,2.1067e+05,0,0,0,0,0,0,0,0,0,0,0,0,0,0,0,0
67,266,1.054,2775.1,2.1067e+05,100.61,0,0,0,0,0,0,0,0,0,0,0,0,0,0,0
67,266,1.054,2775.1,2.1067e+05,0.005239,0,0,0,0,0,0,0,0,0,0,0,0,0,29.152,0
67,266,1.054,2775.1,2.1067e+05,0,0,0,0,0,0,0,0,0,0,0,0,0,0,0,0
67,266,1.054,2775.1,2.1067e+05,0.093425,0,0,0,0,0,0,0,0,0,0,0,0,0,0,0
67,266,1.054,2775.1,2.1067e+05,0.48546,0,0,0,0,0,0,0,0,0,0,0,0,0,0,0
68,267,1,7965.6,6.047e+05,0.00524,0,0,0,0,0,0,0,0,0,0,0,0,0,0,0
68,267,1,7965.6,6.047e+05,0,0,0,0,0,0,0,0,0,0,0,0,0,0,0,0
68,267,1,7965.6,6.047e+05,16.785,0,0,0,0,0,0,0,0,0,0,0,0,0,0,0
68,267,1,7965.6,6.047e+05,0,0,0,0,0,0,0,0,0,0,0,0,0,0,0,0
68,267,1,7965.6,6.047e+05,0.036917,0,0,0,0,0,0,0,0,0,0,0,0,0,0,0
68,267,1,7965.6,6.047e+05,0,0,0,0,0,0,0,0,0,0,0,0,0,0,0,0
68,267,1,7965.6,6.047e+05,0.51313,0,0,0,0,0,0,0,0,0,0,0,0,0,0,19.914
68,267,1,7965.6,6.047e+05,0.008336,0,0,0,0,0,0,0,0,0,0,0,0,0,0,199.14
68,267,1,7965.6,6.047e+05,0.010295,0,0,0,0,0,0,0,0,0,0,0,0,0,0,0
68,267,1,7965.6,6.047e+05,0,0,0,0,0,0,0,0,0,0,0,0,0,0,14.009,0
68,267,1,7965.6,6.047e+05,0.20108,0,0,0,0,0,0,0,0,0,0,0,0,0,34.767,0
68,267,1,7965.6,6.047e+05,0.02297,0,0,0,0,0,0,0,0,0,0,0,0,0,0,0
68,267,1,7965.6,6.047e+05,0.65673,0,0,0,0,0,0,0,0,0,0,0,0,0,0,0
68,267,1,7965.6,6.047e+05,0.48333,0,0,0,0,0,0,0,0,0,0,0,0,0,0,0
68,267,1,7965.6,6.047e+05,33.563,0,0,0,0,0,0,0,0,0,0,0,0,0,0,0
68,267,1,7965.6,6.047e+05,0.008333,0,0,0,0,0,0,0,0,0,3.5603,0,0,0,0,0
68,267,1,7965.6,6.047e+05,0,0,0,0,0,0,0,0,0,0,0,0,0,0,0,0
68,267,1,7965.6,6.047e+05,0.008333,0,0,0,0,0,0,0,0,0,0,0,0,0,0,0
68,267,1,7965.6,6.047e+05,0.001205,0,0,0,0,0,133.85,0,0,0,0,0,0,0,131.2,0
68,267,1,7965.6,6.047e+05,0,0,0,0,0,0,0,0,0,0,0,0,0,0,0,0
68,267,1,7965.6,6.047e+05,0.000234,0,0,0,0,0,0,0,0,0,0,0,0,0,0,0
68,267,1,7965.6,6.047e+05,0.002031,0,0,0,0,0,0,0,0,0,0,0,0,0,161.66,0
68,267,1,7965.6,6.047e+05,0,0,0,0,0,0,0,0,0,0,0,0,0,0,0,0
68,267,1,7965.6,6.047e+05,0.024085,0,0,0,0,0,0,0,0,0,0,0,0,0,0,0
68,267,1,7965.6,6.047e+05,21.957,0,0,0,0,0,0,0,0,0,0,0,0,0,4.648,0
68,267,1,7965.6,6.047e+05,0.0065058,0,0,0,0,0,0,0,0,0,0,0,0,0,0,0
68,267,1,7965.6,6.047e+05,0.39235,0,0,0,0,0,0,0,0,0,0,0,0,0,0.89813,0
68,267,1,7965.6,6.047e+05,0,0,0,0,0,0,0,0,0,0,0,0,0,0,134.33,119.48
68,267,1,7965.6,6.047e+05,0,0,0,0,0,0,0,0,0,0,0,0,0,0,0,0
68,267,1,7965.6,6.047e+05,22.65,0,0,0,0,0,0,0,0,0,0,0,0,0,0,0
68,267,1,7965.6,6.047e+05,0,0,0,0,0,0,0,0,0,0,0,0,0,0,0,0
68,267,1,7965.6,6.047e+05,0.018812,0,0,0,0,0,0,0,0,0,0,0,0,0,0,0
68,267,1,7965.6,6.047e+05,0,0,0,0,0,0,0,0,0,0,0,0,0,0,34.422,0
68,267,1,7965.6,6.047e+05,0,0,0,0,0,0,0,0,0,0,0,0,0,0,0,0
68,267,1,7965.6,6.047e+05,0.008334,0,0,0,0,0,0,0,0,0,0,0,0,0,0,0
68,267,1,7965.6,6.047e+05,0,0,0,0,0,0,0,0,0,0,0,0,0,0,0,0
68,267,1,7965.6,6.047e+05,0,0,0,0,0,0,0,0,0,0,0,0,0,0,0,0
68,267,1,7965.6,6.047e+05,21.957,0,0,0,0,0,0,0,0,0,0,0,0,0,0,0
68,267,1,7965.6,6.047e+05,0.43212,0,0,0,0,0,0,0,0,0,0,0,0,0,161.4,0
68,267,1,7965.6,6.047e+05,0.000765,0,0,0,0,0,0,0,0,0,0,0,0,0,0,0
68,267,1,7965.6,6.047e+05,0.001397,0,0,0,0,0,0,0,0,0,0,0,0,0,0,0
68,267,1,7965.6,6.047e+05,0,0,0,0,0,0,0,0,0,0,0,0,0,0,0,0
68,267,1,7965.6,6.047e+05,0.003127,0,0,0,0,0,0,0,0,0,0,0,0,0,0,0
68,267,1,7965.6,6.047e+05,0,0,0,0,0,0,0,0,0,0,0,0,0,0,0,0
68,267,1,7965.6,6.047e+05,0,0,0,0,0,0,0,0,0,0,0,0,0,0,0,0
68,267,1,7965.6,6.047e+05,6.4344,0,0,0,0,0,0,0,0,0,0,0,0,0,0,0
68,267,1,7965.6,6.047e+05,0.000234,0,0,0,0,0.089747,0,0,0,0,0,0,0,0,123.17,0
68,267,1,7965.6,6.047e+05,13.871,0,0,0,0,0,0,0,0,0,0,0,0,0,0,0
68,267,1,7965.6,6.047e+05,0,0,0,0,0,0,0,0,0,0,0,0,0,0,39.049,0
68,267,1,7965.6,6.047e+05,0.43387,0,0,0,0,0,0,0,0,0,0,0,0,0,0,0
68,267,1,7965.6,6.047e+05,0.0072214,0,0,0,0,0,0,0,0,0,0,0,0,0,158.47,0
68,267,1,7965.6,6.047e+05,0,0,0,0,0,0,0,0,0,0,0,0,0,0,0,0
68,267,1,7965.6,6.047e+05,1.0984,0,0,0,0,0,0,0,0,0,0,0,0,0,0,0
69,268,1,16480,1.2511e+06,0,0,0,0,0,0,0,0,0,0,0,0,0,0,0,0
69,268,1,16480,1.2511e+06,0.000716,0,0,0,0,0,0,0,0,0,0,0,0,0,0,0
71,270,8.41,2.415,183.33,0.27485,0,0,0,0,0,0,0,0,0,0,0,0,0,0,0
71,270,8.41,2.415,183.33,0.00524,0,0,0,0,0,0,0,0,0,0,0,0,0,0,0
71,270,8.41,2.415,183.33,0.008335,0,0,0,0,0,0,0,0,0,0,0,0,0,0,0
71,270,8.41,2.415,183.33,0,0,0,0,0,0,0,0,0,0,0,0,0,0,0,0
71,270,8.41,2.415,183.33,0.0088426,0,0,0,0,0,0,0,0,0,0,0,0,0,0,0
71,270,8.41,2.415,183.33,0,0,0,0,0,0,0,0,0,0,0,0,0,0,0,0
71,270,8.41,2.415,183.33,0,0,0,0,0,0,0,0,0,0,0,0,0,0,0,0
71,270,8.41,2.415,183.33,0,0,0,0,0,0,0,0,0,0,0,0,0,0,0,0
71,270,8.41,2.415,183.33,0,0,0,0,0,0,0,0,0,0,0,0,0,0,0,0
71,270,8.41,2.415,183.33,0,0,0,0,0,0,0,0,0,0,0,0,0,0,0,0
71,270,8.41,2.415,183.33,0.008335,0,0,0,0,0,0,0,0,0,0,0,0,0,0,0
71,270,8.41,2.415,183.33,0.0072214,0,0,0,0,0,0,0,0,0,0,0,0,0,0,0
71,270,8.41,2.415,183.33,0,0,0,0,0,0,0,0,0,0,0,0,0,0,0,0
71,270,8.41,2.415,183.33,0.30045,0,0,0,0,0,0,0,0,0,0,0,0,0,0,0
71,270,8.41,2.415,183.33,0,0,0,0,0,0,0,0,0,0,0,0,0,0,0,0
71,270,8.41,2.415,183.33,0,0,0,0,0,0,0,0,0,0,0,0,0,0,0,0
71,270,8.41,2.415,183.33,0,0,0,0,0,0,0,0,0,0,0,0,0,0,0,0
71,270,8.41,2.415,183.33,0,0,0,0,0,0,0,0,0,0,0,0,0,0,0,0
71,270,8.41,2.415,183.33,0,0,0,0,0,0,0,0,0,0,0,0,0,0,0,0
71,270,8.41,2.415,183.33,0.011031,0,0,0,0,0,0,0,0,0,0,0,0,0,0,0
71,270,8.41,2.415,183.33,0.41905,0,0,0,0,0,0,0,0,0,0,0,0,0,0,0
71,270,8.41,2.415,183.33,0.00524,0,0,0,0,0,0,0,0,0,0,0,0,0,0,0
71,270,8.41,2.415,183.33,1.4591,0,0,0,0,0,0,0,0,0,0,0,0,0,0,0
71,270,8.41,2.415,183.33,0.002998,0,0,0,0,0,0,0,0,0,0,0,0,0,0,0
71,270,8.41,2.415,183.33,0.00714,0,0,0,0,0,0,0,0,0,0,0,0,0,0,0
71,270,8.41,2.415,183.33,0.008198,0,0,0,0,0,0,0,0,0,0,0,0,0,0,0
71,270,8.41,2.415,183.33,0,0,0,0,0,0,0,0,0,0,0,0,0,0,0,0
71,270,8.41,2.415,183.33,0.00524,0,0,0,0,0,0,0,0,0,0,0,0,0,0,0
71,270,8.41,2.415,183.33,0,0,0,0,0,0,0,0,0,0,0,0,0,0,0,0
71,270,8.41,2.415,183.33,2.2363,0,0,0,0,0,0,0,0,0,0,0,0,0,0,0
71,270,8.41,2.415,183.33,0.001326,0,0,0,0,0,0,0,0,0,0,0,0,0,0,0
71,270,8.41,2.415,183.33,0,0,0,0,0,0,0,0,0,0,0,0,0,0,0,0
71,270,8.41,2.415,183.33,0,0,0,0,0,0,0,0,0,0,0,0,0,0,0,0
71,270,8.41,2.415,183.33,0,0,0,0,0,0,0,0,0,0,0,0,0,0,0,0
71,270,8.41,2.415,183.33,0.022121,0,0,0,0,0.013573,0,0,0,0,0,0,0,0,0,0
71,270,8.41,2.415,183.33,0,0,0,0,0,0,0,0,0,0,0,0,0,0,0,0
71,270,8.41,2.415,183.33,0.006456,0,0,0,0,0,0,0,0,0,0,0,0,0,0,0
71,270,8.41,2.415,183.33,0,0,0,0,0,0,0,0,0,0,0,0,0,0,0,0
71,270,8.41,2.415,183.33,0,0,0,0,0,0,0,0,0,0,0,0,0,0,0,0
71,270,8.41,2.415,183.33,0,0,0,0,0,0,0.42744,0,0,0,0,0,0,0,0,0
71,270,8.41,2.415,183.33,0.008333,0,0,0,0,0,0,0,0,0,0,0,0,0,0,0
71,270,8.41,2.415,183.33,0.0021564,0,0,0,0,0,0,0,0,0,0,0,0,0,0,0
71,270,8.41,2.415,183.33,0,0,0,0,0,0,0,0,0,0,0,0,0,0,0,0
71,270,8.41,2.415,183.33,0,0,0,0,0,0,0,0,0,0,0,0,0,0,0,0
71,270,8.41,2.415,183.33,0.19022,0,0,0,0,0,0,0,0,0,0,0,0,0,0,0
71,270,8.41,2.415,183.33,0.024999,0,0,0,0,0,0,0,0,0,0,0,0,0,0,0
71,270,8.41,2.415,183.33,0.000376,0,0,0,0,0,0,0,0,0,0,0,0,0,0,0
71,270,8.41,2.415,183.33,0.77328,0,0,0,0,0,0,0,0,0,0,0,0,0,0,0
71,270,8.41,2.415,183.33,0.00524,0,0,0,0,0,0,0,0,0,0,0,0,0,0,0
71,270,8.41,2.415,183.33,0,0,0,0,0,0,0,0,0,0,0,0,0,0,0,0
71,270,8.41,2.415,183.33,0.008333,0,0,0,0,0,0,0,0,0,0,0,0,0,0,0
71,270,8.41,2.415,183.33,0,0,0,0,0,0,0,0,0,0,0,0,0,0,0,0
71,270,8.41,2.415,183.33,1.1989,0,0,0,0,0,0,0,0,0,0,0,0,0,0,0
71,270,8.41,2.415,183.33,0,0,0,0,0,0,0,0,0,0,0,0,0,0,0,0
71,270,8.41,2.415,183.33,0.0094623,0,0,0,0,0,0,0,0,0,0,0,0,0,0,0
71,270,8.41,2.415,183.33,0.025604,0,0,0,0,0,0,0,0,0,0,0,0,0,0,0
71,270,8.41,2.415,183.33,2.2363,0,0,0,0,0,0,0,0,0,0,0,0,0,0,0
71,270,8.41,2.415,183.33,0.20213,0,0,0,0,0,0,0,0,0,0,0,0,0,0,0
71,270,8.41,2.415,183.33,0.003468,0,0,0,0,0,0,0,0,0,0,0,0,0,0,0
71,270,8.41,2.415,183.33,0.13833,0,0,0,0,0,0,0,0,0,0,0,0,0,0,0
71,270,8.41,2.415,183.33,0,0,0,0,0,0,0,0,0,0,0,0,0,0,0,0
71,270,8.41,2.415,183.33,0,0,0,0,0,0,0,0,0,0,0,0,0,0,0,0
71,270,8.41,2.415,183.33,0,0,0,0,0,0,0,0,0,0,0,0,0,0,0,0
71,270,8.41,2.415,183.33,0.008333,0,0,0,0,0,0,0,0,0,0,0,0,0,0,0
71,270,8.41,2.415,183.33,0,0,0,0,0,0,0,0,0,0,0,0,0,0,0,0
71,270,8.41,2.415,183.33,0,0,0,0,0,0,0,0,0,0,0,0,0,0,0,0
71,270,8.41,2.415,183.33,0,0,0,0,0,0,0,0,0,0,0,0,0,0,0,0
71,270,8.41,2.415,183.33,0,0,0,0,0,0,0,0,0,0,1.0025,0,0,0,0,0
71,270,8.41,2.415,183.33,0,0,0,0,0,0,0,0,0,0,0,0,0,0,0,0
71,270,8.41,2.415,183.33,0,0,0,0,0,0,0,0,0,0,0,0,0,0,0,0
71,270,8.41,2.415,183.33,0,0,0,0,0,0,0,0,0,0,0,0,0,0,0,0
71,270,8.41,2.415,183.33,0.008333,0,0,0,0,0,0,0,0,0,0,0,0,0,0,0
71,270,8.41,2.415,183.33,0,0,0,0,0,0,0,0,0,0,0,0,0,0,0,0
71,270,8.41,2.415,183.33,0,0,0,0,0,0,0,0,0,0,0,0,0,0,0,0
71,270,8.41,2.415,183.33,0.0068538,0,0,0,0,0,0,0,0,0,0,0,0,0,0,0
71,270,8.41,2.415,183.33,0,0,0,0,0,0,0,0,0,0,0,0,0,0,0,0
71,270,8.41,2.415,183.33,0.003346,0,0,0,0,0,0,0,0,0,0,0,0,0,0,0
71,270,8.41,2.415,183.33,0,0,0,0,0,0,0,0,0,0,0,0,0,0,0,0
71,270,8.41,2.415,183.33,0.001205,0,0,0,0,0,0,0,0,0,0,0,0,0,0,0
71,270,8.41,2.415,183.33,0,0,0,0,0,0,0,0,0,0,0,0,0,0,0,0
71,270,8.41,2.415,183.33,0.049312,0,0,0,0,0,0,0,0,0,0,0,0,0,0,0
71,270,8.41,2.415,183.33,0,0,0,0,0,0,0,0,0,0,0,0,0,0,0,0
71,270,8.41,2.415,183.33,0.031496,0,0,0,0,0,0,0,0,0,0,0,0,0,0,0
71,270,8.41,2.415,183.33,0,0,0,0,0,0,0,0,0,0,0,0,0,0,0,0
71,270,8.41,2.415,183.33,0.12261,0,0,0,0,0,0,0,0,0,0,0,0,0,0,0
71,270,8.41,2.415,183.33,0,0,0,0,0,0,0,0,0,0,0,0,0,0,0,0
71,270,8.41,2.415,183.33,0,0,0,0,0,0,0,0,0,0,0,0,0,0,0,0
71,270,8.41,2.415,183.33,0,0,0,0,0,0,0,0,0,0,0,0,0,0,0,0
71,270,8.41,2.415,183.33,0,0,0,0,0,0,0,0,0,0,0,0,0,0,0,0
71,270,8.41,2.415,183.33,0.008333,0,0,0,0,0,0,0,0,0,0,0,0,0,0,0
71,270,8.41,2.415,183.33,0,0,0,0,0,0,0,0,0,0,0,0,0,0,0,0
71,270,8.41,2.415,183.33,0.004345,0,0,0,0,0,0,0,0,0,0,0,0,0,0,0
71,270,8.41,2.415,183.33,0.008333,0,0,0,0,0,0,0,0,0,0,0,0,0,0,0
71,270,8.41,2.415,183.33,0,0,0,0,0,0,0,0,0,0,0,0,0,0,0,0
71,270,8.41,2.415,183.33,0.008333,0,0,0,0,0,0,0,0,0,0,0,0,0,0,0
71,270,8.41,2.415,183.33,0,0,0,0,0,0,0,0,0,0,0,0,0,0,0,0
71,270,8.41,2.415,183.33,0,0,0,0,0,0,0,0,0,0,0,0,0,0,0,0
71,270,8.41,2.415,183.33,0,0,0,0,0,0,0,0,0,0,0,0,0,0,0,0
71,270,8.41,2.415,183.33,0,0,0,0,0,0,0,0,0,0,0,0,0,0,0,0
71,270,8.41,2.415,183.33,0,0,0,0,0,0,0,0,0,0,0,0,0,0,0,0
71,270,8.41,2.415,183.33,0.008335,0,0,0,0,0,0,0,0,0,0,0,0,0,0,0
71,270,8.41,2.415,183.33,0,0,0,0,0,0,0,0,0,0,0,0,0,0,0,0
71,270,8.41,2.415,183.33,0.00052,0,0,0,0,0,0,0,0,0,0,0,0,0,0,0
71,270,8.41,2.415,183.33,0.0094623,0,0,0,0,0,0,0,0,0,0,0,0,0,0,0
71,270,8.41,2.415,183.33,0.008333,0,0,0,0,0,0,0,0,0,0,0,0,0,0,0
71,270,8.41,2.415,183.33,0,0,0,0,0,0,0,0,0,0,0,0,0,0,0,0
71,270,8.41,2.415,183.33,0,0,0,0,0,0,0,0,0,0,0,0,0,0,0,0
71,270,8.41,2.415,183.33,0.01023,0,0,0,0,0,0,0,0,0,0,0,0,0,0,0
71,270,8.41,2.415,183.33,0.011325,0,0,0,0,0,0,0,0,0,0,0,0,0,0,0
71,270,8.41,2.415,183.33,0,0,0,0,0,0,0,0,0,0,0,0,0,0,0,0
71,270,8.41,2.415,183.33,0,0,0,0,0,0,0,0,0,0,0,0,0,0,0,0
71,270,8.41,2.415,183.33,0.008333,0,0,0,0,0,0,0,0,0,0,0,0,0,0,0
71,270,8.41,2.415,183.33,0,0,0,0,0,0,0,0,0,0,0,0,0,0,0,0
71,270,8.41,2.415,183.33,0,0,0,0,0,0,0,0,0,0,0,0,0,0,0,0
71,270,8.41,2.415,183.33,0,0,0,0,0,0,0,0,0,0,0,0,0,0,0,0
71,270,8.41,2.415,183.33,0,0,0,0,0,0,0,0,0,0,0,0,0,0,0,0
71,270,8.41,2.415,183.33,0.00014,0,0,0,0,0,0,0,0,0,0,0,0,0,0,0
71,270,8.41,2.415,183.33,0,0,0,0,0,0,0,0,0,0,0,0,0,0,0,0
71,270,8.41,2.415,183.33,0,0,0,0,0,0,0,0,0,0,0,0,0,0,0,0
71,270,8.41,2.415,183.33,0.045331,0,0,0,0,0,0,0,0,0,0,0,0,0,0,0
71,270,8.41,2.415,183.33,0,0,0,0,0,0,0,0,0,0,0,0,0,0,0,0
71,270,8.41,2.415,183.33,0,0,0,0,0,0,0,0,0,0,0,0,0,0,0,0
71,270,8.41,2.415,183.33,0.024761,0,0,0,0,0,0,0,0,0,0,0,0,0,0,0
71,270,8.41,2.415,183.33,0,0,0,0,0,0,0,0,0,0,0,0,0,0,0,0
71,270,8.41,2.415,183.33,0.21724,0,0,0,0,0,0,0,0,0,0,0,0,0,0,0
71,270,8.41,2.415,183.33,0.030321,0,0,0,0,0,0,0,0,0,0,0,0,0,0,0
71,270,8.41,2.415,183.33,0.87319,0,0,0,0,0,0,0,0,0,0,0,0,0,0,0
71,270,8.41,2.415,183.33,0.09698,0,0,0,0,0,0,0,0,0,0,0,0,0,0,0
71,270,8.41,2.415,183.33,0.0097187,0,0,0,0,0,0,0,0,0,0,0,0,0,0,0
71,270,8.41,2.415,183.33,7.95e-05,0,0,0,0,0,0,0,0,0,0,0,0,0,0,0
71,270,8.41,2.415,183.33,0,0,0,0,0,0,0,0,0,0,0,0,0,0,0,0
71,270,8.41,2.415,183.33,0,0,0,0,0,0,0,0,0,0,0,0,0,0,0,0
71,270,8.41,2.415,183.33,0.002011,0,0,0,0,0,0,0,0,0,0,0,0,0,0,0
71,270,8.41,2.415,183.33,0,0,0,0,0,0,0,0,0,0,0,0,0,0,0,0
71,270,8.41,2.415,183.33,0,0,0,0,0,0,0,0,0,0,0,0,0,0,0,0
71,270,8.41,2.415,183.33,0.14285,0,0,0,0,0,0,0,0,0,0,0,0,0,0,0
71,270,8.41,2.415,183.33,0.024948,0,0,0,0,0,0,0,0,0,0,0,0,0,0,0
71,270,8.41,2.415,183.33,2.2363,0,0,0,0,0,0,0,0,0,0,0,0,0,0,0
71,270,8.41,2.415,183.33,0,0,0,0,0,0,0,0,0,0,0,0,0,0,0,0
71,270,8.41,2.415,183.33,0.018318,0,0,0,0,0,0,0,0,0,0,0,0,0,0,0
71,270,8.41,2.415,183.33,0,0,0,0,0,0,0,0,0,0,0,0,0,0,0,0
71,270,8.41,2.415,183.33,0.0062716,0,0,0,0,0,0,0,0,0,0,0,0,0,0,0
71,270,8.41,2.415,183.33,0.00524,0,0,0,0,0,0,0,0,0,0,0,0,0,0,0
71,270,8.41,2.415,183.33,0,0,0,0,0,0,0,0,0,0,0,0,0,0,0,0
71,270,8.41,2.415,183.33,0.01358,0,0,0,0,0,0,0,0,0,0,0,0,0,0,0
71,270,8.41,2.415,183.33,0.00247,0,0,0,0,0,0,0,0,0,0,0,0,0,0,0
71,270,8.41,2.415,183.33,0.00524,0,0,0,0,0,0,0,0,0,0,0,0,0,0,0
71,270,8.41,2.415,183.33,0.071001,0,0,0,0,0,0,0,0,0,0,0,0,0,0,0
71,270,8.41,2.415,183.33,0,0,0,0,0,0,0,0,0,0,0,0,0,0,0,0
71,270,8.41,2.415,183.33,0.00524,0,0,0,0,0,0,0,0,0,0,0,0,0,0,0
71,270,8.41,2.415,183.33,0.030321,0,0,0,0,0,0,0,0,0,0,0,0,0,0,0
71,270,8.41,2.415,183.33,1.1989,0,0,0,0,0,0,0,0,0,0,0,0,0,0,0
71,270,8.41,2.415,183.33,0.008335,0,0,0,0,0,0,0,0,0,0,0,0,0,0,0
71,270,8.41,2.415,183.33,0.00524,0,0,0,0,0,0,0,0,0,0,0,0,0,0,0
71,270,8.41,2.415,183.33,0,0,0,0,0,0,0,0,0,0,0,0,0,0,0,0
71,270,8.41,2.415,183.33,0,0,0,0,0,0,0.13028,0,0,0,0.050576,0,0,0,0,0
71,270,8.41,2.415,183.33,0,0,0,0,0,0,0,0,0,0,0,0,0,0,0,0
71,270,8.41,2.415,183.33,0,0,0,0,0,0,0,0,0,0,1.166,0,0,0,0,0
71,270,8.41,2.415,183.33,0,0,0,0,0,0,0,0,0,0,0,0,0,0,0,0
71,270,8.41,2.415,183.33,0.0068531,0,0,0,0,0,0,0,0,0,0,0,0,0,0,0
71,270,8.41,2.415,183.33,0.0032875,0,0,0,0,0,0,0,0,0,0,0,0,0,0,0
71,270,8.41,2.415,183.33,0.20108,0,0,0,0,0,0,0,0,0,0,0,0,0,0,0
71,270,8.41,2.415,183.33,0.008333,0,0,0,0,0,0,0,0,0,0,0,0,0,0,0
71,270,8.41,2.415,183.33,0.008333,0,0,0,0,0,0,0,0,0,0,0,0,0,0,0
71,270,8.41,2.415,183.33,0.00524,0,0,0,0,0,0,0,0,0,0,0,0,0,0,0
71,270,8.41,2.415,183.33,0,0,0,0,0,0,0,0,0,0,0,0,0,0,0,0
71,270,8.41,2.415,183.33,0.010082,0,0,0,0,0,0,0,0,0,0,0,0,0,0,0
71,270,8.41,2.415,183.33,0.093425,0,0,0,0,0,0,0,0,0,0,0,0,0,0,0
71,270,8.41,2.415,183.33,0,0,0,0,0,0,0,0,0,0,0,0,0,0,0,0
71,270,8.41,2.415,183.33,0,0,0,0,0,0,0,0,0,0,0,0,0,0,0,0
71,270,8.41,2.415,183.33,0,0,0,0,0,0,0,0,0,0,0,0,0,0,0,0
71,270,8.41,2.415,183.33,0,0,0,0,0,0,0,0,0,0,0,0,0,0,0,0
71,270,8.41,2.415,183.33,0,0,0,0,0,0,0,0,0,0,0,0,0,0,0,0
71,270,8.41,2.415,183.33,0.0032875,0,0,0,0,0,0,0,0,0,0,0,0,0,0,0
71,270,8.41,2.415,183.33,0,0,0,0,0,0,0,0,0,0,0,0,0,0,0,0
71,270,8.41,2.415,183.33,0,0,0,0,0,0,0,0,0,0,0,0,0,0,0,0
71,270,8.41,2.415,183.33,0,0,0,0,0,0,0,0,0,0,0,0,0,0,0,0
71,270,8.41,2.415,183.33,0,0,0,0,0,0,0,0,0,0,0,0,0,0,0,0
71,270,8.41,2.415,183.33,0,0,0,0,0,0,0,0,0,0,0,0,0,0,0,0
71,270,8.41,2.415,183.33,0.45729,0,0,0,0,0,0,0,0,0,0,0,0,0,0,0
71,270,8.41,2.415,183.33,0,0,0,0,0,0,0,0,0,0,0,0,0,0,0,0
71,270,8.41,2.415,183.33,0.004588,0,0,0,0,0,0,0,0,0,0,0,0,0,0,0
71,270,8.41,2.415,183.33,0.14724,0,0,0,0,0,0,0,0,0,0,0,0,0,0,0
71,270,8.41,2.415,183.33,1.123,0,0,0,0,0,0,0,0,0,0,0,0,0,0,0
71,270,8.41,2.415,183.33,0.33402,0,0,0,0,0,0,0,0,0,0,0,0,0,0,0
71,270,8.41,2.415,183.33,0.21432,0,0,0,0,0,0,0,0,0,0,0,0,0,0,0
71,270,8.41,2.415,183.33,0.00524,0,0,0,0,0,0,0,0,0,0,0,0,0,0,0
71,270,8.41,2.415,183.33,0.008335,0,0,0,0,0,0,0,0,0,0,0,0,0,0,0
71,270,8.41,2.415,183.33,0.008333,0,0,0,0,0,0,0,0,0,0,0,0,0,0,0
71,270,8.41,2.415,183.33,0,0,0,0,0,0,0,0,0,0,0,0,0,0,0,0
71,270,8.41,2.415,183.33,0.21924,0,0,0,0,0,0,0,0,0,0,0,0,0,0,0
71,270,8.41,2.415,183.33,0.005239,0,0,0,0,0,0,0,0,0,0,0,0,0,0,0
71,270,8.41,2.415,183.33,0,0,0,0,0,0,0,0,0,0,0,0,0,0,0,0
71,270,8.41,2.415,183.33,0,0,0,0,0,0,0,0,0,0,0,0,0,0,0,0
71,270,8.41,2.415,183.33,0.0083325,0,0,0,0,0,0,0,0,0,0,0,0,0,0,0
71,270,8.41,2.415,183.33,0,0,0,0,0,0,0,0,0,0,0,0,0,0,0,0
71,270,8.41,2.415,183.33,0.005769,0,0,0,0,0,0.021726,0,0,0,0,0,0,0,0,0
71,270,8.41,2.415,183.33,0,0,0,0,0,0,0,0,0,0,0,0,0,0,0,0
71,270,8.41,2.415,183.33,0.023662,0,0,0,0,0,0,0,0,0,0,0,0,0,0,0
71,270,8.41,2.415,183.33,0.001769,0,0,0,0,0,0,0,0,0,0,0,0,0,0,0
71,270,8.41,2.415,183.33,0,0,0,0,0,0,0.13028,0,0,0,0,0,0,0,0,0
71,270,8.41,2.415,183.33,0,0,0,0,0,0,0,0,0,0,0,0,0,0,0,0
71,270,8.41,2.415,183.33,0,0,0,0,0,0,0,0,0,0,0,0,0,0,0,0
71,270,8.41,2.415,183.33,0,0,0,0,0,0,0,0,0,0,0,0,0,0,0,0
71,270,8.41,2.415,183.33,0.010082,0,0,0,0,0,0,0,0,0,0,0,0,0,0,0
71,270,8.41,2.415,183.33,1.8259,0,0,0,0,0,0,0,0,0,0,0,0,0,0,0
71,270,8.41,2.415,183.33,0.0032875,0,0,0,0,0,0,0,0,0,0,0,0,0,0,0
71,270,8.41,2.415,183.33,0,0,0,0,0,0,0,0,0,0,0,0,0,0,0,0
71,270,8.41,2.415,183.33,0,0,0,0,0,0,0,0,0,0,0,0,0,0,0,0
71,270,8.41,2.415,183.33,0.005239,0,0,0,0,0,0,0,0,0,0,0,0,0,0,0
71,270,8.41,2.415,183.33,0,0,0,0,0,0,0,0,0,0,0,0,0,0,0,0
71,270,8.41,2.415,183.33,0,0,0,0,0,0,0,0,0,0,0,0,0,0,0,0
71,270,8.41,2.415,183.33,0.002344,0,0,0,0,0,0,0,0,0,0,0,0,0,0,0
71,270,8.41,2.415,183.33,0.13395,0,0,0,0,0,0,0,0,0,0,0,0,0,0,0
71,270,8.41,2.415,183.33,0.008333,0,0,0,0,0,0,0,0,0,0,0,0,0,0,0
71,270,8.41,2.415,183.33,0.50276,0,0,0,0,0,0,0,0,0,0,0,0,0,0,0
71,270,8.41,2.415,183.33,0.09698,0,0,0,0,0,0,0,0,0,0,0,0,0,0,0
71,270,8.41,2.415,183.33,0,0,0,0,0,0,0,0,0,0,0,0,0,0,0,0
71,270,8.41,2.415,183.33,0.025604,0,0,0,0,0,0,0,0,0,0,0,0,0,0,0
71,270,8.41,2.415,183.33,0.0021564,0,0,0,0,0,0,0,0,0,0,0,0,0,0,0
71,270,8.41,2.415,183.33,0.008333,0,0,0,0,0,0,0,0,0,0,0,0,0,0,0
71,270,8.41,2.415,183.33,0.009672,0,0,0,0,0,0,0,0,0,0,0,0,0,0,0
71,270,8.41,2.415,183.33,0.078444,0,0,0,0,0,0,0,0,0,0,0,0,0,0,0
71,270,8.41,2.415,183.33,0.001205,0,0,0,0,0,0,0,0,0,0,0,0,0,0,0
71,270,8.41,2.415,183.33,0.004143,0,0,0,0,0,0,0,0,0,0,0,0,0,0,0
71,270,8.41,2.415,183.33,1.0934,0,0,0,0,0,0,0,0,0,0,0,0,0,0,0
71,270,8.41,2.415,183.33,0,0,0,0,0,0,0,0,0,0,0,0,0,0,0,0
71,270,8.41,2.415,183.33,0,0,0,0,0,0,0,0,0,0,0,0,0,0,0,0
71,270,8.41,2.415,183.33,0.031496,0,0,0,0,0,0,0,0,0,0,0,0,0,0,0
71,270,8.41,2.415,183.33,0,0,0,0,0,0,0,0,0,0,0,0,0,0,0,0
71,270,8.41,2.415,183.33,0,0,0,0,0,0,0,0,0,0,0,0,0,0,0,0
71,270,8.41,2.415,183.33,0,0,0,0,0,0,0,0,0,0,0,0,0,0,0,0
71,270,8.41,2.415,183.33,0.19324,0,0,0,0,0,0,0,0,0,0,0,0,0,0,0
71,270,8.41,2.415,183.33,1.4358,0,0,0,0,0,0,0,0,0,0,0,0,0,0,0
71,270,8.41,2.415,183.33,0.026473,0,0,0,0,0,0,0,0,0,0,0,0,0,0,0
71,270,8.41,2.415,183.33,0,0,0,0,0,0,0,0,0,0,0,0,0,0,0,0
71,270,8.41,2.415,183.33,0,0,0,0,0,0,0,0,0,0,0,0,0,0,0,0
71,270,8.41,2.415,183.33,0,0,0,0,0,0,0,0,0,0,0,0,0,0,0,0
71,270,8.41,2.415,183.33,0,0,0,0,0,0,0,0,0,0,0,0,0,0,0,0
71,270,8.41,2.415,183.33,0.010395,0,0,0,0,0,0,0,0,0,0,0,0,0,0,0
71,270,8.41,2.415,183.33,0.008333,0,0,0,0,0,0,0,0,0,0,0,0,0,0,0
71,270,8.41,2.415,183.33,0,0,0,0,0,0,0,0,0,0,0,0,0,0,0,0
71,270,8.41,2.415,183.33,0,0,0,0,0,0,0,0,0,0,0,0,0,0,0,0
71,270,8.41,2.415,183.33,0,0,0,0,0,0,0,0,0,0,0,0,0,0,0,0
71,270,8.41,2.415,183.33,0.0060617,0,0,0,0,0,0,0,0,0,0,0,0,0,0,0
71,270,8.41,2.415,183.33,0.000716,0,0,0,0,0,0,0,0,0,0,0,0,0,0,0
71,270,8.41,2.415,183.33,0,0,0,0,0,0,0,0,0,0,0,0,0,0,0,0
71,270,8.41,2.415,183.33,0,0,0,0,0,0,0,0,0,0,0,0,0,0,0,0
71,270,8.41,2.415,183.33,0,0,0,0,0,0,0,0,0,0,0,0,0,0,0,0
71,270,8.41,2.415,183.33,0.008332,0,0,0,0,0,0,0,0,0,0,0,0,0,0,0
71,270,8.41,2.415,183.33,0,0,0,0,0,0,0,0,0,0,0,0,0,0,0,0
71,270,8.41,2.415,183.33,0.00524,0,0,0,0,0,0,0,0,0,0,0,0,0,0,0
71,270,8.41,2.415,183.33,0.023518,0,0,0,0,0,0,0,0,0,0,0,0,0,0,0
71,270,8.41,2.415,183.33,0,0,0,0,0,0,0.093171,0,0,0,0,0,0,0,0,0
71,270,8.41,2.415,183.33,0.008333,0,0,0,0,0,0,0,0,0,0,0,0,0,0,0
71,270,8.41,2.415,183.33,0,0,0,0,0,0,0,0,0,0,0,0,0,0,0,0
71,270,8.41,2.415,183.33,0.00524,0,0,0,0,0,0,0,0,0,0,0,0,0,0,0
71,270,8.41,2.415,183.33,0,0,0,0,0,0,0,0,0,0,0,0,0,0,0,0
71,270,8.41,2.415,183.33,0,0,0,0,0,0,0,0,0,0,0,0,0,0,0,0
71,270,8.41,2.415,183.33,0,0,0,0,0,0,0,0,0,0,0,0,0,0,0,0
71,270,8.41,2.415,183.33,0.002344,0,0,0,0,0,0,0,0,0,0,0,0,0,0,0
71,270,8.41,2.415,183.33,0.00247,0,0,0,0,0,0.40452,0,0,0,0,0,0,0,0,0
71,270,8.41,2.415,183.33,0,0,0,0,0,0,0,0,0,0,0,0,0,0,0,0
71,270,8.41,2.415,183.33,2.3515,0,0,0,0,0,0,0,0,0,0,0,0,0,0,0
71,270,8.41,2.415,183.33,0,0,0,0,0,0,0,0,0,0,0,0,0,0,0,0
71,270,8.41,2.415,183.33,0.008333,0,0,0,0,0,0,0,0,0,0,0,0,0,0,0
71,270,8.41,2.415,183.33,0.030321,0,0,0,0,0,0,0,0,0,0,0,0,0,0,0
71,270,8.41,2.415,183.33,0.0085945,0,0,0,0,0,0,0,0,0,0,0,0,0,0,0
71,270,8.41,2.415,183.33,0.040803,0,0,0,0,0,0,0,0,0,0,0,0,0,0,0
71,270,8.41,2.415,183.33,0.001669,0,0,0,0,0,0,0,0,0,0,0,0,0,0,0
71,270,8.41,2.415,183.33,0,0,0,0,0,0,0,0,0,0,0,0,0,0,0,0
71,270,8.41,2.415,183.33,0.33402,0,0,0,0,0,0,0,0,0,0,0,0,0,0,0
71,270,8.41,2.415,183.33,0.067121,0,0,0,0,0,0,0,0,0,0,0,0,0,0,0
71,270,8.41,2.415,183.33,0.008333,0,0,0,0,0,0,0,0,0,0,0,0,0,0,0
71,270,8.41,2.415,183.33,0.14142,0,0,0,0,0,0,0,0,0,0,0,0,0,0,0
71,270,8.41,2.415,183.33,0,0,0,0,0,0,0,0,0,0,0,0,0,0,0,0
71,270,8.41,2.415,183.33,0,0,0,0,0,0,0,0,0,0,0,0,0,0,0,0
71,270,8.41,2.415,183.33,0,0,0,0,0,0,0,0,0,0,0,0,0,0,0,0
71,270,8.41,2.415,183.33,0,0,0,0,0,0,0,0,0,0,0,0,0,0,0,0
71,270,8.41,2.415,183.33,0.036917,0,0,0,0,0,0,0,0,0,0,0,0,0,0,0
71,270,8.41,2.415,183.33,0,0,0,0,0,0,0,0,0,0,0,0,0,0,0,0
71,270,8.41,2.415,183.33,0,0,0,0,0,0,0,0,0,0,0,0,0,0,0,0
71,270,8.41,2.415,183.33,0,0,0,0,0,0,0,0,0,0,0,0,0,0,0,0
71,270,8.41,2.415,183.33,0,0,0,0,0,0,0,0,0,0,0,0,0,0,0,0
71,270,8.41,2.415,183.33,0,0,0,0,0,0,0,0,0,0,0,0,0,0,0,0
71,270,8.41,2.415,183.33,0.00524,0,0,0,0,0,0,0,0,0,0,0,0,0,0,0
71,270,8.41,2.415,183.33,0.039762,0,0,0,0,0,0,0,0,0,0,0,0,0,0,0
71,270,8.41,2.415,183.33,1.1989,0,0,0,0,0,0,0,0,0,0,0,0,0,0,0
71,270,8.41,2.415,183.33,0.16662,0,0,0,0,0,0,0,0,0,0,0,0,0,0,0
71,270,8.41,2.415,183.33,0,0,0,0,0,0,0,0,0,0,0,0,0,0,0,0
71,270,8.41,2.415,183.33,0,0,0,0,0,0,0,0,0,0,0,0,0,0,0,0
71,270,8.41,2.415,183.33,0,0,0,0,0,0,0,0,0,0,0,0,0,0,0,0
71,270,8.41,2.415,183.33,0.72136,0,0,0,0,0,0,0,0,0,0,0,0,0,0,0
71,270,8.41,2.415,183.33,0,0,0,0,0,0,0,0,0,0,0,0,0,0,0,0
71,270,8.41,2.415,183.33,0,0,0,0,0,0,0,0,0,0,0,0,0,0,0,0
71,270,8.41,2.415,183.33,0.032708,0,0,0,0,0,0,0,0,0,0,0,0,0,0,0
71,270,8.41,2.415,183.33,0.008333,0,0,0,0,0,0,0,0,0,0,0,0,0,0,0
71,270,8.41,2.415,183.33,0,0,0,0,0,0,0,0,0,0,0,0,0,0,0,0
71,270,8.41,2.415,183.33,0.02059,0,0,0,0,0,0,0,0,0,0,0,0,0,0,0
71,270,8.41,2.415,183.33,0.14661,0,0,0,0,0,0,0,0,0,0,0,0,0,0,0
71,270,8.41,2.415,183.33,0,0,0,0,0,0,0,0,0,0,0,0,0,0,0,0
71,270,8.41,2.415,183.33,0,0,0,0,0,0,0,0,0,0,0,0,0,0,0,0
71,270,8.41,2.415,183.33,0,0,0,0,0,0,0,0,0,0,0,0,0,0,0,0
71,270,8.41,2.415,183.33,0,0,0,0,0,0,0,0,0,0,0,0,0,0,0,0
71,270,8.41,2.415,183.33,0,0,0,0,0,0,0,0,0,0,0,0,0,0,0,0
71,270,8.41,2.415,183.33,0.031496,0,0,0,0,0,0,0,0,0,0,0,0,0,0,0
71,270,8.41,2.415,183.33,0,0,0,0,0,0,0,0,0,0,0,0,0,0,0,0
71,270,8.41,2.415,183.33,0,0,0,0,0,0,0,0,0,0,0,0,0,0,0,0
71,270,8.41,2.415,183.33,0.014493,0,0,0,0,0,0,0,0,0,0,0,0,0,0,0
71,270,8.41,2.415,183.33,0,0,0,0,0,0,0,0,0,0,0,0,0,0,0,0
71,270,8.41,2.415,183.33,0.026473,0,0,0,0,0,0,0,0,0,0,0,0,0,0,0
71,270,8.41,2.415,183.33,0,0,0,0,0,0,0,0,0,0,0,0,0,0,0,0
71,270,8.41,2.415,183.33,0,0,0,0,0,0,0,0,0,0,0,0,0,0,0,0
71,270,8.41,2.415,183.33,0,0,0,0,0,0,0,0,0,0,0,0,0,0,0,0
71,270,8.41,2.415,183.33,0.095309,0,0,0,0,0,0,0,0,0,0,0,0,0,0,0
71,270,8.41,2.415,183.33,0,0,0,0,0,0,0,0,0,0,0,0,0,0,0,0
71,270,8.41,2.415,183.33,0.008333,0,0,0,0,0,0,0,0,0,0,0,0,0,0,0
71,270,8.41,2.415,183.33,0.00062,0,0,0,0,0,0,0,0,0,0,0,0,0,0,0
71,270,8.41,2.415,183.33,0,0,0,0,0,0,0,0,0,0,0,0,0,0,0,0
71,270,8.41,2.415,183.33,0.021777,0,0,0,0,0,0,0,0,0,0,0,0,0,0,0
71,270,8.41,2.415,183.33,0,0,0,0,0,0,0.13028,0,0,0,0,0,0,0,0,0
71,270,8.41,2.415,183.33,0.52132,0,0,0,0,0,0,0,0,0,0,0,0,0,0,0
71,270,8.41,2.415,183.33,0.11635,0,0,0,0,0.79685,0,0,0,0,0,0,0,0,0,0
71,270,8.41,2.415,183.33,0,0,0,0,0,0,0,0,0,0,0,0,0,0,0,0
71,270,8.41,2.415,183.33,0,0,0,0,0,0,0,0,0,0,0,0,0,0,0,0
71,270,8.41,2.415,183.33,0,0,0,0,0,0,0,0,0,0,0,0,0,0,0,0
71,270,8.41,2.415,183.33,0,0,0,0,0,0.80147,0,0,0,0,0,0,0,0,0,0
71,270,8.41,2.415,183.33,1.5737,0,0,0,0,0,0,0,0,0,0.050576,0,0,0,0,0
71,270,8.41,2.415,183.33,0.20734,0,0,0,0,0,0,0,0,0,0,0,0,0,0,0
71,270,8.41,2.415,183.33,0.008333,0,0,0,0,0,0,0,0,0,0,0,0,0,0,0
71,270,8.41,2.415,183.33,0.15253,0,0,0,0,0,0,0,0,0,0,0,0,0,0,0
71,270,8.41,2.415,183.33,0.003346,0,0,0,0,0,0,0,0,0,0,0,0,0,0,0
71,270,8.41,2.415,183.33,0.008333,0,0,0,0,0,0,0,0,0,0,0,0,0,0,0
71,270,8.41,2.415,183.33,0.95969,0,0,0,0,0,0,0,0,0,0,0,0,0,0,0
71,270,8.41,2.415,183.33,0,0,0,0,0,0,0,0,0,0,0,0,0,0,0,0
71,270,8.41,2.415,183.33,0.092789,0,0,0,0,0,0,0,0,0,0,0,0,0,0,0
71,270,8.41,2.415,183.33,0,0,0,0,0,0,0,0,0,0,0,0,0,0,0,0
71,270,8.41,2.415,183.33,0,0,0,0,0,0,0,0,0,0,0,0,0,0,0,0
71,270,8.41,2.415,183.33,0,0,0,0,0,0,0,0,0,0,0,0,0,0,0,0
71,270,8.41,2.415,183.33,0,0,0,0,0,0,0,0,0,0,0,0,0,0,0,0
71,270,8.41,2.415,183.33,0,0,0,0,0,0,0,0,0,0,0,0,0,0,0,0
71,270,8.41,2.415,183.33,0,0,0,0,0,0.79321,0,0,0,0,0,0,0,0,0,0
71,270,8.41,2.415,183.33,0.014067,0,0,0,0,0,0,0,0,0,0,0,0,0,0,0
71,270,8.41,2.415,183.33,0.025155,0,0,0,0,0,0,0,0,0,0,0,0,0,0,0
71,270,8.41,2.415,183.33,0,0,0,0,0,0,0,0,0,0,0,0,0,0,0,0
71,270,8.41,2.415,183.33,0.008333,0,0,0,0,0,0,0,0,0,0,0,0,0,0,0
71,270,8.41,2.415,183.33,0.002011,0,0,0,0,0,0,0,0,0,0,0,0,0,0,0
71,270,8.41,2.415,183.33,0.82777,0,0,0,0,0,0,0,0,0,0,0,0,0,0,0
71,270,8.41,2.415,183.33,0,0,0,0,0,0,0,0,0,0,0,0,0,0,0,0
71,270,8.41,2.415,183.33,0,0,0,0,0,0,0,0,0,0,0,0,0,0,0,0
71,270,8.41,2.415,183.33,0,0,0,0,0,0,0,0,0,0,0,0,0,0,0,0
71,270,8.41,2.415,183.33,0.010057,0,0,0,0,0,0,0,0,0,0,0,0,0,0,0
71,270,8.41,2.415,183.33,0.0015835,0,0,0,0,0,0,0,0,0,0,0,0,0,0,0
71,270,8.41,2.415,183.33,0,0,0,0,0,0,0,0,0,0,0,0,0,0,0,0
71,270,8.41,2.415,183.33,0,0,0,0,0,0,0,0,0,0,0,0,0,0,0,0
71,270,8.41,2.415,183.33,0,0,0,0,0,0,0,0,0,0,0,0,0,0,0,0
71,270,8.41,2.415,183.33,0.024085,0,0,0,0,0,0,0,0,0,0,0,0,0,0,0
71,270,8.41,2.415,183.33,0.0099438,0,0,0,0,0,0,0,0,0,0,0,0,0,0,0
71,270,8.41,2.415,183.33,0,0,0,0,0,0,0,0,0,0,0,0,0,0,0,0
71,270,8.41,2.415,183.33,0.00524,0,0,0,0,0,0,0,0,0,0,0,0,0,0,0
71,270,8.41,2.415,183.33,0,0,0,0,0,0,0,0,0,0,0,0,0,0,0,0
71,270,8.41,2.415,183.33,0,0,0,0,0,0,0,0,0,0,0,0,0,0,0,0
71,270,8.41,2.415,183.33,0,0,0,0,0,0,0,0,0,0,0,0,0,0,0,0
71,270,8.41,2.415,183.33,0,0,0,0,0,0,0,0,0,0,0,0,0,0,0,0
71,270,8.41,2.415,183.33,0,0,0,0,0,0,0,0,0,0,0,0,0,0,0,0
71,270,8.41,2.415,183.33,0.008333,0,0,0,0,0,0,0,0,0,0,0,0,0,0,0
71,270,8.41,2.415,183.33,0,0,0,0,0,0,0,0,0,0,0,0,0,0,0,0
71,270,8.41,2.415,183.33,0,0,0,0,0,0,0,0,0,0,0,0,0,0,0,0
71,270,8.41,2.415,183.33,0.69701,0,0,0,0,0,0,0,0,0,0,0,0,0,0,0
71,270,8.41,2.415,183.33,0.0262,0,0,0,0,0,0,0,0,0,0,0,0,0,0,0
71,270,8.41,2.415,183.33,0,0,0,0,0,0,0,0,0,0,0,0,0,0,0,0
71,270,8.41,2.415,183.33,0,0,0,0,0,0,0,0,0,0,0,0,0,0,0,0
71,270,8.41,2.415,183.33,0,0,0,0,0,0,0,0,0,0,0,0,0,0,0,0
71,270,8.41,2.415,183.33,0.00524,0,0,0,0,0,0,0,0,0,0,0,0,0,0,0
71,270,8.41,2.415,183.33,0,0,0,0,0,0,0,0,0,0,0,0,0,0,0,0
71,270,8.41,2.415,183.33,0,0,0,0,0,0,0,0,0,0,0,0,0,0,0,0
71,270,8.41,2.415,183.33,0.004143,0,0,0,0,0,0,0,0,0,0,0,0,0,0,0
71,270,8.41,2.415,183.33,0,0,0,0,0,0.20548,0,0,0,0,0,0,0,0,0,0
71,270,8.41,2.415,183.33,0,0,0,0,0,0,0,0,0,0,0,0,0,0,0,0
71,270,8.41,2.415,183.33,0.008333,0,0,0,0,0,0,0,0,0,0,0,0,0,0,0
71,270,8.41,2.415,183.33,0.03553,0,0,0,0,0,0,0,0,0,0,0,0,0,0,0
71,270,8.41,2.415,183.33,0,0,0,0,0,0,0,0,0,0,0,0,0,0,0,0
71,270,8.41,2.415,183.33,0.053439,0,0,0,0,1.9893,0,0,0,0,0,0,0,0,0,0
71,270,8.41,2.415,183.33,0.000254,0,0,0,0,0,0,0,0,0,0,0,0,0,0,0
71,270,8.41,2.415,183.33,0,0,0,0,0,0,0,0,0,0,0,0,0,0,0,0
71,270,8.41,2.415,183.33,0.087115,0,0,0,0,0,0,0,0,0,0,0,0,0,0,0
71,270,8.41,2.415,183.33,0,0,0,0,0,0,0,0,0,0,0,0,0,0,0,0
71,270,8.41,2.415,183.33,0,0,0,0,0,0,0,0,0,0,0,0,0,0,0,0
71,270,8.41,2.415,183.33,0,0,0,0,0,0,0,0,0,0,0,0,0,0,0,0
71,270,8.41,2.415,183.33,0.078444,0,0,0,0,0,0,0,0,0,0,0,0,0,0,0
71,270,8.41,2.415,183.33,0.15715,0,0,0,0,0,0,0,0,0,0,0,0,0,0,0
71,270,8.41,2.415,183.33,0,0,0,0,0,0,0,0,0,0,0,0,0,0,0,0
71,270,8.41,2.415,183.33,0,0,0,0,0,0,0,0,0,0,0,0,0,0,0,0
71,270,8.41,2.415,183.33,0,0,0,0,0,0,0,0,0,0,0,0,0,0,0,0
71,270,8.41,2.415,183.33,0,0,0,0,0,0,0,0,0,0,0,0,0,0,0,0
71,270,8.41,2.415,183.33,0,0,0,0,0,0,0,0,0,0,0,0,0,0,0,0
71,270,8.41,2.415,183.33,0,0,0,0,0,0,0,0,0,0,0,0,0,0,0,0
71,270,8.41,2.415,183.33,0.001436,0,0,0,0,0,0,0,0,0,0,0,0,0,0,0
71,270,8.41,2.415,183.33,0.0067502,0,0,0,0,0,0,0,0,0,0,0,0,0,0,0
71,270,8.41,2.415,183.33,0,0,0,0,0,0,0,0,0,0,0,0,0,0,0,0
71,270,8.41,2.415,183.33,0.0015835,0,0,0,0,0,0,0,0,0,0,0,0,0,0,0
71,270,8.41,2.415,183.33,0.008198,0,0,0,0,0,0,0,0,0,0,0,0,0,0,0
71,270,8.41,2.415,183.33,0,0,0,0,0,0,0,0,0,0,0,0,0,0,0,0
71,270,8.41,2.415,183.33,0,0,0,0,0,0,0,0,0,0,0,0,0,0,0,0
71,270,8.41,2.415,183.33,0,0,0,0,0,0,0,0,0,0,0,0,0,0,0,0
71,270,8.41,2.415,183.33,0,0,0,0,0,0,0,0,0,0,0,0,0,0,0,0
71,270,8.41,2.415,183.33,0.028835,0,0,0,0,0,0,0,0,0,0,0,0,0,0,0
71,270,8.41,2.415,183.33,0.077153,0,0,0,0,0,0,0,0,0,0,0,0,0,0,0
71,270,8.41,2.415,183.33,0.0173,0,0,0,0,0,0,0,0,0,0,0,0,0,0,0
71,270,8.41,2.415,183.33,0.16749,0,0,0,0,0,0,0,0,0,0,0,0,0,0,0
71,270,8.41,2.415,183.33,0,0,0,0,0,0,0,0,0,0,0,0,0,0,0,0
71,270,8.41,2.415,183.33,0,0,0,0,0,0,0,0,0,0,0,0,0,0,0,0
71,270,8.41,2.415,183.33,0,0,0,0,0,0,0,0,0,0,0,0,0,0,0,0
71,270,8.41,2.415,183.33,0,0,0,0,0,0,0,0,0,0,0,0,0,0,0,0
71,270,8.41,2.415,183.33,0,0,0,0,0,0,0,0,0,0,0,0,0,0,0,0
71,270,8.41,2.415,183.33,0.008333,0,0,0,0,0,0,0,0,0,0,0,0,0,0,0
71,270,8.41,2.415,183.33,0.019431,0,0,0,0,0,0,0,0,0,0,0,0,0,0,0
71,270,8.41,2.415,183.33,0,0,0,0,0,0,0,0,0,0,0,0,0,0,0,0
71,270,8.41,2.415,183.33,0,0,0,0,0,0,0,0,0,0,0,0,0,0,0,0
71,270,8.41,2.415,183.33,0,0,0,0,0,0,0,0,0,0,0,0,0,0,0,0
71,270,8.41,2.415,183.33,0.087115,0,0,0,0,0,0,0,0,0,0,0,0,0,0,0
71,270,8.41,2.415,183.33,1.9258,0,0,0,0,0,0,0,0,0,0,0,0,0,0,0
71,270,8.41,2.415,183.33,0.007984,0,0,0,0,0,0,0,0,0,0,0,0,0,0,0
71,270,8.41,2.415,183.33,0.003822,0,0,0,0,0,0,0,0,0,0,0,0,0,0,0
71,270,8.41,2.415,183.33,0.26074,0,0,0,0,0,0,0,0,0,0,0,0,0,0,0
71,270,8.41,2.415,183.33,0,0,0,0,0,0,0,0,0,0,0,0,0,0,0,0
71,270,8.41,2.415,183.33,1.1565,0,0,0,0,0,0,0,0,0,0,0,0,0,0,0
71,270,8.41,2.415,183.33,0,0,0,0,0,0,0,0,0,0,0,0,0,0,0,0
71,270,8.41,2.415,183.33,0,0,0,0,0,0,0,0,0,0,0,0,0,0,0,0
71,270,8.41,2.415,183.33,0.000254,0,0,0,0,0,0,0,0,0,0,0,0,0,0,0
71,270,8.41,2.415,183.33,0,0,0,0,0,0,0,0,0,0,0,0,0,0,0,0
71,270,8.41,2.415,183.33,0,0,0,0,0,0,0,0,0,0,0,0,0,0,0,0
71,270,8.41,2.415,183.33,0,0,0,0,0,0,0,0,0,0,0,0,0,0,0,0
71,270,8.41,2.415,183.33,0,0,0,0,0,0,0,0,0,0,0,0,0,0,0,0
71,270,8.41,2.415,183.33,0,0,0,0,0,0,0,0,0,0,0,0,0,0,0,0
71,270,8.41,2.415,183.33,0.003416,0,0,0,0,0,0,0,0,0,0,0,0,0,0,0
71,270,8.41,2.415,183.33,0.003127,0,0,0,0,0,0,0,0,0,0,0,0,0,0,0
71,270,8.41,2.415,183.33,0.003416,0,0,0,0,0.038567,0,0,0,0,0,0,0,0,0,0
71,270,8.41,2.415,183.33,0,0,0,0,0,0,0,0,0,0,0,0,0,0,0,0
71,270,8.41,2.415,183.33,0.15503,0,0,0,0,0,0,0,0,0,0,0,0,0,0,0
71,270,8.41,2.415,183.33,0.001669,0,0,0,0,0,0,0,0,0,0,0,0,0,0,0
71,270,8.41,2.415,183.33,0,0,0,0,0,0,0,0,0,0,0,0,0,0,0,0
71,270,8.41,2.415,183.33,0.021777,0,0,0,0,0,0,0,0,0,0,0,0,0,0,0
71,270,8.41,2.415,183.33,0.032708,0,0,0,0,0.8217,0,0,0,0,0,0,0,0,0,0
71,270,8.41,2.415,183.33,0.6253,0,0,0,0,0,0,0,0,0,0,0,0,0,0,0
71,270,8.41,2.415,183.33,0,0,0,0,0,0,0,0,0,0,0,0,0,0,0,0
71,270,8.41,2.415,183.33,0.22557,0,0,0,0,0,0,0,0,0,0,0,0,0,0,0
71,270,8.41,2.415,183.33,0.33402,0,0,0,0,0,0,0,0,0,0,0,0,0,0,0
71,270,8.41,2.415,183.33,0.00524,0,0,0,0,0,0,0,0,0,0,0,0,0,0,0
71,270,8.41,2.415,183.33,0.22557,0,0,0,0,0,0,0,0,0,0,0,0,0,0,0
71,270,8.41,2.415,183.33,0,0,0,0,0,0,0,0,0,0,0,0,0,0,0,0
71,270,8.41,2.415,183.33,0,0,0,0,0,0,0,0,0,0,0,0,0,0,0,0
71,270,8.41,2.415,183.33,0.00524,0,0,0,0,0,0,0,0,0,0,0,0,0,0,0
71,270,8.41,2.415,183.33,0,0,0,0,0,0,0,0,0,0,0,0,0,0,0,0
71,270,8.41,2.415,183.33,0,0,0,0,0,0,0,0,0,0,0,0,0,0,0,0
71,270,8.41,2.415,183.33,0.48333,0,0,0,0,0,0,0,0,0,0,0,0,0,0,0
71,270,8.41,2.415,183.33,0,0,0,0,0,0,0,0,0,0,0,0,0,0,0,0
71,270,8.41,2.415,183.33,0.01291,0,0,0,0,0,0,0,0,0,0,0,0,0,0,0
71,270,8.41,2.415,183.33,0,0,0,0,0,0,0,0,0,0,0,0,0,0,0,0
71,270,8.41,2.415,183.33,0,0,0,0,0,0,0,0,0,0,0,0,0,0,0,0
71,270,8.41,2.415,183.33,2.2363,0,0,0,0,0,0,0,0,0,0,0,0,0,0,0
71,270,8.41,2.415,183.33,0,0,0,0,0,0,0,0,0,0,0,0,0,0,0,0
71,270,8.41,2.415,183.33,0.008333,0,0,0,0,0,0,0,0,0,0,0,0,0,0,0
71,270,8.41,2.415,183.33,0.0059107,0,0,0,0,0,0,0,0,0,0,0,0,0,0,0
71,270,8.41,2.415,183.33,0.00524,0,0,0,0,0,0,0,0,0,0,0,0,0,0,0
71,270,8.41,2.415,183.33,0.008333,0,0,0,0,0,0,0,0,0,0,0,0,0,0,0
71,270,8.41,2.415,183.33,0,0,0,0,0,0,0,0,0,0,0,0,0,0,0,0
71,270,8.41,2.415,183.33,0,0,0,0,0,0,0,0,0,0,0,0,0,0,0,0
71,270,8.41,2.415,183.33,0,0,0,0,0,0,0,0,0,0,0,0,0,0,0,0
71,270,8.41,2.415,183.33,0,0,0,0,0,0,0,0,0,0,0,0,0,0,0,0
71,270,8.41,2.415,183.33,0,0,0,0,0,0,0,0,0,0,0,0,0,0,0,0
71,270,8.41,2.415,183.33,0.20108,0,0,0,0,0,0,0,0,0,0,0,0,0,0,0
71,270,8.41,2.415,183.33,0.70436,0,0,0,0,0,0,0,0,0,0,0,0,0,0,0
71,270,8.41,2.415,183.33,0,0,0,0,0,0,0,0,0,0,0,0,0,0,0,0
71,270,8.41,2.415,183.33,0,0,0,0,0,0,0,0,0,0,0,0,0,0,0,0
71,270,8.41,2.415,183.33,0,0,0,0,0,0,0,0,0,0,0,0,0,0,0,0
71,270,8.41,2.415,183.33,0,0,0,0,0,0,0,0,0,0,0,0,0,0,0,0
71,270,8.41,2.415,183.33,0,0,0,0,0,0,0,0,0,0,0,0,0,0,0,0
71,270,8.41,2.415,183.33,0,0,0,0,0,0,0,0,0,0,0,0,0,0,0,0
71,270,8.41,2.415,183.33,0,0,0,0,0,0,0,0,0,0,0,0,0,0,0,0
71,270,8.41,2.415,183.33,0,0,0,0,0,0,0,0,0,0,0,0,0,0,0,0
71,270,8.41,2.415,183.33,0,0,0,0,0,0,0,0,0,0,0,0,0,0,0,0
71,270,8.41,2.415,183.33,0,0,0,0,0,0,0,0,0,0,0,0,0,0,0,0
71,270,8.41,2.415,183.33,0,0,0,0,0,0,0,0,0,0,0,0,0,0,0,0
71,270,8.41,2.415,183.33,1.0115,0,0,0,0,0,0,0,0,0,0,0,0,0,0,0
71,270,8.41,2.415,183.33,0,0,0,0,0,0,0,0,0,0,0,0,0,0,0,0
71,270,8.41,2.415,183.33,0,0,0,0,0,0,0,0,0,0,0,0,0,0,0,0
71,270,8.41,2.415,183.33,0.012768,0,0,0,0,0,0,0,0,0,0,0,0,0,0,0
71,270,8.41,2.415,183.33,0,0,0,0,0,0,0,0,0,0,0,0,0,0,0,0
71,270,8.41,2.415,183.33,0.054239,0,0,0,0,0,0,0,0,0,0,0,0,0,0,0
71,270,8.41,2.415,183.33,0,0,0,0,0,0,0,0,0,0,0,0,0,0,0,0
71,270,8.41,2.415,183.33,0,0,0,0,0,0,0,0,0,0,0,0,0,0,0,0
71,270,8.41,2.415,183.33,0,0,0,0,0,0,0,0,0,0,0,0,0,0,0,0
71,270,8.41,2.415,183.33,0,0,0,0,0,0,0,0,0,0,0,0,0,0,0,0
71,270,8.41,2.415,183.33,0.008333,0,0,0,0,0,0,0,0,0,0,0,0,0,0,0
71,270,8.41,2.415,183.33,0.90117,0,0,0,0,0,0,0,0,0,0,0,0,0,0,0
71,270,8.41,2.415,183.33,0.024085,0,0,0,0,0,0,0,0,0,0,0,0,0,0,0
71,270,8.41,2.415,183.33,0.003538,0,0,0,0,0,0,0,0,0,0,0,0,0,0,0
71,270,8.41,2.415,183.33,0,0,0,0,0,0,0,0,0,0,0,0,0,0,0,0
71,270,8.41,2.415,183.33,0.00829,0,0,0,0,0,0,0,0,0,0,0,0,0,0,0
72,271,3.562,9.5569,725.5,1.3442,0,0,0,0,0,0,0,0,0,0,0,0,0,0,0
72,271,3.562,9.5569,725.5,0.33402,0,0,0,0,0,0,0,0,0,0,0,0,0,0,0
72,271,3.562,9.5569,725.5,0,0,0,0,0,0,0,0,0,0,0,0,0,0,0,0
72,271,3.562,9.5569,725.5,0.000376,0,0,0,0,0,0,0,0,0,0,0,0,0,0,0
72,271,3.562,9.5569,725.5,0.12397,0,0,0,0,0,0,0,0,0,0,0,0,0,0,0
72,271,3.562,9.5569,725.5,0,0,0,0,0,0,0,0,0,0,0,0,0,0,0,0
72,271,3.562,9.5569,725.5,1.1989,0,0,0,0,0,0,0,0,0,0,0,0,0,0,0
72,271,3.562,9.5569,725.5,3.6187,0,0,0,0,0,0,0,0,0,0,0,0,0,0,0
72,271,3.562,9.5569,725.5,0.25931,0,0,0,0,0,0,0,0,0,0,0,0,0,0,0
72,271,3.562,9.5569,725.5,0.0083325,0,0,0,0,0,0,0,0,0,0,0,0,0,0,0
72,271,3.562,9.5569,725.5,0,0,0,0,0,0,0,0,0,0,0,0,0,0,0,0
72,271,3.562,9.5569,725.5,0,0,0,0,0,0,0,0,0,0,0,0,0,0,0,0
72,271,3.562,9.5569,725.5,0.15253,0,0,0,0,0,0,0,0,0,0,0,0,0,0,0
72,271,3.562,9.5569,725.5,0,0,0,0,0,0,0,0,0,0,0,0,0,0,0,0
72,271,3.562,9.5569,725.5,7.4638,0,0,0,0,0,0,0,0,0,0,0,0,0,0,0
72,271,3.562,9.5569,725.5,0.13395,0,0,0,0,0,0,0,0,0,0,0,0,0,0,0
72,271,3.562,9.5569,725.5,0.00524,0,0,0,0,0,0,0,0,0,0,0,0,0,0,0
72,271,3.562,9.5569,725.5,0.000191,0,0,0,0,0,0,0,0,0,0,0,0,0,0,0
72,271,3.562,9.5569,725.5,0.00524,0,0,0,0,0,0,0,0,0,0,0,0,0,0,0
72,271,3.562,9.5569,725.5,0,0,0,0,0,0,0,0,0,0,0,0,0,0,0,0
72,271,3.562,9.5569,725.5,0,0,0,0,0,0,0,0,0,0,0,0,0,0,0,0
72,271,3.562,9.5569,725.5,0.56816,0,0,0,0,0,0,0,0,0,0,0,0,0,0,0
72,271,3.562,9.5569,725.5,0.026473,0,0,0,0,0,0,0,0,0,0,0,0,0,0,0
72,271,3.562,9.5569,725.5,0.00524,0,0,0,0,0,0,0,0,0,0,0,0,0,0,0
72,271,3.562,9.5569,725.5,0.008333,0,0,0,0,0,0,0,0,0,0,0,0,0,0,0
72,271,3.562,9.5569,725.5,0.00524,0,0,0,0,0,0,0,0,0,0,0,0,0,0,0
72,271,3.562,9.5569,725.5,2.6855,0,0,0,0,0,0,0,0,0,0,0,0,0,0,0
72,271,3.562,9.5569,725.5,0.00524,0,0,0,0,0,0,0,0,0,0,0,0,0,0,0
72,271,3.562,9.5569,725.5,0.00524,0,0,0,0,0,0,0,0,0,0,0,0,0,0,0
72,271,3.562,9.5569,725.5,0,0,0,0,0,0,0,0,0,0,0,0,0,0,0,0
72,271,3.562,9.5569,725.5,0,0,0,0,0,0,0,0,0,0,0,0,0,0,0,0
72,271,3.562,9.5569,725.5,0,0,0,0,0,0,0,0,0,0,0,0,0,0,0,0
72,271,3.562,9.5569,725.5,0,0,0,0,0,0,0,0,0,0,0,0,0,0,0,0
72,271,3.562,9.5569,725.5,0,0,0,0,0,0,0,0,0,0,0,0,0,0,0,0
72,271,3.562,9.5569,725.5,0,0,0,0,0,0,0,0,0,0,0,0,0,0,0,0
72,271,3.562,9.5569,725.5,0,0,0,0,0,0,0,0,0,0,0,0,0,0,0,0
72,271,3.562,9.5569,725.5,0.001205,0,0,0,0,0,0,0,0,0,0,0,0,0,0,0
72,271,3.562,9.5569,725.5,0.007328,0,0,0,0,0,0,0,0,0,0,0,0,0,0,0
72,271,3.562,9.5569,725.5,0.008334,0,0,0,0,0,0,0,0,0,0,0,0,0,0,0
72,271,3.562,9.5569,725.5,0.001463,0,0,0,0,0,0,0,0,0,0,0,0,0,0,0
72,271,3.562,9.5569,725.5,0.1308,0,0,0,0,0,0,0,0,0,0,0,0,0,0,0
72,271,3.562,9.5569,725.5,0,0,0,0,0,0,0,0,0,0,0,0,0,0,0,0
72,271,3.562,9.5569,725.5,0,0,0,0,0,0,0,0,0,0,0,0,0,0,0,0
72,271,3.562,9.5569,725.5,0.005239,0,0,0,0,0,0,0,0,0,0,0,0,0,0,0
72,271,3.562,9.5569,725.5,0,0,0,0,0,0,0,0,0,0,0,0,0,0,0,0
72,271,3.562,9.5569,725.5,0.001292,0,0,0,0,0,0,0,0,0,0,0,0,0,0,0
72,271,3.562,9.5569,725.5,0,0,0,0,0,0,0,0,0,0,0,0,0,0,0,0
72,271,3.562,9.5569,725.5,0,0,0,0,0,0,0,0,0,0,0,0,0,0,0,0
72,271,3.562,9.5569,725.5,0.011325,0,0,0,0,0,0,0,0,0,0,0,0,0,0,0
72,271,3.562,9.5569,725.5,0,0,0,0,0,0.0031345,0,0,0,0,0,0,0,0,0,0
72,271,3.562,9.5569,725.5,0,0,0,0,0,0,0,0,0,0,0,0,0,0,0,0
72,271,3.562,9.5569,725.5,0,0,0,0,0,0,0,0,0,0,0,0,0,0,0,0
72,271,3.562,9.5569,725.5,0.008333,0,0,0,0,0,0,0,0,0,0,0,0,0,0,0
72,271,3.562,9.5569,725.5,0,0,0,0,0,0,0,0,0,0,0,0,0,0,0,0
72,271,3.562,9.5569,725.5,0,0,0,0,0,0,0,0,0,0,0,0,0,0,0,0
72,271,3.562,9.5569,725.5,0.078444,0,0,0,0,0,0,0,0,0,0,0,0,0,0,0
72,271,3.562,9.5569,725.5,4.375,0,0,0,0,0,0,0,0,0,0.050576,0,0,0,0,0
72,271,3.562,9.5569,725.5,0.0085945,0,0,0,0,0,0,0,0,0,0,0,0,0,0,0
72,271,3.562,9.5569,725.5,0,0,0,0,0,0,0,0,0,0,0,0,0,0,0,0
72,271,3.562,9.5569,725.5,0.007328,0,0,0,0,0,0,0,0,0,0,0,0,0,0,0
72,271,3.562,9.5569,725.5,0,0,0,0,0,0,0,0,0,0,0,0,0,0,0,0
72,271,3.562,9.5569,725.5,0.19739,0,0,0,0,0,0,0,0,0,0,0,0,0,0,0
72,271,3.562,9.5569,725.5,0,0,0,0,0,0.00062,0,0,0,0,0,0,0,0,0,0
72,271,3.562,9.5569,725.5,0,0,0,0,0,0,0,0,0,0,0,0,0,0,0,0
72,271,3.562,9.5569,725.5,0.12397,0,0,0,0,0,0,0,0,0,0,0,0,0,0,0
72,271,3.562,9.5569,725.5,0,0,0,0,0,0,0,0,0,0,0,0,0,0,0,0
72,271,3.562,9.5569,725.5,0,0,0,0,0,0,0,0,0,0,0,0,0,0,0,0
72,271,3.562,9.5569,725.5,9.4103,0,0,0,0,0,0,0,0,0,0,0,0,0,0,0
72,271,3.562,9.5569,725.5,0,0,0,0,0,0.005801,0,0,0,0,0,0,0,0,0,0
72,271,3.562,9.5569,725.5,0.14661,0,0,0,0,0,0,0,0,0,0,0,0,0,0,0
72,271,3.562,9.5569,725.5,0.00714,0,0,0,0,0,0,0,0,0,0,0,0,0,0,0
72,271,3.562,9.5569,725.5,0,0,0,0,0,0,0,0,0,0,0,0,0,0,0,0
72,271,3.562,9.5569,725.5,0.038575,0,0,0,0,0,0,0,0,0,0,0,0,0,0,0
72,271,3.562,9.5569,725.5,0.002998,0,0,0,0,0,0,0,0,0,0,0,0,0,0,0
72,271,3.562,9.5569,725.5,0.049312,0,0,0,0,0,0,0,0,0,0,0,0,0,0,0
72,271,3.562,9.5569,725.5,0.06137,0,0,0,0,0,0,0,0,0,0,0,0,0,0,0
72,271,3.562,9.5569,725.5,0.90117,0,0,0,0,0,0,0,0,0,0,0,0,0,0,0
72,271,3.562,9.5569,725.5,0,0,0,0,0,0,0,0,0,0,0,0,0,0,0,0
72,271,3.562,9.5569,725.5,0,0,0,0,0,0,0,0,0,0,0,0,0,0,0,0
72,271,3.562,9.5569,725.5,0,0,0,0,0,0,0,0,0,0,0,0,0,0,0,0
72,271,3.562,9.5569,725.5,1.1989,0,0,0,0,0,0,0,0,0,0,0,0,0,0,0
72,271,3.562,9.5569,725.5,0.77328,0,0,0,0,0,0,0,0,0,0,0,0,0,0,0
72,271,3.562,9.5569,725.5,0,0,0,0,0,0,0,0,0,0,0,0,0,0,0,0
72,271,3.562,9.5569,725.5,0,0,0,0,0,0,0,0,0,0,0,0,0,0,0,0
72,271,3.562,9.5569,725.5,0,0,0,0,0,0,0,0,0,0,0,0,0,0,0,0
72,271,3.562,9.5569,725.5,0,0,0,0,0,0,0,0,0,0,0,0,0,0,0,0
72,271,3.562,9.5569,725.5,0,0,0,0,0,0,0,0,0,0,0,0,0,0,0,0
72,271,3.562,9.5569,725.5,0.003416,0,0,0,0,0,0,0,0,0,0,0,0,0,0,0
72,271,3.562,9.5569,725.5,0.52132,0,0,0,0,0,0,0,0,0,0,0,0,0,0,0
72,271,3.562,9.5569,725.5,0,0,0,0,0,0,0,0,0,0,0,0,0,0,0,0
72,271,3.562,9.5569,725.5,0,0,0,0,0,0,0,0,0,0,0,0,0,0,0,0
72,271,3.562,9.5569,725.5,0.010649,0,0,0,0,0,0,0,0,0,0,0,0,0,0,0
72,271,3.562,9.5569,725.5,0,0,0,0,0,0,0,0,0,0,0,0,0,0,0,0
72,271,3.562,9.5569,725.5,0,0,0,0,0,0,0,0,0,0,0,0,0,0,0,0
72,271,3.562,9.5569,725.5,3.721,0,0,0,0,0,0,0,0,0,0,0,0,0,0,0
72,271,3.562,9.5569,725.5,0.004588,0,0,0,0,0,0,0,0,0,0,0,0,0,0,0
72,271,3.562,9.5569,725.5,0,0,0,0,0,0,0,0,0,0,0,0,0,0,0,0
72,271,3.562,9.5569,725.5,0,0,0,0,0,0,0,0,0,0,0,0,0,0,0,0
72,271,3.562,9.5569,725.5,0.00524,0,0,0,0,0,0,0,0,0,0,0,0,0,0,0
72,271,3.562,9.5569,725.5,0.0055799,0,0,0,0,0,0,0,0,0,0,0,0,0,0,0
72,271,3.562,9.5569,725.5,0.7463,0,0,0,0,0,0,0,0,0,0,0,0,0,0,0
72,271,3.562,9.5569,725.5,0,0,0,0,0,0,0,0,0,0,0,0,0,0,0,0
72,271,3.562,9.5569,725.5,1.4071,0,0,0,0,0,0,0,0,0,0,0,0,0,0,0
72,271,3.562,9.5569,725.5,0,0,0,0,0,0,0,0,0,0,0,0,0,0,0,0
72,271,3.562,9.5569,725.5,0.084433,0,0,0,0,0,0,0,0,0,0,0,0,0,0,0
72,271,3.562,9.5569,725.5,0.074483,0,0,0,0,0,0,0,0,0,0,0,0,0,0,0
72,271,3.562,9.5569,725.5,0,0,0,0,0,0,0,0,0,0,0,0,0,0,0,0
72,271,3.562,9.5569,725.5,0.25931,0,0,0,0,0,0,0,0,0,0,0,0,0,0,0
72,271,3.562,9.5569,725.5,0.00524,0,0,0,0,0,0,0,0,0,0,0,0,0,0,0
72,271,3.562,9.5569,725.5,0.21432,0,0,0,0,0,0,0,0,0,0,0,0,0,0,0
72,271,3.562,9.5569,725.5,0.90117,0,0,0,0,0,0,0,0,0,0,0,0,0,0,0
72,271,3.562,9.5569,725.5,0,0,0,0,0,0,0,0,0,0,0,0,0,0,0,0
72,271,3.562,9.5569,725.5,0,0,0,0,0,0,0,0,0,0,0,0,0,0,0,0
72,271,3.562,9.5569,725.5,0,0,0,0,0,0,0,0,0,0,0,0,0,0,0,0
72,271,3.562,9.5569,725.5,0.000156,0,0,0,0,0,0,0,0,0,0,0,0,0,0,0
72,271,3.562,9.5569,725.5,0,0,0,0,0,0,0,0,0,0,0,0,0,0,0,0
72,271,3.562,9.5569,725.5,0.000254,0,0,0,0,0,0,0,0,0,0,0,0,0,0,0
72,271,3.562,9.5569,725.5,0.002344,0,0,0,0,0,0,0,0,0,0,0,0,0,0,0
72,271,3.562,9.5569,725.5,0.21924,0,0,0,0,0,0,0,0,0,0,0,0,0,0,0
72,271,3.562,9.5569,725.5,0.00524,0,0,0,0,0,0,0,0,0,0,0,0,0,0,0
72,271,3.562,9.5569,725.5,0.005239,0,0,0,0,0,0,0,0,0,0,0,0,0,0,0
72,271,3.562,9.5569,725.5,2.1348,0,0,0,0,0,0,0,0,0,0,0,0,0,0,0
72,271,3.562,9.5569,725.5,0,0,0,0,0,0,0,0,0,0,0,0,0,0,0,0
72,271,3.562,9.5569,725.5,1.2727,0,0,0,0,0,0,0,0,0,0,0,0,0,0,0
72,271,3.562,9.5569,725.5,0,0,0,0,0,0,0,0,0,0,0,0,0,0,0,0
72,271,3.562,9.5569,725.5,0,0,0,0,0,0,0,0,0,0,0,0,0,0,0,0
72,271,3.562,9.5569,725.5,0,0,0,0,0,0,0,0,0,0,0,0,0,0,0,0
72,271,3.562,9.5569,725.5,0.002011,0,0,0,0,0,0,0,0,0,0,0,0,0,0,0
72,271,3.562,9.5569,725.5,0,0,0,0,0,0,0,0,0,0,0,0,0,0,0,0
72,271,3.562,9.5569,725.5,0.20734,0,0,0,0,0,0,0,0,0,0,0,0,0,0,0
72,271,3.562,9.5569,725.5,0,0,0,0,0,0,0,0,0,0,0,0,0,0,0,0
72,271,3.562,9.5569,725.5,0,0,0,0,0,0,0,0,0,0,0,0,0,0,0,0
72,271,3.562,9.5569,725.5,1.3158,0,0,0,0,0,0,0,0,0,0,0,0,0,0,0
72,271,3.562,9.5569,725.5,0.25931,0,0,0,0,0,0,0,0,0,0.050576,0,0,0,0,0
72,271,3.562,9.5569,725.5,0,0,0,0,0,0,0,0,0,0,0,0,0,0,0,0
72,271,3.562,9.5569,725.5,0,0,0,0,0,0,0,0,0,0,0,0,0,0,0,0
72,271,3.562,9.5569,725.5,0,0,0,0,0,0,0,0,0,0,0,0,0,0,0,0
72,271,3.562,9.5569,725.5,1.3158,0,0,0,0,0,0,0,0,0,0,0,0,0,0,0
72,271,3.562,9.5569,725.5,0,0,0,0,0,0,0,0,0,0,0,0,0,0,0,0
72,271,3.562,9.5569,725.5,0,0,0,0,0,0,0,0,0,0,0,0,0,0,0,0
72,271,3.562,9.5569,725.5,6.4344,0,0,0,0,0,0,0,0,0,0,0,0,0,0,0
72,271,3.562,9.5569,725.5,0,0,0,0,0,0,0,0,0,0,0,0,0,0,0,0
72,271,3.562,9.5569,725.5,0,0,0,0,0,0,5.3035,0,0,0,0,0,0,0,0,0
72,271,3.562,9.5569,725.5,0,0,0,0,0,0,0,0,0,0,0,0,0,0,0,0
72,271,3.562,9.5569,725.5,0.003127,0,0,0,0,0,0,0,0,0,0,0,0,0,0,0
72,271,3.562,9.5569,725.5,0,0,0,0,0,0,0,0,0,0,0,0,0,0,0,0
72,271,3.562,9.5569,725.5,0.008333,0,0,0,0,0,0,0,0,0,0,0,0,0,0,0
72,271,3.562,9.5569,725.5,0,0,0,0,0,0,0,0,0,0,0,0,0,0,0,0
72,271,3.562,9.5569,725.5,0,0,0,0,0,0,0,0,0,0,0,0,0,0,0,0
72,271,3.562,9.5569,725.5,0.008335,0,0,0,0,0,0,0,0,0,0,0,0,0,0,0
72,271,3.562,9.5569,725.5,0.003346,0,0,0,0,0,0,0,0,0,0,0,0,0,0,0
72,271,3.562,9.5569,725.5,0.000688,0,0,0,0,0,0,0,0,0,0,0,0,0,0,0
72,271,3.562,9.5569,725.5,0.005239,0,0,0,0,0.004426,0,0,0,0,0,0,0,0,0,0
72,271,3.562,9.5569,725.5,0,0,0,0,0,0,0,0,0,0,0,0,0,0,0,0
72,271,3.562,9.5569,725.5,0.0084135,0,0,0,0,0,0,0,0,0,0,0,0,0,0,0
72,271,3.562,9.5569,725.5,0.011629,0,0,0,0,0,0,0,0,0,0,0,0,0,0,0
72,271,3.562,9.5569,725.5,0,0,0,0,0,0,0,0,0,0,0,0,0,0,0,0
72,271,3.562,9.5569,725.5,0,0,0,0,0,0,0,0,0,0,0,0,0,0,0,0
72,271,3.562,9.5569,725.5,0.26074,0,0,0,0,0,0,0,0,0,0,0,0,0,0,0
72,271,3.562,9.5569,725.5,0.000251,0,0,0,0,0,0,0,0,0,0,0,0,0,0,0
72,271,3.562,9.5569,725.5,0,0,0,0,0,0,0,0,0,0,0,0,0,0,0,0
72,271,3.562,9.5569,725.5,0.25931,0,0,0,0,0,0,0,0,0,0,0,0,0,0,0
72,271,3.562,9.5569,725.5,0,0,0,0,0,0,0,0,0,0,0,0,0,0,0,0
72,271,3.562,9.5569,725.5,0.037899,0,0,0,0,0,0,0,0,0,0,0,0,0,0,0
72,271,3.562,9.5569,725.5,0.32688,0,0,0,0,0,0,0,0,0,0,0,0,0,0,0
72,271,3.562,9.5569,725.5,0,0,0,0,0,0,0,0,0,0,0,0,0,0,0,0
72,271,3.562,9.5569,725.5,8.9433,0,0,0,0,0,0,0,0,0,0,0,0,0,0,0
72,271,3.562,9.5569,725.5,0,0,0,0,0,0,0,0,0,0,0,0,0,0,0,0
72,271,3.562,9.5569,725.5,0.018812,0,0,0,0,0,0,0,0,0,0,0,0,0,0,0
72,271,3.562,9.5569,725.5,0.008333,0,0,0,0,0,0,0,0,0,0,0,0,0,0,0
72,271,3.562,9.5569,725.5,0,0,0,0,0,0,0,0,0,0,0.18266,0,0,0,0,0
72,271,3.562,9.5569,725.5,0,0,0,0,0,0,0,0,0,0,0,0,0,0,0,0
72,271,3.562,9.5569,725.5,0,0,0,0,0,0,0,0,0,0,0,0,0,0,0,0
72,271,3.562,9.5569,725.5,0.046678,0,0,0,0,0,0,0,0,0,0,0,0,0,0,0
72,271,3.562,9.5569,725.5,0,0,0,0,0,0,0,0,0,0,0,0,0,0,0,0
72,271,3.562,9.5569,725.5,0.34906,0,0,0,0,0,0,0,0,0,0,0,0,0,0,0
72,271,3.562,9.5569,725.5,0,0,0,0,0,0,0,0,0,0,0,0,0,0,0,0
72,271,3.562,9.5569,725.5,1.7327,0,0,0,0,0,0,0,0,0,0,0,0,0,0,0
72,271,3.562,9.5569,725.5,0.008335,0,0,0,0,0,0,0,0,0,0,0,0,0,0,0
72,271,3.562,9.5569,725.5,2.453,0,0,0,0,0,0,0,0,0,0,0,0,0,0,0
72,271,3.562,9.5569,725.5,0,0,0,0,0,0,0,0,0,0,0,0,0,0,0,0
72,271,3.562,9.5569,725.5,3.2636,0,0,0,0,0,0,0,0,0,0,0,0,0,0,0
72,271,3.562,9.5569,725.5,0.20108,0,0,0,0,0,0,0,0,0,0,0,0,0,0,0
72,271,3.562,9.5569,725.5,0,0,0,0,0,0,0,0,0,0,0,0,0,0,0,0
72,271,3.562,9.5569,725.5,0,0,0,0,0,0,0,0,0,0,0,0,0,0,0,0
72,271,3.562,9.5569,725.5,0,0,0,0,0,0,0,0,0,0,0,0,0,0,0,0
72,271,3.562,9.5569,725.5,0,0,0,0,0,0,0,0,0,0,0,0,0,0,0,0
72,271,3.562,9.5569,725.5,0,0,0,0,0,0,0,0,0,0,0,0,0,0,0,0
72,271,3.562,9.5569,725.5,0.001436,0,0,0,0,0,0,0,0,0,0,0,0,0,0,0
72,271,3.562,9.5569,725.5,1.7992,0,0,0,0,0,0,0,0,0,0,0,0,0,0,0
72,271,3.562,9.5569,725.5,0,0,0,0,0,0,0,0,0,0,0,0,0,0,0,0
72,271,3.562,9.5569,725.5,0.011629,0,0,0,0,0,0,0,0,0,0,0,0,0,0,0
72,271,3.562,9.5569,725.5,0.0084135,0,0,0,0,0,0,0,0,0,0,0,0,0,0,0
72,271,3.562,9.5569,725.5,0,0,0,0,0,0,0,0,0,0,0,0,0,0,0,0
72,271,3.562,9.5569,725.5,0.007984,0,0,0,0,0,0.13028,0,0,0,0,0,0,0,0,0
72,271,3.562,9.5569,725.5,0,0,0,0,0,0,0,0,0,0,0,0,0,0,0,0
72,271,3.562,9.5569,725.5,0.004588,0,0,0,0,0,0,0,0,0,0,0,0,0,0,0
72,271,3.562,9.5569,725.5,0,0,0,0,0,0,0,0,0,0,0,0,0,0,0,0
72,271,3.562,9.5569,725.5,0,0,0,0,0,0,0,0,0,0,0,0,0,0,0,0
72,271,3.562,9.5569,725.5,0,0,0,0,0,0,0,0,0,0,0,0,0,0,0,0
72,271,3.562,9.5569,725.5,0.004345,0,0,0,0,0,0,0,0,0,0,0,0,0,0,0
72,271,3.562,9.5569,725.5,7.717,0,0,0,0,0,0,0,0,0,0,0,0,0,0,0
72,271,3.562,9.5569,725.5,0.019276,0,0,0,0,0,0,0,0,0,0,0,0,0,0,0
72,271,3.562,9.5569,725.5,0,0,0,0,0,0,0,0,0,0,0,0,0,0,0,0
72,271,3.562,9.5569,725.5,0,0,0,0,0,0,0,0,0,0,0,0,0,0,0,0
72,271,3.562,9.5569,725.5,0,0,0,0,0,0,0,0,0,0,0,0,0,0,0,0
72,271,3.562,9.5569,725.5,0,0,0,0,0,0,0,0,0,0,0,0,0,0,0,0
72,271,3.562,9.5569,725.5,0,0,0,0,0,0,0,0,0,0,0,0,0,0,0,0
72,271,3.562,9.5569,725.5,0,0,0,0,0,0,0,0,0,0,0,0,0,0,0,0
72,271,3.562,9.5569,725.5,0,0,0,0,0,0,0,0,0,0,0,0,0,0,0,0
72,271,3.562,9.5569,725.5,5.7829,0,0,0,0,0,0,0,0,0,0,0,0,0,0,0
72,271,3.562,9.5569,725.5,0,0,0,0,0,0,0,0,0,0,0,0,0,0,0,0
72,271,3.562,9.5569,725.5,0,0,0,0,0,0,0,0,0,0,0,0,0,0,0,0
72,271,3.562,9.5569,725.5,0.084433,0,0,0,0,0,0,0,0,0,0,0,0,0,0,0
72,271,3.562,9.5569,725.5,0.19022,0,0,0,0,0,0,0,0,0,0,0,0,0,0,0
72,271,3.562,9.5569,725.5,0.008333,0,0,0,0,0,0,0,0,0,0,0,0,0,0,0
72,271,3.562,9.5569,725.5,0,0,0,0,0,0,0,0,0,0,0,0,0,0,0,0
72,271,3.562,9.5569,725.5,0,0,0,0,0,0,0,0,0,0,0,0,0,0,0,0
72,271,3.562,9.5569,725.5,0,0,0,0,0,0,0,0,0,0,0,0,0,0,0,0
72,271,3.562,9.5569,725.5,0.23542,0,0,0,0,0,0,0,0,0,0,0,0,0,0,0
72,271,3.562,9.5569,725.5,0.006676,0,0,0,0,0,0,0,0,0,0,0,0,0,0,0
72,271,3.562,9.5569,725.5,0.002031,0,0,0,0,0,0,0,0,0,0,0,0,0,0,0
72,271,3.562,9.5569,725.5,5.1786,0,0,0,0,0,0,0,0,0,0,0,0,0,0,0
72,271,3.562,9.5569,725.5,0,0,0,0,0,0,0,0,0,0,0,0,0,0,0,0
72,271,3.562,9.5569,725.5,0,0,0,0,0,0,0,0,0,0,0,0,0,0,0,0
72,271,3.562,9.5569,725.5,0.83857,0,0,0,0,0,0,0,0,0,0,0,0,0,0,0
72,271,3.562,9.5569,725.5,0.024948,0,0,0,0,0,0,0,0,0,0,0,0,0,0,0
72,271,3.562,9.5569,725.5,0,0,0,0,0,0,0,0,0,0,0,0,0,0,0,0
72,271,3.562,9.5569,725.5,0,0,0,0,0,0,0,0,0,0,0,0,0,0,0,0
72,271,3.562,9.5569,725.5,1.0984,0,0,0,0,0,0,0,0,0,0,0,0,0,0,0
72,271,3.562,9.5569,725.5,0.030321,0,0,0,0,0,0,0,0,0,0,0,0,0,0,0
72,271,3.562,9.5569,725.5,0,0,0,0,0,0,0,0,0,0,0,0,0,0,0,0
72,271,3.562,9.5569,725.5,0,0,0,0,0,0,0,0,0,0,0,0,0,0,0,0
72,271,3.562,9.5569,725.5,0,0,0,0,0,0,0,0,0,0,0,0,0,0,0,0
72,271,3.562,9.5569,725.5,0.008333,0,0,0,0,0,0,0,0,0,0.16831,0,0,0,0,0
72,271,3.562,9.5569,725.5,0,0,0,0,0,0,0,0,0,0,0,0,0,0,0,0
72,271,3.562,9.5569,725.5,1.2478,0,0,0,0,0,0,0,0,0,0,0,0,0,0,0
72,271,3.562,9.5569,725.5,0.03414,0,0,0,0,0,0,0,0,0,0,0,0,0,0,0
72,271,3.562,9.5569,725.5,0,0,0,0,0,0,0,0,0,0,0,0,0,0,0,0
72,271,3.562,9.5569,725.5,0,0,0,0,0,0,0,0,0,0,0,0,0,0,0,0
72,271,3.562,9.5569,725.5,0.18047,0,0,0,0,0,0,0,0,0,0,0,0,0,0,0
72,271,3.562,9.5569,725.5,0.10797,0,0,0,0,0,0,0,0,0,0,0,0,0,0,0
72,271,3.562,9.5569,725.5,0,0,0,0,0,0,0,0,0,0,0,0,0,0,0,0
72,271,3.562,9.5569,725.5,4.0436,0,0,0,0,0,0,0,0,0,0,0,0,0,4.9507,0
72,271,3.562,9.5569,725.5,0,0,0,0,0,0,0,0,0,0,0,0,0,0,0,0
72,271,3.562,9.5569,725.5,0.001769,0,0,0,0,0,0,0,0,0,0,0,0,0,0,0
72,271,3.562,9.5569,725.5,1.4591,0,0,0,0,0,0,0,0,0,0,0,0,0,0,0
72,271,3.562,9.5569,725.5,0.14661,0,0,0,0,0,0,0,0,0,0,0,0,0,0,0
72,271,3.562,9.5569,725.5,0,0,0,0,0,0,0,0,0,0,0,0,0,0,0,0
72,271,3.562,9.5569,725.5,0.001267,0,0,0,0,0,0,0,0,0,0,0,0,0,0,0
72,271,3.562,9.5569,725.5,7.4638,0,0,0,0,0,0,0,0,0,0,0,0,0,0,0
72,271,3.562,9.5569,725.5,2.453,0,0,0,0,0,0,0,0,0,0,0,0,0,0,0
72,271,3.562,9.5569,725.5,0,0,0,0,0,0,0,0,0,0,0,0,0,0,0,0
72,271,3.562,9.5569,725.5,0,0,0,0,0,0,0,0,0,0,0,0,0,0,0,0
72,271,3.562,9.5569,725.5,0,0,0,0,0,0.79502,0,0,0,0,0,0,0,0,0,0
72,271,3.562,9.5569,725.5,0,0,0,0,0,0,0,0,0,0,0,0,0,0,0,0
72,271,3.562,9.5569,725.5,2.2284,0,0,0,0,0,0,0,0,0,0,0,0,0,0,0
72,271,3.562,9.5569,725.5,0.008333,0,0,0,0,0,0,0,0,0,0,0,0,0,0,0
72,271,3.562,9.5569,725.5,0.067121,0,0,0,0,0,0.13028,0,0,0,0,0,0,0,0,0
72,271,3.562,9.5569,725.5,0,0,0,0,0,0,0,0,0,0,0,0,0,0,0,0
72,271,3.562,9.5569,725.5,0.003932,0,0,0,0,0,0,0,0,0,0,0,0,0,0,0
72,271,3.562,9.5569,725.5,0.46884,0,0,0,0,0,0,0,0,0,0,0,0,0,0,0
72,271,3.562,9.5569,725.5,0.0015835,0,0,0,0,0,0,0,0,0,0,0,0,0,0,0
72,271,3.562,9.5569,725.5,0.023994,0,0,0,0,0,0,0,0,0,0,0,0,0,0,0
72,271,3.562,9.5569,725.5,0,0,0,0,0,0,0,0,0,0,0,0,0,0,0,0
72,271,3.562,9.5569,725.5,0,0,0,0,0,0,0,0,0,0,0,0,0,0,0,0
72,271,3.562,9.5569,725.5,0,0,0,0,0,0,0,0,0,0,0,0,0,0,0,0
72,271,3.562,9.5569,725.5,0,0,0,0,0,0,0,0,0,0,0,0,0,0,0,0
72,271,3.562,9.5569,725.5,0.008333,0,0,0,0,0,0,0,0,0,0,0,0,0,0,0
72,271,3.562,9.5569,725.5,0,0,0,0,0,0,0,0,0,0,0,0,0,0,0,0
72,271,3.562,9.5569,725.5,0,0,0,0,0,0,0,0,0,0,0,0,0,0,0,0
72,271,3.562,9.5569,725.5,0,0,0,0,0,0,0,0,0,0,0,0,0,0,0,0
72,271,3.562,9.5569,725.5,0.39765,0,0,0,0,0,4.1671,0,0,0,0,0,0,0,0,0
72,271,3.562,9.5569,725.5,0.0068531,0,0,0,0,0,0,0,0,0,0,0,0,0,0,0
72,271,3.562,9.5569,725.5,0.49662,0,0,0,0,0,0,0,0,0,0,0,0,0,0,0
72,271,3.562,9.5569,725.5,0.001292,0,0,0,0,0,0,0,0,0,0,0,0,0,0,0
72,271,3.562,9.5569,725.5,0.017738,0,0,0,0,0,0,0,0,0,0,0,0,0,0,0
72,271,3.562,9.5569,725.5,0.25802,0,0,0,0,0,0,0,0,0,0,0,0,0,0,0
72,271,3.562,9.5569,725.5,0,0,0,0,0,0,0,0,0,0,0,0,0,0,0,0
72,271,3.562,9.5569,725.5,0.009672,0,0,0,0,0,0,0,0,0,0,0,0,0,0,0
72,271,3.562,9.5569,725.5,0.029455,0,0,0,0,0,0.13028,0,0,0,0,0,0,0,0,0
72,271,3.562,9.5569,725.5,0.43387,0,0,0,0,0,0,0,0,0,0,0,0,0,0,0
72,271,3.562,9.5569,725.5,0.00387,0,0,0,0,0,0,0,0,0,0,0,0,0,0,0
72,271,3.562,9.5569,725.5,0.12397,0,0,0,0,0,0,0,0,0,0,0,0,0,0,0
72,271,3.562,9.5569,725.5,0.15253,0,0,0,0,0,0,0,0,0,0,0,0,0,0,0
72,271,3.562,9.5569,725.5,0,0,0,0,0,0,0,0,0,0,0,0,0,0,0,0
72,271,3.562,9.5569,725.5,0.024948,0,0,0,0,0,0,0,0,0,0,0,0,0,0,0
72,271,3.562,9.5569,725.5,0.004345,0,0,0,0,0,0,0,0,0,0,0,0,0,0,0
72,271,3.562,9.5569,725.5,0.03553,0,0,0,0,0,0,0,0,0,0,0,0,0,0,0
72,271,3.562,9.5569,725.5,0,0,0,0,0,0,0,0,0,0,0,0,0,0,0,0
72,271,3.562,9.5569,725.5,0.040803,0,0,0,0,0,0,0,0,0,0,0,0,0,0,0
72,271,3.562,9.5569,725.5,0.008333,0,0,0,0,0,0,0,0,0,0,0,0,0,0,0
72,271,3.562,9.5569,725.5,0,0,0,0,0,0,0,0,0,0,0,0,0,0,0,0
72,271,3.562,9.5569,725.5,0.005239,0,0,0,0,0,0,0,0,0,0,0,0,0,0,0
72,271,3.562,9.5569,725.5,0,0,0,0,0,0,0,0,0,0,0,0,0,0,0,0
72,271,3.562,9.5569,725.5,0,0,0,0,0,0,0,0,0,0,0,0,0,0,0,0
72,271,3.562,9.5569,725.5,0.36298,0,0,0,0,0,0,0,0,0,0,0,0,0,0,0
72,271,3.562,9.5569,725.5,0.0032875,0,0,0,0,0,0,0,0,0,0,0,0,0,0,0
72,271,3.562,9.5569,725.5,1.0984,0,0,0,0,0,0,0,0,0,0,0,0,0,0,0
72,271,3.562,9.5569,725.5,3.0514,0,0,0,0,0,0,0,0,0,0,0,0,0,0,0
72,271,3.562,9.5569,725.5,0,0,0,0,0,0,0,0,0,0,0,0,0,0,0,0
72,271,3.562,9.5569,725.5,0.83857,0,0,0,0,0,0,0,0,0,0,0,0,0,0,0
72,271,3.562,9.5569,725.5,0,0,0,0,0,0,0,0,0,0,0,0,0,0,0,0
72,271,3.562,9.5569,725.5,0.010295,0,0,0,0,0,0,0,0,0,0,0,0,0,0,0
72,271,3.562,9.5569,725.5,0,0,0,0,0,0,0,0,0,0,0,0,0,0,0,0
72,271,3.562,9.5569,725.5,0,0,0,0,0,0,0,0,0,0,0,0,0,0,0,0
72,271,3.562,9.5569,725.5,0,0,0,0,0,0,0,0,0,0,0,0,0,0,0,0
72,271,3.562,9.5569,725.5,0,0,0,0,0,0,0,0,0,0,0,0,0,0,0,0
72,271,3.562,9.5569,725.5,0.003932,0,0,0,0,0,0,0,0,0,0,0,0,0,0,0
72,271,3.562,9.5569,725.5,0,0,0,0,0,0,0,0,0,0,0,0,0,0,0,0
72,271,3.562,9.5569,725.5,0,0,0,0,0,0,0,0,0,0,0,0,0,0,0,0
72,271,3.562,9.5569,725.5,0.008336,0,0,0,0,0,0,0,0,0,0,0,0,0,0,0
72,271,3.562,9.5569,725.5,0,0,0,0,0,0,0,0,0,0,0,0,0,0,0,0
72,271,3.562,9.5569,725.5,0.003346,0,0,0,0,0,0,0,0,0,0,0,0,0,0,0
72,271,3.562,9.5569,725.5,0.007984,0,0,0,0,0,0,0,0,0,0,0,0,0,0,0
72,271,3.562,9.5569,725.5,0.19739,0,0,0,0,0,0,0,0,0,0,0,0,0,0,0
72,271,3.562,9.5569,725.5,0.69701,0,0,0,0,0,0,0,0,0,0,0,0,0,0,0
72,271,3.562,9.5569,725.5,0,0,0,0,0,0,0,0,0,0,0,0,0,0,0,0
72,271,3.562,9.5569,725.5,0,0,0,0,0,0,0,0,0,0,0,0,0,0,0,0
72,271,3.562,9.5569,725.5,0,0,0,0,0,0.005801,0,0,0,0,0,0,0,0,0,0
72,271,3.562,9.5569,725.5,0.00062,0,0,0,0,0,0,0,0,0,0,0,0,0,0,0
72,271,3.562,9.5569,725.5,0,0,0,0,0,0,0,0,0,0,0,0,0,0,0,0
72,271,3.562,9.5569,725.5,0.042115,0,0,0,0,0,0,0,0,0,0,0,0,0,0,0
72,271,3.562,9.5569,725.5,0.14661,0,0,0,0,0,0,0,0,0,0,0,0,0,0,0
72,271,3.562,9.5569,725.5,0,0,0,0,0,0,0,0,0,0,5.0906,0,0,0,0,0
72,271,3.562,9.5569,725.5,0.042115,0,0,0,0,0,0,0,0,0,0,0,0,0,0,0
72,271,3.562,9.5569,725.5,0.003295,0,0,0,0,0,0,0,0,0,0,0,0,0,0,0
72,271,3.562,9.5569,725.5,0,0,0,0,0,0,0,0,0,0,0,0,0,0,0,0
72,271,3.562,9.5569,725.5,0.19739,0,0,0,0,0,0,0,0,0,0.050576,0,0,0,0,0
72,271,3.562,9.5569,725.5,0,0,0,0,0,0,0,0,0,0,0,0,0,0,0,0
72,271,3.562,9.5569,725.5,0.0098155,0,0,0,0,0,0,0,0,0,0,0,0,0,0,0
72,271,3.562,9.5569,725.5,2.6401,0,0,0,0,0,0,0,0,0,0,0,0,0,0,0
72,271,3.562,9.5569,725.5,0,0,0,0,0,0,0,0,0,0,0,0,0,0,0,0
72,271,3.562,9.5569,725.5,0.02297,0,0,0,0,0,0,0,0,0,0,0,0,0,0,0
72,271,3.562,9.5569,725.5,0.0020765,0,0,0,0,0,0,0,0,0,0,0,0,0,0,0
72,271,3.562,9.5569,725.5,3.3728,0,0,0,0,0,0,0,0,0,0,0,0,0,0,0
72,271,3.562,9.5569,725.5,0,0,0,0,0,0,0,0,0,0,0,0,0,0,0,0
72,271,3.562,9.5569,725.5,0,0,0,0,0,0,0,0,0,0,0,0,0,0,0,0
72,271,3.562,9.5569,725.5,0.005239,0,0,0,0,0,0,0,0,0,0,0,0,0,0,0
72,271,3.562,9.5569,725.5,0,0,0,0,0,0,0,0,0,0,0,0,0,0,0,0
72,271,3.562,9.5569,725.5,0,0,0,0,0,0,0,0,0,0,0,0,0,0,0,0
72,271,3.562,9.5569,725.5,0.0097187,0,0,0,0,0,0,0,0,0,0,0,0,0,0,0
72,271,3.562,9.5569,725.5,0,0,0,0,0,0,0,0,0,0,0,0,0,0,0,0
72,271,3.562,9.5569,725.5,0,0,0,0,0,0,0,0,0,0,0,0,0,0,0,0
72,271,3.562,9.5569,725.5,0.008333,0,0,0,0,0,0,0,0,0,0,0,0,0,0,0
72,271,3.562,9.5569,725.5,0,0,0,0,0,0,0,0,0,0,0,0,0,0,0,0
72,271,3.562,9.5569,725.5,0,0,0,0,0,0,0,0,0,0,0,0,0,0,0,0
72,271,3.562,9.5569,725.5,0,0,0,0,0,0,0,0,0,0,0,0,0,0,0,0
72,271,3.562,9.5569,725.5,0.003539,0,0,0,0,0,0,0,0,0,0,0,0,0,0,0
72,271,3.562,9.5569,725.5,0,0,0,0,0,0,0,0,0,0,0,0,0,0,0,0
72,271,3.562,9.5569,725.5,0,0,0,0,0,0,0,0,0,0,0,0,0,0,0,0
72,271,3.562,9.5569,725.5,0.003932,0,0,0,0,0,0,0,0,0,0,0,0,0,0,0
72,271,3.562,9.5569,725.5,0,0,0,0,0,0,0,0,0,0,0,0,0,0,6.6541,0
72,271,3.562,9.5569,725.5,0,0,0,0,0,0,0,0,0,0,0,0,0,0,0,0
72,271,3.562,9.5569,725.5,0.65673,0,0,0,0,0,0,0,0,0,0,0,0,0,0,0
72,271,3.562,9.5569,725.5,0.008333,0,0,0,0,0,0,0,0,0,0,0,0,0,0,0
72,271,3.562,9.5569,725.5,0.005239,0,0,0,0,0,0,0,0,0,0,0,0,0,0,0
72,271,3.562,9.5569,725.5,0,0,0,0,0,0,0,0,0,0,0,0,0,0,0,0
72,271,3.562,9.5569,725.5,0,0,0,0,0,0,0,0,0,0,0,0,0,0,0,0
72,271,3.562,9.5569,725.5,0.01358,0,0,0,0,0,0,0,0,0,0,0,0,0,0,0
72,271,3.562,9.5569,725.5,0.003538,0,0,0,0,0,0,0,0,0,0,0,0,0,0,0
72,271,3.562,9.5569,725.5,0,0,0,0,0,0,0,0,0,0,0,0,0,0,0,0
72,271,3.562,9.5569,725.5,0.002011,0,0,0,0,0,0,0,0,0,0,0,0,0,0,0
72,271,3.562,9.5569,725.5,0.0083826,0,0,0,0,0,0,0,0,0,0,0,0,0,0,0
72,271,3.562,9.5569,725.5,0,0,0,0,0,0,0,0,0,0,0,0,0,0,0,0
72,271,3.562,9.5569,725.5,0,0,0,0,0,0,0,0,0,0,0,0,0,0,0,0
72,271,3.562,9.5569,725.5,0.007984,0,0,0,0,0,0,0,0,0,0,0,0,0,0,0
72,271,3.562,9.5569,725.5,0.001434,0,0,0,0,0,0,0,0,0,0,0,0,0,0,0
72,271,3.562,9.5569,725.5,0.25802,0,0,0,0,0,0,0,0,0,0,0,0,0,0,0
72,271,3.562,9.5569,725.5,0,0,0,0,0,0,0,0,0,0,0,0,0,0,0,0
72,271,3.562,9.5569,725.5,0.03414,0,0,0,0,0,0,0,0,0,0,0,0,0,0,0
72,271,3.562,9.5569,725.5,0.00524,0,0,0,0,0,0,0,0,0,0,0,0,0,0,0
72,271,3.562,9.5569,725.5,2.9683,0,0,0,0,0,0,0,0,0,0,0,0,0,0,0
72,271,3.562,9.5569,725.5,4.022,0,0,0,0,0,0,0,0,0,0,0,0,0,0,0
72,271,3.562,9.5569,725.5,0,0,0,0,0,0,0,0,0,0,0,0,0,0,0,0
72,271,3.562,9.5569,725.5,0,0,0,0,0,0,0,0,0,0,0,0,0,0,0,0
72,271,3.562,9.5569,725.5,0.019431,0,0,0,0,0,0,0,0,0,0,0,0,0,0,0
72,271,3.562,9.5569,725.5,0.43212,0,0,0,0,0,0,0,0,0,0,0,0,0,0,0
72,271,3.562,9.5569,725.5,0.024364,0,0,0,0,0,0,0,0,0,0,0,0,0,0,0
72,271,3.562,9.5569,725.5,0,0,0,0,0,0,0,0,0,0,0,0,0,0,0,0
72,271,3.562,9.5569,725.5,0,0,0,0,0,0,0,0,0,0,0,0,0,0,0,0
72,271,3.562,9.5569,725.5,5.7557,0,0,0,0,0,0,0,0,0,0,0,0,0,0,0
72,271,3.562,9.5569,725.5,0.3383,0,0,0,0,0,0,0,0,0,0,0,0,0,0,0
72,271,3.562,9.5569,725.5,0.85313,0,0,0,0,0,0,0,0,0,0,0,0,0,0,0
72,271,3.562,9.5569,725.5,0.17387,0,0,0,0,0,0,0,0,0,0,0,0,0,0,0
72,271,3.562,9.5569,725.5,2.1985,0,0,0,0,0,0,0,0,0,0,0,0,0,0,0
72,271,3.562,9.5569,725.5,0,0,0,0,0,0,0,0,0,0,0,0,0,0,0,0
72,271,3.562,9.5569,725.5,0,0,0,0,0,0,0,0,0,0,0,0,0,0,0,0
72,271,3.562,9.5569,725.5,0.012768,0,0,0,0,0,0,0,0,0,0,0,0,0,0,0
72,271,3.562,9.5569,725.5,0,0,0,0,0,0,0,0,0,0,0,0,0,0,0,0
72,271,3.562,9.5569,725.5,0.047937,0,0,0,0,0,0,0,0,0,0,0,0,0,0,0
72,271,3.562,9.5569,725.5,1.4071,0,0,0,0,0,0,0,0,0,0,0,0,0,0,0
72,271,3.562,9.5569,725.5,0.26074,0,0,0,0,0,0,0,0,0,0,0,0,0,0,0
72,271,3.562,9.5569,725.5,0,0,0,0,0,0,0,0,0,0,0,0,0,0,0,0
72,271,3.562,9.5569,725.5,0.00524,0,0,0,0,0,0,0,0,0,0,0,0,0,0,0
72,271,3.562,9.5569,725.5,0.008333,0,0,0,0,0,0,0,0,0,0,0,0,0,0,0
72,271,3.562,9.5569,725.5,0.008334,0,0,0,0,0,0,0,0,0,0,0,0,0,0,0
72,271,3.562,9.5569,725.5,0.001436,0,0,0,0,0,0,0,0,0,0,0,0,0,0,0
72,271,3.562,9.5569,725.5,0.011629,0,0,0,0,0,0,0,0,0,0,0,0,0,0,0
72,271,3.562,9.5569,725.5,0.72136,0,0,0,0,0,0,0,0,0,0,0,0,0,0,0
72,271,3.562,9.5569,725.5,0,0,0,0,0,0,0,0,0,0,0,0,0,0,0,0
72,271,3.562,9.5569,725.5,0.39235,0,0,0,0,0,0,0,0,0,0,0,0,0,0,0
72,271,3.562,9.5569,725.5,2.7108,0,0,0,0,0,0,0,0,0,0,0,0,0,0,0
72,271,3.562,9.5569,725.5,0,0,0,0,0,0,0,0,0,0,0,0,0,0,0,0
72,271,3.562,9.5569,725.5,0.81843,0,0,0,0,0,0,0,0,0,0,0,0,0,0,0
72,271,3.562,9.5569,725.5,0.087115,0,0,0,0,0,0,0,0,0,0,0,0,0,0,0
72,271,3.562,9.5569,725.5,0.024364,0,0,0,0,0,0,0,0,0,0,0,0,0,0,0
72,271,3.562,9.5569,725.5,0,0,0,0,0,0,0,0,0,0,0,0,0,0,0,0
72,271,3.562,9.5569,725.5,0,0,0,0,0,0,0,0,0,0,0,0,0,0,0,0
72,271,3.562,9.5569,725.5,0,0,0,0,0,0,0,0,0,0,0,0,0,0,0,0
72,271,3.562,9.5569,725.5,0,0,0,0,0,0,0,0,0,0,0,0,0,0,0,0
72,271,3.562,9.5569,725.5,0,0,0,0,0,0,0,0,0,0,0,0,0,0,0,0
72,271,3.562,9.5569,725.5,0,0,0,0,0,0,0,0,0,0,0,0,0,0,0,0
72,271,3.562,9.5569,725.5,3.2636,0,0,0,0,0,0,0,0,0,0,0,0,0,0,0
72,271,3.562,9.5569,725.5,0,0,0,0,0,0,0,0,0,0,0,0,0,0,0,0
72,271,3.562,9.5569,725.5,0.028835,0,0,0,0,0,0,0,0,0,0,0,0,0,0,0
72,271,3.562,9.5569,725.5,0,0,0,0,0,0,0,0,0,0,0,0,0,0,0,0
72,271,3.562,9.5569,725.5,0,0,0,0,0,0,0,0,0,0,0,0,0,0,0,0
72,271,3.562,9.5569,725.5,0.48333,0,0,0,0,0,0,0,0,0,0,0,0,0,0,0
72,271,3.562,9.5569,725.5,0.003416,0,0,0,0,0,0,0,0,0,0,0,0,0,0,0
72,271,3.562,9.5569,725.5,0.024364,0,0,0,0,0,0,0,0,0,0,0,0,0,0,0
72,271,3.562,9.5569,725.5,0,0,0,0,0,0,0,0,0,0,0,0,0,0,0,0
72,271,3.562,9.5569,725.5,1.5247,0,0,0,0,0,0,0,0,0,0,0,0,0,0,0
72,271,3.562,9.5569,725.5,0.003539,0,0,0,0,0,0,0,0,0,0,0,0,0,0,0
72,271,3.562,9.5569,725.5,0.12008,0,0,0,0,0,0,0,0,0,0,0,0,0,0,0
72,271,3.562,9.5569,725.5,2.8758,0,0,0,0,0,0,0,0,0,0,0,0,0,0,0
72,271,3.562,9.5569,725.5,0.00524,0,0,0,0,0,0,0,0,0,0,0,0,0,0,0
72,271,3.562,9.5569,725.5,0,0,0,0,0,0,0,0,0,0,0,0,0,0,0,0
72,271,3.562,9.5569,725.5,0.012768,0,0,0,0,0,0,0,0,0,0,0,0,0,0,0
72,271,3.562,9.5569,725.5,2.3515,0,0,0,0,0,0,0,0,0,0,0,0,0,0,0
72,271,3.562,9.5569,725.5,0,0,0,0,0,0,0,0,0,0,0,0,0,0,0,0
72,271,3.562,9.5569,725.5,0,0,0,0,0,0,0,0,0,0,0,0,0,0,0,0
72,271,3.562,9.5569,725.5,0,0,0,0,0,0,0,0,0,0,0,0,0,0,0,0
72,271,3.562,9.5569,725.5,0,0,0,0,0,0,0,0,0,0,0,0,0,0,0,0
72,271,3.562,9.5569,725.5,0,0,0,0,0,0,0,0,0,0,0,0,0,0,1.6039,0
72,271,3.562,9.5569,725.5,0,0,0,0,0,0,0,0,0,0,0,0,0,0,0,0
72,271,3.562,9.5569,725.5,1.7579,0,0,0,0,0,0,0,0,0,0,0,0,0,0,0
72,271,3.562,9.5569,725.5,0,0,0,0,0,0,0,0,0,0,0,0,0,0,0,0
72,271,3.562,9.5569,725.5,0.077153,0,0,0,0,0.013573,0,0,0,0,0,0,0,0,0,0
72,271,3.562,9.5569,725.5,0.077153,0,0,0,0,0,0,0,0,0,0,0,0,0,0,0
72,271,3.562,9.5569,725.5,0,0,0,0,0,0,0,0,0,0,0,0,0,0,0,0
72,271,3.562,9.5569,725.5,0,0,0,0,0,0,0,0,0,0,0,0,0,0,0,0
72,271,3.562,9.5569,725.5,0.1504,0,0,0,0,0,0,0,0,0,0,0,0,0,0,0
72,271,3.562,9.5569,725.5,0,0,0,0,0,0,0,0,0,0,0,0,0,0,0,0
72,271,3.562,9.5569,725.5,0,0,0,0,0,0,0,0,0,0,0,0,0,0,0,0
72,271,3.562,9.5569,725.5,0.0072214,0,0,0,0,0,0,0,0,0,0,0,0,0,0,0
72,271,3.562,9.5569,725.5,0,0,0,0,0,0,0,0,0,0,0,0,0,0,0,0
72,271,3.562,9.5569,725.5,0.80231,0,0,0,0,0,0,0,0,0,0,0,0,0,0,0
72,271,3.562,9.5569,725.5,0,0,0,0,0,0,0,0,0,0,0,0,0,0,0,0
72,271,3.562,9.5569,725.5,0.037899,0,0,0,0,0,0,0,0,0,0,0,0,0,0,0
72,271,3.562,9.5569,725.5,0,0,0,0,0,0,0,0,0,0,0.10353,0,0,0,0,0
72,271,3.562,9.5569,725.5,0,0,0,0,0,0,0,0,0,0,0,0,0,0,0,0
72,271,3.562,9.5569,725.5,0.005239,0,0,0,0,0,0,0,0,0,0,0,0,0,0,0
72,271,3.562,9.5569,725.5,0.000376,0,0,0,0,0,0,0,0,0,0,0,0,0,0,0
72,271,3.562,9.5569,725.5,0.11635,0,0,0,0,0,0,0,0,0,0,0,0,0,0,0
72,271,3.562,9.5569,725.5,0.042115,0,0,0,0,0,8.3018,0,0,0,0,0,0,0,0,0
72,271,3.562,9.5569,725.5,4.5102,0,0,0,0,0,0,0,0,0,0,0,0,0,0,0
72,271,3.562,9.5569,725.5,3.6187,0,0,0,0,0,0,0,0,0,0,0,0,0,0,0
72,271,3.562,9.5569,725.5,0,0,0,0,0,0,0,0,0,0,0,0,0,0,0,0
72,271,3.562,9.5569,725.5,5.4806,0,0,0,0,0,0,0,0,0,0,0,0,0,0,0
72,271,3.562,9.5569,725.5,0,0,0,0,0,0,0,0,0,0,0,0,0,0,0,0
72,271,3.562,9.5569,725.5,0.011958,0,0,0,0,0,0,0,0,0,0,0,0,0,0,0
72,271,3.562,9.5569,725.5,0,0,0,0,0,0,0,0,0,0,0,0,0,0,0,0
72,271,3.562,9.5569,725.5,5.4806,0,0,0,0,0,0,0,0,0,0,0,0,0,0,0
72,271,3.562,9.5569,725.5,0.45729,0,0,0,0,0,0,0,0,0,0,0,0,0,0,0
72,271,3.562,9.5569,725.5,0.000716,0,0,0,0,0,0,0,0,0,0,0,0,0,0,0
72,271,3.562,9.5569,725.5,5.2329,0,0,0,0,0,0,0,0,0,0,0,0,0,0,0
72,271,3.562,9.5569,725.5,0.77328,0,0,0,0,0,0,0,0,0,0,0,0,0,0,0
72,271,3.562,9.5569,725.5,0.00524,0,0,0,0,0,0,0,0,0,0,0,0,0,0,0
72,271,3.562,9.5569,725.5,0.027446,0,0,0,0,0,0,0,0,0,0,0,0,0,0,0
72,271,3.562,9.5569,725.5,0.087115,0,0,0,0,0.087938,0,0,0,0,0,0,0,0,0,0
72,271,3.562,9.5569,725.5,0,0,0,0,0,0,0,0,0,0,0,0,0,0,0,0
72,271,3.562,9.5569,725.5,0,0,0,0,0,0,0,0,0,0,0,0,0,0,0,0
72,271,3.562,9.5569,725.5,0.15253,0,0,0,0,0,0,0,0,0,0,0,0,0,0,0
72,271,3.562,9.5569,725.5,0.003416,0,0,0,0,0,0,0,0,0,0,0,0,0,0,0
72,271,3.562,9.5569,725.5,0.026473,0,0,0,0,0,0,0,0,0,0,0,0,0,0,0
72,271,3.562,9.5569,725.5,0,0,0,0,0,0,0,0,0,0,0,0,0,0,0,0
72,271,3.562,9.5569,725.5,0,0,0,0,0,0,0,0,0,0,0,0,0,0,0,0
72,271,3.562,9.5569,725.5,0,0,0,0,0,0,0,0,0,0,0,0,0,0,0,0
72,271,3.562,9.5569,725.5,0,0,0,0,0,0,0,0,0,0,0,0,0,0,0,0
72,271,3.562,9.5569,725.5,0,0,0,0,0,0,0,0,0,0,0.050576,0,0,0,0,0
72,271,3.562,9.5569,725.5,0.003539,0,0,0,0,0,0,0,0,0,0,0,0,0,0,0
72,271,3.562,9.5569,725.5,0.56816,0,0,0,0,0,0,0,0,0,0,0,0,0,0,0
72,271,3.562,9.5569,725.5,0.81843,0,0,0,0,0,0,0,0,0,0,0,0,0,0,0
72,271,3.562,9.5569,725.5,0.023518,0,0,0,0,0,0,0,0,0,0,0,0,0,0,0
72,271,3.562,9.5569,725.5,0,0,0,0,0,0,0,0,0,0,0,0,0,0,0,0
72,271,3.562,9.5569,725.5,0.093425,0,0,0,0,0,0,0,0,0,0,0,0,0,0,0
72,271,3.562,9.5569,725.5,0.06137,0,0,0,0,0,0,0,0,0,0,0,0,0,0,0
72,271,3.562,9.5569,725.5,0,0,0,0,0,0,0,0,0,0,0,0,0,0,0,0
72,271,3.562,9.5569,725.5,0.050098,0,0,0,0,0,0,0,0,0,0,0,0,0,0,0
72,271,3.562,9.5569,725.5,0,0,0,0,0,0,0.40452,0,0,0,0,0,0,0,0,0
72,271,3.562,9.5569,725.5,0.008333,0,0,0,0,0,0,0,0,0,0,0,0,0,0,0
72,271,3.562,9.5569,725.5,0.0015835,0,0,0,0,0,0,0,0,0,0,0,0,0,0,0
72,271,3.562,9.5569,725.5,0.004345,0,0,0,0,0,0,0,0,0,0,0,0,0,0,0
72,271,3.562,9.5569,725.5,0.14285,0,0,0,0,0,0,0,0,0,0,0,0,0,0,0
72,271,3.562,9.5569,725.5,0,0,0,0,0,0,0,0,0,0,0,0,0,0,0,0
72,271,3.562,9.5569,725.5,0,0,0,0,0,0,0,0,0,0,0,0,0,0,0,0
72,271,3.562,9.5569,725.5,0,0,0,0,0,0,0.021726,0,0,0,0,0,0,0,0,0
72,271,3.562,9.5569,725.5,0.63882,0,0,0,0,0,0,0,0,0,0,0,0,0,0,0
72,271,3.562,9.5569,725.5,0,0,0,0,0,0,0,0,0,0,0,0,0,0,0,0
73,272,12.452,46.717,3546.5,33.563,0,0,0,0,0,0,0,0,0,0,0,0,0,0,0
73,272,12.452,46.717,3546.5,0.72232,0,0,0,0,0,0,0,0,0,0,0,0,0,0,0
73,272,12.452,46.717,3546.5,2.6855,0,0,0,0,0,0,0,0,0,0,0,0,0,0,0
73,272,12.452,46.717,3546.5,0,0,0,0,0,0,0,0,0,0,0,0,0,0,0,0
73,272,12.452,46.717,3546.5,0.077153,0,0,0,0,0,0,0,0,0,0,0,0,0,0,0
73,272,12.452,46.717,3546.5,0.26074,0,0,0,0,0,0,0,0,0,0,0,0,0,0,0
73,272,12.452,46.717,3546.5,0,0,0,0,0,0,0,0,0,0,0,0,0,0,0,0
73,272,12.452,46.717,3546.5,0,0,0,0,0,0,0,0,0,0,0,0,0,0,0,0
73,272,12.452,46.717,3546.5,0,0,0,0,0,0,0,0,0,0,0,0,0,0,0,0
73,272,12.452,46.717,3546.5,0,0,0,0,0,0,0,0,0,0,0,0,0,0,0,0
73,272,12.452,46.717,3546.5,0.0068538,0,0,0,0,0,0,0,0,0,0,0,0,0,0,0
73,272,12.452,46.717,3546.5,0.021777,0,0,0,0,0,0,0,0,0,0.11881,0,0,0,0,0
73,272,12.452,46.717,3546.5,0,0,0,0,0,0,0,0,0,0,0,0,0,0,0,0
73,272,12.452,46.717,3546.5,0.53876,0,0,0,0,0,6.141,0,0,0,0,0,0,0,0,0
73,272,12.452,46.717,3546.5,0,0,0,0,0,0,0,0,0,0,0,0,0,0,0,0
73,272,12.452,46.717,3546.5,0,0,0,0,0,0,19.544,0,0,0,0,0,0,0,0,0
73,272,12.452,46.717,3546.5,2.9683,0,0,0,0,0,0,0,0,0,0,0,0,0,0,0
73,272,12.452,46.717,3546.5,0.00524,0,0,0,0,0,0,0,0,0,0,0,0,0,0,0
73,272,12.452,46.717,3546.5,0.024999,0,0,0,0,0,0,0,0,0,0,0,0,0,0,0
73,272,12.452,46.717,3546.5,0,0,0,0,0,0,0,0,0,0,0,0,0,0,0,0
73,272,12.452,46.717,3546.5,0,0,0,0,0,0,0,0,0,0,0,0,0,0,0,0
73,272,12.452,46.717,3546.5,0.34346,0,0,0,0,0,0,0,0,0,0,0,0,0,0,0
73,272,12.452,46.717,3546.5,0.12261,0,0,0,0,0,0.13028,0,0,0,0,0,0,0,0,0
73,272,12.452,46.717,3546.5,0.14285,0,0,0,0,0,0,0,0,0,0,0,0,0,0,0
73,272,12.452,46.717,3546.5,0,0,0,0,0,0,0,0,0,0,0,0,0,0,0,0
73,272,12.452,46.717,3546.5,0.005657,0,0,0,0,0,0,0,0,0,0,0,0,0,0,0
73,272,12.452,46.717,3546.5,8.9433,0,0,0,0,0,0,0,0,0,0,0,0,0,0,0
73,272,12.452,46.717,3546.5,0.0021564,0,0,0,0,0,0,0,0,0,0,0,0,0,0,0
73,272,12.452,46.717,3546.5,0,0,0,0,0,0,0,0,0,0,0.091753,0,0,0,0,0
73,272,12.452,46.717,3546.5,0,0,0,0,0,0,0,0,0,0,0,0,0,0,0,0
73,272,12.452,46.717,3546.5,0.024761,0,0,0,0,0,0,0,0,0,0,0,0,0,0,0
73,272,12.452,46.717,3546.5,0,0,0,0,0,0,0,0,0,0,0,0,0,0,0,0
73,272,12.452,46.717,3546.5,0,0,0,0,0,0,0,0,0,0,0,0,0,0,0,0
73,272,12.452,46.717,3546.5,0,0,0,0,0,0,0,0,0,0,0,0,0,0,0,0
73,272,12.452,46.717,3546.5,0,0,0,0,0,0,0,0,0,0,0,0,0,0,0,0
73,272,12.452,46.717,3546.5,0.012768,0,0,0,0,0,0,0,0,0,0,0,0,0,0,0
73,272,12.452,46.717,3546.5,0,0,0,0,0,0,0,0,0,0,0,0,0,0,0,0
73,272,12.452,46.717,3546.5,0,0,0,0,0,0,0,0,0,0,0,0,0,0,0,0
73,272,12.452,46.717,3546.5,0.002031,0,0,0,0,0,0,0,0,0,0,0,0,0,0,0
73,272,12.452,46.717,3546.5,0,0,0,0,0,0,0,0,0,0,0,0,0,0,0,0
73,272,12.452,46.717,3546.5,0.3383,0,0,0,0,0,0,0,0,0,0,0,0,0,0,0
73,272,12.452,46.717,3546.5,12.679,0,0,0,0,0,0,0,0,0,0,0,0,0,0,0
73,272,12.452,46.717,3546.5,0.0173,0,0,0,0,0,0,0,0,0,0,0,0,0,13.394,0
73,272,12.452,46.717,3546.5,9.7452,0,0,0,0,0,0,0,0,0,0,0,0,0,0,0
73,272,12.452,46.717,3546.5,3.2636,0,0,0,0,0,0,0,0,0,0,0,0,0,0,0
73,272,12.452,46.717,3546.5,0.008333,0,0,0,0,0,0,0,0,0,0,0,0,0,0,0
73,272,12.452,46.717,3546.5,7.541,0,0,0,0,0,0,0,0,0,0.060576,0,0,0,0,0
73,272,12.452,46.717,3546.5,0.0021564,0,0,0,0,0,0,0,0,0,0,0,0,0,0,0
73,272,12.452,46.717,3546.5,0.000126,0,0,0,0,0,0,0,0,0,0,0,0,0,0,0
73,272,12.452,46.717,3546.5,0.00524,0,0,0,0,0,0,0,0,0,0,0,0,0,0,0
73,272,12.452,46.717,3546.5,0.095309,0,0,0,0,0,0,0,0,0,0,0,0,0,0,0
73,272,12.452,46.717,3546.5,0.005239,0,0,0,0,0,0,0,0,0,0,0,0,0,0,0
73,272,12.452,46.717,3546.5,1.8741,0,0,0,0,0,0,0,0,0,0,0,0,0,0,0
73,272,12.452,46.717,3546.5,0.017738,0,0,0,0,0.001009,0,0,0,0,0,0,0,0,0,0
73,272,12.452,46.717,3546.5,0,0,0,0,0,0,0,0,0,0,0,0,0,0,0,0
73,272,12.452,46.717,3546.5,0.008334,0,0,0,0,0,0,0,0,0,0,0,0,0,0,0
73,272,12.452,46.717,3546.5,0.16749,0,0,0,0,0,0,0,0,0,0,0,0,0,0,0
73,272,12.452,46.717,3546.5,0.0067502,0,0,0,0,0,0,0,0,0,0,0,0,0,0,0
73,272,12.452,46.717,3546.5,5.7829,0,0,0,0,0,0,0,0,0,0,0,0,0,0,0
73,272,12.452,46.717,3546.5,0,0,0,0,0,0,0,0,0,0,0,0,0,0,0,0
73,272,12.452,46.717,3546.5,0.0088426,0,0,0,0,0,0,0,0,0,0,0,0,0,0,0
73,272,12.452,46.717,3546.5,0.078444,0,0,0,0,0,0,0,0,0,0,0,0,0,0,0
73,272,12.452,46.717,3546.5,0,0,0,0,0,0,0,0,0,0,0,0,0,0,0,0
73,272,12.452,46.717,3546.5,0.008333,0,0,0,0,0,0,0,0,0,0,0,0,0,0,0
73,272,12.452,46.717,3546.5,0.28022,0,0,0,0,0,0,0,0,0,0,0,0,0,0,0
73,272,12.452,46.717,3546.5,0.001434,0,0,0,0,0,0,0,0,0,0,0,0,0,0,0
73,272,12.452,46.717,3546.5,0.002139,0,0,0,0,0,0,0,0,0,0,0,0,0,0,0
73,272,12.452,46.717,3546.5,0.00052,0,0,0,0,0,0,0,0,0,0,0,0,0,0,0
73,272,12.452,46.717,3546.5,0.065564,0,0,0,0,0,0,0,0,0,0,0,0,0,39.522,0
73,272,12.452,46.717,3546.5,0.007221,0,0,0,0,0,0,0,0,0,0,0,0,0,0,0
73,272,12.452,46.717,3546.5,0.03414,0,0,0,0,0,0,0,0,0,0,0,0,0,0,0
73,272,12.452,46.717,3546.5,0.007984,0,0,0,0,0,0,0,0,0,0,0,0,0,0,0
73,272,12.452,46.717,3546.5,0.22557,0,0,0,0,0,0,0,0,0,0,0,0,0,0,0
73,272,12.452,46.717,3546.5,0.30045,0,0,0,0,0.000376,0,0,0,0,0,0,0,0,0,0
73,272,12.452,46.717,3546.5,7.2571,0,0,0,0,0,0,0,0,0,0,0,0,0,0,0
73,272,12.452,46.717,3546.5,0.050098,0,0,0,0,0,0,0,0,0,0,0,0,0,0,0
73,272,12.452,46.717,3546.5,0.0059107,0,0,0,0,0,0,0,0,0,0,0,0,0,0,0
73,272,12.452,46.717,3546.5,0.11092,0,0,0,0,0,0,0,0,0,0,0,0,0,0,0
73,272,12.452,46.717,3546.5,0.65673,0,0,0,0,0,0,0,0,0,0,0,0,0,0,0
73,272,12.452,46.717,3546.5,0,0,0,0,0,0,0,0,0,0,0,0,0,0,0,0
73,272,12.452,46.717,3546.5,0.0068531,0,0,0,0,0,0,0,0,0,0,0,0,0,0,0
73,272,12.452,46.717,3546.5,6.7278,0,0,0,0,0,0,0,0,0,0,0,0,0,0,0
73,272,12.452,46.717,3546.5,0.008333,0,0,0,0,0,0,0,0,0,0,0,0,0,0,0
73,272,12.452,46.717,3546.5,0.006676,0,0,0,0,0,0,0,0,0,0,0,0,0,0,0
73,272,12.452,46.717,3546.5,7.039,0,0,0,0,0,0,0,0,0,0,0,0,0,0,0
73,272,12.452,46.717,3546.5,0.008333,0,0,0,0,0,0,0,0,0,0,0,0,0,0,0
73,272,12.452,46.717,3546.5,22.65,0,0,0,0,0,0,0,0,0,0,0,0,0,0,0
73,272,12.452,46.717,3546.5,0.00714,0,0,0,0,0,0,0,0,0,0,0,0,0,0,0
73,272,12.452,46.717,3546.5,0,0,0,0,0,0,0,0,0,0,0,0,0,0,0,0
73,272,12.452,46.717,3546.5,0,0,0,0,0,0,0,0,0,0,0,0,0,0,0,0
73,272,12.452,46.717,3546.5,0.0262,0,0,0,0,0,0,0,0,0,0,0,0,0,6.5249,0
73,272,12.452,46.717,3546.5,0,0,0,0,0,0,0,0,0,0,0,0,0,0,0,0
73,272,12.452,46.717,3546.5,0.02317,0,0,0,0,0,0,0,0,0,0,0,0,0,0,0
73,272,12.452,46.717,3546.5,0.067121,0,0,0,0,0,0,0,0,0,0,0,0,0,0,0
73,272,12.452,46.717,3546.5,0.00524,0,0,0,0,0,0,0,0,0,0,0,0,0,0,0
73,272,12.452,46.717,3546.5,1.6647,0,0,0,0,0,0,0,0,0,0,0,0,0,0,0
73,272,12.452,46.717,3546.5,16.972,0,0,0,0,0,0,0,0,0,0,0,0,0,0,0
73,272,12.452,46.717,3546.5,2.8758,0,0,0,0,0,0,0,0,0,0,0,0,0,0,0
73,272,12.452,46.717,3546.5,0,0,0,0,0,0,0,0,0,0,0,0,0,0,0,0
73,272,12.452,46.717,3546.5,0,0,0,0,0,0,0,0,0,0,0,0,0,0,0,0
73,272,12.452,46.717,3546.5,0,0,0,0,0,0,0,0,0,0,0,0,0,0,0,0
73,272,12.452,46.717,3546.5,0,0,0,0,0,0,0,0,0,0,0,0,0,0,0,0
73,272,12.452,46.717,3546.5,0,0,0,0,0,0,0,0,0,0,0,0,0,0,0,0
73,272,12.452,46.717,3546.5,0.13395,0,0,0,0,0,0,0,0,0,0,0,0,0,0,0
73,272,12.452,46.717,3546.5,0.008332,0,0,0,0,0,0,0,0,0,0,0,0,0,0,0
73,272,12.452,46.717,3546.5,0.008333,0,0,0,0,0,0,0,0,0,0,0,0,0,0,0
73,272,12.452,46.717,3546.5,0,0,0,0,0,0,0,0,0,0,0,0,0,0,0,0
73,272,12.452,46.717,3546.5,0.18157,0,0,0,0,0,0,0,0,0,0,0,0,0,0,0
73,272,12.452,46.717,3546.5,0.48333,0,0,0,0,0,0,0,0,0,0,0,0,0,0,0
73,272,12.452,46.717,3546.5,0,0,0,0,0,0,0,0,0,0,0,0,0,0,0,0
73,272,12.452,46.717,3546.5,0.30045,0,0,0,0,0,0,0,0,0,0,0,0,0,0,0
73,272,12.452,46.717,3546.5,0,0,0,0,0,0,0,0,0,0,0,0,0,0,0,0
73,272,12.452,46.717,3546.5,0.078444,0,0,0,0,0,0,0,0,0,0,0,0,0,0,0
73,272,12.452,46.717,3546.5,0,0,0,0,0,0,0,0,0,0,0,0,0,0,0,0
73,272,12.452,46.717,3546.5,1.0565,0,0,0,0,0,0,0,0,0,0,0,0,0,0,0
73,272,12.452,46.717,3546.5,0.15253,0,0,0,0,0,0,0,0,0,0,0,0,0,0,0
73,272,12.452,46.717,3546.5,0,0,0,0,0,0,0,0,0,0,0,0,0,0,14.096,0
73,272,12.452,46.717,3546.5,0.69701,0,0,0,0,0,0,0,0,0,0,0,0,0,0,0
73,272,12.452,46.717,3546.5,0.63882,0,0,0,0,0,0,0,0,0,0,0,0,0,0,0
73,272,12.452,46.717,3546.5,32.164,0,0,0,0,0,0,0,0,0,0,0,0,0,0,0
73,272,12.452,46.717,3546.5,0.12261,0,0,0,0,0,0,0,0,0,0,0,0,0,0,0
73,272,12.452,46.717,3546.5,0.01023,0,0,0,0,0,0,0,0,0,0,0,0,0,0,0
73,272,12.452,46.717,3546.5,0,0,0,0,0,0,0,0,0,0,0,0,0,0,0,0
73,272,12.452,46.717,3546.5,0.011629,0,0,0,0,0,0,0,0,0,0,0,0,0,0,0
73,272,12.452,46.717,3546.5,0,0,0,0,0,0,0,0,0,0,0,0,0,0,0,0
73,272,12.452,46.717,3546.5,0,0,0,0,0,0,0,0,0,0,0,0,0,0,0,0
73,272,12.452,46.717,3546.5,0.90117,0,0,0,0,0,0,0,0,0,0,0,0,0,0,0
73,272,12.452,46.717,3546.5,2.453,0,0,0,0,0,0,0,0,0,0,0,0,0,0,0
73,272,12.452,46.717,3546.5,0.00524,0,0,0,0,0,0,0,0,0,0,0,0,0,0,0
73,272,12.452,46.717,3546.5,0.34346,0,0,0,0,0,0,0,0,0,0,0,0,0,0,0
73,272,12.452,46.717,3546.5,0,0,0,0,0,0,0,0,0,0,0,0,0,0,0,0
73,272,12.452,46.717,3546.5,0,0,0,0,0,0,0,0,0,0,0,0,0,0,0,0
73,272,12.452,46.717,3546.5,0,0,0,0,0,0,0.13028,0,0,0,0,0,0,0,0,0
73,272,12.452,46.717,3546.5,0.0068531,0,0,0,0,0,0,0,0,0,0,0,0,0,0,0
73,272,12.452,46.717,3546.5,2.1036,0,0,0,0,0,0,0,0,0,0,0,0,0,0,0
73,272,12.452,46.717,3546.5,0,0,0,0,0,0,0,0,0,0,0,0,0,0,0,0
73,272,12.452,46.717,3546.5,0,0,0,0,0,0,0,0,0,0,0,0,0,0,0,0
73,272,12.452,46.717,3546.5,1.7579,0,0,0,0,0,0,0,0,0,0,0,0,0,0,0
73,272,12.452,46.717,3546.5,0.34346,0,0,0,0,0,0,0,0,0,0,0,0,0,0,0
73,272,12.452,46.717,3546.5,0.00524,0,0,0,0,0,0,0,0,0,0,0,0,0,0,0
73,272,12.452,46.717,3546.5,0.005239,0,0,0,0,0,0,0,0,0,0,0,0,0,0,0
73,272,12.452,46.717,3546.5,0,0,0,0,0,0,0,0,0,0,0,0,0,0,0,0
73,272,12.452,46.717,3546.5,0,0,0,0,0,0,0,0,0,0,0,0,0,0,0,0
73,272,12.452,46.717,3546.5,0.0068538,0,0,0,0,0,0,0,0,0,0,0,0,0,0,0
73,272,12.452,46.717,3546.5,0.014493,0,0,0,0,0,0,0,0,0,0,0,0,0,0,0
73,272,12.452,46.717,3546.5,0.002998,0,0,0,0,0,0,0,0,0,0,0,0,0,0,0
73,272,12.452,46.717,3546.5,0,0,0,0,0,0,0,0,0,0,0,0,0,0,0,0
73,272,12.452,46.717,3546.5,0,0,0,0,0,0,0,0,0,0,0,0,0,0,0,0
73,272,12.452,46.717,3546.5,0,0,0,0,0,0,0,0,0,0,0,0,0,0,0,0
73,272,12.452,46.717,3546.5,0.026473,0,0,0,0,0,0,0,0,0,0,0,0,0,0,0
73,272,12.452,46.717,3546.5,0.00524,0,0,0,0,0,0,0,0,0,0,0,0,0,0,0
73,272,12.452,46.717,3546.5,0,0,0,0,0,0,0,0,0,0,0,0,0,0,0,0
73,272,12.452,46.717,3546.5,0,0,0,0,0,0,0,0,0,0,0,0,0,0,0,0
73,272,12.452,46.717,3546.5,0,0,0,0,0,0,0,0,0,0,0,0,0,0,0,0
73,272,12.452,46.717,3546.5,0.13833,0,0,0,0,0,0,0,0,0,0,0,0,0,0,0
73,272,12.452,46.717,3546.5,0,0,0,0,0,0,0,0,0,0,0,0,0,0,0,0
73,272,12.452,46.717,3546.5,0.010818,0,0,0,0,0,0,0,0,0,0,0,0,0,0,0
73,272,12.452,46.717,3546.5,0,0,0,0,0,0,0,0,0,0,0,0,0,0,0,0
73,272,12.452,46.717,3546.5,0.008333,0,0,0,0,0,0,0,0,0,0,0,0,0,0,0
73,272,12.452,46.717,3546.5,0.0067502,0,0,0,0,0,0,0,0,0,0,0,0,0,0,0
73,272,12.452,46.717,3546.5,0.00036,0,0,0,0,0,0,0,0,0,0,0,0,0,15.94,0
73,272,12.452,46.717,3546.5,0,0,0,0,0,0,0,0,0,0,0,0,0,0,0,0
73,272,12.452,46.717,3546.5,0,0,0,0,0,0,0,0,0,0,0,0,0,0,0,0
73,272,12.452,46.717,3546.5,0.52132,0,0,0,0,0,0,0,0,0,0,0,0,0,0,0
73,272,12.452,46.717,3546.5,0,0,0,0,0,0,0,0,0,0,0,0,0,0,0,0
73,272,12.452,46.717,3546.5,0,0,0,0,0,0,0,0,0,0,0,0,0,0,0,0
73,272,12.452,46.717,3546.5,0.65673,0,0,0,0,0,0,0,0,0,0,0,0,0,0,0
73,272,12.452,46.717,3546.5,3.0297,0,0,0,0,0,0,0,0,0,0,0,0,0,0,0
73,272,12.452,46.717,3546.5,0.008333,0,0,0,0,0,0,0,0,0,0,0,0,0,0,0
73,272,12.452,46.717,3546.5,0,0,0,0,0,0,0,0,0,0,0,0,0,0,0,0
73,272,12.452,46.717,3546.5,0.000251,0,0,0,0,0,0,0,0,0,0,0,0,0,0,0
73,272,12.452,46.717,3546.5,0.00524,0,0,0,0,0,0,0,0,0,0,0,0,0,0,0
73,272,12.452,46.717,3546.5,5.813,0,0,0,0,0,0,0,0,0,0,0,0,0,0,0
73,272,12.452,46.717,3546.5,0,0,0,0,0,0,0,0,0,0,0,0,0,0,0,0
73,272,12.452,46.717,3546.5,2.1036,0,0,0,0,0,0,0,0,0,0,0,0,0,0,0
73,272,12.452,46.717,3546.5,2.3027,0,0,0,0,0,0,0,0,0,0,0,0,0,0,0
73,272,12.452,46.717,3546.5,0.003346,0,0,0,0,0,0,0,0,0,0,0,0,0,0,0
73,272,12.452,46.717,3546.5,0,0,0,0,0,0,0,0,0,0,0,0,0,0,0,0
73,272,12.452,46.717,3546.5,0,0,0,0,0,0,0,0,0,0,0,0,0,0,0,0
73,272,12.452,46.717,3546.5,0,0,0,0,0,0,0,0,0,0,0,0,0,0,0,0
73,272,12.452,46.717,3546.5,0.69701,0,0,0,0,0,0,0,0,0,0,0,0,0,0,0
73,272,12.452,46.717,3546.5,40.861,0,0,0,0,0,0,0,0,0,0,0,0,0,0,0
73,272,12.452,46.717,3546.5,0,0,0,0,0,0,0,0,0,0,0,0,0,0,0,0
73,272,12.452,46.717,3546.5,0.33402,0,0,0,0,0,0,0,0,0,0,0,0,0,0,0
73,272,12.452,46.717,3546.5,0,0,0,0,0,0,0,0,0,0,0,0,0,0,0,0
73,272,12.452,46.717,3546.5,0.006456,0,0,0,0,0,0,0,0,0,0,0,0,0,0,0
73,272,12.452,46.717,3546.5,0.00524,0,0,0,0,0,0,0,0,0,0,0,0,0,0,0
73,272,12.452,46.717,3546.5,0.10943,0,0,0,0,0,27.539,0,0,0,0,0,0,0,0,0
73,272,12.452,46.717,3546.5,0.00524,0,0,0,0,0,0,0,0,0,0,0,0,0,0,0
73,272,12.452,46.717,3546.5,0,0,0,0,0,0,0,0,0,0,0,0,0,0,0,0
73,272,12.452,46.717,3546.5,0.065564,0,0,0,0,0,0,0,0,0,0,0,0,0,0,0
73,272,12.452,46.717,3546.5,0.038575,0,0,0,0,0,0,0,0,0,0,0,0,0,0,0
73,272,12.452,46.717,3546.5,0.030321,0,0,0,0,0,0,0,0,0,0,0,0,0,0,0
73,272,12.452,46.717,3546.5,0.011958,0,0,0,0,0,0,0,0,0,0,0,0,0,0,0
73,272,12.452,46.717,3546.5,10.316,0,0,0,0,0,0,0,0,0,0,0,0,0,0,0
73,272,12.452,46.717,3546.5,0,0,0,0,0,0,0,0,0,0,0,0,0,0,0,0
73,272,12.452,46.717,3546.5,0,0,0,0,0,0,0,0,0,0,0,0,0,0,0,0
73,272,12.452,46.717,3546.5,6.4751,0,0,0,0,0,0,0,0,0,0,0,0,0,0,0
73,272,12.452,46.717,3546.5,0.1504,0,0,0,0,0,0,0,0,0,0,0,0,0,0,0
73,272,12.452,46.717,3546.5,0,0,0,0,0,0,0,0,0,0,0,0,0,0,0,0
73,272,12.452,46.717,3546.5,4.0786,0,0,0,0,0,0,0,0,0,0,0,0,0,39.758,0
73,272,12.452,46.717,3546.5,9.7452,0,0,0,0,0,0,0,0,0,0,0,0,0,0,0
73,272,12.452,46.717,3546.5,0,0,0,0,0,0,0,0,0,0,0,0,0,0,0,0
73,272,12.452,46.717,3546.5,0.00524,0,0,0,0,0,0,0,0,0,0,0,0,0,0,0
73,272,12.452,46.717,3546.5,43.585,0,0,0,0,0,0,0,0,0,0,0,0,0,0,0
73,272,12.452,46.717,3546.5,0,0,0,0,0,0,0,0,0,0,0,0,0,0,0,0
73,272,12.452,46.717,3546.5,0,0,0,0,0,0,0,0,0,0,0,0,0,0,0,0
73,272,12.452,46.717,3546.5,0.69402,0,0,0,0,0,0,0,0,0,0,0,0,0,0,0
73,272,12.452,46.717,3546.5,2.2363,0,0,0,0,0,0,0,0,0,0,0,0,0,0,0
73,272,12.452,46.717,3546.5,0.006733,0,0,0,0,0,0,0,0,0,0,0,0,0,0,0
73,272,12.452,46.717,3546.5,0,0,0,0,0,0,0,0,0,0,0,0,0,0,0,0
73,272,12.452,46.717,3546.5,0.008333,0,0,0,0,0,0,0,0,0,0,0,0,0,0,0
73,272,12.452,46.717,3546.5,0.005239,0,0,0,0,0,0,0,0,0,0,0,0,0,0,0
73,272,12.452,46.717,3546.5,0,0,0,0,0,0,0,0,0,0,0,0,0,0,0,0
73,272,12.452,46.717,3546.5,0,0,0,0,0,0,0,0,0,0,0,0,0,0,0,0
73,272,12.452,46.717,3546.5,0.32688,0,0,0,0,0,0,0,0,0,3.2406,0,0,0,0,0
73,272,12.452,46.717,3546.5,0.008198,0,0,0,0,0,0,0,0,0,5.0001,0,0,0,0,0
73,272,12.452,46.717,3546.5,4.7144,0,0,0,0,0,0,0,0,0,0,0,0,0,0,0
73,272,12.452,46.717,3546.5,0,0,0,0,0,0,0,0,0,0,0,0,0,0,0,0
73,272,12.452,46.717,3546.5,0,0,0,0,0,0,0,0,0,0,0,0,0,0,0,0
73,272,12.452,46.717,3546.5,0,0,0,0,0,0,0,0,0,0,0,0,0,0,0,0
73,272,12.452,46.717,3546.5,0.50276,0,0,0,0,0,0,0,0,0,0,0,0,0,0,0
73,272,12.452,46.717,3546.5,0,0,0,0,0,0,0,0,0,0,0,0,0,0,0,0
73,272,12.452,46.717,3546.5,0,0,0,0,0,0,0,0,0,0,0,0,0,0,0,0
73,272,12.452,46.717,3546.5,0.000156,0,0,0,0,0,0,0,0,0,0,0,0,0,0,0
73,272,12.452,46.717,3546.5,0.008333,0,0,0,0,0,0,0,0,0,0,0,0,0,0,0
73,272,12.452,46.717,3546.5,0,0,0,0,0,0,0,0,0,0,0,0,0,0,0,0
73,272,12.452,46.717,3546.5,0.49662,0,0,0,0,0,0,0,0,0,0,0,0,0,0,0
73,272,12.452,46.717,3546.5,0,0,0,0,0,0,0,0,0,0,0,0,0,0,0,0
73,272,12.452,46.717,3546.5,0,0,0,0,0,0,0,0,0,0,0,0,0,0,0,0
73,272,12.452,46.717,3546.5,0.002784,0,0,0,0,0,0,0,0,0,0,0,0,0,0,0
73,272,12.452,46.717,3546.5,0,0,0,0,0,0,0,0,0,0,0,0,0,0,0,0
73,272,12.452,46.717,3546.5,1.3442,0,0,0,0,0,0,0,0,0,0,0,0,0,0,0
73,272,12.452,46.717,3546.5,0,0,0,0,0,0,0,0,0,0,0,0,0,0,0,0
73,272,12.452,46.717,3546.5,0.008333,0,0,0,0,0,0,0,0,0,0,0,0,0,0,0
73,272,12.452,46.717,3546.5,2.3027,0,0,0,0,0,0,0,0,0,0,0,0,0,6.101,0
73,272,12.452,46.717,3546.5,0,0,0,0,0,0,0,0,0,0,0,0,0,0,14.975,0
73,272,12.452,46.717,3546.5,0.02059,0,0,0,0,0,0,0,0,0,0,0,0,0,0,0
73,272,12.452,46.717,3546.5,3.9219,0,0,0,0,0,0,0,0,0,0,0,0,0,0,0
73,272,12.452,46.717,3546.5,1.8741,0,0,0,0,0,0,0,0,0,0,0,0,0,0,0
73,272,12.452,46.717,3546.5,0,0,0,0,0,0,0,0,0,0,0,0,0,0,4.1878,0
73,272,12.452,46.717,3546.5,0.008333,0,0,0,0,0,0,0,0,0,0,0,0,0,12.955,0
73,272,12.452,46.717,3546.5,2.3027,0,0,0,0,0,0,0,0,0,0,0,0,0,0,0
73,272,12.452,46.717,3546.5,0.000234,0,0,0,0,0,0,0,0,0,0,0,0,0,0,0
73,272,12.452,46.717,3546.5,0,0,0,0,0,0,0,0,0,0,0,0,0,0,0,0
73,272,12.452,46.717,3546.5,0,0,0,0,0,0,0,0,0,0,0,0,0,0,0,0
73,272,12.452,46.717,3546.5,2.7108,0,0,0,0,0,0,0,0,0,0,0,0,0,0,0
73,272,12.452,46.717,3546.5,0.008333,0,0,0,0,0,0,0,0,0,0,0,0,0,0,0
73,272,12.452,46.717,3546.5,0.0068531,0,0,0,0,0,0,0,0,0,0,0,0,0,0,0
73,272,12.452,46.717,3546.5,0,0,0,0,0,0,0,0,0,0,0,0,0,0,0,0
73,272,12.452,46.717,3546.5,6.001,0,0,0,0,0,0,0,0,0,0,0,0,0,0,0
73,272,12.452,46.717,3546.5,0,0,0,0,0,0,0,0,0,0,0,0,0,0,0,0
73,272,12.452,46.717,3546.5,0.81843,0,0,0,0,0,0,0,0,0,0,0,0,0,0,0
73,272,12.452,46.717,3546.5,0,0,0,0,0,0,0,0,0,0,0,0,0,0,0,0
73,272,12.452,46.717,3546.5,0.56816,0,0,0,0,0,0,0,0,0,0,0,0,0,0,0
73,272,12.452,46.717,3546.5,0,0,0,0,0,0,0,0,0,0,0,0,0,0,0,0
73,272,12.452,46.717,3546.5,0,0,0,0,0,0,0,0,0,0,0,0,0,0,0,0
73,272,12.452,46.717,3546.5,5.3619,0,0,0,0,0,0,0,0,0,0,0,0,0,0,0
73,272,12.452,46.717,3546.5,0,0,0,0,0,0,0,0,0,0,0,0,0,0,0,0
73,272,12.452,46.717,3546.5,0,0,0,0,0,0,0,0,0,0,0,0,0,0,0,0
73,272,12.452,46.717,3546.5,0,0,0,0,0,0,0,0,0,0,0,0,0,0,0,0
73,272,12.452,46.717,3546.5,1.8259,0,0,0,0,0,0,0,0,0,0,0,0,0,0,0
73,272,12.452,46.717,3546.5,0.00247,0,0,0,0,0,0,0,0,0,0,0,0,0,0,0
73,272,12.452,46.717,3546.5,0.00052,0,0,0,0,0,0,0,0,0,0,0,0,0,0,0
73,272,12.452,46.717,3546.5,0,0,0,0,0,0,0,0,0,0,0,0,0,0,0,0
73,272,12.452,46.717,3546.5,0,0,0,0,0,0,0,0,0,0,0,0,0,0,0,0
73,272,12.452,46.717,3546.5,0.008333,0,0,0,0,0,0,0,0,0,0.87122,0,0,0,0,0
73,272,12.452,46.717,3546.5,0,0,0,0,0,0,0,0,0,0,0,0,0,0,0,0
73,272,12.452,46.717,3546.5,0,0,0,0,0,0,0,0,0,0,0,0,0,0,0,0
73,272,12.452,46.717,3546.5,0,0,0,0,0,0,0,0,0,0,0,0,0,0,0,0
73,272,12.452,46.717,3546.5,0,0,0,0,0,0,0,0,0,0,0,0,0,0,0,0
73,272,12.452,46.717,3546.5,0.026473,0,0,0,0,0,0,0,0,0,0,0,0,0,0,0
73,272,12.452,46.717,3546.5,2.372,0,0,0,0,0,0,0,0,0,0,0,0,0,0,0
73,272,12.452,46.717,3546.5,0,0,0,0,0,0,0,0,0,0,0,0,0,0,0,0
73,272,12.452,46.717,3546.5,0,0,0,0,0,0,0,0,0,0,0,0,0,0,0,0
73,272,12.452,46.717,3546.5,0,0,0,0,0,0,0,0,0,0,0,0,0,0,0,0
73,272,12.452,46.717,3546.5,0,0,0,0,0,0,0,0,0,0,0,0,0,0,0,0
73,272,12.452,46.717,3546.5,0,0,0,0,0,0,0,0,0,0,0,0,0,0,0,0
73,272,12.452,46.717,3546.5,0.21432,0,0,0,0,0,0,0,0,0,0,0,0,0,0,0
73,272,12.452,46.717,3546.5,0,0,0,0,0,0,0,0,0,0,0,0,0,0,0,0
73,272,12.452,46.717,3546.5,0.14285,0,0,0,0,0,0,0,0,0,0,0,0,0,0,0
73,272,12.452,46.717,3546.5,1.4591,0,0,0,0,0,0,0,0,0,0,0,0,0,0,0
73,272,12.452,46.717,3546.5,0,0,0,0,0,0,0,0,0,0,0,0,0,0,0,0
73,272,12.452,46.717,3546.5,43.585,0,0,0,0,0,0,0,0,0,0,0,0,0,0,0
73,272,12.452,46.717,3546.5,6.7278,0,0,0,0,0,0,0,0,0,0,0,0,0,0,0
73,272,12.452,46.717,3546.5,0,0,0,0,0,0,0,0,0,0,0,0,0,0,0,0
73,272,12.452,46.717,3546.5,0.021777,0,0,0,0,0,0,0,0,0,0,0,0,0,0,0
73,272,12.452,46.717,3546.5,0,0,0,0,0,0,0,0,0,0,0,0,0,0,0,0
73,272,12.452,46.717,3546.5,0,0,0,0,0,0,0,0,0,0,0,0,0,0,0,0
73,272,12.452,46.717,3546.5,0.48333,0,0,0,0,0,0,0,0,0,0,0,0,0,0,0
73,272,12.452,46.717,3546.5,0.0032665,0,0,0,0,0,0,0,0,0,0,0,0,0,0,0
73,272,12.452,46.717,3546.5,0.007697,0,0,0,0,0,0,0,0,0,0,0,0,0,0,0
73,272,12.452,46.717,3546.5,0.25802,0,0,0,0,0,0,0,0,0,0,0,0,0,0,0
73,272,12.452,46.717,3546.5,0,0,0,0,0,0,0,0,0,0,0,0,0,0,0,0
73,272,12.452,46.717,3546.5,2.9263,0,0,0,0,0,0,0,0,0,0,0,0,0,0,0
73,272,12.452,46.717,3546.5,0,0,0,0,0,0,0,0,0,0,0,0,0,0,0,0
73,272,12.452,46.717,3546.5,0.18047,0,0,0,0,0,0,0,0,0,0,0,0,0,0,0
73,272,12.452,46.717,3546.5,0.2642,0,0,0,0,0,0,0,0,0,0,0,0,0,0,0
73,272,12.452,46.717,3546.5,0.21924,0,0,0,0,0,0,0,0,0,0,0,0,0,0,0
73,272,12.452,46.717,3546.5,3.8515,0,0,0,0,0,0,0,0,0,0,0,0,0,0,0
73,272,12.452,46.717,3546.5,0.12008,0,0,0,0,0,0,0,0,0,0,0,0,0,0,0
73,272,12.452,46.717,3546.5,0,0,0,0,0,0,0,0,0,0,0,0,0,0,0,0
73,272,12.452,46.717,3546.5,0.005239,0,0,0,0,0,0,0,0,0,0,0,0,0,0,0
73,272,12.452,46.717,3546.5,13.871,0,0,0,0,0,0,0,0,0,0,0,0,0,0,0
73,272,12.452,46.717,3546.5,0,0,0,0,0,0,0,0,0,0,0,0,0,0,0,0
73,272,12.452,46.717,3546.5,0,0,0,0,0,0,0,0,0,0,0,0,0,0,0,0
73,272,12.452,46.717,3546.5,0,0,0,0,0,0,0,0,0,0,0,0,0,0,0,0
73,272,12.452,46.717,3546.5,0,0,0,0,0,0,0,0,0,0,0,0,0,0,0,0
73,272,12.452,46.717,3546.5,0.008333,0,0,0,0,0,0,0,0,0,0,0,0,0,0,0
73,272,12.452,46.717,3546.5,0,0,0,0,0,0,0,0,0,0,0,0,0,0,0,0
73,272,12.452,46.717,3546.5,16.785,0,0,0,0,0,0,0,0,0,0,0,0,0,0,0
73,272,12.452,46.717,3546.5,1.0697,0,0,0,0,0,0,0,0,0,0,0,0,0,0,0
73,272,12.452,46.717,3546.5,0,0,0,0,0,0,0,0,0,0,0,0,0,0,0,0
73,272,12.452,46.717,3546.5,0,0,0,0,0,0,0,0,0,0,0,0,0,0,0,0
73,272,12.452,46.717,3546.5,0,0,0,0,0,0,0,0,0,0,0,0,0,0,0,0
73,272,12.452,46.717,3546.5,0,0,0,0,0,0,0,0,0,0,0,0,0,0,0,0
73,272,12.452,46.717,3546.5,0,0,0,0,0,0,0,0,0,0,0,0,0,0,0,0
73,272,12.452,46.717,3546.5,0.003346,0,0,0,0,0,0,0,0,0,0,0,0,0,0,0
73,272,12.452,46.717,3546.5,0,0,0,0,0,0,0,0,0,0,0,0,0,0,0,0
73,272,12.452,46.717,3546.5,0,0,0,0,0,0,0,0,0,0,0,0,0,0,0,0
73,272,12.452,46.717,3546.5,0.008333,0,0,0,0,0,0,0,0,0,0,0,0,0,0,0
73,272,12.452,46.717,3546.5,0,0,0,0,0,0,0,0,0,0,0,0,0,0,0,0
73,272,12.452,46.717,3546.5,0,0,0,0,0,0,0,0,0,0,0,0,0,0,0,0
73,272,12.452,46.717,3546.5,0,0,0,0,0,0,0,0,0,0,0,0,0,0,0,0
73,272,12.452,46.717,3546.5,0,0,0,0,0,0,0,0,0,0,0,0,0,0,0,0
73,272,12.452,46.717,3546.5,0.25802,0,0,0,0,0,0,0,0,0,0,0,0,0,0,0
73,272,12.452,46.717,3546.5,0,0,0,0,0,0,0,0,0,0,0,0,0,0,0,0
73,272,12.452,46.717,3546.5,39.094,0,0,0,0,0,0,0,0,0,0,0,0,0,0,0
73,272,12.452,46.717,3546.5,0,0,0,0,0,0,0,0,0,0,0,0,0,0,0,0
73,272,12.452,46.717,3546.5,0,0,0,0,0,0,0,0,0,0,0,0,0,0,0,0
73,272,12.452,46.717,3546.5,12.303,0,0,0,0,0.20279,0,0,0,0,0,0,0,0,0,0
73,272,12.452,46.717,3546.5,7.717,0,0,0,0,0,0,0,0,0,0,0,0,0,0,0
73,272,12.452,46.717,3546.5,0,0,0,0,0,0.08406,0.13028,0,0,0,0,0,0,0,0,0
73,272,12.452,46.717,3546.5,0,0,0,0,0,0,0,0,0,0,0,0,0,0,0,0
73,272,12.452,46.717,3546.5,0.054239,0,0,0,0,0,0,0,0,0,0,0,0,0,0,0
73,272,12.452,46.717,3546.5,0,0,0,0,0,0,0,0,0,0,0,0,0,0,0,0
73,272,12.452,46.717,3546.5,0.029455,0,0,0,0,0,0,0,0,0,0,0,0,0,0,0
73,272,12.452,46.717,3546.5,0.008333,0,0,0,0,0,0,0,0,0,0,0,0,0,0,0
73,272,12.452,46.717,3546.5,0.008333,0,0,0,0,0,0,0,0,0,0,0,0,0,0,0
73,272,12.452,46.717,3546.5,0.008333,0,0,0,0,0,0,0,0,0,0,0,0,0,0,0
73,272,12.452,46.717,3546.5,0.018812,0,0,0,0,0,0,0,0,0,0,0,0,0,0,0
73,272,12.452,46.717,3546.5,1.5247,0,0,0,0,0,0.7584,0,0,0,0,0,0,0,0,0
73,272,12.452,46.717,3546.5,0,0,0,0,0,0,0,0,0,0,0,0,0,0,0,0
73,272,12.452,46.717,3546.5,0,0,0,0,0,0,0,0,0,0,0,0,0,0,0,0
73,272,12.452,46.717,3546.5,0.005657,0,0,0,0,0,0,0,0,0,0,0,0,0,0,0
73,272,12.452,46.717,3546.5,0,0,0,0,0,0,0,0,0,0,0,0,0,0,0,0
73,272,12.452,46.717,3546.5,3.0297,0,0,0,0,0,0,0,0,0,0,0,0,0,0,0
73,272,12.452,46.717,3546.5,4.6113,0,0,0,0,7.5202,0,0,0,0,0,0,0,0,0,0
73,272,12.452,46.717,3546.5,0,0,0,0,0,0,0,0,0,0,0,0,0,0,0,0
73,272,12.452,46.717,3546.5,0,0,0,0,0,0,0,0,0,0,0,0,0,0,0,0
73,272,12.452,46.717,3546.5,0,0,0,0,0,0,0,0,0,0,0,0,0,0,0,0
73,272,12.452,46.717,3546.5,0,0,0,0,0,0,0,0,0,0,0,0,0,0,0,0
73,272,12.452,46.717,3546.5,0,0,0,0,0,0,0,0,0,0,0,0,0,0,0,0
73,272,12.452,46.717,3546.5,0,0,0,0,0,0,0,0,0,0,0,0,0,0,0,0
73,272,12.452,46.717,3546.5,3.6187,0,0,0,0,0,0,0,0,0,0.52369,0,0,0,0,0
73,272,12.452,46.717,3546.5,0,0,0,0,0,0,0,0,0,0,0,0,0,0,0,0
73,272,12.452,46.717,3546.5,0,0,0,0,0,0,0,0,0,0,0,0,0,0,0,0
73,272,12.452,46.717,3546.5,0.18047,0,0,0,0,0,0,0,0,0,0,0,0,0,0,0
73,272,12.452,46.717,3546.5,0.008333,0,0,0,0,0,0,0,0,0,0,0,0,0,0,0
73,272,12.452,46.717,3546.5,0,0,0,0,0,0,0.84035,0,0,0,0,0,0,0,0,0
73,272,12.452,46.717,3546.5,0,0,0,0,0,0,0,0,0,0,0,0,0,0,0,0
73,272,12.452,46.717,3546.5,12.303,0,0,0,0,0,0,0,0,0,0,0,0,0,0,0
73,272,12.452,46.717,3546.5,0,0,0,0,0,0,0,0,0,0,0,0,0,0,0,0
73,272,12.452,46.717,3546.5,0,0,0,0,0,0,0,0,0,0,0,0,0,0,0,0
73,272,12.452,46.717,3546.5,7.95e-05,0,0,0,0,0,0,0,0,0,0,0,0,0,0,0
73,272,12.452,46.717,3546.5,0.008335,0,0,0,0,0,0,0,0,0,0,0,0,0,0,0
73,272,12.452,46.717,3546.5,0,0,0,0,0,0,0,0,0,0,0,0,0,0,0,0
73,272,12.452,46.717,3546.5,0,0,0,0,0,0,0,0,0,0,0,0,0,0,0,0
73,272,12.452,46.717,3546.5,0.0015835,0,0,0,0,0.1665,0,0,0,0,0,0,0,0,0,0
73,272,12.452,46.717,3546.5,2.453,0,0,0,0,0,0,0,0,0,0,0,0,0,0,0
73,272,12.452,46.717,3546.5,0,0,0,0,0,0,0,0,0,0,0,0,0,0,0,0
73,272,12.452,46.717,3546.5,1.123,0,0,0,0,0,0,0,0,0,0,0,0,0,0,0
73,272,12.452,46.717,3546.5,0,0,0,0,0,0,0,0,0,0,0,0,0,0,34.34,0
73,272,12.452,46.717,3546.5,0,0,0,0,0,4.2844,0,0,0,0,0,0,0,0,0,0
73,272,12.452,46.717,3546.5,1.7327,0,0,0,0,0,0,0,0,0,1.3981,0,0,0,0,0
73,272,12.452,46.717,3546.5,0,0,0,0,0,0,0,0,0,0,0,0,0,0,0,0
73,272,12.452,46.717,3546.5,0.001205,0,0,0,0,0,0,0,0,0,0,0,0,0,0,0
73,272,12.452,46.717,3546.5,0,0,0,0,0,0,0,0,0,0,0,0,0,0,2.1225,0
73,272,12.452,46.717,3546.5,0.000156,0,0,0,0,0,0,0,0,0,0,0,0,0,0,0
73,272,12.452,46.717,3546.5,0.28022,0,0,0,0,0,0,0,0,0,0,0,0,0,0,0
73,272,12.452,46.717,3546.5,0,0,0,0,0,0,0,0,0,0,0,0,0,0,0,0
73,272,12.452,46.717,3546.5,0,0,0,0,0,0,0,0,0,0,0,0,0,0,2.1225,0
73,272,12.452,46.717,3546.5,0,0,0,0,0,0,0,0,0,0,0,0,0,0,0,0
73,272,12.452,46.717,3546.5,0.00524,0,0,0,0,0,0,0,0,0,0,0,0,0,0,0
73,272,12.452,46.717,3546.5,0.019431,0,0,0,0,0,0,0,0,0,0,0,0,0,0,0
73,272,12.452,46.717,3546.5,0,0,0,0,0,0,0,0,0,0,0,0,0,0,0,0
73,272,12.452,46.717,3546.5,0.001769,0,0,0,0,0,0,0,0,0,0,0,0,0,0,0
73,272,12.452,46.717,3546.5,0.008333,0,0,0,0,0,0,0,0,0,0,0,0,0,0,0
73,272,12.452,46.717,3546.5,0.005657,0,0,0,0,0.075661,0,0,0,0,0,0,0,0,0,0
73,272,12.452,46.717,3546.5,1.0934,0,0,0,0,0,0,0,0,0,0,0,0,0,0,0
73,272,12.452,46.717,3546.5,2.8758,0,0,0,0,0,0,0,0,0,0,0,0,0,0,0
73,272,12.452,46.717,3546.5,0,0,0,0,0,0,0,0,0,0,0,0,0,0,0,0
73,272,12.452,46.717,3546.5,0,0,0,0,0,0,0,0,0,0,0,0,0,0,0,0
73,272,12.452,46.717,3546.5,0.032708,0,0,0,0,0,0,0,0,0,0,0,0,0,0,0
73,272,12.452,46.717,3546.5,0.20734,0,0,0,0,0,0,0,0,0,0,0,0,0,0,0
73,272,12.452,46.717,3546.5,0,0,0,0,0,0,0,0,0,0,0,0,0,0,0,0
73,272,12.452,46.717,3546.5,0,0,0,0,0,0,0,0,0,0,0,0,0,0,0,0
73,272,12.452,46.717,3546.5,13.871,0,0,0,0,0,0,0,0,0,0,0,0,0,0,0
73,272,12.452,46.717,3546.5,0,0,0,0,0,0,15.524,0,0,0,0,0,0,0,0,0
73,272,12.452,46.717,3546.5,6.001,0,0,0,0,0,0,0,0,0,0,0,0,0,0,0
73,272,12.452,46.717,3546.5,0,0,0,0,0,0,0,0,0,0,0,0,0,0,0,0
73,272,12.452,46.717,3546.5,1.1989,0,0,0,0,0,0,0,0,0,0,0,0,0,0,0
73,272,12.452,46.717,3546.5,0.12261,0,0,0,0,0,0,0,0,0,0,0,0,0,0,0
73,272,12.452,46.717,3546.5,0.001309,0,0,0,0,0,0,0,0,0,0,0,0,0,0,0
73,272,12.452,46.717,3546.5,0,0,0,0,0,0,0,0,0,0,0,0,0,0,6.531,0
73,272,12.452,46.717,3546.5,0.011031,0,0,0,0,0,0,0,0,0,0,0,0,0,0,0
73,272,12.452,46.717,3546.5,0.1504,0,0,0,0,0,0,0,0,0,0.050576,0,0,0,0,0
73,272,12.452,46.717,3546.5,0.22557,0,0,0,0,0,0,0,0,0,0,0,0,0,0,0
73,272,12.452,46.717,3546.5,1.0115,0,0,0,0,0.0079785,0,0,0,0,0,0,0,0,0,0
73,272,12.452,46.717,3546.5,0,0,0,0,0,0,0,0,0,0,0,0,0,0,0,0
73,272,12.452,46.717,3546.5,0,0,0,0,0,0,0,0,0,0,0,0,0,0,0,0
73,272,12.452,46.717,3546.5,0,0,0,0,0,0,0,0,0,0,0,0,0,0,0,0
73,272,12.452,46.717,3546.5,0,0,0,0,0,0,0,0,0,0,0,0,0,0,0,0
73,272,12.452,46.717,3546.5,0,0,0,0,0,0,0,0,0,0,0,0,0,0,0,0
73,272,12.452,46.717,3546.5,9.2405,0,0,0,0,0,0,0,0,0,0,0,0,0,0,0
73,272,12.452,46.717,3546.5,10.316,0,0,0,0,0,0,0,0,0,0,0,0,0,0,0
73,272,12.452,46.717,3546.5,0.006456,0,0,0,0,0,0,0,0,0,0,0,0,0,0,0
73,272,12.452,46.717,3546.5,0,0,0,0,0,0,0,0,0,0,0,0,0,0,0,0
73,272,12.452,46.717,3546.5,0.12008,0,0,0,0,0,0,0,0,0,0,0,0,0,0,0
73,272,12.452,46.717,3546.5,0.21724,0,0,0,0,0,0,0,0,0,0,0,0,0,0,0
73,272,12.452,46.717,3546.5,0,0,0,0,0,0,0,0,0,0,0,0,0,0,0,0
73,272,12.452,46.717,3546.5,2.3515,0,0,0,0,0,0,0,0,0,0,0,0,0,0,0
73,272,12.452,46.717,3546.5,0.30045,0,0,0,0,0,0,0,0,0,0,0,0,0,0,0
73,272,12.452,46.717,3546.5,0,0,0,0,0,0,0,0,0,0,0,0,0,0,0,0
73,272,12.452,46.717,3546.5,0,0,0,0,0,0,0,0,0,0,0,0,0,0,0,0
73,272,12.452,46.717,3546.5,3.0297,0,0,0,0,0,0,0,0,0,0,0,0,0,0,0
73,272,12.452,46.717,3546.5,0,0,0,0,0,0,0,0,0,0,0,0,0,0,0,0
73,272,12.452,46.717,3546.5,0,0,0,0,0,0,0,0,0,0,0,0,0,0,0,0
73,272,12.452,46.717,3546.5,0,0,0,0,0,0,0.40452,0,0,0,0,0,0,0,0,0
73,272,12.452,46.717,3546.5,15.047,0,0,0,0,0,0,0,0,0,0,0,0,0,0,0
73,272,12.452,46.717,3546.5,0.32688,0,0,0,0,0,0,0,0,0,1.8127,0,0,0,0,0
73,272,12.452,46.717,3546.5,6.6536,0,0,0,0,0,0,0,0,0,0,0,0,0,0,0
73,272,12.452,46.717,3546.5,4.8695,0,0,0,0,0,0,0,0,0,0,0,0,0,6.5494,0
73,272,12.452,46.717,3546.5,0,0,0,0,0,0,0,0,0,0,0,0,0,0,45.254,0
73,272,12.452,46.717,3546.5,0.003346,0,0,0,0,0,0,0,0,0,0,0,0,0,0,0
73,272,12.452,46.717,3546.5,0.72136,0,0,0,0,0,0,0,0,0,0,0,0,0,0,0
73,272,12.452,46.717,3546.5,2.2489,0,0,0,0,0,0,0,0,0,0,0,0,0,0,0
73,272,12.452,46.717,3546.5,0.005411,0,0,0,0,0,0,0,0,0,0,0,0,0,0,0
73,272,12.452,46.717,3546.5,0.008333,0,0,0,0,0,0,0,0,0,0,0,0,0,29.479,0
73,272,12.452,46.717,3546.5,0,0,0,0,0,0,0,0,0,0,0,0,0,0,0,0
73,272,12.452,46.717,3546.5,0.093425,0,0,0,0,0,0,0,0,0,0,0,0,0,0,0
73,272,12.452,46.717,3546.5,0,0,0,0,0,0,0,0,0,0,0,0,0,0,0,0
73,272,12.452,46.717,3546.5,0.12626,0,0,0,0,0,0,0,0,0,0,0,0,0,0,0
73,272,12.452,46.717,3546.5,0.003538,0,0,0,0,0,0,0,0,0,0,0,0,0,0,0
73,272,12.452,46.717,3546.5,0.0099438,0,0,0,0,0,0,0,0,0,0,0,0,0,0,0
73,272,12.452,46.717,3546.5,0,0,0,0,0,0,0,0,0,0,0,0,0,0,0,0
73,272,12.452,46.717,3546.5,0.074483,0,0,0,0,0,0,0,0,0,0,0,0,0,0,0
73,272,12.452,46.717,3546.5,0,0,0,0,0,0,0,0,0,0,0,0,0,0,0,0
73,272,12.452,46.717,3546.5,0,0,0,0,0,0,0,0,0,0,0,0,0,0,4.5269,0
73,272,12.452,46.717,3546.5,0,0,0,0,0,0,0,0,0,0,0,0,0,0,0,0
73,272,12.452,46.717,3546.5,0.25802,0,0,0,0,0,0,0,0,0,0,0,0,0,0,0
73,272,12.452,46.717,3546.5,2.9263,0,0,0,0,0,0,0,0,0,0,0,0,0,0,0
73,272,12.452,46.717,3546.5,0,0,0,0,0,0,0,0,0,0,0,0,0,0,0,0
73,272,12.452,46.717,3546.5,0,0,0,0,0,0,0,0,0,0,0,0,0,0,9.6062,0
73,272,12.452,46.717,3546.5,1.7992,0,0,0,0,0,0,0,0,0,0,0,0,0,0,0
73,272,12.452,46.717,3546.5,7.717,0,0,0,0,0,0,0,0,0,0,0,0,0,0,0
73,272,12.452,46.717,3546.5,6.0958,0,0,0,0,0,0,0,0,0,0,0,0,0,0,0
73,272,12.452,46.717,3546.5,0.008333,0,0,0,0,0,0,0,0,0,0,0,0,0,0,0
73,272,12.452,46.717,3546.5,0.018318,0,0,0,0,0,0,0,0,0,0,0,0,0,0,0
73,272,12.452,46.717,3546.5,0.008333,0,0,0,0,0,0,0,0,0,0,0,0,0,0,0
73,272,12.452,46.717,3546.5,0,0,0,0,0,0,0,0,0,0,0,0,0,0,0,0
73,272,12.452,46.717,3546.5,0.00524,0,0,0,0,0,0,0,0,0,0,0,0,0,0,0
73,272,12.452,46.717,3546.5,0,0,0,0,0,0,0,0,0,0,0,0,0,0,0,0
73,272,12.452,46.717,3546.5,0,0,0,0,0,0,0,0,0,0,0,0,0,0,0,0
73,272,12.452,46.717,3546.5,0.28022,0,0,0,0,0,0,0,0,0,0,0,0,0,0,0
73,272,12.452,46.717,3546.5,0.055171,0,0,0,0,0,0,0,0,0,0,0,0,0,0,0
73,272,12.452,46.717,3546.5,30.407,0,0,0,0,0,0,0,0,0,0,0,0,0,0,0
73,272,12.452,46.717,3546.5,0,0,0,0,0,0,0,0,0,0,0,0,0,0,0,0
73,272,12.452,46.717,3546.5,0,0,0,0,0,0,0,0,0,0,0,0,0,0,0,0
73,272,12.452,46.717,3546.5,0,0,0,0,0,0,0,0,0,0,0,0,0,0,0,0
73,272,12.452,46.717,3546.5,0,0,0,0,0,0,0,0,0,0,0,0,0,0,0,0
73,272,12.452,46.717,3546.5,0.002139,0,0,0,0,0,0,0,0,0,0,0,0,0,0,0
73,272,12.452,46.717,3546.5,0.003538,0,0,0,0,0,0,0,0,0,0,0,0,0,0,0
73,272,12.452,46.717,3546.5,0,0,0,0,0,0,0,0,0,0,0,0,0,0,0,0
73,272,12.452,46.717,3546.5,0,0,0,0,0,0,0,0,0,0,0,0,0,0,0,0
73,272,12.452,46.717,3546.5,0.20108,0,0,0,0,0,0,0,0,0,0,0,0,0,0,0
73,272,12.452,46.717,3546.5,0.031496,0,0,0,0,0,0,0,0,0,0,0,0,0,0,0
73,272,12.452,46.717,3546.5,0.69701,0,0,0,0,0,0,0,0,0,0,0,0,0,0,0
73,272,12.452,46.717,3546.5,0.026473,0,0,0,0,0,0,0,0,0,0,0,0,0,0,0
73,272,12.452,46.717,3546.5,1.046,0,0,0,0,0,0,0,0,0,0,0,0,0,0,0
73,272,12.452,46.717,3546.5,0.000376,0,0,0,0,0,0,0,0,0,0,0,0,0,0,0
73,272,12.452,46.717,3546.5,0,0,0,0,0,0,0,0,0,0,0,0,0,0,0,0
73,272,12.452,46.717,3546.5,0,0,0,0,0,0,0,0,0,0,0,0,0,0,0,0
73,272,12.452,46.717,3546.5,0,0,0,0,0,0,0,0,0,0,0,0,0,0,0,0
73,272,12.452,46.717,3546.5,0,0,0,0,0,0,0,0,0,0,0,0,0,0,0,0
73,272,12.452,46.717,3546.5,0,0,0,0,0,0,0,0,0,0,0,0,0,0,0,0
73,272,12.452,46.717,3546.5,14.153,0,0,0,0,0,0,0,0,0,0,0,0,0,0,0
73,272,12.452,46.717,3546.5,0.010649,0,0,0,0,0,0,0,0,0,0,0,0,0,0,0
73,272,12.452,46.717,3546.5,8.9433,0,0,0,0,0.007112,0,0,0,0,0,0,0,0,0,0
73,272,12.452,46.717,3546.5,0.002011,0,0,0,0,0,0,0,0,0,0,0,0,0,0,0
73,272,12.452,46.717,3546.5,0,0,0,0,0,0,0,0,0,0,0,0,0,0,0,0
73,272,12.452,46.717,3546.5,0,0,0,0,0,0,0,0,0,0,0,0,0,0,0,0
73,272,12.452,46.717,3546.5,0,0,0,0,0,0,0,0,0,0,0,0,0,0,0,0
73,272,12.452,46.717,3546.5,0.14527,0,0,0,0,0,0,0,0,0,0,0,0,0,0,0
73,272,12.452,46.717,3546.5,0,0,0,0,0,0,0,0,0,0,0,0,0,0,0,0
73,272,12.452,46.717,3546.5,0.023994,0,0,0,0,0,0,0,0,0,0,0,0,0,0,0
73,272,12.452,46.717,3546.5,0.12626,0,0,0,0,0,0,0,0,0,0,0,0,0,0,0
73,272,12.452,46.717,3546.5,0,0,0,0,0,0,0,0,0,0,0,0,0,0,0,0
73,272,12.452,46.717,3546.5,0.0068531,0,0,0,0,0,0,0,0,0,0,0,0,0,0,0
73,272,12.452,46.717,3546.5,7.8e-05,0,0,0,0,0,0,0,0,0,0,0,0,0,0,0
74,273,2.08,271.41,20604,3.7909,0,0,0,0,0,0,0,0,0,0,0,0,0,123.47,0
74,273,2.08,271.41,20604,33.563,0,0,0,0,0,0,0,0,0,0,0,0,0,134.49,0
74,273,2.08,271.41,20604,0,0,0,0,0,0,0,0,0,0,0,0,0,0,12.885,0
74,273,2.08,271.41,20604,22.65,0,0,0,0,0,0,0,0,0,0,0,0,0,101.11,0
74,273,2.08,271.41,20604,0,0,0,0,0,0,0,0,0,0,0,0,0,0,0,0
74,273,2.08,271.41,20604,0.008333,0,0,0,0,0,0,0,0,0,0,0,0,0,0,0
74,273,2.08,271.41,20604,0.002784,0,0,0,0,0,0,0,0,0,0,0,0,0,0,0
74,273,2.08,271.41,20604,0.002031,0,0,0,0,0,0,0,0,0,0,0,0,0,0,0
74,273,2.08,271.41,20604,0.0088426,0,0,0,0,0,0,0,0,0,0,0,0,0,0,0
74,273,2.08,271.41,20604,0.008198,0,0,0,0,0,0,0,0,0,0,0,0,0,10.59,0
74,273,2.08,271.41,20604,0.001009,0,0,0,0,0,0,0,0,0,0,0,0,0,0,0
74,273,2.08,271.41,20604,0.008333,0,0,0,0,0,0.13028,0,0,0,0,0,0,0,0,0
74,273,2.08,271.41,20604,2.6855,0,0,0,0,0,0,0,0,0,0,0,0,0,0,0
74,273,2.08,271.41,20604,0.008708,0,0,0,0,0,0,0,0,0,0,0,0,0,0,0
74,273,2.08,271.41,20604,0.046678,0,0,0,0,0,0,0,0,0,0,0,0,0,0,0
74,273,2.08,271.41,20604,16.785,0,0,0,0,0,0,0,0,0,0,0,0,0,1.5248,0
74,273,2.08,271.41,20604,0,0,0,0,0,0,0,0,0,0,0,0,0,0,0,0
74,273,2.08,271.41,20604,0.005202,0,0,0,0,0,0,0,0,0,0,0,0,0,0,0
74,273,2.08,271.41,20604,2.2363,0,0,0,0,0,0,0,0,0,0,0,0,0,0,0
74,273,2.08,271.41,20604,0,0,0,0,0,0,0,0,0,0,0,0,0,0,0,0
74,273,2.08,271.41,20604,0,0,0,0,0,0,0,0,0,0,0,0,0,0,0,0
74,273,2.08,271.41,20604,0,0,0,0,0,0,0,0,0,0,0,0,0,0,6.5371,0
74,273,2.08,271.41,20604,0.10797,0,0,0,0,0,0,0,0,0,0,0,0,0,0,0
74,273,2.08,271.41,20604,7.717,0,0,0,0,0,0,0,0,0,0.65637,0,0,0,0,0
74,273,2.08,271.41,20604,0,0,0,0,0,0,0,0,0,0,0,0,0,0,6.7033,0
74,273,2.08,271.41,20604,0.38059,0,0,0,0,0,0,0,0,0,0,0,0,0,0,0
74,273,2.08,271.41,20604,0,0,0,0,0,0,0,0,0,0,0,0,0,0,6.6664,0
74,273,2.08,271.41,20604,0.027446,0,0,0,0,0,0,0,0,0,0,0,0,0,0,0
74,273,2.08,271.41,20604,3.8515,0,0,0,0,0,0,0,0,0,0,0,0,0,41.483,0
74,273,2.08,271.41,20604,0.000156,0,0,0,0,0,0,0,0,0,0,0,0,0,0,0
74,273,2.08,271.41,20604,0.008333,0,0,0,0,0,0,0,0,0,0,0,0,0,0,0
74,273,2.08,271.41,20604,0,0,0,0,0,0,0,0,0,0,0,0,0,0,160.98,0
74,273,2.08,271.41,20604,0,0,0,0,0,0,0,0,0,0,0,0,0,0,0,0
74,273,2.08,271.41,20604,0.026473,0,0,0,0,0,0,0,0,0,0,0,0,0,0,0
74,273,2.08,271.41,20604,1.5247,0,0,0,0,0,0,0,0,0,0,0,0,0,0,0
74,273,2.08,271.41,20604,0,0,0,0,0,0,0,0,0,0,0,0,0,0,0,0
74,273,2.08,271.41,20604,0,0,0,0,0,0,0,0,0,0,0,0,0,0,0,0
74,273,2.08,271.41,20604,0.12008,0,0,0,0,0,0,0,0,0,0,0,0,0,0,0
74,273,2.08,271.41,20604,0,0,0,0,0,0,0,0,0,0,0,0,0,0,155.14,0
74,273,2.08,271.41,20604,0.20734,0,0,0,0,0,0,0,0,0,0,0,0,0,0,0
74,273,2.08,271.41,20604,0.87319,0,0,0,0,0,0,0,0,0,0,0,0,0,0,0
74,273,2.08,271.41,20604,0.006733,0,0,0,0,0,0,0,0,0,0,0,0,0,0,0
74,273,2.08,271.41,20604,0,0,0,0,0,0,0,0,0,0,0,0,0,0,0,0
74,273,2.08,271.41,20604,0,0,0,0,0,0,0,0,0,0,0,0,0,0,34.409,0
74,273,2.08,271.41,20604,0.00524,0,0,0,0,0,0,0,0,0,0,0,0,0,0,0
74,273,2.08,271.41,20604,0,0,0,0,0,0,0,0,0,0,0,0,0,0,0,0
74,273,2.08,271.41,20604,0.3117,0,0,0,0,0,0,0,0,0,0,0,0,0,0,0
74,273,2.08,271.41,20604,0,0,0,0,0,0,0,0,0,0,0,0,0,0,0.25837,0
74,273,2.08,271.41,20604,0.0068531,0,0,0,0,0,0,0,0,0,0,0,0,0,0,0
74,273,2.08,271.41,20604,0.00524,0,0,0,0,0,0,0,0,0,0,0,0,0,135.15,0
74,273,2.08,271.41,20604,5.7557,0,0,0,0,0,0,0,0,0,0,0,0,0,47.994,0
74,273,2.08,271.41,20604,0.76194,0,0,0,0,0,0,0,0,0,0,0,0,0,41.4,0
74,273,2.08,271.41,20604,0.27803,0,0,0,0,0,0,0,0,0,0,0,0,0,1.5248,0
74,273,2.08,271.41,20604,0,0,0,0,0,0,0,0,0,0,0,0,0,0,0,0
74,273,2.08,271.41,20604,0.69701,0,0,0,0,0,0,0,0,0,0,0,0,0,0,0
74,273,2.08,271.41,20604,0.050098,0,0,0,0,0,0,0,0,0,0,0,0,0,0,0
74,273,2.08,271.41,20604,0,0,0,0,0,0,0,0,0,0,0,0,0,0,0.25837,0
74,273,2.08,271.41,20604,0,0,0,0,0,0,0,0,0,0,0,0,0,0,11.949,0
74,273,2.08,271.41,20604,17.734,0,0,0,0,0.79502,0,0,0,0,0,0,0,0,6.6664,0
74,273,2.08,271.41,20604,0.21724,0,0,0,0,0,0,0,0,0,2.1263,0,0,0,0,0
74,273,2.08,271.41,20604,0,0,0,0,0,0,0,0,0,0,0,0,0,0,0,0
74,273,2.08,271.41,20604,0.060209,0,0,0,0,0,0,0,0,0,0,0,0,0,0,0
74,273,2.08,271.41,20604,0.006456,0,0,0,0,0,0,0,0,0,0,0,0,0,0,0
74,273,2.08,271.41,20604,0,0,0,0,0,0,0,0,0,0,0,0,0,0,0,0
74,273,2.08,271.41,20604,0,0,0,0,0,0,0,0,0,0,0,0,0,0,0,0
74,273,2.08,271.41,20604,0.28022,0,0,0,0,0,0,0,0,0,0,0,0,0,0,0
74,273,2.08,271.41,20604,0.093425,0,0,0,0,0,0,0,0,0,0,0,0,0,134.99,0
74,273,2.08,271.41,20604,1.5467,0,0,0,0,0,0,0,0,0,0,0,0,0,0,0
74,273,2.08,271.41,20604,0.0071766,0,0,0,0,0,0,0,0,0,0,0,0,0,32.91,0
74,273,2.08,271.41,20604,0,0,0,0,0,0,0,0,0,0,0,0,0,0,27.777,0
74,273,2.08,271.41,20604,0,0,0,0,0,0,0,0,0,0,0,0,0,0,30.786,0
74,273,2.08,271.41,20604,0.077153,0,0,0,0,0,0,0,0,0,0,0,0,0,12.813,0
74,273,2.08,271.41,20604,0.003468,0,0,0,0,0,0,0,0,0,0,0,0,0,0,0
74,273,2.08,271.41,20604,0,0,0,0,0,0,0,0,0,0,0,0,0,0,177.55,0
74,273,2.08,271.41,20604,0,0,0,0,0,0,0,0,0,0,0,0,0,0,55.119,0
74,273,2.08,271.41,20604,0,0,0,0,0,0,0,0,0,0,0,0,0,0,0,0
74,273,2.08,271.41,20604,0,0,0,0,0,0,0,0,0,0,0,0,0,0,0,0
74,273,2.08,271.41,20604,6.4751,0,0,0,0,0,0,0,0,0,0,0,0,0,0,0
74,273,2.08,271.41,20604,0.000376,0,0,0,0,0,0,0,0,0,0,0,0,0,0,0
74,273,2.08,271.41,20604,0,0,0,0,0,0,0,0,0,0,0,0,0,0,0,0
74,273,2.08,271.41,20604,0,0,0,0,0,0,0,0,0,0,0,0,0,0,0,0
74,273,2.08,271.41,20604,0,0,0,0,0,0,0.13028,0,0,0,0,0,0,0,0,0
74,273,2.08,271.41,20604,3.9219,0,0,0,0,0,0,0,0,0,0,0,0,0,0,0
74,273,2.08,271.41,20604,0,0,0,0,0,0,0,0,0,0,0,0,0,0,0,0
74,273,2.08,271.41,20604,0,0,0,0,0,0,0,0,0,0,0,0,0,0,0,0
74,273,2.08,271.41,20604,0,0,0,0,0,0,0,0,0,0,0,0,0,0,0,0
74,273,2.08,271.41,20604,0,0,0,0,0,0,0,0,0,0,0,0,0,0,0,0
74,273,2.08,271.41,20604,0,0,0,0,0,0,0,0,0,0,0,0,0,0,0,0
74,273,2.08,271.41,20604,0.00524,0,0,0,0,0,0,0,0,0,0,0,0,0,0,0
74,273,2.08,271.41,20604,0.00524,0,0,0,0,0,32.893,0,0,0,0,0,0,0,0,0
74,273,2.08,271.41,20604,0.69402,0,0,0,0,0,0,0,0,0,0,0,0,0,0,0
74,273,2.08,271.41,20604,0.008333,0,0,0,0,0,0.059897,0,0,0,0,0,0,0,0,0
74,273,2.08,271.41,20604,0.14285,0,0,0,0,0,0,0,0,0,0,0,0,0,0,0
74,273,2.08,271.41,20604,0.00524,0,0,0,0,0,0,0,0,0,0,0,0,0,0,0
74,273,2.08,271.41,20604,0,0,0,0,0,0,0,0,0,0,0,0,0,0,13.482,0
74,273,2.08,271.41,20604,0.69402,0,0,0,0,0,0,0,0,0,0,0,0,0,0,0
74,273,2.08,271.41,20604,0.053439,0,0,0,0,0,0,0,0,0,0,0,0,0,34.217,0
74,273,2.08,271.41,20604,0.39765,0,0,0,0,0,0,0,0,0,0,0,0,0,0,0
74,273,2.08,271.41,20604,0.002998,0,0,0,0,0,0,0,0,0,0,0,0,0,12.129,0
74,273,2.08,271.41,20604,0.002139,0,0,0,0,0,0,0,0,0,0,0,0,0,0,0
74,273,2.08,271.41,20604,0,0,0,0,0,0,0,0,0,0,0,0,0,0,0,0
74,273,2.08,271.41,20604,0.0015835,0,0,0,0,0,0,0,0,0,0,0,0,0,12.525,0
74,273,2.08,271.41,20604,3.6187,0,0,0,0,0,0,0,0,0,0,0,0,0,34.85,0
74,273,2.08,271.41,20604,0.3117,0,0,0,0,0,0,0,0,0,0,0,0,0,16.292,0
74,273,2.08,271.41,20604,0.018318,0,0,0,0,0,0,0,0,0,0,0,0,0,0,0
74,273,2.08,271.41,20604,0.12261,0,0,0,0,0,0,0,0,0,0,0,0,0,0,0.67852
74,273,2.08,271.41,20604,0,0,0,0,0,0,0,0,0,0,0,0,0,0,0,0
74,273,2.08,271.41,20604,0.01291,0,0,0,0,0,0,0,0,0,0,0,0,0,134.49,0
74,273,2.08,271.41,20604,2.5505,0,0,0,0,0,0,0,0,0,0,0,0,0,34.337,0
74,273,2.08,271.41,20604,50.499,0,0,0,0,0,0,0,0,0,0,0,0,0,30.459,0
74,273,2.08,271.41,20604,0,0,0,0,0,0,0,0,0,0,0,0,0,0,0,0
74,273,2.08,271.41,20604,2.9263,0,0,0,0,0,0,0,0,0,0,0,0,0,161.79,0
74,273,2.08,271.41,20604,0,0,0,0,0,0,0,0,0,0,0,0,0,0,0,0
74,273,2.08,271.41,20604,0,0,0,0,0,0,0,0,0,0,0,0,0,0,0,0
74,273,2.08,271.41,20604,23.025,0,0,0,0,0,0,0,0,0,0,0,0,0,0,0
74,273,2.08,271.41,20604,0,0,0,0,0,0,0,0,0,0,0,0,0,0,6.9036,0
74,273,2.08,271.41,20604,0.0053955,0,0,0,0,0,0,0,0,0,0,0,0,0,0,0
74,273,2.08,271.41,20604,2.2363,0,0,0,0,0,0,0,0,0,0,0,0,0,0,0
74,273,2.08,271.41,20604,0,0,0,0,0,0,0,0,0,0,0,0,0,0,0,0
74,273,2.08,271.41,20604,0,0,0,0,0,0,0,0,0,0,0,0,0,0,0,0
74,273,2.08,271.41,20604,0.047937,0,0,0,0,0,0,0,0,0,0,0,0,0,1.2898,0
74,273,2.08,271.41,20604,2.6401,0,0,0,0,0.80285,0,0,0,0,0,0,0,0,0,0
74,273,2.08,271.41,20604,0,0,0,0,0,0,0,0,0,0,0,0,0,0,0,0
74,273,2.08,271.41,20604,0,0,0,0,0,0,0,0,0,0,0,0,0,0,1.4856,0
74,273,2.08,271.41,20604,0,0,0,0,0,0,0,0,0,0,0,0,0,0,40.941,0
74,273,2.08,271.41,20604,0,0,0,0,0,0,0,0,0,0,0,0,0,0,23.67,0
74,273,2.08,271.41,20604,0.00524,0,0,0,0,0,0,0,0,0,0,0,0,0,35.595,0
74,273,2.08,271.41,20604,1.2727,0,0,0,0,0,0,0,0,0,0,0,0,0,0,0
74,273,2.08,271.41,20604,0,0,0,0,0,0,0,0,0,0,0,0,0,0,0,0
74,273,2.08,271.41,20604,1.2727,0,0,0,0,0,0,0,0,0,0,0,0,0,0,0
74,273,2.08,271.41,20604,0,0,0,0,0,0,0,0,0,0,0,0,0,0,0,0
74,273,2.08,271.41,20604,0,0,0,0,0,0,0,0,0,0,0,0,0,0,0,0
74,273,2.08,271.41,20604,0,0,0,0,0,0,0,0,0,0,0,0,0,0,17.697,0
74,273,2.08,271.41,20604,0,0,0,0,0,0,0,0,0,0,0,0,0,0,41.276,0
74,273,2.08,271.41,20604,0.16749,0,0,0,0,0,0,0,0,0,0,0,0,0,37.392,0
74,273,2.08,271.41,20604,0.002011,0,0,0,0,0,0,0,0,0,0,0,0,0,0,0
74,273,2.08,271.41,20604,0.0062716,0,0,0,0,0,0,0,0,0,0,0,0,0,0,0
74,273,2.08,271.41,20604,0,0,0,0,0,0,0,0,0,0,0,0,0,0,0,0
74,273,2.08,271.41,20604,0.027878,0,0,0,0,0,0,0,0,0,0,0,0,0,93.356,0
74,273,2.08,271.41,20604,0,0,0,0,0,0,0,0,0,0,0,0,0,0,123.17,0
74,273,2.08,271.41,20604,0,0,0,0,0,0,0,0,0,0,0,0,0,0,0,0
74,273,2.08,271.41,20604,0,0,0,0,0,0,0,0,0,0,0,0,0,0,0,0
74,273,2.08,271.41,20604,0.19324,0,0,0,0,0,0,0,0,0,0,0,0,0,0,0
74,273,2.08,271.41,20604,99.437,0,0,0,0,0,0,0,0,0,0,0,0,0,91.461,0
74,273,2.08,271.41,20604,0.34906,0,0,0,0,0,0,0,0,0,0,0,0,0,0,0
74,273,2.08,271.41,20604,0.000234,0,0,0,0,0,0.60778,0,0,0,0,0,0,0,0,0
74,273,2.08,271.41,20604,0.028835,0,0,0,0,0,0,0,0,0,0,0,0,0,67.572,0
74,273,2.08,271.41,20604,0,0,0,0,0,0,0,0,0,0,0,0,0,0,0,0
74,273,2.08,271.41,20604,0,0,0,0,0,0,0,0,0,0,0,0,0,0,53.475,0
74,273,2.08,271.41,20604,0.008333,0,0,0,0,0,0,0,0,0,0,0,0,0,89.737,0
74,273,2.08,271.41,20604,0.00524,0,0,0,0,0,0,0,0,0,0,0,0,0,28.866,0
74,273,2.08,271.41,20604,0,0,0,0,0,0,0,0,0,0,0,0,0,0,12.309,0
74,273,2.08,271.41,20604,0.0015835,0,0,0,0,0,0.13028,0,0,0,0,0,0,0,155.14,0
74,273,2.08,271.41,20604,0.001326,0,0,0,0,0,0,0,0,0,0,0,0,0,0,0
74,273,2.08,271.41,20604,0.0094153,0,0,0,0,0,0,0,0,0,0,0,0,0,0,0
74,273,2.08,271.41,20604,0.56816,0,0,0,0,0,0,0,0,0,0,0,0,0,0,0
74,273,2.08,271.41,20604,0,0,0,0,0,0,0,0,0,0,0,0,0,0,11.769,0
74,273,2.08,271.41,20604,0,0,0,0,0,0,0,0,0,0,0,0,0,0,33.4,0
74,273,2.08,271.41,20604,0.0053955,0,0,0,0,0,0,0,0,0,0,0,0,0,34.393,0
74,273,2.08,271.41,20604,0.009672,0,0,0,0,0,0,0,0,0,0,0,0,0,0,0
74,273,2.08,271.41,20604,0,0,0,0,0,0,0,0,0,0,0,0,0,0,93.356,0
74,273,2.08,271.41,20604,0.008333,0,0,0,0,0,0,0,0,0,0,0,0,0,0,0
74,273,2.08,271.41,20604,0,0,0,0,0,0,0,0,0,0,0,0,0,0,0,0
74,273,2.08,271.41,20604,0,0,0,0,0,0,0,0,0,0,0,0,0,0,0,0
74,273,2.08,271.41,20604,5.813,0,0,0,0,0,0,0,0,0,0,0,0,0,0,0
74,273,2.08,271.41,20604,0.005239,0,0,0,0,0,0,0,0,0,0,0,0,0,0,0
74,273,2.08,271.41,20604,0,0,0,0,0,0,0,0,0,0,0,0,0,0,0,0
74,273,2.08,271.41,20604,0,0,0,0,0,0,0,0,0,0,0,0,0,0,0,0
74,273,2.08,271.41,20604,0.37737,0,0,0,0,0,0,0,0,0,0,0,0,0,0,0
74,273,2.08,271.41,20604,0.007328,0,0,0,0,0,0,0,0,0,0,0,0,0,0,0
74,273,2.08,271.41,20604,3.0297,0,0,0,0,0,0,0,0,0,0,0,0,0,0,0
74,273,2.08,271.41,20604,0,0,0,0,0,0,0.008333,0,0,0,0,0,0,0,0,0
74,273,2.08,271.41,20604,0,0,0,0,0,0,0,0,0,0,0,0,0,0,0,0
74,273,2.08,271.41,20604,13.871,0,0,0,0,0,0,0,0,0,0,0,0,0,48.542,0
74,273,2.08,271.41,20604,1.7579,0,0,0,0,0,0,0,0,0,0,0,0,0,15.502,0
74,273,2.08,271.41,20604,0.15503,0,0,0,0,0,0,0,0,0,0,0,0,0,0,0
74,273,2.08,271.41,20604,0.005657,0,0,0,0,0,0,0,0,0,0,0,0,0,0,0
74,273,2.08,271.41,20604,0,0,0,0,0,0,0,0,0,0,0,0,0,0,7.112,0
74,273,2.08,271.41,20604,2.6401,0,0,0,0,0,0,0,0,0,0,0,0,0,118.43,0
74,273,2.08,271.41,20604,0,0,0,0,0,0,0,0,0,0,0,0,0,0,1.3682,0
74,273,2.08,271.41,20604,0,0,0,0,0,0,0,0,0,0,0,0,0,0,89.737,0
74,273,2.08,271.41,20604,0.45729,0,0,0,0,0,0,0,0,0,0,0,0,0,4.7085,0
74,273,2.08,271.41,20604,0,0,0,0,0,0,0,0,0,0,0,0,0,0,0,0
74,273,2.08,271.41,20604,0.46884,0,0,0,0,0,0,0,0,0,0,0,0,0,90.479,0
74,273,2.08,271.41,20604,0.026473,0,0,0,0,0,0,0,0,0,0,0,0,0,0,0
74,273,2.08,271.41,20604,0.010395,0,0,0,0,0,0,0,0,0,0,0,0,0,0,0
74,273,2.08,271.41,20604,0,0,0,0,0,0,0,0,0,0,0,0,0,0,0,0
74,273,2.08,271.41,20604,0.005769,0,0,0,0,0,0,0,0,0,0,0,0,0,0,0
74,273,2.08,271.41,20604,0.0062156,0,0,0,0,0,0,0,0,0,0,0,0,0,0,0
74,273,2.08,271.41,20604,0.008333,0,0,0,0,0,0,0,0,0,0,0,0,0,0.85895,0
74,273,2.08,271.41,20604,0,0,0,0,0,0,0,0,0,0,0,0,0,0,0,0
74,273,2.08,271.41,20604,0,0,0,0,0,0,0,0,0,0,0,0,0,0,117.99,0
74,273,2.08,271.41,20604,0,0,0,0,0,0,0,0,0,0,0,0,0,0,0,0
74,273,2.08,271.41,20604,0,0,0,0,0,0.000376,0,0,0,0,0,0,0,0,0,0
74,273,2.08,271.41,20604,0,0,0,0,0,0,0,0,0,0,0,0,0,0,34.333,0
74,273,2.08,271.41,20604,0,0,0,0,0,0,0,0,0,0,0,0,0,0,0,0
74,273,2.08,271.41,20604,0.00524,0,0,0,0,0,0,0,0,0,0,0,0,0,0,0
74,273,2.08,271.41,20604,0,0,0,0,0,0,0,0,0,0,0,0,0,0,0,0
74,273,2.08,271.41,20604,0.003416,0,0,0,0,0,0,0,0,0,0,0,0,0,12.632,0
74,273,2.08,271.41,20604,0,0,0,0,0,0,0,0,0,0,0,0,0,0,8.131,0
74,273,2.08,271.41,20604,0,0,0,0,0,0.000376,0,0,0,0,0,0,0,0,0,0
74,273,2.08,271.41,20604,0.015836,0,0,0,0,0,0,0,0,0,0,0,0,0,0,0
74,273,2.08,271.41,20604,0,0,0,0,0,0,0,0,0,0,0,0,0,0,41.895,0
74,273,2.08,271.41,20604,0.000191,0,0,0,0,0,0,0,0,0,0,0,0,0,0,0
74,273,2.08,271.41,20604,0,0,0,0,0,0,0,0,0,0,0,0,0,0,0,0
74,273,2.08,271.41,20604,0,0,0,0,0,0,0,0,0,0,0,0,0,0,0,0
74,273,2.08,271.41,20604,0,0,0,0,0,0,0,0,0,0,0,0,0,0,0,0
74,273,2.08,271.41,20604,0,0,0,0,0,0,0,0,0,0,0,0,0,0,0,0
74,273,2.08,271.41,20604,5.2329,0,0,0,0,0,0,0,0,0,0,0,0,0,0,0
74,273,2.08,271.41,20604,0,0,0,0,0,0,0,0,0,0,0,0,0,0,0,0
74,273,2.08,271.41,20604,0,0,0,0,0,0,0,0,0,0,0,0,0,0,1.8632,0
74,273,2.08,271.41,20604,0,0,0,0,0,0,0,0,0,0,0,0,0,0,0,0
74,273,2.08,271.41,20604,0,0,0,0,0,0,0,0,0,0,0,0,0,0,12.129,0
74,273,2.08,271.41,20604,0.00524,0,0,0,0,0,0,0,0,0,0,0,0,0,0,0
74,273,2.08,271.41,20604,0.000376,0,0,0,0,0,0,0,0,0,0,0,0,0,0,0
74,273,2.08,271.41,20604,0,0,0,0,0,0,0,0,0,0,0,0,0,0,0,0
74,273,2.08,271.41,20604,0,0,0,0,0,0,0,0,0,0,0,0,0,0,0,0
74,273,2.08,271.41,20604,0.099117,0,0,0,0,0,0,0,0,0,0,0,0,0,0,0
74,273,2.08,271.41,20604,0.007736,0,0,0,0,0,0,0,0,0,0,0,0,0,0,0
74,273,2.08,271.41,20604,0,0,0,0,0,0,0,0,0,0,0,0,0,0,0,0
74,273,2.08,271.41,20604,0,0,0,0,0,0,0,0,0,0,0,0,0,0,97.607,0
74,273,2.08,271.41,20604,0,0,0,0,0,0,0,0,0,0,0,0,0,0,0,0
74,273,2.08,271.41,20604,0.008333,0,0,0,0,0,0,0,0,0,0,0,0,0,0,0
74,273,2.08,271.41,20604,0,0,0,0,0,0,0,0,0,0,0,0,0,0,0,0
74,273,2.08,271.41,20604,0,0,0,0,0,0,0,0,0,0,0,0,0,0,0,0
74,273,2.08,271.41,20604,0,0,0,0,0,0,0,0,0,0,0,0,0,0,79.03,0
74,273,2.08,271.41,20604,0.0098155,0,0,0,0,0,0,0,0,0,0,0,0,0,0,0
74,273,2.08,271.41,20604,0.018318,0,0,0,0,0,0,0,0,0,0,0,0,0,151.81,0
74,273,2.08,271.41,20604,0.001397,0,0,0,0,0,0,0,0,0,0,0,0,0,0,0
74,273,2.08,271.41,20604,0.011031,0,0,0,0,0,0,0,0,0,0,0,0,0,0,0
74,273,2.08,271.41,20604,0.008333,0,0,0,0,0,0,0,0,0,0,0,0,0,0,0
74,273,2.08,271.41,20604,0.002344,0,0,0,0,0,0,0,0,0,0,0,0,0,89.737,0
74,273,2.08,271.41,20604,0.00524,0,0,0,0,0,0,0,0,0,0,0,0,0,0,0
74,273,2.08,271.41,20604,0.12397,0,0,0,0,0,0,0,0,0,0,0,0,0,135.32,0
74,273,2.08,271.41,20604,0,0,0,0,0,0,0,0,0,0,0,0,0,0,0,0
74,273,2.08,271.41,20604,0,0,0,0,0,0,0,0,0,0,0,0,0,0,0,0
74,273,2.08,271.41,20604,0.27485,0,0,0,0,0,0,0,0,0,0,0,0,0,0,0
74,273,2.08,271.41,20604,0,0,0,0,0,0,0,0,0,0,0,0,0,0,0,0
74,273,2.08,271.41,20604,0.008335,0,0,0,0,0,0,0,0,0,0,0,0,0,5.1929,0
74,273,2.08,271.41,20604,0.008333,0,0,0,0,0,0,0,0,0,0,0,0,0,0,0
74,273,2.08,271.41,20604,2.7108,0,0,0,0,0,0,0,0,0,0,0,0,0,24.373,0
74,273,2.08,271.41,20604,0.65673,0,0,0,0,0,11.199,0,0,0,0,0,0,0,3.7095,0
74,273,2.08,271.41,20604,0.0067709,0,0,0,0,0,0,0,0,0,0,0,0,0,0,0
74,273,2.08,271.41,20604,0,0,0,0,0,0,0,0,0,0,0,0,0,0,0,0
74,273,2.08,271.41,20604,0.008333,0,0,0,0,0.79321,0,0,0,0,0,0,0,0,0,0
74,273,2.08,271.41,20604,22.65,0,0,0,0,0,0,0,0,0,0,0,0,0,0,0
74,273,2.08,271.41,20604,1.4358,0,0,0,0,0,0,0,0,0,0,0,0,0,0,0
74,273,2.08,271.41,20604,1.1565,0,0,0,0,0,0,0,0,0,0,0,0,0,21.563,0
74,273,2.08,271.41,20604,0,0,0,0,0,0,0,0,0,0,0,0,0,0,0,0
74,273,2.08,271.41,20604,0,0,0,0,0,0,0,0,0,0,0,0,0,0,96.907,0
74,273,2.08,271.41,20604,0,0,0,0,0,0,0,0,0,0,0,0,0,0,0,0
74,273,2.08,271.41,20604,2.3515,0,0,0,0,0,0,0,0,0,0,0,0,0,0,0
74,273,2.08,271.41,20604,0.00524,0,0,0,0,0,0,0,0,0,0,0,0,0,11.574,0
74,273,2.08,271.41,20604,17.734,0,0,0,0,0,0,0,0,0,0,0,0,0,0,0
74,273,2.08,271.41,20604,0,0,0,0,0,0,0,0,0,0,0,0,0,0,0,0
74,273,2.08,271.41,20604,0.82777,0,0,0,0,0,0,0,0,0,0,0,0,0,12.525,0
74,273,2.08,271.41,20604,0.040803,0,0,0,0,0,0,0,0,0,0,0,0,0,0,0
74,273,2.08,271.41,20604,0,0,0,0,0,0,0,0,0,0,0,0,0,0,60.051,0
74,273,2.08,271.41,20604,0,0,0,0,0,0,0,0,0,0,0,0,0,0,0,0
74,273,2.08,271.41,20604,0.002998,0,0,0,0,0,0,0,0,0,0,0,0,0,1.8831,0
74,273,2.08,271.41,20604,33.563,0,0,0,0,0,0,0,0,0,0,0,0,0,0,0
74,273,2.08,271.41,20604,0.004345,0,0,0,0,0,0,0,0,0,0,0,0,0,0,0
74,273,2.08,271.41,20604,0.25931,0,0,0,0,0,0,0,0,0,0,0,0,0,0,0
74,273,2.08,271.41,20604,17.734,0,0,0,0,0,0,0,0,0,0,0,0,0,0,0
74,273,2.08,271.41,20604,0.000234,0,0,0,0,0,0,0,0,0,0,0,0,0,0,0
74,273,2.08,271.41,20604,0.00524,0,0,0,0,0,0,0,0,0,0,0,0,0,0,0
74,273,2.08,271.41,20604,0,0,0,0,0,0,0,0,0,0,0,0,0,0,0,0
74,273,2.08,271.41,20604,0,0,0,0,0,0,0,0,0,0,0,0,0,0,0,0
74,273,2.08,271.41,20604,3.9219,0,0,0,0,0,0,0,0,0,0,0,0,0,0,0
74,273,2.08,271.41,20604,0,0,0,0,0,0,0,0,0,0,0,0,0,0,0,0
74,273,2.08,271.41,20604,0,0,0,0,0,0.05313,0,0,0,0,0,0,0,0,9.8521,0
74,273,2.08,271.41,20604,0.007328,0,0,0,0,0,0,0,0,0,0,0,0,0,147.8,0
74,273,2.08,271.41,20604,0,0,0,0,0,0,0,0,0,0,0,0,0,0,6.4037,0
74,273,2.08,271.41,20604,0.0083325,0,0,0,0,0,0,0,0,0,0,0,0,0,0.25837,0
74,273,2.08,271.41,20604,0.007328,0,0,0,0,0,0,0,0,0,0,0,0,0,85.613,0
74,273,2.08,271.41,20604,0.015836,0,0,0,0,0,0,0,0,0,0,0,0,0,0,0
74,273,2.08,271.41,20604,0.63882,0,0,0,0,0,0,0,0,0,0,0,0,0,0,0
74,273,2.08,271.41,20604,0,0,0,0,0,0,0,0,0,0,0,0,0,0,117.23,0
74,273,2.08,271.41,20604,0,0,0,0,0,0,0,0,0,0,0,0,0,0,6.691,0
74,273,2.08,271.41,20604,0,0,0,0,0,0,0,0,0,0,0,0,0,0,90.317,0
74,273,2.08,271.41,20604,0,0,0,0,0,0,0,0,0,0,0,0,0,0,68.208,0
74,273,2.08,271.41,20604,0,0,0,0,0,0,0,0,0,0,0,0,0,0,0,0
74,273,2.08,271.41,20604,0.00524,0,0,0,0,0,0,0,0,0,0,0,0,0,156.47,0
74,273,2.08,271.41,20604,0.39235,0,0,0,0,0,0,0,0,0,0,0,0,0,6.691,0
74,273,2.08,271.41,20604,0,0,0,0,0,0,0,0,0,0,0,0,0,0,77.756,0
74,273,2.08,271.41,20604,0,0,0,0,0,0,0,0,0,0,0,0,0,0,0,0
74,273,2.08,271.41,20604,0.042115,0,0,0,0,0,0,0,0,0,0,0,0,0,95.499,0
74,273,2.08,271.41,20604,0.007328,0,0,0,0,0,0,0,0,0,0,0,0,0,0,0
74,273,2.08,271.41,20604,0,0,0,0,0,0,0,0,0,0,0,0,0,0,92.298,0
74,273,2.08,271.41,20604,0.0065058,0,0,0,0,0,0,0,0,0,0,0,0,0,160.7,0
74,273,2.08,271.41,20604,0.092789,0,0,0,0,0,0,0,0,0,0,0,0,0,0,0
74,273,2.08,271.41,20604,0.00052,0,0,0,0,0,0,0,0,0,0,0,0,0,34.33,0
74,273,2.08,271.41,20604,0.008333,0,0,0,0,0,0,0,0,0,0,0,0,0,0,0
74,273,2.08,271.41,20604,0,0,0,0,0,0,0,0,0,0,0.050576,0,0,0,6.5433,0
74,273,2.08,271.41,20604,0,0,0,0,0,0,0.60778,0,0,0,0,0,0,0,161.53,0
74,273,2.08,271.41,20604,0.038575,0,0,0,0,0,0,0,0,0,0,0,0,0,161.79,0
74,273,2.08,271.41,20604,1.1565,0,0,0,0,0,0,0,0,0,0,0,0,0,0,0
74,273,2.08,271.41,20604,0.19324,0,0,0,0,0,0,0,0,0,0,0,0,0,0,0
74,273,2.08,271.41,20604,0,0,0,0,0,0,0,0,0,0,0,0,0,0,26.481,0
74,273,2.08,271.41,20604,0,0,0,0,0,0,0,0,0,0,0,0,0,0,0,0
74,273,2.08,271.41,20604,0,0,0,0,0,0,0,0,0,0,0,0,0,0,0,0
74,273,2.08,271.41,20604,0,0,0,0,0,0,0,0,0,0,0,0,0,0,0,0
74,273,2.08,271.41,20604,2.1985,0,0,0,0,0,0,0,0,0,0,0,0,0,0,0
74,273,2.08,271.41,20604,0.000688,0,0,0,0,0,0,0,0,0,0,0,0,0,82.461,0
74,273,2.08,271.41,20604,0.10797,0,0,0,0,0,0,0,0,0,0,0,0,0,208.43,0
74,273,2.08,271.41,20604,0.008333,0,0,0,0,0,0,0,0,0,0,0,0,0,0,0
74,273,2.08,271.41,20604,0.30045,0,0,0,0,0,0,0,0,0,0,0,0,0,0,0
74,273,2.08,271.41,20604,0,0,0,0,0,0,0,0,0,0,0,0,0,0,84.038,0
74,273,2.08,271.41,20604,0.0088426,0,0,0,0,0,0,0,0,0,0,0,0,0,120.26,0
74,273,2.08,271.41,20604,3.197,0,0,0,0,0,0,0,0,0,0,0,0,0,0,0
74,273,2.08,271.41,20604,0.00036,0,0,0,0,0,0,0,0,0,0,0,0,0,0,0
74,273,2.08,271.41,20604,0.019276,0,0,0,0,0,0,0,0,0,0,0,0,0,0,0
74,273,2.08,271.41,20604,0.018812,0,0,0,0,0,0,0,0,0,0,0,0,0,0,0
74,273,2.08,271.41,20604,0.008333,0,0,0,0,0,0,0,0,0,0,0,0,0,0,0
74,273,2.08,271.41,20604,0,0,0,0,0,0,0,0,0,0,0,0,0,0,27.817,0
74,273,2.08,271.41,20604,0,0,0,0,0,0,0,0,0,0,0,0,0,0,75.211,0
74,273,2.08,271.41,20604,3.2636,0,0,0,0,0,0,0,0,0,0,0,0,0,0,0
74,273,2.08,271.41,20604,0.000716,0,0,0,0,0,0,0,0,0,0,0,0,0,6.6602,0
74,273,2.08,271.41,20604,0,0,0,0,0,0,0,0,0,0,0,0,0,0,0,0
74,273,2.08,271.41,20604,0.082013,0,0,0,0,0,0,0,0,0,0,0,0,0,0,0
74,273,2.08,271.41,20604,1.0934,0,0,0,0,0,0,0,0,0,0,0,0,0,1.8232,0
74,273,2.08,271.41,20604,0,0,0,0,0,0,0,0,0,0,0,0,0,0,0,0
74,273,2.08,271.41,20604,0.14724,0,0,0,0,0,0,0,0,0,0,0,0,0,0,0
74,273,2.08,271.41,20604,23.025,0,0,0,0,0,0,0,0,0,0,0,0,0,88.994,0
74,273,2.08,271.41,20604,0,0,0,0,0,0,0,0,0,0,0,0,0,0,0,0
74,273,2.08,271.41,20604,1.2727,0,0,0,0,0,0,0,0,0,0,0,0,0,0,0
74,273,2.08,271.41,20604,0,0,0,0,0,0,0,0,0,0,0,0,0,0,13.307,0
74,273,2.08,271.41,20604,0,0,0,0,0,0,0,0,0,0,0,0,0,0,0,0
74,273,2.08,271.41,20604,0,0,0,0,0,0,0,0,0,0,0,0,0,0,0,0
74,273,2.08,271.41,20604,0.084433,0,0,0,0,0,0,0,0,0,0,0,0,0,0,0
74,273,2.08,271.41,20604,0.011629,0,0,0,0,0,0,0,0,0,0,0,0,0,161.03,0
74,273,2.08,271.41,20604,0,0,0,0,0,0,0,0,0,0,0,0,0,0,0,0
74,273,2.08,271.41,20604,0,0,0,0,0,0,0,0,0,0,0,0,0,0,0,0
74,273,2.08,271.41,20604,0,0,0,0,0,0,0,0,0,0,0,0,0,0,0,0
74,273,2.08,271.41,20604,0,0,0,0,0,0,0,0,0,0,0,0,0,0,254.74,0
74,273,2.08,271.41,20604,0.007221,0,0,0,0,0,0,0,0,0,0,0,0,0,0,0
74,273,2.08,271.41,20604,0.005239,0,0,0,0,0,0,0,0,0,0,0,0,0,28.625,0
74,273,2.08,271.41,20604,0.032708,0,0,0,0,0,0,0,0,0,0,0,0,0,0,0
74,273,2.08,271.41,20604,0.007697,0,0,0,0,0,0,0,0,0,0,0,0,0,0,0
74,273,2.08,271.41,20604,0.00524,0,0,0,0,0,0,0,0,0,0,0,0,0,0,0
74,273,2.08,271.41,20604,0,0,0,0,0,0,0,0,0,0,0,0,0,0,0.25837,0
74,273,2.08,271.41,20604,0,0,0,0,0,0,0,0,0,0,0,0,0,0,123.47,0
74,273,2.08,271.41,20604,0,0,0,0,0,0,0,0,0,0,0,0,0,0,0,0
74,273,2.08,271.41,20604,0,0,0,0,0,0,0,0,0,0,0,0,0,0,34.436,0
74,273,2.08,271.41,20604,0,0,0,0,0,0,0,0,0,0,0,0,0,0,4.7085,0
74,273,2.08,271.41,20604,4.022,0,0,0,0,0,0,0,0,0,0,0,0,0,27.616,0
74,273,2.08,271.41,20604,0,0,0,0,0,0,0,0,0,0,0,0,0,0,84.828,0
74,273,2.08,271.41,20604,0.001463,0,0,0,0,0,0,0,0,0,0,0,0,0,0,0
74,273,2.08,271.41,20604,0,0,0,0,0,0,0,0,0,0,0,0,0,0,0,0
74,273,2.08,271.41,20604,0.10537,0,0,0,0,0,0,0,0,0,0,0,0,0,41.895,0
74,273,2.08,271.41,20604,0,0,0,0,0,0,0,0,0,0,0,0,0,0,0,0
74,273,2.08,271.41,20604,0,0,0,0,0,0,0,0,0,0,0,0,0,0,0,0
74,273,2.08,271.41,20604,50.499,0,0,0,0,0,0,0,0,0,0,0,0,0,0,0
74,273,2.08,271.41,20604,0.008333,0,0,0,0,0.80154,0,0,0,0,0,0,0,0,0,0
74,273,2.08,271.41,20604,0,0,0,0,0,0,0.22345,0,0,0,0,0,0,0,0,0
74,273,2.08,271.41,20604,0,0,0,0,0,0,0,0,0,0,0,0,0,0,0,0
74,273,2.08,271.41,20604,0.026473,0,0,0,0,0,0,0,0,0,0,0,0,0,0,0
74,273,2.08,271.41,20604,36.846,0,0,0,0,0,0,0,0,0,0,0,0,0,0,0
74,273,2.08,271.41,20604,0.36298,0,0,0,0,0,0,0,0,0,0,0,0,0,0,0
74,273,2.08,271.41,20604,0.025155,0,0,0,0,0,0,0,0,0,0,0,0,0,0,0
74,273,2.08,271.41,20604,0,0,0,0,0,0,0,0,0,0,0,0,0,0,130.17,0
74,273,2.08,271.41,20604,0,0,0,0,0,0,0,0,0,0,0,0,0,0,0,0
74,273,2.08,271.41,20604,0,0,0,0,0,0,0,0,0,0,0,0,0,0,0,0
74,273,2.08,271.41,20604,0,0,0,0,0,0,0,0,0,0,0,0,0,0,0,0
74,273,2.08,271.41,20604,0,0,0,0,0,0,0,0,0,0,0,0,0,0,161.79,0
74,273,2.08,271.41,20604,0.12397,0,0,0,0,0,0,0,0,0,0,0,0,0,15.238,0
74,273,2.08,271.41,20604,0,0,0,0,0,0,0,0,0,0,0,0,0,0,0,0
74,273,2.08,271.41,20604,0,0,0,0,0,0,0,0,0,0,0,0,0,0,90.146,0
74,273,2.08,271.41,20604,4.7144,0,0,0,0,0,0,0,0,0,0,0,0,0,134.33,0
74,273,2.08,271.41,20604,0.001326,0,0,0,0,0,0,0,0,0,0,0,0,0,0,0
74,273,2.08,271.41,20604,0,0,0,0,0,0,0,0,0,0,0,0,0,0,0,0
74,273,2.08,271.41,20604,0,0,0,0,0,0,0,0,0,0,0,0,0,0,7.6392,0
74,273,2.08,271.41,20604,0.60336,0,0,0,0,0,0,0,0,0,0,0,0,0,6.8776,0
74,273,2.08,271.41,20604,0,0,0,0,0,0,0,0,0,0,0,0,0,0,0,0
74,273,2.08,271.41,20604,0.2642,0,0,0,0,0,0,0,0,0,0,0,0,0,0,0
74,273,2.08,271.41,20604,1.0115,0,0,0,0,0,0,0,0,0,0,0,0,0,0,0
74,273,2.08,271.41,20604,0,0,0,0,0,0,0,0,0,0,0,0,0,0,0,0
74,273,2.08,271.41,20604,1.4591,0,0,0,0,0,0,0,0,0,0,0,0,0,0,0
74,273,2.08,271.41,20604,0,0,0,0,0,0,0,0,0,0,0,0,0,0,0,0
74,273,2.08,271.41,20604,0,0,0,0,0,0,0,0,0,0,0,0,0,0,0,0
74,273,2.08,271.41,20604,0.01023,0,0,0,0,0,0,0,0,0,0,0,0,0,0.50643,0
74,273,2.08,271.41,20604,0.009672,0,0,0,0,0,0,0,0,0,0,0,0,0,0,0
74,273,2.08,271.41,20604,0,0,0,0,0,0,0,0,0,0,0,0,0,0,10.221,0
74,273,2.08,271.41,20604,0,0,0,0,0,0,0,0,0,0,0,0,0,0,28.665,0
74,273,2.08,271.41,20604,0.72136,0,0,0,0,0,0,0,0,0,0,0,0,0,0,0
74,273,2.08,271.41,20604,0.028835,0,0,0,0,0,0,0,0,0,0,0,0,0,0,0
74,273,2.08,271.41,20604,0.16365,0,0,0,0,0,0,0,0,0,0,0,0,0,0,0
74,273,2.08,271.41,20604,0.002139,0,0,0,0,0,0,0,0,0,0,0,0,0,0,0
74,273,2.08,271.41,20604,0,0,0,0,0,0,0,0,0,0,0,0,0,0,0,0
74,273,2.08,271.41,20604,0,0,0,0,0,0,0,0,0,0,0,0,0,0,89.489,0
74,273,2.08,271.41,20604,0,0,0,0,0,0,0,0,0,0,0,0,0,0,0,0
74,273,2.08,271.41,20604,0,0,0,0,0,0,0,0,0,0,0,0,0,0,88.576,0
74,273,2.08,271.41,20604,0,0,0,0,0,0,0,0,0,0,0,0,0,0,0,0
74,273,2.08,271.41,20604,1.2478,0,0,0,0,0,0,0,0,0,0,0,0,0,44.158,0
74,273,2.08,271.41,20604,36.846,0,0,0,0,0,0,0,0,0,0,0,0,0,0,0
74,273,2.08,271.41,20604,0,0,0,0,0,0,0,0,0,0,0,0,0,0,79.03,0
74,273,2.08,271.41,20604,0,0,0,0,0,0,0,0,0,0,0,0,0,0,0,0
74,273,2.08,271.41,20604,0,0,0,0,0,0,0,0,0,0,0,0,0,0,159.09,0
74,273,2.08,271.41,20604,0,0,0,0,0,0,0,0,0,0,0,0,0,0,2.1026,0
74,273,2.08,271.41,20604,0.66017,0,0,0,0,0,0,0,0,0,0,0,0,0,0,0
74,273,2.08,271.41,20604,0.008333,0,0,0,0,0,0,0,0,0,0,0,0,0,0,0
74,273,2.08,271.41,20604,0,0,0,0,0,0,0,0,0,0,0,0,0,0,21.563,0
74,273,2.08,271.41,20604,0,0,0,0,0,0,0,0,0,0,0,0,0,0,0,0
74,273,2.08,271.41,20604,0.017738,0,0,0,0,0,0,0,0,0,0,0,0,0,41.152,0
74,273,2.08,271.41,20604,0.33402,0,0,0,0,0,0,0,0,0,0,0,0,0,0,0
74,273,2.08,271.41,20604,0,0,0,0,0,0,0,0,0,0,0,0,0,0,0,0
74,273,2.08,271.41,20604,0,0,0,0,0,0,0,0,0,0,0,0,0,0,0,0
74,273,2.08,271.41,20604,0.027446,0,0,0,0,0,0,0,0,0,0,0,0,0,41.647,0
74,273,2.08,271.41,20604,0,0,0,0,0,0,0,0,0,0,0,0,0,0,0,0
74,273,2.08,271.41,20604,0,0,0,0,0,0,0,0,0,0,0,0,0,0,0,0
74,273,2.08,271.41,20604,2.6491,0,0,0,0,0,0,0,0,0,0,0,0,0,0,0
74,273,2.08,271.41,20604,0,0,0,0,0,0,0,0,0,0,0,0,0,0,0,0
74,273,2.08,271.41,20604,0.008333,0,0,0,0,0,0,0,0,0,0,0,0,0,0,0
74,273,2.08,271.41,20604,0,0,0,0,0,0,0,0,0,0,0,0,0,0,0,0
74,273,2.08,271.41,20604,0.00524,0,0,0,0,0,0,0,0,0,0,0,0,0,0,0
74,273,2.08,271.41,20604,0,0,0,0,0,0,0,0,0,0,0,0,0,0,0,0
74,273,2.08,271.41,20604,0,0,0,0,0,0,0,0,0,0,0,0,0,0,0,0
74,273,2.08,271.41,20604,0.13833,0,0,0,0,0,0,0,0,0,0,0,0,0,105.32,0
74,273,2.08,271.41,20604,0.011031,0,0,0,0,0,0,0,0,0,0,0,0,0,0,0
74,273,2.08,271.41,20604,0.30045,0,0,0,0,0,0,0,0,0,0,0,0,0,5.0718,0
74,273,2.08,271.41,20604,0.00524,0,0,0,0,0,0,0,0,0,0,0,0,0,0,0
74,273,2.08,271.41,20604,0.024999,0,0,0,0,0,0,0,0,0,0,0,0,0,0,0
74,273,2.08,271.41,20604,0,0,0,0,0,0,0,0,0,0,0,0,0,0,59.503,0
74,273,2.08,271.41,20604,0.002784,0,0,0,0,0,0,0,0,0,0,0,0,0,0,0
74,273,2.08,271.41,20604,0,0,0,0,0,0,0,0,0,0,0,0,0,0,0,0
74,273,2.08,271.41,20604,3.3728,0,0,0,0,0,0,0,0,0,0,0,0,0,0,0
74,273,2.08,271.41,20604,0,0,0,0,0,0,0,0,0,0,0,0,0,0,0,0
74,273,2.08,271.41,20604,0,0,0,0,0,0,0,0,0,0,0,0,0,0,34.35,0
74,273,2.08,271.41,20604,0,0,0,0,0,0,0,0,0,0,0,0,0,0,0,0
74,273,2.08,271.41,20604,3.197,0,0,0,0,0,0,0,0,0,0,0,0,0,0,0
74,273,2.08,271.41,20604,0.025604,0,0,0,0,0,0,0,0,0,0,0,0,0,0,0
74,273,2.08,271.41,20604,0.34906,0,0,0,0,0,0,0,0,0,0,0,0,0,2.1824,0
74,273,2.08,271.41,20604,0.0071766,0,0,0,0,0,0,0,0,0,0,0,0,0,4.3928,0
74,273,2.08,271.41,20604,0,0,0,0,0,0,0,0,0,0,0,0,0,0,0,0
74,273,2.08,271.41,20604,0.003127,0,0,0,0,0,0,0,0,0,0,0,0,0,0,0
74,273,2.08,271.41,20604,0.0071766,0,0,0,0,0.79321,0,0,0,0,0,0,0,0,0,0
74,273,2.08,271.41,20604,0.16662,0,0,0,0,0,0,0,0,0,0.09503,0,0,0,0,0
74,273,2.08,271.41,20604,0.96221,0,0,0,0,0,0,0,0,0,0,0,0,0,6.5802,0
74,273,2.08,271.41,20604,0,0,0,0,0,0,0,0,0,0,0,0,0,0,0,0
74,273,2.08,271.41,20604,0.19022,0,0,0,0,0,0,0,0,0,0,0,0,0,0,0
74,273,2.08,271.41,20604,0.38515,0,0,0,0,0,0,0,0,0,0,0,0,0,0,0
74,273,2.08,271.41,20604,0,0,0,0,0,0,0,0,0,0,0,0,0,0,0,0
74,273,2.08,271.41,20604,0,0,0,0,0,0,20.859,0,0,0,0,0,0,0,134.83,0
74,273,2.08,271.41,20604,0.21924,0,0,0,0,0,0,0,0,0,0,0,0,0,0,0
74,273,2.08,271.41,20604,0.00524,0,0,0,0,0,0,0,0,0,0,0,0,0,0,0
74,273,2.08,271.41,20604,0,0,0,0,0,0,0.67845,0,0,0,0,0,0,0,0,0
74,273,2.08,271.41,20604,6.6536,0,0,0,0,0,0,0,0,0,0,0,0,0,0,0
74,273,2.08,271.41,20604,0,0,0,0,0,0,0,0,0,0,0,0,0,0,0,0
74,273,2.08,271.41,20604,0,0,0,0,0,0,0,0,0,0,0,0,0,0,3.5044,0
74,273,2.08,271.41,20604,0,0,0,0,0,0,0,0,0,0,0,0,0,0,40.823,0
74,273,2.08,271.41,20604,0,0,0,0,0,0,0,0,0,0,0,0,0,0,0,0
74,273,2.08,271.41,20604,0,0,0,0,0,0,0,0,0,0,0,0,0,0,91.06,0
74,273,2.08,271.41,20604,0.43212,0,0,0,0,0,0,0,0,0,0,0,0,0,7.4767,0
74,273,2.08,271.41,20604,0,0,0,0,0,0,0,0,0,0,0,0,0,0,3.3678,0
74,273,2.08,271.41,20604,0.027078,0,0,0,0,0,0,0,0,0,0,0,0,0,0,0
74,273,2.08,271.41,20604,0,0,0,0,0,0,0,0,0,0,0,0,0,0,0.38893,0
74,273,2.08,271.41,20604,0,0,0,0,0,0,0,0,0,0,0,0,0,0,0,0
74,273,2.08,271.41,20604,0,0,0,0,0,0,0,0,0,0,0,0,0,0,27.898,0
74,273,2.08,271.41,20604,0,0,0,0,0,0,0,0,0,0,0,0,0,0,0,0
74,273,2.08,271.41,20604,0.53876,0,0,0,0,0,0,0,0,0,0,0,0,0,0.25837,0
74,273,2.08,271.41,20604,0.11092,0,0,0,0,0,0,0,0,0,0,0,0,0,0,0
74,273,2.08,271.41,20604,0.0097187,0,0,0,0,0,0,0,0,0,0,0,0,0,151.14,0
74,273,2.08,271.41,20604,0.000254,0,0,0,0,0,0,0,0,0,0,0,0,0,41.771,0
74,273,2.08,271.41,20604,0.7463,0,0,0,0,0,0,0,0,0,0,0,0,0,0,0
74,273,2.08,271.41,20604,0.011325,0,0,0,0,0,0,0,0,0,0,0,0,0,0,0
74,273,2.08,271.41,20604,0,0,0,0,0,0,0,0,0,0,0,0,0,0,29.315,0
74,273,2.08,271.41,20604,2.453,0,0,0,0,0,0,0,0,0,0,0,0,0,0,0
74,273,2.08,271.41,20604,2.5505,0,0,0,0,0,0,0,0,0,0,0,0,0,0,0
74,273,2.08,271.41,20604,0.008333,0,0,0,0,0,0,0,0,0,0,0,0,0,0,0
74,273,2.08,271.41,20604,0,0,0,0,0,0,0,0,0,0,0,0,0,0,0,0
74,273,2.08,271.41,20604,0,0,0,0,0,0,0,0,0,0,0,0,0,0,0,0
74,273,2.08,271.41,20604,4.375,0,0,0,0,0,0,0,0,0,0,0,0,0,0,0
74,273,2.08,271.41,20604,0,0,0,0,0,0,0,0,0,0,0,0,0,0,0,0
74,273,2.08,271.41,20604,0,0,0,0,0,0,0,0,0,0,0,0,0,0,12.705,0
74,273,2.08,271.41,20604,0.00524,0,0,0,0,0,0,0,0,0,0,0,0,0,0,0
74,273,2.08,271.41,20604,0.43212,0,0,0,0,0,0,0,0,0,0,0,0,0,34.399,0
74,273,2.08,271.41,20604,0,0,0,0,0,0,0,0,0,0,0,0,0,0,0,0
74,273,2.08,271.41,20604,4.022,0,0,0,0,0,0,0,0,0,0,0,0,0,161.5,0
74,273,2.08,271.41,20604,0,0,0,0,0,0,0,0,0,0,0,0,0,0,0,0
74,273,2.08,271.41,20604,0,0,0,0,0,0,0,0,0,0,0,0,0,0,0,0
74,273,2.08,271.41,20604,0,0,0,0,0,0,0,0,0,0,0,0,0,0,91.145,0
74,273,2.08,271.41,20604,0.001326,0,0,0,0,0,0,0,0,0,0,0,0,0,161.89,0
74,273,2.08,271.41,20604,0,0,0,0,0,0,0,0,0,0,0,0,0,0,0,0
74,273,2.08,271.41,20604,0,0,0,0,0,0,0,0,0,0,0,0,0,0,0,0
74,273,2.08,271.41,20604,0.01358,0,0,0,0,0,0,0,0,0,0,0,0,0,0,0
74,273,2.08,271.41,20604,0,0,0,0,0,0,0,0,0,0,0,0,0,0,0,0
74,273,2.08,271.41,20604,0,0,0,0,0,0,0,0,0,0,0,0,0,0,0,0
74,273,2.08,271.41,20604,0,0,0,0,0,0,0,0,0,0,0,0,0,0,0,0
74,273,2.08,271.41,20604,0.53876,0,0,0,0,0,0,0,0,0,0,0,0,0,27.656,0
74,273,2.08,271.41,20604,0.000251,0,0,0,0,0,0,0,0,0,0,0,0,0,66.299,0
74,273,2.08,271.41,20604,0.002011,0,0,0,0,0,0,0,0,0,0,0,0,0,0,0
74,273,2.08,271.41,20604,0,0,0,0,0,0,0,0,0,0,0,0,0,0,0,0
74,273,2.08,271.41,20604,6.3697,0,0,0,0,0,0,0,0,0,0,0,0,0,0,0
74,273,2.08,271.41,20604,0,0,0,0,0,0,0,0,0,0,0,0,0,0,0,0
74,273,2.08,271.41,20604,0.20734,0,0,0,0,0,0,0,0,0,0,0,0,0,88.909,0
74,273,2.08,271.41,20604,0.001397,0,0,0,0,0,0,0,0,0,0,0,0,0,0,0
74,273,2.08,271.41,20604,12.679,0,0,0,0,0,0,0,0,0,0,0,0,0,0,0
74,273,2.08,271.41,20604,0.5937,0,0,0,0,0,0,0,0,0,0,0,0,0,0,0
74,273,2.08,271.41,20604,0,0,0,0,0,0,0,0,0,0,0,0,0,0,6.7734,0
74,273,2.08,271.41,20604,0.00524,0,0,0,0,0,0,0,0,0,0,0,0,0,0,0
