1,200,1,5.1299,319.69,0.045569,0,0,0,0,0,0.13028,0,0,0,2.4999,0,0,0,0,0
1,200,1,5.1299,319.69,0.060034,0,0,0,2.1348,0,0,0,0,0,2.8119,0,0,0,0,0
3,202,3.232,6.4801,403.84,0.020405,0,0,0,0,0,0,0,0,0,1.2647,0,0,0,0,0.87482
3,202,3.232,6.4801,403.84,0.008335,0,0,0,0,0,0,0,0,0.27721,4.1702,0,0,0,0,0.48601
3,202,3.232,6.4801,403.84,0.87215,0,0,0,0,0,0,0,0,0,2.4386,0,0,0,0,0.0162
3,202,3.232,6.4801,403.84,0.86632,0,0,0,0,0,0,0,0,0,0.072463,0,0,0,0,0.162
3,202,3.232,6.4801,403.84,0.000716,0,0,0,0,0,0,0,0,0,0.13649,0,0,0,0,0.162
3,202,3.232,6.4801,403.84,0.7905,0,0,0,0,0,0,0,0,0,0.072463,0,0,0,0,0.097202
3,202,3.232,6.4801,403.84,0,0,0,0,0,0,0,0,0,1.1034,0.60909,0,0,0,0,0.2268
3,202,3.232,6.4801,403.84,3.7991,0,0.023707,0,0,0,0,0,0,0,0.072463,0,0,0,0,0.162
3,202,3.232,6.4801,403.84,1.0318,0,0,0,0,0,0,0,0,0,0.072463,0,0,0,0,0.2268
3,202,3.232,6.4801,403.84,1.0737,0,0,0.41346,0,0,0,0,0,0,0.072463,0,0,0,0,1.0692
3,202,3.232,6.4801,403.84,0.008333,0,0,0.0068531,0,0,0,0,0,0,5.2552,0,0,0,0,0.55081
3,202,3.232,6.4801,403.84,0,0,0,0,0,0,0,0,0,0,0.072463,0,0,0,0,0.162
3,202,3.232,6.4801,403.84,0.30651,0,0,0,0,0,0.13028,0,0,0,2.2044,0,0,0,0,0.29161
3,202,3.232,6.4801,403.84,0.008333,0,0,0,0,0,0,0,0,0,1.8541,0,0,0,0,0.29161
3,202,3.232,6.4801,403.84,0.14834,0,0,0.002485,0,0,0,0,0,0,0.94645,0,0,0,0,0.35641
3,202,3.232,6.4801,403.84,0,0,0,0,0,0,0,0,0,0,0.14833,0,0,0,0,0.2268
3,202,3.232,6.4801,403.84,0.012378,0,0,0,0,0,0,0,0,0,5.6128,0,0,0,0,0.097202
3,202,3.232,6.4801,403.84,0.036583,0,0,0,0,0,0,0,0,0,0.086791,0,0,0,0,0.162
3,202,3.232,6.4801,403.84,0.86602,0,0,0.00052,0,0,0,0,0,0,0.072463,0,0,0,0,0.29161
3,202,3.232,6.4801,403.84,0.004345,0,0,0,0,0.14899,0,0,0,0,0.072463,0,0,0,0,0.0162
3,202,3.232,6.4801,403.84,0.8078,0,0,0,0,0,0,0,0,0,0.086791,0,0,0,0,0.162
3,202,3.232,6.4801,403.84,0.0082878,0,0,0,0,0,0,0,0,0,4.3915,0,0,0,0,0.162
3,202,3.232,6.4801,403.84,0.008333,0,0,0,0,0,0,0,0,0,0.072463,0,0,0,0,0.43741
3,202,3.232,6.4801,403.84,0.003416,0,0,0,0,0,0,0,0,0,0.52131,0,0,0,0,0.097202
3,202,3.232,6.4801,403.84,0,0,0,0,0,0,0,0,0,0,0.11545,0,0,0,0,0.097202
3,202,3.232,6.4801,403.84,2.4901,0,0,0.086646,0,0,0,0,0,0,2.457,0,0,0,0,0.097202
3,202,3.232,6.4801,403.84,0.0077391,0,0,0,0,0,0,0,0,0,0.072463,0,0,0,0,0.48601
3,202,3.232,6.4801,403.84,0.43773,0,0,0,0,0,0,0,0,0,0.44804,0,0,0,0,0.097202
3,202,3.232,6.4801,403.84,0,0,0,0,0,0,0,0,0,0,2.1592,0,0,0,0,0.0162
3,202,3.232,6.4801,403.84,0,0,0,0,0,0,0,0,0,0,0.072463,0,0,0,0,0.0162
3,202,3.232,6.4801,403.84,0,0,0,0,0,0,0,0,0,1.5851,0.072463,0,0,0,0,0.2268
3,202,3.232,6.4801,403.84,0.0060235,0,0,0,0,0,0,0,0,0,0.49027,0,0,0,0,0.097202
3,202,3.232,6.4801,403.84,0,0,0,0.80154,0,0,0,0,0,0,2.1541,0,0,0,0,0.162
3,202,3.232,6.4801,403.84,0,0,0,0,0,0.008333,0,0,0,0,0.33663,0,0,0,0,0.097202
3,202,3.232,6.4801,403.84,0.031141,0,0,0.0084255,0,0,0,0,0,0,0.072463,0,0,0,0,0.2268
3,202,3.232,6.4801,403.84,0.0067502,0,0,0.37819,0,0.0067819,0,0,0,0,0.13306,0,0,0,0,0.097202
3,202,3.232,6.4801,403.84,0.00665,0,0,0.0065058,0,0.020937,0,0,0,0,0.072463,0,0,0,0,0.097202
3,202,3.232,6.4801,403.84,0.012549,0,0,0,0,0.0085488,0,0,0,0,0.072463,0,0,0,0,0.29161
3,202,3.232,6.4801,403.84,0,0,0,0,0,0,0,0,0,0,1.7269,0,0,0,0,0.0162
3,202,3.232,6.4801,403.84,0,0,0,0,0.007148,0,0,0,0,0,1.4169,0,0,0,0,0.0162
3,202,3.232,6.4801,403.84,0,0,0,0.024136,0,0,0,0,0,0,0.072463,0,0,0,0,0.162
3,202,3.232,6.4801,403.84,0.0040195,0,0,0,0,0,0,0,0,0,0.7142,0,0,0,0,0.0162
3,202,3.232,6.4801,403.84,0.00062,0,0,0.00524,0,0,0,0,0,0,2.2044,0,0,0,0,0.0162
3,202,3.232,6.4801,403.84,0,0,0,0.003416,0,0,0,0,0,0,2.8119,0,0,0,0,0.29161
3,202,3.232,6.4801,403.84,0.37523,0,0,0.73172,0.0075693,0,0,0,0,0,0.93212,0,0,0,0,0.162
3,202,3.232,6.4801,403.84,0.001669,0,0.33772,0,0,0,0,0,0,0,0.072463,0,0,0,0,0.29161
3,202,3.232,6.4801,403.84,0,0,0,0.78941,0,0.081066,0,0,0,0,0.072463,0,0,0,0,0.43741
3,202,3.232,6.4801,403.84,0.024628,0,0,0,0,0,0,0,0,0,1.6272,0,0,0,0,0.2268
3,202,3.232,6.4801,403.84,3.6191,0,0,0,0,0,0,0,0,0,0.072463,0,0,0,0,0.35641
3,202,3.232,6.4801,403.84,0.0059107,0,0,0,0,0.008333,0.13028,0,0,0,0.072463,0,0,0,0,1.0044
3,202,3.232,6.4801,403.84,0,0,0,0,0,0,0,0,0,0,0.072463,0,0,0,0,5.1841
3,202,3.232,6.4801,403.84,0.008335,0,0,0.10195,0,0,0,0,0,0,3.2514,0,0,0,0,0.35641
3,202,3.232,6.4801,403.84,0.023172,0,0,0,0,0,0,0,0,0,0.072463,0,0,0,0,0.61561
3,202,3.232,6.4801,403.84,0.82505,0,0,0,0,0,0,0,0,0,0.072463,0,0,0,0,0.162
3,202,3.232,6.4801,403.84,0,0,0,0,0,0.002874,0,0,0,0,0.51662,0,0,0,0,0.162
3,202,3.232,6.4801,403.84,0.072383,0,0,0,0,0.011048,0,0,0,0,0.072463,0,0,0,0,0.2268
3,202,3.232,6.4801,403.84,0.001397,0,0,0.7657,0,0,0,0,0,0,0.12977,0,0,0,0,0.162
3,202,3.232,6.4801,403.84,0.023106,0,0.008333,0.002344,0,0.008333,0.13028,0,0,0,0.24539,0,0,0,0,0.48601
3,202,3.232,6.4801,403.84,0,0,0,0,0,0,0,0,0,0,0.072463,0,0,0,0,0.0162
3,202,3.232,6.4801,403.84,0.0059348,0,0,0.002139,0,5.0867,0,0,0,0,0.072463,0,0,0,0,0.0162
3,202,3.232,6.4801,403.84,0.0067256,0,0,0,0,0,0,0,0,0,5.955,0,0,0,0,0.097202
3,202,3.232,6.4801,403.84,0,0,0,0,0,0.008333,0,0,0,0,0.072463,0,0,0,0,0.097202
3,202,3.232,6.4801,403.84,0,0,0,0,0,0,0,0,0,0,0.072463,0,0,0,0,0.43741
3,202,3.232,6.4801,403.84,0,0,0,0,0,0,0.13028,0,0,0,0.072463,0,0,0,0,1.0044
3,202,3.232,6.4801,403.84,0.26973,0,0,0,0,0,0,0,0,0,4.6719,0,0,0,0,0.097202
3,202,3.232,6.4801,403.84,0,0,0,0,0,0,0,0,0,0,0.12977,0,0,0,0,0.162
3,202,3.232,6.4801,403.84,0.43372,0,0,0,0,0,0.093171,0.008333,0,0,0.072463,0,0,0,0,0.0162
3,202,3.232,6.4801,403.84,0.017367,0,0,0.007148,0,0,0,0,0,0,0.75066,0,0,0,0,0.162
3,202,3.232,6.4801,403.84,0.000765,0,0,0,0,0,0,0,0,0,0.1331,0,0,0,0,0.48601
3,202,3.232,6.4801,403.84,6.3e-05,0,0,0,0,0,0,0,0,0,0.44804,0,0,0,0,0.097202
3,202,3.232,6.4801,403.84,0,0,0,0,2.1157,0,0,0,0,0,0.072463,0,0,0,0,0.2268
3,202,3.232,6.4801,403.84,0.008333,0,0,0,0,0,0,0,0,0,0.89874,0,0,0,0,1.0692
3,202,3.232,6.4801,403.84,0,0,0,0,0,0,0,0,0,0,0.072463,0,0,0,0,0.097202
3,202,3.232,6.4801,403.84,0.44117,0,0,0,0,0,0.13028,0,0,0,0.97511,0,0,0,0,0.0162
3,202,3.232,6.4801,403.84,0,0,0.42345,0.016663,0,0,0.13028,0,0,0,1.5788,0,0,0,0,0.35641
3,202,3.232,6.4801,403.84,0,0,0.008333,0,0,0,0,0,0,0,0.3625,0,0,0,0,0.0162
3,202,3.232,6.4801,403.84,3.5379,0,0,0,0,0,0,0,0,0,0.072463,0,0,0,0,0.0162
3,202,3.232,6.4801,403.84,0.43372,0,0,0,0,0,0,0,0,0,0.072463,0,0,0,0,5.1841
3,202,3.232,6.4801,403.84,0.026793,0,0,0.80274,0,0,0,0,0,0,3.7404,0,0,0,0,0.35641
3,202,3.232,6.4801,403.84,4.282,0,0,0,0,0,0,0,0,0,0.072463,0,0,0,0,0.162
3,202,3.232,6.4801,403.84,0.002139,0,0,0.061589,0,0.008333,0,0,0,0,0.1484,0,0,0,0,5.1841
3,202,3.232,6.4801,403.84,0.86178,0,0.008333,0,0,0,0.13028,0,0,0,4.6416,0,0,0,0,0.097202
3,202,3.232,6.4801,403.84,0,0,0,0.000234,0,0,0,0,0,0,0.072463,0,0,0,0,0.2268
3,202,3.232,6.4801,403.84,0.032932,0,0,0.085444,0,0,0,0,0,0,4.5804,0,0,0,0,0.2268
3,202,3.232,6.4801,403.84,0,0,0,0.00524,0,0.01101,0,0,0,0,1.7269,0,0,0,0,0.35641
3,202,3.232,6.4801,403.84,0,0,0,0.001493,0,0,0,0,0,0,3.4411,0,0,0,0,1.0044
3,202,3.232,6.4801,403.84,0.008333,0,0,0,0,0,0.67053,0,0,0,0.072463,0,0,0,0,0.29161
3,202,3.232,6.4801,403.84,0.003821,0,0,0,0,0,0,0,0,0,3.896,0,0,0,0,0.81001
3,202,3.232,6.4801,403.84,0.008333,0,0,0.063622,0,0,0,0,0,0,4.3421,0,0,0,0,0.2268
3,202,3.232,6.4801,403.84,0.008333,0,0,0,0,0.008333,0,0,0,0.68445,0.072463,0,0,0,0,0.2268
3,202,3.232,6.4801,403.84,0.056827,0,0.007984,0,0,0,5.7688,0,0,0,0.072463,0,0,0,0,0.162
3,202,3.232,6.4801,403.84,0.003821,0,0,5.9291,0,0.008336,0.059897,0,0,0,0.14026,0,0,0,0,0.162
3,202,3.232,6.4801,403.84,0.13425,0,0,0,0,0,0,0,0,0.27721,5.5428,0,0,0,0,0.162
3,202,3.232,6.4801,403.84,0.47616,0,0,0,0,0,0,0,0,1.0834,0.13039,0,0,0,0,0.29161
3,202,3.232,6.4801,403.84,0.12767,0,0,0,0,0,0.10863,0,0,0,3.5581,0,0,0,0,0.162
3,202,3.232,6.4801,403.84,0.014422,0,0,0,0,0,0,0,0,1.261,0.072463,0,0,0,0,0.43741
3,202,3.232,6.4801,403.84,0.67894,0,0.003468,0,0.006456,0,0,0,0,0,1.5769,0,0,0,0,0.2268
3,202,3.232,6.4801,403.84,0.004345,0,0.009701,0,0,0.008335,0,0,0,0,0.32655,0,0,0,0,0.93962
3,202,3.232,6.4801,403.84,1.4473,0,0,0,0,0,0.67845,0,0,0,0.072463,0,0,0,0,0.35641
3,202,3.232,6.4801,403.84,0.0083055,0,0,0,0,0.52518,0,0,0,0,0.072463,0,0,0,0,0.29161
3,202,3.232,6.4801,403.84,0.14834,0,0,0.005239,0.00524,0,0,0,0,0,0.072463,0,0,0,0,0.162
3,202,3.232,6.4801,403.84,0.32107,0.004345,0,3.071,0,0,0,0,0,0,0.072463,0,0,0,0,0.2268
3,202,3.232,6.4801,403.84,0.0085065,0,0,0,0,0,0,0,0,1.057,0.89874,0,0,0,0,0.162
3,202,3.232,6.4801,403.84,0,0,0,0,0,0,0,0,0,0,1.8818,0,0,0,0,0.55081
3,202,3.232,6.4801,403.84,0,0,0,3.2894,0,0,0.68719,0,0,0,0.072463,0,0,0,0,0.162
3,202,3.232,6.4801,403.84,0.00524,0,0.005714,0.00524,0,0.008333,0,0,0,0,5.7349,0,0,0,0,0.162
3,202,3.232,6.4801,403.84,0,0,0,0,0,0,0,0,0,0,0.072463,0,0,0,0,0.097202
3,202,3.232,6.4801,403.84,0.0083055,0,0,0,0.36487,0,0.87994,0,0,0,0.89874,0,0,0,0,0.29161
3,202,3.232,6.4801,403.84,2.6202,0,0,0.0055384,0,0,0,0,0,0,0.072463,0,0,0,0,0.097202
3,202,3.232,6.4801,403.84,0,0,0,0,0,0,0,0.91106,0,1.0167,1.3043,0,0,0,0,0.097202
3,202,3.232,6.4801,403.84,0,0,0,0,0,0,0,0,0,0,0.13056,0,0,0,0,0.162
3,202,3.232,6.4801,403.84,2.6959,0,0,0,0,0,0,0,0,0,0.072463,0,0,0,0,0.35641
3,202,3.232,6.4801,403.84,0.006456,0,0,4.4772,0,0.0011005,0,0,0,0,0.072463,0,0,0,0,0.2268
3,202,3.232,6.4801,403.84,0.008333,0,0,0,0,0,0,0,0,0,0.072463,0,0,0,0,0.35641
3,202,3.232,6.4801,403.84,0,0,0,0,0,0,0,0,0,0,0.072463,0,0,0,0,0.93962
3,202,3.232,6.4801,403.84,0.002021,0,0,0,0,0,0,0,0,0,3.6257,0,0,0,0,0.0162
3,202,3.232,6.4801,403.84,0.007984,0,0,0,0,0,0,0,0,0,0.072463,0,0,0,0,0.162
3,202,3.232,6.4801,403.84,0,0,0,0,0,0,0,0,0,0,3.4936,0,0,0,0,0.48601
3,202,3.232,6.4801,403.84,0,0,0,0,0,0,0.60778,0,0,0,1.4938,0,0,0,0,0.2268
3,202,3.232,6.4801,403.84,0.67244,0,0,0,0,0,0,0,0,0,0.072463,0,0,0,0,0.0162
3,202,3.232,6.4801,403.84,0.14191,0,0,0,0,0,0,0,0,0,0.93212,0,0,0,0,0.097202
3,202,3.232,6.4801,403.84,0.16494,0,0,0,0,0,0,0,0,0,0.072463,0,0,0,0,0.2268
3,202,3.232,6.4801,403.84,0,0,0,0,0,0,0,0,0,0,0.1323,0,0,0,0,1.1988
3,202,3.232,6.4801,403.84,0.008333,0,0,0.075413,0,1.5806,0,0,0,0,0.12949,0,0,0,0,1.3932
3,202,3.232,6.4801,403.84,0.0060235,0,0,0,0,0,0.13028,0,0,0,1.5411,0,0,0,0,0.162
3,202,3.232,6.4801,403.84,0,0,0,0.11448,0,0,0,0,0,0,0.072463,0,0,0,0,0.0162
3,202,3.232,6.4801,403.84,1.8255,0,3.0579,0,0,0,0,0,0,0,0.52131,0,0,0,0,0.2268
3,202,3.232,6.4801,403.84,0.001397,0,0,0,0.000376,0,0.13028,0,0,0,0.072463,0,0,0,0,0.097202
3,202,3.232,6.4801,403.84,0.005714,0,0.10278,0.013735,0,0,0,0,0,0,0.27752,0,0,0,0,0.93962
3,202,3.232,6.4801,403.84,0.001192,0,0,0,0,0.008336,0,0,0,0,1.86,0,0,0,0,0.74521
3,202,3.232,6.4801,403.84,0.02573,0,0.008335,0.81317,0,0,0,0,0,0,5.2088,0,0,0,0,0.097202
3,202,3.232,6.4801,403.84,2.5491,0,0,0,0,0.17467,0,0,0,0,0.1337,0,0,0,0,0.097202
3,202,3.232,6.4801,403.84,0.35719,0,0.007984,0.0068531,0,0,0.13028,0,0,0,0.13056,0,0,0,0,0.162
3,202,3.232,6.4801,403.84,0.002998,0,0,0.80423,0,0,0,0,0,0,1.1244,0,0,0,0,0.29161
3,202,3.232,6.4801,403.84,4.5096,0,0,0.048829,0,0,0,0,0,0,0.37335,0,0,0,0,0.29161
3,202,3.232,6.4801,403.84,0,0,0,0,0,0,0,0,0,0,0.13348,0,0,0,0,0.0162
3,202,3.232,6.4801,403.84,0,0,0.008333,0,0,0,0,0,0,0,0.072463,0,0,0,0,0.35641
3,202,3.232,6.4801,403.84,2.4901,0,2.1565,0,0,0,0,0,0,0,1.2862,0,0,0,0,0.162
3,202,3.232,6.4801,403.84,0,0,0,0,0,0,0,0,0,0,2.8119,0,0,0,0,0.097202
3,202,3.232,6.4801,403.84,0,0,0,0,0,0,0,0,0,0,0.34469,0,0,0,0,0.097202
3,202,3.232,6.4801,403.84,2.6202,0,0,0,0,0,0,0,0,0,0.16445,0,0,0,0,0.74521
3,202,3.232,6.4801,403.84,0,0,0,0.0059107,0,0,0,0,0,0,6.1561,0,0,0,0,0.0162
3,202,3.232,6.4801,403.84,0,0,0,0,0,0,0,0,0,0,0.072463,0,0,0,0,0.2268
3,202,3.232,6.4801,403.84,0.021904,0,0,0,0,0,0,0,0,0,0.072463,0,0,0,0,0.162
3,202,3.232,6.4801,403.84,0.030074,0,0,0,0,0,0,0,0,0,5.6128,0,0,0,0,0.2268
3,202,3.232,6.4801,403.84,0.19777,0,0,0,0,0.008335,0,1.6755,0,0,0.072463,0,0,0,0,0.35641
3,202,3.232,6.4801,403.84,0.0060235,0,0,0,0,0,0,0,0,0,0.072463,0,0,0,0,5.1841
3,202,3.232,6.4801,403.84,0,0,0,2.83,0,0.008333,0,0.49217,0,0,1.6541,0,0,0,0,0.162
3,202,3.232,6.4801,403.84,0.008333,0,4.0657,7.8e-05,0,0,0,0,0,0,0.79939,0,0,0,0,0.29161
3,202,3.232,6.4801,403.84,0.17916,0,0,0.0087005,0,0.008333,0,0,0,0,0.15843,0,0,0,0,1.0692
3,202,3.232,6.4801,403.84,0.11034,0,0,0.0084255,0,0,0,0,0,0,0.072463,0,0,0,0,0.29161
3,202,3.232,6.4801,403.84,0.0067502,0,0,0,0,0.0014155,0,0,0,0,0.072463,0,0,0,0,0.162
3,202,3.232,6.4801,403.84,0.039499,0,0,0,0.007148,0.0094226,0.13028,0,0,0,1.8818,0,0,0,0,0.0162
3,202,3.232,6.4801,403.84,0,0,0,0.004204,0,0,0.22345,0,0,0,4.643,0,0,0,0,0.0162
3,202,3.232,6.4801,403.84,2.1261,0,0,0,0,0,0,0,0,0,0.072463,0,0,0,0,0.2268
3,202,3.232,6.4801,403.84,0,0,0,0,0,0,0,0,0,0,0.072463,0,0,0,0,0.097202
3,202,3.232,6.4801,403.84,0,0,0,0.085444,0,2.1391,0,0,0,0,0.3625,0,0,0,0,0.35641
3,202,3.232,6.4801,403.84,0.77402,0,0,0.00644,0,0,0,0,0,0,1.3204,0,0,0,0,0.2268
3,202,3.232,6.4801,403.84,0.85376,0,0,0,0.008333,0,0,0,0,0,0.072463,0,0,0,0,0.162
3,202,3.232,6.4801,403.84,0,0,0,0,0,0,0,0,0,0,0.13056,0,0,0,0,0.162
3,202,3.232,6.4801,403.84,0.088516,0,0,0,0,0,0.0053205,0,0,0,0.072463,0,0,0,0,0.55081
3,202,3.232,6.4801,403.84,0.003173,0,0,0.0084255,0,0,0,0,0,0,0.072463,0,0,0,0,0.162
3,202,3.232,6.4801,403.84,0,0,0,0.81358,0,0.00062,0,0,0,0,0.44185,0,0,0,0,0.2268
3,202,3.232,6.4801,403.84,0,0,0,0.008321,1.4955,0.004588,0,0,0,0,0.072463,0,0,0,0,0.43741
3,202,3.232,6.4801,403.84,0.013574,0,0,0,0,0,0.13028,0,0,0,0.72803,0,0,0,0,0.29161
3,202,3.232,6.4801,403.84,1.0204,0,0,0,0,0,4.1671,0,0,0,0.072463,0,0,0,0,0.097202
3,202,3.232,6.4801,403.84,0.69927,0,0.086549,0.063622,0.016527,0,0,0,0,0,0.072463,0,0,0,0,0.162
3,202,3.232,6.4801,403.84,0,0,0,2.9698,0,0.003346,0,0,0,0,0.44804,0,0,0,0,0.097202
3,202,3.232,6.4801,403.84,0,0,0,0.8111,0,0,0,0,0,0,0.52131,0,0,0,0,0.2268
3,202,3.232,6.4801,403.84,0,0,0,0.19762,0.008333,0,0,0,0,1.5851,0.072463,0,0,0,0,0.0162
3,202,3.232,6.4801,403.84,0.14191,0,0,0,0,0,0.13028,0,0,0,0.13731,0,0,0,0,0.162
3,202,3.232,6.4801,403.84,4.7059,0,0,0,0,0,0,0,0,0,0.072463,0,0,0,0,0.2268
3,202,3.232,6.4801,403.84,0.16323,0,0,0,0,0,0,0,0,0,0.072463,0,0,0,0,0.162
3,202,3.232,6.4801,403.84,0.0035385,0,0,0,0.008335,0,0,0,0,0,0.21272,0,0,0,0,0.162
3,202,3.232,6.4801,403.84,0.02573,0,0,0,0,0,0,0,0,0,0.072463,0,0,0,0,0.2268
3,202,3.232,6.4801,403.84,0,0,0,0,0,0,0,0,0,0,0.072463,0,0,0,0,0.43741
3,202,3.232,6.4801,403.84,0.066266,0,0,0,0,0,0,0,0,0,0.072463,0,0,0,0,0.2268
3,202,3.232,6.4801,403.84,0,0,0,2.2514,0,0,0,0,0,0.27721,1.059,0,0,0,0,0.0162
3,202,3.232,6.4801,403.84,1.4112,0,0,0,0,0,3.0021,0,0,0,0.072463,0,0,0,0,0.097202
3,202,3.232,6.4801,403.84,0.008333,0,0,0,0,0,0,0,0,0,6.0336,0,0,0,0,0.0162
3,202,3.232,6.4801,403.84,0.026013,0,0,0,0,0,0.10863,0,0,0,0.78678,0,0,0,0,1.1988
3,202,3.232,6.4801,403.84,0.5485,0,0,0,0,0,0,0,0,0,0.072463,0,0,0,0,0.48601
3,202,3.232,6.4801,403.84,0,0,0,0,0,0,0,0,0,0,1.5788,0,0,0,0,0.162
3,202,3.232,6.4801,403.84,0.008333,0,0,0,0,0.01101,3.8394,0,0,0,1.6654,0,0,0,0,0.2268
3,202,3.232,6.4801,403.84,0.008333,0,0,0,0.005411,0.0014495,0,0,0,0,3.2549,0,0,0,0,0.74521
3,202,3.232,6.4801,403.84,0.046004,0,0,0,0,0.22953,0,0,0,0,0.31337,0,0,0,0,0.29161
3,202,3.232,6.4801,403.84,0,0,0,0.0068531,0,0.0014155,0,0,0,0,0.072463,0,0,0,0,0.0162
3,202,3.232,6.4801,403.84,0,0,0,0.090162,0.41055,0,0,0,0,0,0.42312,0,0,0,0,0.0162
3,202,3.232,6.4801,403.84,0.008333,0,0,0,0,0,0,0,0,0,0.072463,0,0,0,0,0.162
3,202,3.232,6.4801,403.84,1.2826,0,0,0,0,0,0,0,0,0,0.072463,0,0,0,0,0.162
3,202,3.232,6.4801,403.84,0,0,0,0,0,0,0,0,0,0,0.13364,0,0,0,0,0.0162
3,202,3.232,6.4801,403.84,0.16847,0,0.008333,0,0,0,0,0,0,3.8737,1.1244,0,0,0,0,0.29161
3,202,3.232,6.4801,403.84,0.8911,0,0,0,0,0,0,0,0,0,2.6944,0,0,0,0,0.2268
3,202,3.232,6.4801,403.84,0.008333,0.21824,0,0,0,0,0,0,0,0,1.9941,0,0,0,0,0.0162
3,202,3.232,6.4801,403.84,0.054793,0,0,0,0,0,0,0,0,0,1.8818,0,0,0,0,0.097202
3,202,3.232,6.4801,403.84,0.21532,0,0,0,0,0,0,0,0,0,0.072463,0,0,0,0,0.43741
3,202,3.232,6.4801,403.84,0.43372,0,0,0,0,0,0,0,0,0,2.1586,0,0,0,0,0.29161
3,202,3.232,6.4801,403.84,0.864,0,0,0,0,0.0055919,0,0,0,0,0.072463,0,0,0,0,0.93962
3,202,3.232,6.4801,403.84,4.6396,0,0,0,0,0,0,0,0,0,0.072463,0,0,0,0,0.162
3,202,3.232,6.4801,403.84,3.8455,0,0.13429,0,0,0,0.002308,0,0,0,0.13302,0,0,0,0,0.29161
3,202,3.232,6.4801,403.84,0.86124,0,0,0,0,0,0.60778,0.010725,0,0,0.072463,0,0,0,0,0.35641
3,202,3.232,6.4801,403.84,0.008335,0,0,0,0,0,0,0,0,0,0.12977,0,0,0,0,5.1841
3,202,3.232,6.4801,403.84,0.021734,0,0.008333,0.008321,0,0,0,0,0,0,0.072463,0,0,0,0,0.0162
3,202,3.232,6.4801,403.84,0,0,0,0.18161,0,0,0,0,0,0,0.13054,0,0,0,0,0.162
3,202,3.232,6.4801,403.84,0.061753,0,0.008334,0,0,0,0,0,0,0,1.6272,0,0,0,0,0.097202
3,202,3.232,6.4801,403.84,0,0,0,0,0,0,0,0,0,0,0.52131,0,0,0,0,0.162
3,202,3.232,6.4801,403.84,0.0084135,0,0.008333,0,0,0,0,0,0,0,0.14865,0,0,0,0,0.35641
3,202,3.232,6.4801,403.84,0,0,0,0,0,0,0.13028,0,0,0,3.6687,0,0,0,0,0.097202
3,202,3.232,6.4801,403.84,0,0.057612,0,0,0,0,0,0,0,0,0.072463,0,0,0,0,0.61561
3,202,3.232,6.4801,403.84,0.0091815,0,0,0.00833,0,0,0,0,0,0,0.072463,0,0,0,0,0.0162
3,202,3.232,6.4801,403.84,0.046516,0,0,0,1.7291,0,0,0,0,0,0.072463,0,0,0,0,0.29161
3,202,3.232,6.4801,403.84,0.009056,0,0,0,0,0.0071766,0.10863,0,0,0,0.072463,0,0,0,0,0.097202
3,202,3.232,6.4801,403.84,0.0098758,0,0,0,0,0,0.42744,0,0,0,0.086791,0,0,0,0,0.0162
3,202,3.232,6.4801,403.84,0,0,0,0,0,0.79687,0,0,0,0,0.82163,0,0,0,0,0.93962
3,202,3.232,6.4801,403.84,0.0034665,0,0,0,0,0,0,0,0,0,0.072463,0,0,0,0,0.29161
3,202,3.232,6.4801,403.84,0.010066,0,0,0,0.39943,0,0.67845,0,0,1.0167,0.48889,0,0,0,0,0.0162
3,202,3.232,6.4801,403.84,0.008333,0,0,0,0,0,0,0,0,0,0.072463,0,0,0,0,0.162
3,202,3.232,6.4801,403.84,3.2092,0,0,0.001267,0,0,0.59876,0,0,0,0.072463,0,0,0,0,0.29161
3,202,3.232,6.4801,403.84,0.018715,0,0,0.7299,0,0,0,0,0,0,0.086791,0,0,0,0,0.162
3,202,3.232,6.4801,403.84,0.046516,0,2.5073,0,0,0,0,0,0,0,2.5252,0,0,0,0,0.0162
3,202,3.232,6.4801,403.84,0,0,0,0,0,0.008333,0.67053,0,0,0,0.072463,0,0,0,0,0.35641
3,202,3.232,6.4801,403.84,0.00524,0,0,0,0,0,0,0,0,0,0.13364,0,0,0,0,0.097202
3,202,3.232,6.4801,403.84,0,0,0,0,0,0,0,0,0,0,5.1015,0,0,0,0,0.35641
3,202,3.232,6.4801,403.84,1.3209,0,0,0,0.29385,0,0,0,0,0,0.072463,0,0,0,0,1.0044
3,202,3.232,6.4801,403.84,3.9772,0,0,0,0,0.10057,0.13028,0,0,0,0.072463,0,0,0,0,0.162
3,202,3.232,6.4801,403.84,0.008333,0,0,0,0,0,0,0,0,0,0.072463,0,0,0,0,0.0162
3,202,3.232,6.4801,403.84,0.025,0,0,0,0,0,0,0,0,0,5.2094,0,0,0,0,0.29161
3,202,3.232,6.4801,403.84,0.012378,0,0,0,0,0,0,0,0,0,1.6541,0,0,0,0,0.0162
3,202,3.232,6.4801,403.84,0.008333,0,0,0,0,0,0.021726,0.18183,0,0,1.1244,0,0,0,0,0.2268
3,202,3.232,6.4801,403.84,3.238,0,0,0,0,0.001463,0.13028,0,0,0,0.13348,0,0,0,0,0.2268
3,202,3.232,6.4801,403.84,0.39468,0,0,0,0.008335,0,0,0,0,0,0.35902,0,0,0,0,0.29161
3,202,3.232,6.4801,403.84,0,0,0,2.2514,0,0,0,0,0,0,0.072463,0,0,0,0,0.0162
3,202,3.232,6.4801,403.84,0,0,0,0,0,0,0,0,0,0,5.2088,0,0,0,0,0.162
3,202,3.232,6.4801,403.84,0,0,0,0,0,0.008333,0,0,0,0,0.072463,0,0,0,0,0.097202
3,202,3.232,6.4801,403.84,0,0,0,0,0,0,0,0,0,0,0.072463,0,0,0,0,0.29161
3,202,3.232,6.4801,403.84,0,0,0,0,0,0,0,0,0,0,3.3687,0,0,0,0,0.2268
3,202,3.232,6.4801,403.84,0,0,0,0.025883,0,0,0,0,0,0,0.072463,0,0,0,0,0.0162
3,202,3.232,6.4801,403.84,0.022995,0,0,0,0,0,0.10863,0,0,0,0.77377,0,0,0,0,0.0162
3,202,3.232,6.4801,403.84,0,0,0,0.001192,0,0,0,0,0,0,0.072463,0,0,0,0,0.2268
3,202,3.232,6.4801,403.84,0.001436,0,0,0.0001025,0,0,0,0,0,0,0.072463,0,0,0,0,0.0162
3,202,3.232,6.4801,403.84,0.00387,0,0,0,0,0,0,0,0,0,0.072463,0,0,0,0,0.48601
3,202,3.232,6.4801,403.84,2.4323,0,0,0,0,0,0,0,0,0,3.4411,0,0,0,0,0.2268
3,202,3.232,6.4801,403.84,0.061753,0,0,0,0,0,0,0,0,0,0.072463,0,0,0,0,0.162
3,202,3.232,6.4801,403.84,0,0,0,0.68661,0,0,0,0,0,0,0.072463,0,0,0,0,0.43741
3,202,3.232,6.4801,403.84,0.31737,0,0,0,0,0,0,0,0,0,0.072463,0,0,0,0,0.43741
3,202,3.232,6.4801,403.84,0.21532,0,0,0.016666,0,0,0.13028,0,0,0,5.0181,0,0,0,0,0.162
3,202,3.232,6.4801,403.84,0.008333,0,0,0,0,0.010504,0,0,0,0,1.2482,0,0,0,0,0.2268
3,202,3.232,6.4801,403.84,1.0524,0,0,0,0,0,3.3223,0,0,0,0.15843,0,0,0,0,0.2268
3,202,3.232,6.4801,403.84,1.4278,0,0,0.090162,0,0,0,0,0,0,0.072463,0,0,0,0,0.097202
3,202,3.232,6.4801,403.84,0,0,0,0,0,0,0.40452,0,0,0,0.072463,0,0,0,0,0.162
3,202,3.232,6.4801,403.84,0.91889,0,0,0,0,0.0011005,0,0,0,0,0.086791,0,0,0,0,0.29161
3,202,3.232,6.4801,403.84,0,0,0,0,0,0,0,0,0,0,0.072463,0,0,0,0,0.097202
3,202,3.232,6.4801,403.84,2.6642,0,0,0.002784,0,0,0.002308,0,0,0,0.072463,0,0,0,0,0.0162
3,202,3.232,6.4801,403.84,0,0,0,0,0,0,0,0,0,0,0.25674,0,0,0,0,0.0162
3,202,3.232,6.4801,403.84,0,0,0.00247,0,0,0,0,0,0,0,2.286,0,0,0,0,0.35641
3,202,3.232,6.4801,403.84,0,0,0,0,0,0,0,0,0,0,2.6944,0,0,0,0,0.097202
3,202,3.232,6.4801,403.84,0.16618,0,0,0,0,0,0,0,0,0,2.4386,0,0,0,0,0.55081
3,202,3.232,6.4801,403.84,0.39468,0,0,0.0067551,0,0.008333,0,0,0,0.18355,1.6629,0,0,0,0,0.162
3,202,3.232,6.4801,403.84,0.010201,0,0,0,0,0,0,0,0,0,4.9522,0,0,0,0,0.29161
3,202,3.232,6.4801,403.84,0,0,0,0,0,0,0,0,0,0,1.7425,0,0,0,0,0.2268
3,202,3.232,6.4801,403.84,0.014422,0,0,0,0,0,0.021726,0,0,0,2.5126,0,0,0,0,0.097202
3,202,3.232,6.4801,403.84,0,0,0,0,0,0,0.67845,0,0,0,0.072463,0,0,0,0,0.29161
3,202,3.232,6.4801,403.84,0,0,0.008333,0,0,0,0.67053,0,0,0,3.1383,0,0,0,0,0.162
3,202,3.232,6.4801,403.84,0,0,0,0,0,0,0,0,0,0,0.45229,0,0,0,0,0.162
3,202,3.232,6.4801,403.84,0.006456,0,0,0,0,0,0,0,0,0,0.13158,0,0,0,0,1.1988
3,202,3.232,6.4801,403.84,0,0,0,0.030827,0,0,1.7382,0,0,0,2.6155,0,0,0,0,0.0162
3,202,3.232,6.4801,403.84,0.17013,0,0,0.034994,0,0,0,0,0,0,3.6687,0,0,0,0,0.29161
3,202,3.232,6.4801,403.84,1.5315,0,0,0,0,0,0,0,0,0,0.072463,0,0,0,0,0.097202
3,202,3.232,6.4801,403.84,0.090576,0,0,0,0,0,0,0,0,0,3.4466,0,0,0,0,0.29161
3,202,3.232,6.4801,403.84,0,0,0,3.8236,0,0,0.13028,0,0,0,2.1163,0,0,0,0,0.097202
3,202,3.232,6.4801,403.84,0.012086,0,0,0.004204,0,0,0,0,0,1.0167,0.10112,0,0,0,0,0.097202
3,202,3.232,6.4801,403.84,0.002784,0,0,0,0,0,0.008333,0,0,0,0.072463,0,0,0,0,0.61561
3,202,3.232,6.4801,403.84,0,0,0,0,0,0.1274,0,0,0,0,4.5804,0,0,0,0,0.097202
3,202,3.232,6.4801,403.84,0,0,0,0,0,0,0,0,0,0,0.44185,0,0,0,0,0.097202
3,202,3.232,6.4801,403.84,0.088516,0,0,1.0765,0,0,0,0,0,0,0.31809,0,0,0,0,0.2268
3,202,3.232,6.4801,403.84,0,0,0,3.2894,0,0,0,0,0,0,0.15166,0,0,0,0,0.35641
3,202,3.232,6.4801,403.84,0.864,0,0,0,0,0,0,0,0,0,0.15166,0,0,0,0,5.1841
3,202,3.232,6.4801,403.84,3.4434,0,0,0.0055384,0,0,0,0,0,0,0.072463,0,0,0,0,0.2268
3,202,3.232,6.4801,403.84,0.008333,0,0,0,0,0,0,0,0,0,0.072463,0,0,0,0,0.0162
3,202,3.232,6.4801,403.84,0,0,0,0,0,0,0,0,0,0,2.457,0,0,0,0,0.43741
3,202,3.232,6.4801,403.84,0.86415,0,0,0,0,0,0,0,0,0,3.1286,0,0,0,0,0.55081
3,202,3.232,6.4801,403.84,1.8992,0,0,0,0,0,0,0,0,0,0.13302,0,0,0,0,0.162
3,202,3.232,6.4801,403.84,0,0,0,0.033498,0.000124,0,0.10863,0,0,0,0.072463,0,0,0,0,0.0162
3,202,3.232,6.4801,403.84,0.6386,0,0,2.1238,0,0,0.13028,0,0,0,0.37335,0,0,0,0,0.0162
3,202,3.232,6.4801,403.84,2.6445,0,0,0,0,0,0,0,0,0,0.072463,0,0,0,0,0.35641
3,202,3.232,6.4801,403.84,0.00062,0,0,0,0,0,0,0,0,0,1.4938,0,0,0,0,0.35641
3,202,3.232,6.4801,403.84,0.43372,0,0,0,0,0,0.13028,0,0,0,0.086791,0,0,0,0,0.0162
3,202,3.232,6.4801,403.84,0,0,0,0,0,0,0,0,0,0,0.88605,0,0,0,0,0.162
3,202,3.232,6.4801,403.84,2.6642,0,0,0.81626,0,0,0,0,0,0,0.072463,0,0,0,0,0.162
3,202,3.232,6.4801,403.84,0,0,0,0,0,0,0,0,0,0,3.6257,0,0,0,0,0.48601
3,202,3.232,6.4801,403.84,0.28433,0,0,0,0,0.29685,0.13028,0,0,0,0.072463,0,0,0,0,0.162
3,202,3.232,6.4801,403.84,0.012549,0,0,0,0,0,0,0,0,0,4.3915,0,0,0,0,0.93962
3,202,3.232,6.4801,403.84,0,0,0,0,0,0,0,0,0,0,4.0083,0,0,0,0,0.35641
3,202,3.232,6.4801,403.84,0,0,0,4.0844,0,0,0,0,0,0,1.8634,0,0,0,0,0.0162
3,202,3.232,6.4801,403.84,0.001397,0,0,3.3412,0,0,0.13028,0,0,1.261,0.072463,0,0,0,0,0.162
3,202,3.232,6.4801,403.84,0.000254,0,0.25979,0,0,0,0,0,0,0,0.13039,0,0,0,0,0.0162
3,202,3.232,6.4801,403.84,0.76029,0,0,0.81948,0,0.008333,0.13028,0,0,0,0.20249,0,0,0,0,0.162
3,202,3.232,6.4801,403.84,0.30651,0,0.000172,2.1098,0,0.14899,0,0,0,0,0.072463,0,0,0,0,0.162
3,202,3.232,6.4801,403.84,0.0097027,0,0,0,0,0,0,0,0,0,0.072463,0,0,0,0,0.097202
3,202,3.232,6.4801,403.84,0,0,0,0,0,0,0,0,0,0,0.072463,0,0,0,0,0.29161
3,202,3.232,6.4801,403.84,0.00021,0,0,0.81626,0,0.008333,0,0,0,0,2.2216,0,0,0,0,0.162
3,202,3.232,6.4801,403.84,0.000234,0,0,0,0,0,0,0,0,0,1.1524,0,0,0,0,0.097202
3,202,3.232,6.4801,403.84,0.008333,0,0,0.046665,0,0,0,0,0,0,3.2549,0,0,0,0,0.097202
3,202,3.232,6.4801,403.84,0,0,0,0,0,0.12321,0,0,0,0,0.072463,0,0,0,0,0.29161
3,202,3.232,6.4801,403.84,0.0085065,0,0,0,0,0.039519,0,0,0,0,0.072463,0,0,0,0,0.162
3,202,3.232,6.4801,403.84,1.3126,0,0,0.21246,0,0,0,0,0,0,0.60404,0,0,0,0,0.87482
3,202,3.232,6.4801,403.84,0.008333,0,0,0.00315,0,0,0,0,0,0,0.1317,0,0,0,0,0.0162
3,202,3.232,6.4801,403.84,0,0,1.2968,0,0,0,0.13028,0,0,0,0.072463,0,0,0,0,1.0692
3,202,3.232,6.4801,403.84,0.000234,0,0,0,0,0,0.059897,0,0,0,4.2848,0,0,0,0,0.43741
3,202,3.232,6.4801,403.84,0,0,0.010821,0,0,0,0,0,0,0,0.94645,0,0,0,0,0.2268
3,202,3.232,6.4801,403.84,0.46388,0,0,0.013282,0.01575,0.030964,0.13028,0,0,0,1.5769,0,0,0,0,0.0162
3,202,3.232,6.4801,403.84,0.008333,0,0.008333,0,0,0,0,0,0,0,0.072463,0,0,0,0,0.35641
3,202,3.232,6.4801,403.84,0.005411,0,0,0,0,0,0,0,0,0,0.072463,0,0,0,0,0.162
3,202,3.232,6.4801,403.84,0.86244,0,0,0,0,0,0,0,0,0,0.77377,0,0,0,0,0.48601
3,202,3.232,6.4801,403.84,0.0073941,0,0,0,0,0,0,0,0,0,0.56339,0,0,0,0,0.097202
3,202,3.232,6.4801,403.84,0.001236,0,0,0,0,0.22953,0,0,0,0,0.1331,0,0,0,0,0.29161
3,202,3.232,6.4801,403.84,0,0,0,2.9698,0,0,0,0,0,0,0.072463,0,0,0,0,0.162
3,202,3.232,6.4801,403.84,1.6334,0,0,1.7639,0,0.0023945,0,0,0,0,0.14411,0,0,0,0,0.43741
3,202,3.232,6.4801,403.84,0,0,0,0,0,0,0,0,0,0,0.072463,0,0,0,0,0.0162
3,202,3.232,6.4801,403.84,0,0,0,0,0.037521,0,0.13028,0,0,0,0.072463,0,0,0,0,0.097202
3,202,3.232,6.4801,403.84,0.8881,0,0,0,0,0,0,0,0,0,2.6841,0,0,0,0,0.097202
3,202,3.232,6.4801,403.84,0,0,0,0,0,0,0.42744,0,0,0,0.41633,0,0,0,0,0.0162
3,202,3.232,6.4801,403.84,2.6202,0,0,0,0,0,0,0,0,0,3.4535,0,0,0,0,0.097202
3,202,3.232,6.4801,403.84,0.011497,0,0.00524,0,0,0,0,0,0,0,5.5792,0,0,0,0,0.097202
3,202,3.232,6.4801,403.84,0,0,0,0,0,0,0,0,0,0,0.072463,0,0,0,0,0.162
3,202,3.232,6.4801,403.84,0,0,0,0.0087005,0.001292,0,0,0,0,0,3.3687,0,0,0,0,0.0162
3,202,3.232,6.4801,403.84,2.3211,0,0,0,0,0,0,0,0,0,0.45229,0,0,0,0,0.162
3,202,3.232,6.4801,403.84,0.0059107,0,4.3924,0,0,0,0,0,0,0,0.072463,0,0,0,0,0.0162
3,202,3.232,6.4801,403.84,0.0082878,0,0,0,0,0,0,0,0,0,0.072463,0,0,0,0,0.162
3,202,3.232,6.4801,403.84,0,0,0,0,0,0.010122,0,0,0,0,0.48881,0,0,0,0,0.48601
3,202,3.232,6.4801,403.84,0.87552,0,0,0,0,0.026473,0,0,0,0,2.8119,0,0,0,0,0.29161
3,202,3.232,6.4801,403.84,0,0,0,0,0,0,0,0,0,0.55196,0.77392,0,0,0,0,0.68041
3,202,3.232,6.4801,403.84,1.8155,0,0,0,0,0.008333,0,0,0,0,0.11545,0,0,0,0,0.29161
3,202,3.232,6.4801,403.84,0,0,0,0.003468,0,0,0,0,0,0,0.13054,0,0,0,0,0.2268
3,202,3.232,6.4801,403.84,3.0427,0,0,0,0,0,0,0,0,0,0.072463,0,0,0,0,0.097202
3,202,3.232,6.4801,403.84,0.22101,0,0,0,0,0,0.13028,0,0,0,0.072463,0,0,0,0,0.29161
3,202,3.232,6.4801,403.84,2.5491,0,0,0,0,0,0,0,0,0,0.18601,0,0,0,0,0.29161
3,202,3.232,6.4801,403.84,0.000126,0,0,0,0,0,0,0,0,0,0.072463,0,0,0,0,1.1988
3,202,3.232,6.4801,403.84,1.8751,0,0,0,0,0,0,0,0,0,2.9953,0,0,0,0,0.162
3,202,3.232,6.4801,403.84,0,0,0,0,0,0,0,0,0,0,0.072463,0,0,0,0,0.162
3,202,3.232,6.4801,403.84,0,0,0,0,0,0,0,0,0,0,0.072463,0,0,0,0,5.1841
3,202,3.232,6.4801,403.84,0.008333,0,0,0,0,0,0,0,0,0,0.072463,0,0,0,0,0.61561
3,202,3.232,6.4801,403.84,0,0,0,0,0,0,0.60778,0,0,0,0.77377,0,0,0,0,0.29161
3,202,3.232,6.4801,403.84,0,0,0,0,8.1e-05,0,0,0,0,0,0.072463,0,0,0,0,0.162
3,202,3.232,6.4801,403.84,0.008335,0,3.7695,0,0,0.00644,0.60778,0,0,0,0.52131,0,0,0,0,0.097202
3,202,3.232,6.4801,403.84,0.008333,0,0,0,0,0,0,0,0,0,0.072463,0,0,0,0,0.55081
3,202,3.232,6.4801,403.84,0,0,0,0,4.1996,0,0,0,0,0,1.3204,0,0,0,0,0.29161
3,202,3.232,6.4801,403.84,0.0082878,0,0,0,0,0,0,0,0,0,0.43625,0,0,0,0,0.48601
3,202,3.232,6.4801,403.84,0,0,0.016728,0,0,0,0,0,0,0,0.072463,0,0,0,0,0.162
3,202,3.232,6.4801,403.84,0,0,0,0,0,0,0,0,0,0,0.072463,0,0,0,0,0.0162
3,202,3.232,6.4801,403.84,0.008333,0,0,0,0,0,0,0,0,0,0.072463,0,0,0,0,0.2268
3,202,3.232,6.4801,403.84,0.008333,0,0.008332,0,0,0,0,0,0,0.27721,0.072463,0,0,0,0,0.2268
3,202,3.232,6.4801,403.84,1.2674,0,0,0,0,0,0,0,0,0,0.072463,0,0,0,0,0.35641
3,202,3.232,6.4801,403.84,0.008333,0,0,5.5512,0,0,0,0,0,0,0.37335,0,0,0,0,0.29161
3,202,3.232,6.4801,403.84,0,0,0.008333,0,0,0,0.13028,0,0,0,4.9522,0,0,0,0,0.0162
3,202,3.232,6.4801,403.84,2.6806,0,0,0,0,0,0,0,0,0,0.072463,0,0,0,0,0.43741
3,202,3.232,6.4801,403.84,0.71482,0,0,0.002344,0,0.1274,0,0,0,0,0.072463,0,0,0,0,0.0162
3,202,3.232,6.4801,403.84,0,0,0,0,0,0,0,0,0,0,0.51741,0,0,0,0,0.29161
3,202,3.232,6.4801,403.84,0.086262,0,0,0,0,0,0,0,0,0,0.15843,0,0,0,0,0.35641
3,202,3.232,6.4801,403.84,0.77402,0,1.3395,0,0,0.008335,0.13028,0,0,0,0.44804,0,0,0,0,1.1988
3,202,3.232,6.4801,403.84,0,0,0,0,0,0,0,0,0,0,0.15843,0,0,0,0,0.29161
3,202,3.232,6.4801,403.84,0.00062,0,0,0.31543,0,0,0.10863,0,0,0,0.13863,0,0,0,0,0.097202
3,202,3.232,6.4801,403.84,0.023707,0,0,0.003822,0,0.020937,0,0,0,0,1.1451,0,0,0,0,0.48601
3,202,3.232,6.4801,403.84,0,0,0,0.015362,0,0,0,0,0,0,0.072463,0,0,0,0,0.097202
3,202,3.232,6.4801,403.84,0.008333,0,0,0,0,0,0,0,0,0,0.58253,0,0,0,0,0.48601
3,202,3.232,6.4801,403.84,0,0,0,0,0,0,0.59876,0,0,0,0.072463,0,0,0,0,0.162
3,202,3.232,6.4801,403.84,0.0071766,0,0,0,0,0.012009,0,0,0,0,3.3678,0,0,0,0,0.2268
3,202,3.232,6.4801,403.84,0,0,0,0,0,0,0,0,0,0,0.072463,0,0,0,0,0.2268
3,202,3.232,6.4801,403.84,0.0034665,0,0,3.071,0,0,0,0,0,1.7864,0.14865,0,0,0,0,0.93962
3,202,3.232,6.4801,403.84,0,0,0.010395,0,0,0,0,0,0,0,6.3875,0,0,0,0,0.0162
3,202,3.232,6.4801,403.84,1.0318,0,0,0,0.0059107,0,0,0,0,0,3.8048,0,0,0,0,0.097202
3,202,3.232,6.4801,403.84,0,0,0,0,0,0,0.13028,0,0,0,6.1183,0,0,0,0,0.0162
3,202,3.232,6.4801,403.84,0.008333,0,0,0,0,0,0,0,0,0,0.072463,0,0,0,0,0.097202
3,202,3.232,6.4801,403.84,0,0,0,0,0,0,0,0,0,0,0.072463,0,0,0,0,0.74521
3,202,3.232,6.4801,403.84,0,0,0,0,0,0,0.13028,0,0,0,0.072463,0,0,0,0,0.097202
3,202,3.232,6.4801,403.84,0,0,0,0,0,0,0,0,0,0,0.072463,0,0,0,0,0.2268
3,202,3.232,6.4801,403.84,0.008333,0,0,0.085444,0,0,0,0,0,0,0.072463,0,0,0,0,0.097202
3,202,3.232,6.4801,403.84,1.725,0,0,0,0,0,0,0,0,0,0.072463,0,0,0,0,0.29161
3,202,3.232,6.4801,403.84,0.94437,0,0,0,4.492,0.003539,0.13028,0,0,0,0.13039,0,0,0,0,0.162
3,202,3.232,6.4801,403.84,0,0,0,0.007221,0,0,0,0,0,0,0.072463,0,0,0,0,0.162
3,202,3.232,6.4801,403.84,0,0,0,0,0,0,0,0,0,0,3.7272,0,0,0,0,0.097202
3,202,3.232,6.4801,403.84,0.17648,0,0,0,0.0177,0,0.13028,0,0,0,0.98417,0,0,0,0,0.162
3,202,3.232,6.4801,403.84,0.021908,0,0,0,0,0,0,0,0,0,0.072463,0,0,0,0,0.55081
3,202,3.232,6.4801,403.84,0,0,0,0,0,0,0,0,0,0,0.94645,0,0,0,0,5.1841
3,202,3.232,6.4801,403.84,5.4125,0,0,0.00524,0,0,0,0,0,0,0.13679,0,0,0,0,0.162
3,202,3.232,6.4801,403.84,0.36821,0,0,0,0,0,0,0,0,0,0.072463,0,0,0,0,0.2268
3,202,3.232,6.4801,403.84,0.008333,0,0,0,0,0,0.002308,0,0,0,0.072463,0,0,0,0,0.29161
3,202,3.232,6.4801,403.84,3.5759,0,0,0,0.008336,0,0,0,0,0,0.072463,0,0,0,0,0.162
3,202,3.232,6.4801,403.84,0.008335,0,0,0,0,0,0,0,0,0,0.37335,0,0,0,0,0.87482
3,202,3.232,6.4801,403.84,4.2172,0,0,0,0,0,0,0,0,0,0.072463,0,0,0,0,0.097202
3,202,3.232,6.4801,403.84,0.005302,0,0,0,0,0,0,0,0,0,1.0543,0,0,0,0,0.097202
3,202,3.232,6.4801,403.84,0.0035385,0,0,0.85386,0,0,0.002308,0,0,0,1.1039,0,0,0,0,0.35641
3,202,3.232,6.4801,403.84,0.23491,0,0,0,0.13099,0,0.021726,0,0,0,5.0724,0,0,0,0,0.2268
3,202,3.232,6.4801,403.84,0,0,0.003173,5.5512,0,0.00021,0,0,0,0,0.072463,0,0,0,0,0.162
3,202,3.232,6.4801,403.84,0.023806,0,0.008333,0,0,0,0.13028,0,0,0,0.072463,0,0,0,0,0.29161
3,202,3.232,6.4801,403.84,0,0,0,0,0,0,0,0,0,0,2.9142,0,0,0,0,0.0162
3,202,3.232,6.4801,403.84,3.6682,0,0,0,0,0,0,0,0,0,0.83183,0,0,0,0,0.0162
3,202,3.232,6.4801,403.84,0.008333,0,0,0,0,1.0092,0,0,0,0,0.072463,0,0,0,0,0.097202
3,202,3.232,6.4801,403.84,0,0,0,0.002868,0,0,0,0,0,0,0.13348,0,0,0,0,0.0162
3,202,3.232,6.4801,403.84,0.86244,0,0.086549,0,0,0.0023945,0,0,0,0,3.9983,0,0,0,0,0.43741
3,202,3.232,6.4801,403.84,0.63403,0,0,0,0,0,0,0,0,0,1.9775,0,0,0,0,0.097202
3,202,3.232,6.4801,403.84,0.008333,0,0,0.008333,0,0.38356,0.021726,0,0,0,0.072463,0,0,0,0,0.0162
3,202,3.232,6.4801,403.84,0,0,0,0,0,0,0,0,0,0,0.072463,0,0,0,0,0.0162
3,202,3.232,6.4801,403.84,0.008333,0,0,0,0,0,0.86518,0,0,0,1.4024,0,0,0,0,0.55081
3,202,3.232,6.4801,403.84,2.8658,0,0,0,2.8209,0,0,0,0,0,0.072463,0,0,0,0,0.097202
3,202,3.232,6.4801,403.84,0.13678,0,0,0,0,0,0,0,0,0,0.072463,0,0,0,0,5.1841
3,202,3.232,6.4801,403.84,0,0,0,2.6778,0,0,0,0,0,0,0.072463,0,0,0,0,0.48601
3,202,3.232,6.4801,403.84,0.008331,0,0,0,0,0,0.021726,0,0,0,0.072463,0,0,0,0,0.2268
3,202,3.232,6.4801,403.84,0,0,0,0.82767,0,0,0.13028,0,0,0,1.7457,0,0,0,0,0.097202
3,202,3.232,6.4801,403.84,0.00062,0,0,0.048829,0,0,0,0,0,0,0.52131,0,0,0,0,0.0162
3,202,3.232,6.4801,403.84,0.023707,0,0,0,0,0.00052,1.7875,0,0,0,3.6257,0,0,0,0,0.55081
3,202,3.232,6.4801,403.84,0.078773,0,0,1.0004,0,0,0,0,0,0,1.9351,0,0,0,0,0.162
3,202,3.232,6.4801,403.84,0,0,0,0,0,0,0,0,0,0,0.48889,0,0,0,0,0.29161
3,202,3.232,6.4801,403.84,0.008333,0,0,0,0,0,0,0,0,2.6253,0.072463,0,0,0,0,0.2268
3,202,3.232,6.4801,403.84,0.11699,0,0,0,0.00524,0,0,0,0,0,0.072463,0,0,0,0,1.1988
3,202,3.232,6.4801,403.84,0,0,0,0.000376,0,0.000765,3.1285,0,0,0,1.6706,0,0,0,0,0.097202
3,202,3.232,6.4801,403.84,0.024628,0,0,0,0,0,0.42744,0,0,0,0.072463,0,0,0,0,0.2268
3,202,3.232,6.4801,403.84,1.0792,0,0,0,0,0,0,0,0,0.21027,0.13348,0,0,0,0,0.097202
3,202,3.232,6.4801,403.84,0.43773,0,0,0,0,0,0,0,0,0,2.6155,0,0,0,0,0.162
3,202,3.232,6.4801,403.84,0.69927,0,0,0,0,0.0098678,0,0,0,0,0.33796,0,0,0,0,0.2268
3,202,3.232,6.4801,403.84,5.0782,0,0,0,0,0,0,0,0,0,0.072463,0,0,0,0,0.097202
3,202,3.232,6.4801,403.84,0.008333,0,0,0.011891,0,0,0,0,0,0,0.072463,0,0,0,0,5.1841
3,202,3.232,6.4801,403.84,0,0,0,1.04,6.3e-05,0,0.093171,0,0,0,0.072463,0,0,0,0,0.55081
3,202,3.232,6.4801,403.84,0.87552,0,0,0,0,0,0,0,0,0,2.1163,0,0,0,0,0.2268
3,202,3.232,6.4801,403.84,0.87678,0,0,0.80219,0,0,0,0,0,0,0.12913,0,0,0,0,0.162
3,202,3.232,6.4801,403.84,0.062346,0,0,0,0,0,0.008333,0,0,0,2.1206,0,0,0,0,0.097202
3,202,3.232,6.4801,403.84,0,0,0,0,0,0,0,0,0,0,0.13039,0,0,0,0,0.162
3,202,3.232,6.4801,403.84,0.008333,0,0,0,0.008333,0,0,0,0,0,1.7329,0,0,0,0,0.162
3,202,3.232,6.4801,403.84,0,0,0,0,0,0,0,0,0,0,2.9989,0,0,0,0,0.35641
3,202,3.232,6.4801,403.84,0.008333,0,0,0,0.008333,0,0,0,0,0,0.072463,0,0,0,0,0.097202
3,202,3.232,6.4801,403.84,0.003173,0,0,4.7158,0,0,0.13028,0,0,0,0.50614,0,0,0,0,0.162
3,202,3.232,6.4801,403.84,1.7028,0,0,0.016666,0,0,0,0,0,0,3.0356,0,0,0,0,0.0162
3,202,3.232,6.4801,403.84,1.4927,0,0,0.013735,0,0,1.7382,0,0,0,2.6841,0,0,0,0,0.162
3,202,3.232,6.4801,403.84,0,0,0,0,0.025726,0,0.13028,0,0,0,0.072463,0,0,0,0,5.1841
3,202,3.232,6.4801,403.84,0,0,0,0,0,0,0,0,0,0,0.072463,0,0,0,0,0.097202
3,202,3.232,6.4801,403.84,0.78748,0,0.003465,0.009374,0,0,0.13028,0,0,0,3.1286,0,0,0,0,0.35641
3,202,3.232,6.4801,403.84,0.86632,0,0,0.10545,0,0,0,0,0,0,0.98417,0,0,0,0,0.162
3,202,3.232,6.4801,403.84,0,0,0,0,0,0,0,0,0,0,2.1592,0,0,0,0,0.29161
3,202,3.232,6.4801,403.84,0.008333,0,0,0,0,0.00062,0.13028,0,0,0,0.072463,0,0,0,0,0.097202
3,202,3.232,6.4801,403.84,0.009774,0,0,1.0323,0,0.00328,0,0,0,0,0.88276,0,0,0,0,0.2268
3,202,3.232,6.4801,403.84,0.46203,0,0,0,0,2.1391,0,0,0,0,0.072463,0,0,0,0,0.0162
3,202,3.232,6.4801,403.84,0.092503,0,0,0,0,0,0,0,0,0,0.34495,0,0,0,0,0.2268
3,202,3.232,6.4801,403.84,0.026793,0,0,0,0,0,4.1671,0,0,0,0.072463,0,0,0,0,0.162
3,202,3.232,6.4801,403.84,0,0,0,0,0,0,0,0,0,0,0.13039,0,0,0,0,0.097202
3,202,3.232,6.4801,403.84,0,0,0.20118,0,0,0,0,0,0,0,2.5252,0,0,0,0,0.097202
3,202,3.232,6.4801,403.84,1.2319,0,0,0,0,0,0,0,0,0,0.072463,0,0,0,0,0.162
3,202,3.232,6.4801,403.84,0.014921,0,0,0,0,0.002998,0.13028,0,0,0,0.91404,0,0,0,0,0.0162
3,202,3.232,6.4801,403.84,0.002784,0,0.0094588,0,0,0,0,0,0,0,0.072463,0,0,0,0,1.0692
3,202,3.232,6.4801,403.84,0.023106,0,0,0,0,0,0.13028,0,0,0.68445,0.88605,0,0,0,0,0.2268
3,202,3.232,6.4801,403.84,0.0088426,0,0,0.016666,0,0,0,0,0,0,3.2549,0,0,0,0,0.2268
3,202,3.232,6.4801,403.84,0.031862,0,0.45738,0,0,0,0,0,0,0,1.4169,0,0,0,0,0.162
3,202,3.232,6.4801,403.84,0,0,0,0,0,0,0,0,0,0,6.1183,0,0,0,0,0.2268
3,202,3.232,6.4801,403.84,0.003416,0,0,0.12372,0,0,0,0,0,0,3.3683,0,0,0,0,0.2268
3,202,3.232,6.4801,403.84,0,0,0,0,0,0.011359,5.9157,0,0,0,0.072463,0,0,0,0,0.2268
3,202,3.232,6.4801,403.84,0.005411,0,0,0.002344,0,0,0,0,0,0,0.086791,0,0,0,0,0.162
3,202,3.232,6.4801,403.84,0.008333,0,0,0,0,0,0,0,0,0,0.072463,0,0,0,0,0.0162
3,202,3.232,6.4801,403.84,0.86948,0,0,0.81046,0,0,0,0,0,0,1.3227,0,0,0,0,0.097202
3,202,3.232,6.4801,403.84,0,0,0,2.4665,0.98774,0,0,0,0,0,0.11545,0,0,0,0,0.35641
3,202,3.232,6.4801,403.84,0.18125,0,0,2.2146,0,0,0,0,0,0,0.072463,0,0,0,0,0.68041
3,202,3.232,6.4801,403.84,0.065401,0,0.008333,0,0,0,0,0,0,0,0.56339,0,0,0,0,0.48601
3,202,3.232,6.4801,403.84,0.008763,0,0,0.0055384,0,0,0.021726,0,0,0,0.17023,0,0,0,0,0.162
3,202,3.232,6.4801,403.84,2.9934,0,0,0.80154,0,0,0,0,0,0,0.15843,0,0,0,0,0.162
3,202,3.232,6.4801,403.84,0,0,0,0,0,0,0.40452,0,0,0,3.4466,0,0,0,0,0.29161
3,202,3.232,6.4801,403.84,0.26973,0,0,0,0,0.59282,0,0,0,0,0.072463,0,0,0,0,0.097202
3,202,3.232,6.4801,403.84,0.008333,0,0,0,0,0,0.13028,0,0,0,0.072463,0,0,0,0,0.2268
3,202,3.232,6.4801,403.84,1.725,0,0,0,0,0,0,0,0,0.18086,0.402,0,0,0,0,0.162
3,202,3.232,6.4801,403.84,0,0,0,0,0,0.12321,0,0,0,0,1.4024,0,0,0,0,1.3932
3,202,3.232,6.4801,403.84,0.0083909,0,0,0,0,0,0,0,0,0,5.101,0,0,0,0,0.35641
3,202,3.232,6.4801,403.84,0,0,0,0,0,0.008333,0,0,0,0,0.21574,0,0,0,0,0.35641
3,202,3.232,6.4801,403.84,0.023662,0,1.0729,0.008799,0,0,0,0,0,0,0.13348,0,0,0,0,1.0692
3,202,3.232,6.4801,403.84,0,0,0,0,0,0,0,6.2136,0,0,0.072463,0,0,0,0,0.0162
3,202,3.232,6.4801,403.84,2.6445,0,0,0,0,0,0,0,0,0,2.3337,0,0,0,0,0.162
3,202,3.232,6.4801,403.84,0,0,0,0,0,0,0,0,0,0,0.072463,0,0,0,0,0.162
3,202,3.232,6.4801,403.84,0,0,0,0,0,0.27671,0,0,0,0,0.17677,0,0,0,0,0.0162
3,202,3.232,6.4801,403.84,0,0,0,0.82887,0,0.008333,0,0,0,0,0.13302,0,0,0,0,0.48601
3,202,3.232,6.4801,403.84,0,0,0,0,0,0,0,0,0,0,5.2552,0,0,0,0,0.097202
3,202,3.232,6.4801,403.84,3.0427,0,0,0.008642,0,0,0,0,0,0,0.072463,0,0,0,0,0.35641
3,202,3.232,6.4801,403.84,1.3209,0,0,0,0,0,0,0,0,0,0.31809,0,0,0,0,0.097202
3,202,3.232,6.4801,403.84,4.5628,0,0,0,0,0.008333,0,0,0,0,0.072463,0,0,0,0,0.097202
3,202,3.232,6.4801,403.84,0,0,0,0,0.008333,0,0,0,0,0,0.072463,0,0,0,0,0.0162
3,202,3.232,6.4801,403.84,0.021908,0,0,0,0,0,0,0,0,0,0.37335,0,0,0,0,0.29161
3,202,3.232,6.4801,403.84,0,0,0,0.12372,0,0,0,0,0,0,0.072463,0,0,0,0,1.0692
3,202,3.232,6.4801,403.84,0.010723,0,0,0,0.008333,0.008333,0,0,0,0,0.072463,0,0,0,0,0.162
3,202,3.232,6.4801,403.84,0.14191,0,0,0,0,0,0.13028,0,0,0,0.072463,0,0,0,0,0.2268
3,202,3.232,6.4801,403.84,0.003863,0,0,0,0,0.003822,0,0,0,0,1.3814,0,0,0,0,0.43741
3,202,3.232,6.4801,403.84,0.008333,0,0,0,0,0,0,0,0,0,0.072463,0,0,0,0,0.162
3,202,3.232,6.4801,403.84,0.012086,0,0,0.83946,0,0,0,0,0,0,0.072463,0,0,0,0,0.2268
3,202,3.232,6.4801,403.84,2.1261,0,0,0,0,0,0,0,0,0,3.4411,0,0,0,0,0.162
3,202,3.232,6.4801,403.84,0,0,0,0,0,0,0.10863,0,0,1.7327,0.072463,0,0,0,0,0.097202
3,202,3.232,6.4801,403.84,0,0,0,0,0.46788,0,0.40452,0,0,1.1034,0.072463,0,0,0,0,0.097202
3,202,3.232,6.4801,403.84,0.003468,0,0,0,0,0.0067819,0,0,0,0,3.7404,0,0,0,0,0.81001
3,202,3.232,6.4801,403.84,0.008336,0,0,0,0,4.4283,0,0,0,0,0.086791,0,0,0,0,0.0162
3,202,3.232,6.4801,403.84,0.21532,0,0.002868,0,0,0,0,0,0,0,0.072463,0,0,0,0,0.097202
3,202,3.232,6.4801,403.84,0,0,0,0,0,0,0,0,0,0,0.072463,0,0,0,0,0.74521
3,202,3.232,6.4801,403.84,8.1e-05,0,0,0,0,0.00524,0.67053,0,0,0,0.13354,0,0,0,0,0.2268
3,202,3.232,6.4801,403.84,2.5786,0,0,0,0,0,0,0.95896,0,0,0.072463,0,0,0,0,0.0162
3,202,3.232,6.4801,403.84,0.008335,0,0,0.00062,0,0,0,0,0,0,0.70364,0,0,0,0,0.93962
3,202,3.232,6.4801,403.84,0.0082878,0,0,0,0,0,0,0,0,0,0.072463,0,0,0,0,0.162
3,202,3.232,6.4801,403.84,0,0,0,0,0,0,0,0,0,0,0.072463,0,0,0,0,0.0162
3,202,3.232,6.4801,403.84,0.021908,0,0,0.61777,0,0,0,0,0,2.6253,0.61154,0,0,0,0,0.29161
4,203,1,49.51,3085.4,0,0,0,0,0,0,0,0,0,0,0.072463,0,0,0,0,0
4,203,1,49.51,3085.4,0.006644,0,0,0,0,0,3.0021,0,0,0.27721,1.208,0,0,0,0,0
4,203,1,49.51,3085.4,37.764,0,0,0,0,0,0,0,0,3.4087,0.072463,0,0,0,0,0
5,204,1,39.453,2458.7,4.4705,0,3.5361,0.018595,0,0,0,0,0,0,0.33671,0,0,0,0,0
6,205,6.622,45.787,2853.4,0.078773,0,0,0,0,3.6178,0.13028,0,0,0,0.17677,0,0,0,0,0.68681
6,205,6.622,45.787,2853.4,0.30203,0,0,0,0,0,0.13028,0,0,0,1.9941,0,0,0,0,1.6025
6,205,6.622,45.787,2853.4,0,0,0,0.003309,0,0,0,0,0,0,0.072463,0,0,0,0,2.0604
6,205,6.622,45.787,2853.4,3.6682,0,0,0,0,0,0,0,0,19.403,6.8926,0,0,0,0,0.68681
6,205,6.622,45.787,2853.4,1.3609,0,0,0,0.008953,6.1953,0,0,0,0,3.5581,0,0,0,0,0.11447
6,205,6.622,45.787,2853.4,6.4993,0,0,6.1009,0,1.0944,0,0,0,0,4.6416,0,0,0,0,0.11447
6,205,6.622,45.787,2853.4,0.87011,0,0,0,0,0,0.13028,0,0,0,0.072463,0,0,0,0,0
6,205,6.622,45.787,2853.4,0.0083909,0,0,0,0,0,0,2.0854,0,0,0.13302,0,0,0,0,0.68681
6,205,6.622,45.787,2853.4,0,0,0,0.00043,0,0,0,0,0,0,0.13543,0,0,0,0,4.8076
6,205,6.622,45.787,2853.4,0,0,0,0,0,0,0,0,0,0,1.0543,0,0,0,0,1.1447
6,205,6.622,45.787,2853.4,0,0,0,0,0,0,0.13028,0,0,0,0.13302,0,0,0,0,0.68681
6,205,6.622,45.787,2853.4,0,0,0.0076281,0,0,0,0,0,0,0,1.7425,0,0,0,0,3.0906
6,205,6.622,45.787,2853.4,0.008333,0,0,0,0.00833,0,0,0,0,0,0.44683,0,0,0,0,3.8919
6,205,6.622,45.787,2853.4,1.8155,0,0,0.00833,0,0.003355,0.40452,0,0,0,3.1383,0,0,0,0,1.1447
6,205,6.622,45.787,2853.4,0.12028,0,0,0.82767,0,0,8.9964,0,0,0,0.072463,0,0,0,0,1.6025
6,205,6.622,45.787,2853.4,1.161,0,0,0,0.00524,0,0,0,0,0,1.7329,0,0,0,0,0.68681
6,205,6.622,45.787,2853.4,3.5379,0,0,0.83339,0.01111,0,0,0,0,0,1.5411,0,0,0,0,2.5183
6,205,6.622,45.787,2853.4,2.1028,0,0,10.308,0,0,0,0,0,0,0.072463,0,0,0,0,1.6025
6,205,6.622,45.787,2853.4,0,0,0,0,0,0,0,0,0,0,0.072463,0,0,0,0,1.1447
6,205,6.622,45.787,2853.4,0.005239,0,0,1.0765,0,0,0,0,0,0,0.072463,0,0,0,0,1.1447
6,205,6.622,45.787,2853.4,0,0,0,0,0,0.008333,0,0,0,0,0.37729,0,0,0,0,0.11447
6,205,6.622,45.787,2853.4,1.8992,0,0,0,0,0,0,0,0,0,1.1327,0,0,0,0,4.8076
6,205,6.622,45.787,2853.4,0.08363,0,0,0,0,0,0,0,0,0,0.072463,0,0,0,0,0.11447
6,205,6.622,45.787,2853.4,0.64875,0,0,0,0.00644,0,0.40452,0,0,0,6.4921,0,0,0,0,1.1447
6,205,6.622,45.787,2853.4,0.20346,0,0,0,4.5376,0.015347,0.13028,0,0,0,8.9759,0,0,0,0,2.0604
6,205,6.622,45.787,2853.4,2.9934,0,0,0,0.008333,0,29.211,0,0,0,0.072463,0,0,0,0,0
6,205,6.622,45.787,2853.4,0.22882,0,0,1.621,0,0,0.008333,0,0,0,0.072463,0,0,0,0,0.11447
6,205,6.622,45.787,2853.4,0.024628,0,0,0.016663,0,0,0,0,0,0,2.1592,0,0,0,0,0
6,205,6.622,45.787,2853.4,0.10918,0,0,0.014258,0,0,0,0,0,0,0.26171,0,0,0,0,0
6,205,6.622,45.787,2853.4,0.010723,0,0,0.041394,17.671,0,0.67053,0,0,0,4.0802,0,0,0,0,5.7234
6,205,6.622,45.787,2853.4,0.78748,0,0,0.31225,0,0,0,0,0,0,0.072463,0,0,0,0,0.11447
6,205,6.622,45.787,2853.4,0.24323,0,0,0,0.45662,0,0.021726,0,0,0,13.755,0,0,0,0,2.5183
6,205,6.622,45.787,2853.4,0,0,0,6.3e-05,0,0,0,0,0,0,0.072463,0,0,0,0,7.5549
6,205,6.622,45.787,2853.4,0.008333,0,0,0,19.726,0,0,0,0,0,0.072463,0,0,0,0,1.6025
6,205,6.622,45.787,2853.4,0,0,0,0.80423,0,0,0,0,0,0,2.3166,0,0,0,0,2.0604
6,205,6.622,45.787,2853.4,24.426,0,0,1.4206,0,0,2.4695,0,0,0,3.9998,0,0,0,0,1.1447
6,205,6.622,45.787,2853.4,0,0,0,0,0,0,0,0,0,0,8.6612,0,0,0,0,0.11447
6,205,6.622,45.787,2853.4,0.33816,0,0,0,0,0,0,0,0,0,2.2216,0,0,0,0,3.0906
6,205,6.622,45.787,2853.4,1.4473,0,0,0,0,0,0,0,0,0,0.1484,0,0,0,0,1.6025
6,205,6.622,45.787,2853.4,0.53849,0,20.161,0,0,0,0,0,0,0,0.072463,0,0,0,0,0.11447
6,205,6.622,45.787,2853.4,2.8901,0,0,0.005714,0,0,0.021726,0,0,0,0.072463,0,0,0,0,0
6,205,6.622,45.787,2853.4,0,0,0,0.018451,0,0,0.13028,0,0,0,0.072463,0,0,0,0,0.11447
6,205,6.622,45.787,2853.4,0.051012,0,0,0.001236,0,0,0,0,0,0,1.2954,0,0,0,0,8.4706
6,205,6.622,45.787,2853.4,0.0059107,0,0,0,0.037521,0,0,0,0,0,14.135,0,0,0,0,0
6,205,6.622,45.787,2853.4,0.86178,0,0,24.461,0,0,0,0,0,0,0.072463,0,0,0,0,3.0906
6,205,6.622,45.787,2853.4,0.87051,0,0,0,0,0,0,0,0,0,0.072463,0,0,0,0,1.1447
6,205,6.622,45.787,2853.4,5.1262,0,0,5.5914,0,0,0,0,0,0,4.729,0,0,0,0,0
6,205,6.622,45.787,2853.4,1.5722,0,0,0,2.2049,0,0,0,0,0.44575,0.35299,0,0,0,0,0
6,205,6.622,45.787,2853.4,0.021734,0,0,0,0,0,0,0,0,0,0.072463,0,0,0,0,1.1447
6,205,6.622,45.787,2853.4,16.463,0,0,0.001009,3.0063,0,0,0,0,0,0.072463,0,0,0,0,6.6391
6,205,6.622,45.787,2853.4,1.0984,0,0,0.000124,0,0,0,0,0,0,0.79939,0,0,0,0,9.8442
6,205,6.622,45.787,2853.4,0.008333,0,0,0,0,0,0.13028,0,0,0,0.072463,0,0,0,0,0.11447
6,205,6.622,45.787,2853.4,0.80616,0,0,0,0,0.8497,0,0,0,0,0.13731,0,0,0,0,3.434
6,205,6.622,45.787,2853.4,0.39468,0,6.6023,1.0259,0.012662,0,0,0,0,0,4.1702,0,0,0,0,0.68681
6,205,6.622,45.787,2853.4,0.00524,0,0,0,0,0,15.412,0,0,0.4212,0.13146,0,0,0,0,0
6,205,6.622,45.787,2853.4,0,0,0,0,6.8758,0,0,0,0,0,25.166,0,0,0,0,1.6025
6,205,6.622,45.787,2853.4,0.7041,0,0,0,0,0,0,0,0,0,0.072463,0,0,0,0,1.6025
6,205,6.622,45.787,2853.4,0,0,0,0,0,0,0,0,0,0,2.0951,0,0,0,0,2.0604
6,205,6.622,45.787,2853.4,7.5965,0,0,0,0,0.002998,0,0,0,0,0.13054,0,0,0,0,1.1447
6,205,6.622,45.787,2853.4,0.12028,0,0,0.077748,0,0,0,0,0,0,2.6155,0,0,0,0,0
6,205,6.622,45.787,2853.4,0.008333,0,0,0.80606,0,0,0.13028,0,0,0,6.9105,0,0,0,0,2.0604
6,205,6.622,45.787,2853.4,0,0,0,0,0,0,0,0,0,0,1.6541,0,0,0,0,2.5183
6,205,6.622,45.787,2853.4,0,0,0,0,0,0,0,0,0,0,0.072463,0,0,0,0,1.1447
6,205,6.622,45.787,2853.4,0.008333,0,0.24248,0.009374,0,0,0,0,0,0,1.4938,0,0,0,0,0
6,205,6.622,45.787,2853.4,0.056827,0,0,0,0,0,0.40452,0,0,0,0.13348,0,0,0,0,3.434
6,205,6.622,45.787,2853.4,0,0,15.528,0,0,0,0.67053,0,0,0,2.6944,0,0,0,0,0
6,205,6.622,45.787,2853.4,0.031862,0,0,0,0,0,0.13028,0,0,0,0.67931,0,0,0,0,0
6,205,6.622,45.787,2853.4,0.90055,0,0,0,0,0,2.4695,0,0,0,7.1646,0,0,0,0,1.1447
6,205,6.622,45.787,2853.4,0,0,0.008333,0.00833,0,0,0,0,0,0,5.5313,0,0,0,0,0.68681
6,205,6.622,45.787,2853.4,0.88581,0,0,0,0,0,0,0.002784,0,0,1.3204,0,0,0,0,0
6,205,6.622,45.787,2853.4,3.6682,0,0,0.80154,0.008333,0,0,0,0,0,21.049,0,0,0,0,1.1447
6,205,6.622,45.787,2853.4,0,0,0,0,0,0,0,0,0,0,0.072463,0,0,0,0,1.6025
6,205,6.622,45.787,2853.4,0.01589,0,0,3.0248,0.009056,0.056592,0,0,0,0,1.6654,0,0,0,0,7.5549
6,205,6.622,45.787,2853.4,1.4927,0,0.041588,10.645,0.008333,0,0,0,0,0,8.9877,0,0,0,0,0
6,205,6.622,45.787,2853.4,0.010723,0,0,0,0,0,0,0,0,0,12.207,0,0,0,0,0
6,205,6.622,45.787,2853.4,0.35962,0,0,0,0,0,0,0,0,0,0.1331,0,0,0,0,0.11447
6,205,6.622,45.787,2853.4,0,0,0,4.7158,0,0,0,0,0,0,0.77377,0,0,0,0,1.6025
6,205,6.622,45.787,2853.4,2.6202,0,0,0,0,0.0081579,0.13028,0,0,0,0.072463,0,0,0,0,1.6025
6,205,6.622,45.787,2853.4,0,0,0,0.84787,0,0,0,0,0,0,3.4936,0,0,0,0,1.1447
6,205,6.622,45.787,2853.4,0.34854,0,0,0,0.021583,0,0,0,0,0,3.4411,0,0,0,0,1.1447
6,205,6.622,45.787,2853.4,0.009056,0,0,0,0,0.10057,0.67845,0,0,0,0.072463,0,0,0,0,6.6391
6,205,6.622,45.787,2853.4,11.348,0,0,0,0,0,0,0,0,0,0.13854,0,0,0,0,2.0604
6,205,6.622,45.787,2853.4,0,0,0,0,0,0,0,0,0,0,1.2711,0,0,0,0,3.8919
6,205,6.622,45.787,2853.4,0.023413,0,0,0,0,0.008333,0,0,0,0,0.8268,0,0,0,0,1.1447
6,205,6.622,45.787,2853.4,4.6706,0,0,0,0,0.003822,0,0,0,0,4.148,0,0,0,0,0.11447
6,205,6.622,45.787,2853.4,0,0,0,0.00524,0,0,0,0,0,0,0.072463,0,0,0,0,0.11447
6,205,6.622,45.787,2853.4,0,0,0,0,0,0.0059417,0,0,0,0,0.78885,0,0,0,0,0
6,205,6.622,45.787,2853.4,0.023413,0,0,0.013588,0,0,0,0,0,0,1.1196,0,0,0,0,2.0604
6,205,6.622,45.787,2853.4,2.4323,0,0,0,0,0,0.13028,0,0,0,28.485,0,0,0,0,0.68681
6,205,6.622,45.787,2853.4,1.4278,0,0,0.00524,7.9694,0,0.13028,0,0,0,21.808,0,0,0,0,1.6025
6,205,6.622,45.787,2853.4,0.003485,0,0,0,0.008335,0,0,0,0,0,0.072463,0,0,0,0,7.097
6,205,6.622,45.787,2853.4,0.008333,0,0,18.359,0,0,0,0,0,0,5.7426,0,0,0,0,2.0604
6,205,6.622,45.787,2853.4,0.0035385,0,0,0,0,0,0,0,0,0,10.802,0,0,0,0,5.2655
6,205,6.622,45.787,2853.4,0.002068,0,0,0.008332,0,0,0.13028,0,0,0,0.072463,0,0,0,0,43.498
6,205,6.622,45.787,2853.4,27.28,0,0,0,0.023204,0,0,0,0,0,4.9522,0,0,0,0,0.68681
6,205,6.622,45.787,2853.4,0.007984,0,0,0.000125,0,0.00644,0,0,0,1.0245,0.072463,0,0,0,0,0.68681
6,205,6.622,45.787,2853.4,0.010723,0,14.052,0,0.00644,0,0.60778,0,0,0,0.072463,0,0,0,0,0.11447
6,205,6.622,45.787,2853.4,0.008333,0,0,0,0,0,26.911,0,0,0,1.9351,0,0,0,0,3.434
6,205,6.622,45.787,2853.4,0,0,22.614,0.13005,0,1.904,0.42744,0,0,0,3.6257,0,0,0,0,0.68681
6,205,6.622,45.787,2853.4,0.003485,0,0,0,0,0,0,0,0,0,14.75,0,0,0,0,1.6025
6,205,6.622,45.787,2853.4,0.008333,0,0,0,0,0,20.643,0,0,1.1034,3.8048,0,0,0,0,0
6,205,6.622,45.787,2853.4,0.005239,0,0,0,0,0,0.13028,0,0,0,1.7918,0,0,0,0,2.5183
6,205,6.622,45.787,2853.4,0.012549,0,0,0,0,0.000126,0,0,0,0,5.5428,0,0,0,0,0.11447
6,205,6.622,45.787,2853.4,0.011416,0,0,0.016666,0,0,0,0,0,0,0.072463,0,0,0,0,1.1447
6,205,6.622,45.787,2853.4,0,0,0,0,0,0,0,0,0,0,0.072463,0,0,0,0,0.68681
6,205,6.622,45.787,2853.4,0,0,0,0,0,0.00524,0,0,0,0,0.17149,0,0,0,0,0
6,205,6.622,45.787,2853.4,0.58786,0,0.02413,0,0,0,0.67053,0,0,0,0.086791,0,0,0,0,0.68681
6,205,6.622,45.787,2853.4,0.001292,0,0,0,0,0,0.13028,0,0,0,4.3915,0,0,0,0,0
6,205,6.622,45.787,2853.4,0,0,0,0,0,0,0.093171,0,0,0,0.072463,0,0,0,0,0.11447
6,205,6.622,45.787,2853.4,0.010066,0,0.008333,0.21246,0.008333,0,0,0,0,0,0.13367,0,0,0,0,0
6,205,6.622,45.787,2853.4,0,0,0,0,0,0,0,0,0,0,0.072463,0,0,0,0,0.11447
6,205,6.622,45.787,2853.4,0.003173,0,0,0,0,0,0,0,0,0,0.072463,0,0,0,0,2.5183
6,205,6.622,45.787,2853.4,21.535,0,0,0.65897,0,1.4537,0,0,0,0,1.3043,0,0,0,0,0
6,205,6.622,45.787,2853.4,0.24349,0,0,0.003465,0,0,0,0,0,0,0.072463,0,0,0,0,0.11447
6,205,6.622,45.787,2853.4,0,0,0.008333,0,0,0,0,0,0,0,0.072463,0,0,0,0,43.498
6,205,6.622,45.787,2853.4,0.026793,0,0,0.26852,0,0.5031,0,0,0,0,13.2,0,0,0,0,5.7234
6,205,6.622,45.787,2853.4,0.004345,0,0,0,0,0,0,0,0,0,37.282,0,0,0,0,1.1447
6,205,6.622,45.787,2853.4,0,0,0,0,0,0,0,0,0,0,0.072463,0,0,0,0,0.11447
6,205,6.622,45.787,2853.4,0.12917,0,0,2.0133,0,0,0,0,0,0,0.072463,0,0,0,0,0.11447
6,205,6.622,45.787,2853.4,0.14834,0,0,4.6611,0,0,0,0,0,0,3.041,0,0,0,0,2.5183
6,205,6.622,45.787,2853.4,0.0067256,0,0,17.024,0,0,0,0,0,0,0.13873,0,0,0,0,1.1447
6,205,6.622,45.787,2853.4,0,0,0,0.0046195,0,0,0,0,0,0,7.6506,0,0,0,0,1.1447
6,205,6.622,45.787,2853.4,0,0,0,0,0,0,0,0,0,9.1202,0.072463,0,0,0,0,0
6,205,6.622,45.787,2853.4,0.031141,0,0,0,0,0.001267,0,0,0,0,6.4637,0,0,0,0,0
6,205,6.622,45.787,2853.4,0.0062716,0,0,0.80154,0,0,0,0,0,0,0.072463,0,0,0,0,1.1447
6,205,6.622,45.787,2853.4,0,0,0,0,0,0,0,0,0,0,0.072463,0,0,0,0,9.8442
6,205,6.622,45.787,2853.4,0,0,0,3.8236,0,0,0,0,0,0,0.41633,0,0,0,0,0.68681
6,205,6.622,45.787,2853.4,0,0,0,0,0,0.00328,0,0,0,0,0.072463,0,0,0,0,2.5183
6,205,6.622,45.787,2853.4,0,0,0,20.093,0,0,0,0,0,0,0.14865,0,0,0,0,1.6025
6,205,6.622,45.787,2853.4,0.31737,0,0,0.00524,0,0,0,0,0,0,5.7426,0,0,0,0,0
6,205,6.622,45.787,2853.4,0.01589,0,0.001009,0,0,0.22953,0,0,0,0,5.955,0,0,0,0,5.7234
6,205,6.622,45.787,2853.4,0,0,0,0,0.059545,0,0,0,0,0.14685,1.2458,0,0,0,0,2.0604
6,205,6.622,45.787,2853.4,0.48091,0,0,0,0.021741,0,0,0,0,0,0.072463,0,0,0,0,1.1447
6,205,6.622,45.787,2853.4,0.040561,0,0.19487,0,0,0,0,0,0,0,0.072463,0,0,0,0,0
6,205,6.622,45.787,2853.4,0,0,0,4.8179,0,0,0,0,0,0,5.7131,0,0,0,0,2.0604
6,205,6.622,45.787,2853.4,0,0,0,0,0,0,31.35,0,0,0,0.072463,0,0,0,0,1.6025
6,205,6.622,45.787,2853.4,0.013843,0,0,0,0,0,0,0,0,0,4.2561,0,0,0,0,0
6,205,6.622,45.787,2853.4,0.14982,0,0,0,0,0,0,0,0,0,2.2216,0,0,0,0,0
6,205,6.622,45.787,2853.4,0.008333,0,0.012759,0,0,0,0,0,0,0.91947,0.072463,0,0,0,0,0.68681
6,205,6.622,45.787,2853.4,3.9772,0,0,0.83946,0,0,0,0,0,0,0.072463,0,0,0,0,0
6,205,6.622,45.787,2853.4,0,0,0,0,0,0,0,0,0,0,0.072463,0,0,0,0,1.1447
6,205,6.622,45.787,2853.4,9.1487,0,0,0.005239,0,0.36368,0,0,0,0.76342,1.1456,0,0,0,0,0.68681
6,205,6.622,45.787,2853.4,0.023662,0,0,0,0,0,25.113,0,0,0,2.0951,0,0,0,0,3.434
6,205,6.622,45.787,2853.4,0.12917,0,0,0,0,0,31.35,0,0,0,0.072463,0,0,0,0,1.6025
6,205,6.622,45.787,2853.4,24.426,0,0,0,5.8909,0.008333,0.059897,0,0,0,0.63867,0,0,0,0,1.6025
6,205,6.622,45.787,2853.4,0,0,0,0.046665,0,0,0,0,0,0,0.072463,0,0,0,0,2.0604
6,205,6.622,45.787,2853.4,1.2278,0,10.669,0,0,0,0,0,0,0,5.5926,0,0,0,0,2.0604
6,205,6.622,45.787,2853.4,4.3548,0,0,0,0.056149,0,0,0,0,0,1.2836,0,0,0,0,3.0906
6,205,6.622,45.787,2853.4,0,0,0,0.27214,0,1.4537,0.67053,0,0,0,0.072463,0,0,0,0,3.434
6,205,6.622,45.787,2853.4,0.001236,0,0,0,0,0,0,0,0,0,0.072463,0,0,0,0,3.8919
6,205,6.622,45.787,2853.4,0.87488,0,0,0,0,0,0,0,0,5.7231,5.1015,0,0,0,0,1.6025
6,205,6.622,45.787,2853.4,8.1e-05,0,0,0,0,0,0,0,0,0,0.072463,0,0,0,0,2.0604
6,205,6.622,45.787,2853.4,1.2674,0,0,0,0,0,25.244,0,0,0,0.15843,0,0,0,0,5.7234
6,205,6.622,45.787,2853.4,2.9778,0,0,1.2474,0,0,0,0,0,0,0.072463,0,0,0,0,0.68681
6,205,6.622,45.787,2853.4,5.1799,0,0,0,0,0,0,0,0,0,4.148,0,0,0,0,1.6025
6,205,6.622,45.787,2853.4,0,0,0,0,0,0,0,0,0,0,0.072463,0,0,0,0,2.5183
6,205,6.622,45.787,2853.4,0.90055,0,0,0,0,0,0,0,0,0,2.457,0,0,0,0,1.6025
6,205,6.622,45.787,2853.4,3.3592,0,0,0,0,0.003468,0.13028,0,0,0,4.2046,0,0,0,0,1.6025
6,205,6.622,45.787,2853.4,0.35792,0,0,0.011228,0,0.003355,0,0,0,0,4.1702,0,0,0,0,0.11447
6,205,6.622,45.787,2853.4,14.068,0,0,7.1451,0,0,0,0,0,0,5.2662,0,0,0,0,1.6025
6,205,6.622,45.787,2853.4,0.00524,0,0,0,0,0,0,0,0,0,0.072463,0,0,0,0,4.3498
6,205,6.622,45.787,2853.4,0.80876,0,0,0.000739,0,0,0,0.0094073,0,0,0.14026,0,0,0,0,1.1447
6,205,6.622,45.787,2853.4,0.0088426,0,0,0.012384,0,0,12.271,0,0,0,0.13348,0,0,0,0,1.6025
6,205,6.622,45.787,2853.4,0.017367,0,0,0.75222,0,0.0014495,0,0,0,0,0.072463,0,0,0,0,0.68681
6,205,6.622,45.787,2853.4,0,0,0,0.024136,0,0,0,0,0,0,6.8752,0,0,0,0,1.6025
6,205,6.622,45.787,2853.4,1.5047,0,0,0,0,0.008333,0.67845,0,0,0.76342,0.072463,0,0,0,0,1.6025
6,205,6.622,45.787,2853.4,0.0067256,0,0,0,0,0,0,0,0,0,0.072463,0,0,0,0,2.0604
6,205,6.622,45.787,2853.4,0,0,0,0,0,0,0,0,0,0,0.072463,0,0,0,0,4.3498
6,205,6.622,45.787,2853.4,0.068683,0,0,1.1861,0,0,0,0,0,0,4.3915,0,0,0,0,0
6,205,6.622,45.787,2853.4,0.87678,0,0,0,0,0.019973,0.13028,0,0,0,0.45229,0,0,0,0,0
6,205,6.622,45.787,2853.4,0,0,0,0,0,0,0,0,0,0,4.148,0,0,0,0,2.5183
6,205,6.622,45.787,2853.4,0.002068,0,0,0.008815,0,0,0,0,0,0,0.13101,0,0,0,0,0
6,205,6.622,45.787,2853.4,0,0,0,0.009913,0,0,0,0,0,0,0.072463,0,0,0,0,2.0604
6,205,6.622,45.787,2853.4,0.021904,0,0,0,0,0,0,0,0,0,0.49027,0,0,0,0,2.5183
6,205,6.622,45.787,2853.4,6.2454,0,0,0,0,0,0,0,0,1.7864,2.4569,0,0,0,0,1.1447
6,205,6.622,45.787,2853.4,0.0035385,0,0,0,0,0,0.093171,0,0,0,0.23007,0,0,0,0,2.5183
6,205,6.622,45.787,2853.4,1.3876,0,0,4.8179,0,0,0.13028,0,0,0,1.4363,0,0,0,0,2.0604
6,205,6.622,45.787,2853.4,0,0,0,0,0,0,0,0,0,0,0.17023,0,0,0,0,3.8919
6,205,6.622,45.787,2853.4,0,0,0,14.784,0,0,0,0,0,0,0.49027,0,0,0,0,1.6025
6,205,6.622,45.787,2853.4,0.008333,0,0,0,0.001267,0,0.13028,0,0,0,22.023,0,0,0,0,0
6,205,6.622,45.787,2853.4,0.008333,0,0,1.7189,0,0,0,0,0,0,0.072463,0,0,0,0,0.68681
6,205,6.622,45.787,2853.4,9.6445,0,0,0,0.000124,0.008335,0,0,0,0,0.086791,0,0,0,0,1.6025
6,205,6.622,45.787,2853.4,0,0,0,0.007148,0,1.0944,0,0,0,0,0.13226,0,0,0,0,4.8076
6,205,6.622,45.787,2853.4,0.005714,0,0,0,0,0,0,0,0,0,6.937,0,0,0,0,0
6,205,6.622,45.787,2853.4,0.031141,0,0,0,0,1.3945,0,0,0,0,0.402,0,0,0,0,0
6,205,6.622,45.787,2853.4,21.908,0,0,0.00833,0,0,0,0,0,0,0.072463,0,0,0,0,1.1447
6,205,6.622,45.787,2853.4,2.7457,0,0,0,0,0,0,0,0,0,5.955,0,0,0,0,1.6025
6,205,6.622,45.787,2853.4,18.142,0,0,0,0,0,0,0,0,0,4.6416,0,0,0,0,0
6,205,6.622,45.787,2853.4,1.4927,0,0,0,0,0,0,0,0,0,4.3915,0,0,0,0,0
6,205,6.622,45.787,2853.4,0.010723,0,0,0,0,0,0,0,0,0,8.2822,0,0,0,0,0.11447
6,205,6.622,45.787,2853.4,0.004345,0,0,0,0,0,0.13028,0,0,0,0.33796,0,0,0,0,6.6391
6,205,6.622,45.787,2853.4,0.008333,0,0,0,0,0,0.13028,0,0,0,0.072463,0,0,0,0,3.0906
6,205,6.622,45.787,2853.4,5.0782,0,0,0,0,0.008332,0.60778,0,0,0,2.4386,0,0,0,0,2.0604
6,205,6.622,45.787,2853.4,0,0,0,0,0,0,0.13028,0,0,0,2.5252,0,0,0,0,1.1447
6,205,6.622,45.787,2853.4,0.098957,0,0,0.000124,7.8998,0,0,0,0,7.8617,6.1183,0,0,0,0,2.5183
6,205,6.622,45.787,2853.4,1.2422,0,0,0,0,0.008333,0.68719,0,0,0,0.072463,0,0,0,0,0.68681
6,205,6.622,45.787,2853.4,7.2891,0,0,0,0,0,0,0,0,0,0.072463,0,0,0,0,1.6025
6,205,6.622,45.787,2853.4,5.8444,0,0,3.4476,0,0,0.40452,0,0,0,0.072463,0,0,0,0,1.1447
6,205,6.622,45.787,2853.4,4.3548,0,0,3.8236,0,0.020937,0.002308,0,0,0,0.072463,0,0,0,0,0.11447
6,205,6.622,45.787,2853.4,2.7457,0,0,0.016563,0,0,0,0,0,0,0.67805,0,0,0,0,0
6,205,6.622,45.787,2853.4,0.008333,0,0,0.001236,0,0,0,0,0,0,1.5411,0,0,0,0,0.68681
6,205,6.622,45.787,2853.4,0.38778,0,0,0,0,0,0,0,0,0,0.072463,0,0,0,0,43.498
6,205,6.622,45.787,2853.4,0,0,0,0.84321,0,0.81221,0,0,0,0,0.072463,0,0,0,0,0.11447
6,205,6.622,45.787,2853.4,0.18877,0,0,0,0,0.36368,10.305,0,0,0,0.072463,0,0,0,0,2.0604
6,205,6.622,45.787,2853.4,0.008124,0,0,0,0,0,0,0,0,0,1.7457,0,0,0,0,3.0906
6,205,6.622,45.787,2853.4,1.8992,0,0,6.4365,0,0,0.13028,0,0,0,0.13226,0,0,0,0,4.8076
6,205,6.622,45.787,2853.4,0.59569,0,0,0,0,0.008333,0,0,0,0,0.072463,0,0,0,0,1.1447
6,205,6.622,45.787,2853.4,1.8682,0,0,0,0,0,0,0,0,0,0.072463,0,0,0,0,0.68681
6,205,6.622,45.787,2853.4,0.87594,0,0,0,0.080376,0.0085488,0,0,0,0,2.3166,0,0,0,0,1.6025
6,205,6.622,45.787,2853.4,0.00644,0,0,0.052701,0,0,0,0,0,0,13.956,0,0,0,0,1.1447
6,205,6.622,45.787,2853.4,0.86549,0,0,0,0,0,0.42744,0,0,0,0.14008,0,0,0,0,0.68681
6,205,6.622,45.787,2853.4,0.005302,0,0,0,0,0,0,0,0,0,2.1592,0,0,0,0,0
6,205,6.622,45.787,2853.4,0.00714,0,0,0.7299,0,0,25.567,0,0,0.8932,0.3625,0,0,0,0,1.6025
6,205,6.622,45.787,2853.4,0,0,0,0.21246,0,0,0,0,0,0,0.45229,0,0,0,0,0
6,205,6.622,45.787,2853.4,0.87264,0,0,2.7053,0,0,0,0,0,0,12.207,0,0,0,0,0
6,205,6.622,45.787,2853.4,0.0011005,0,0,0,0,0,0,0,0,0,0.072463,0,0,0,0,0
6,205,6.622,45.787,2853.4,0,0,0,0,0,0,0,0,0,0,0.12977,0,0,0,0,1.6025
6,205,6.622,45.787,2853.4,0.008336,0,0,0,0.021737,0,0,0,0,0,1.0663,0,0,0,0,1.1447
6,205,6.622,45.787,2853.4,0.008333,0,0.0067256,0,0,0,0,0,0,0,26.705,0,0,0,0,1.1447
6,205,6.622,45.787,2853.4,0.13895,0,0,0,0,0,0,0,0,0,0.072463,0,0,0,0,0.68681
6,205,6.622,45.787,2853.4,6.4023,0,0,0,0,0,24.471,0,0,0,1.8818,0,0,0,0,0.11447
6,205,6.622,45.787,2853.4,0.008333,0,0,0,0,0,0,0,0,0,0.072463,0,0,0,0,0
6,205,6.622,45.787,2853.4,2.4323,0,0,0,0,0,0,0,0,0,0.11545,0,0,0,0,0.11447
6,205,6.622,45.787,2853.4,0,0,0,0,0,0,0.13028,0,0,0,0.23007,0,0,0,0,1.1447
6,205,6.622,45.787,2853.4,0.006701,0,0,0,0,0,0,0,0,0,0.12844,0,0,0,0,0.11447
6,205,6.622,45.787,2853.4,0.0096103,0,0,0,0,0.005769,0.13028,0,0,0,0.3625,0,0,0,0,0.68681
6,205,6.622,45.787,2853.4,7.1973,0,0,0,0,0,0,0,0,0,6.2907,0,0,0,0,0.68681
6,205,6.622,45.787,2853.4,13.867,0,0,0,1.7291,0,0,0,0,0,0.072463,0,0,0,0,0.68681
6,205,6.622,45.787,2853.4,0.000126,0,0,0.54853,0,0,0,0,0,0,0.072463,0,0,0,0,1.1447
6,205,6.622,45.787,2853.4,0,0,0,0,0.008333,0,0,0,0,0,0.18601,0,0,0,0,3.434
6,205,6.622,45.787,2853.4,0,0,0,0,0,0.008332,0.13028,0,0,0,0.072463,0,0,0,0,0
6,205,6.622,45.787,2853.4,0.078773,0,0,0.90354,0.01111,0,0,0,0,0,0.38768,0,0,0,0,2.0604
6,205,6.622,45.787,2853.4,0.000765,0,0,1.3433,0,0,0.13028,0,0,0,0.34495,0,0,0,0,0.68681
6,205,6.622,45.787,2853.4,0.0067817,0,0,0.043623,0,0,0,0,0,9.1622,14.02,0,0,0,0,0.68681
6,205,6.622,45.787,2853.4,0.008333,0,0,0,0,0,0,0,0,0,0.072463,0,0,0,0,1.1447
6,205,6.622,45.787,2853.4,0.8691,0,0,0.80154,0,0,0,0,0,0,0.072463,0,0,0,0,2.0604
6,205,6.622,45.787,2853.4,0,0,0,0,0,0,0,0,0,0,0.072463,0,0,0,0,2.0604
6,205,6.622,45.787,2853.4,1.1917,0,0,2.6778,0.32482,0.008333,0,0,0,0,0.1323,0,0,0,0,0.11447
6,205,6.622,45.787,2853.4,0.20751,0,0,0,0,0.0097027,0,0,0,0,6.4637,0,0,0,0,3.8919
6,205,6.622,45.787,2853.4,0.89463,0,0,0.81835,0,0,0,0,0,0,0.11545,0,0,0,0,1.6025
6,205,6.622,45.787,2853.4,0.018174,0,0,0,0,3.8588,0,0,0,0,5.5926,0,0,0,0,1.6025
6,205,6.622,45.787,2853.4,9.1487,0,0,3.9351,0,1.3289,0,0,0,0,0.072463,0,0,0,0,1.6025
6,205,6.622,45.787,2853.4,0,0,0,0.007102,0,0,0.87994,0,0,0,0.072463,0,0,0,0,0.11447
6,205,6.622,45.787,2853.4,0.028282,0,0,0,0,0,0,0,0,0,0.072463,0,0,0,0,0
6,205,6.622,45.787,2853.4,0,0,0.0076281,0,0,0,11.811,0,0,0,6.3875,0,0,0,0,2.0604
6,205,6.622,45.787,2853.4,0.023413,0,0,0,0,0,0,0,0,1.0076,2.4056,0,0,0,0,0.68681
6,205,6.622,45.787,2853.4,0.004345,0,0,0,0,0,0,0,0,1.1034,0.072463,0,0,0,0,2.0604
6,205,6.622,45.787,2853.4,0.23321,0,0,0,0,0,0,0,0,0,0.73917,0,0,0,0,43.498
6,205,6.622,45.787,2853.4,0.010625,0,0,0,0,0,0,0,0,5.7109,6.6447,0,0,0,0,0.68681
6,205,6.622,45.787,2853.4,0,0,0,0,0,0,0,0,0,0,0.072463,0,0,0,0,0.68681
6,205,6.622,45.787,2853.4,15.728,0,0,0,0,0,0,0,0,0,0.072463,0,0,0,0,3.434
6,205,6.622,45.787,2853.4,0,0,0,0.007148,0,0,0,0,0,0,8.4541,0,0,0,0,0
6,205,6.622,45.787,2853.4,0,0,0,0,0,0.003416,0,0,0,0,2.8119,0,0,0,0,0
6,205,6.622,45.787,2853.4,5.3394,0,0,0,0,0.008333,0,0,0,0,0.072463,0,0,0,0,2.0604
6,205,6.622,45.787,2853.4,0.095736,0,0,0,0,0,0.008333,0.44256,0,0,0.072463,0,0,0,0,7.097
6,205,6.622,45.787,2853.4,0,0,0,4.1126,0,0.001267,0,0,0,0,2.4386,0,0,0,0,0.68681
6,205,6.622,45.787,2853.4,0,0,0,0,0,0.0067819,0,0,0,0,0.072463,0,0,0,0,1.6025
6,205,6.622,45.787,2853.4,3.5379,0,0,0,0,0,0,0,0,0,0.072463,0,0,0,0,0.11447
6,205,6.622,45.787,2853.4,0,0,0,0,0,0,0.42744,0,0,0.76777,0.1331,0,0,0,0,5.2655
6,205,6.622,45.787,2853.4,0.99393,0,0,0.61777,0,0,0,4.6815,0,0,7.2936,0,0,0,0,3.434
6,205,6.622,45.787,2853.4,0.00644,0,0,0,0,0,0.059897,0,0,0,7.6506,0,0,0,0,1.1447
6,205,6.622,45.787,2853.4,0.026013,0,0,0,0,0,0,0,0,0,0.072463,0,0,0,0,1.1447
6,205,6.622,45.787,2853.4,0,0,0,0,0,0,0,0,0,0,0.94645,0,0,0,0,0.11447
6,205,6.622,45.787,2853.4,0.42165,0,0,0,0.008321,0,0,0,0,0,5.5926,0,0,0,0,0.68681
6,205,6.622,45.787,2853.4,0.035363,0,0,0.013573,0,0.008333,0,0,0,0,0.086791,0,0,0,0,0.68681
6,205,6.622,45.787,2853.4,0.00524,0,0,0,0,0,0,0,0,0,1.3043,0,0,0,0,1.1447
6,205,6.622,45.787,2853.4,2.1709,0,0,0,0,0,0.13028,0,0,0,0.072463,0,0,0,0,0
6,205,6.622,45.787,2853.4,0.008124,0,0,0,0,0.008333,0,0,0,0,0.13505,0,0,0,0,0.11447
6,205,6.622,45.787,2853.4,0.08936,0,0,0,0,0,13.042,0,0,0,0.16445,0,0,0,0,1.1447
6,205,6.622,45.787,2853.4,0.003127,0,0.008333,3.9911,0,0.0011005,0,0,0,0,0.072463,0,0,0,0,0
6,205,6.622,45.787,2853.4,0.00676,0,0,0.25515,0,0,0,0,0,0,0.56339,0,0,0,0,3.8919
6,205,6.622,45.787,2853.4,0,0,0.00062,0,0,0,0,0,0,0,0.21272,0,0,0,0,1.6025
6,205,6.622,45.787,2853.4,0,0,0,0,0,0,0,0,0,0,14.703,0,0,0,0,1.1447
6,205,6.622,45.787,2853.4,0.046004,0,0,0,0,0.064736,0,0,0,1.0167,0.75066,0,0,0,0,0.68681
6,205,6.622,45.787,2853.4,31.065,0,0,0.80219,0,0.6082,0,0,0,0,0.072463,0,0,0,0,1.1447
6,205,6.622,45.787,2853.4,0.8078,0,0,0.005239,0,0.020937,0.13028,0,0,0,0.45229,0,0,0,0,0.68681
6,205,6.622,45.787,2853.4,0.008333,0,0,0,0,0,0,0,0,0,0.13663,0,0,0,0,0.11447
6,205,6.622,45.787,2853.4,0.008333,0,0,0,0,0,0,0,0,0,0.072463,0,0,0,0,1.6025
6,205,6.622,45.787,2853.4,0,0,0,0,0,0,0,0,0,0,0.072463,0,0,0,0,1.6025
6,205,6.622,45.787,2853.4,1.007,0,0,0,0,0,0.13028,0,0,0,0.072463,0,0,0,0,1.6025
6,205,6.622,45.787,2853.4,0.008333,0,0,1.632,0,0.001205,40.958,0,0,0,0.32655,0,0,0,0,0.11447
6,205,6.622,45.787,2853.4,4.3969,0,0,6.4365,0,0.0094528,0,0,0,0,0.13302,0,0,0,0,0
6,205,6.622,45.787,2853.4,7.3283,0,0,0,0,0,0,0,0,0,1.2482,0,0,0,0,5.7234
6,205,6.622,45.787,2853.4,0.008333,0,0,0,0,0,0,0,0,0,0.23007,0,0,0,0,0.11447
6,205,6.622,45.787,2853.4,0.008333,0,0,0.00062,0,0,0,0,0,0,2.6944,0,0,0,0,2.0604
6,205,6.622,45.787,2853.4,0,0,0,0,0,0,0,0,0,0,3.6257,0,0,0,0,1.1447
6,205,6.622,45.787,2853.4,6.1884,0,0,0,0,0,0,0,0,0,0.072463,0,0,0,0,1.1447
6,205,6.622,45.787,2853.4,1.2266,0,0,5.8761,0,0,0,0,0,0,0.072463,0,0,0,0,1.1447
6,205,6.622,45.787,2853.4,0.007148,0,0,0,0.00043,0,18.495,0,0,0,13.171,0,0,0,0,0
6,205,6.622,45.787,2853.4,8.8359,0,0,0,0,0,0,0,0,0,3.0356,0,0,0,0,1.1447
6,205,6.622,45.787,2853.4,0.006456,0,0,0,0,0,0,0,0,0,5.7131,0,0,0,0,0.68681
6,205,6.622,45.787,2853.4,0,0,0,0.56872,0,0,0,0,0,0,11.921,0,0,0,0,4.8076
6,205,6.622,45.787,2853.4,0,0,0,9.9289,0,0,0,0,0,0,0.072463,0,0,0,0,1.1447
6,205,6.622,45.787,2853.4,0.00021,0,0,0,0,0,0,0,0,1.0167,5.101,0,0,0,0,3.434
6,205,6.622,45.787,2853.4,3.9918,0,0,0,0,0.0062156,0,0,0,0,13.171,0,0,0,0,0
6,205,6.622,45.787,2853.4,0.005239,0,0,0,0,0.064736,0,0,0,0,0.15843,0,0,0,0,2.5183
6,205,6.622,45.787,2853.4,2.9934,0,0,0,0.008333,0,0,0,0,0,1.3814,0,0,0,0,1.6025
6,205,6.622,45.787,2853.4,0,0,0,0,0,0,0,0,0,0,0.072463,0,0,0,0,0.68681
6,205,6.622,45.787,2853.4,3.3972,0,0,0.016666,0,0,0,0,0,0,0.21272,0,0,0,0,1.6025
6,205,6.622,45.787,2853.4,0.20346,0,0,0,0,0,0,0,0,0,0.14026,0,0,0,0,5.7234
6,205,6.622,45.787,2853.4,0.0067817,0,0,0.050371,0,0,0.13028,0,0,0,0.072463,0,0,0,0,1.1447
6,205,6.622,45.787,2853.4,0,0,0.011856,0,0,0,0,0,0,0,3.9998,0,0,0,0,0
6,205,6.622,45.787,2853.4,0,0,0,0,0,0,0.13028,0,0,0,6.4637,0,0,0,0,8.4706
6,205,6.622,45.787,2853.4,0.008333,0,0,0,0,0.00166,0,0,0,0,19.922,0,0,0,0,1.6025
6,205,6.622,45.787,2853.4,5.6876,0,0,0.059141,0,0,0,0,0,0,0.072463,0,0,0,0,0.68681
6,205,6.622,45.787,2853.4,0.010723,0,0,0.80274,0,0,0,0,0,1.9819,5.0181,0,0,0,0,7.097
6,205,6.622,45.787,2853.4,0.008333,0,0,0,0.031435,0,0.059897,0,0,0,5.3297,0,0,0,0,2.5183
6,205,6.622,45.787,2853.4,0,0,0,0,0,0.10347,0,0,0,0,0.88605,0,0,0,0,0.11447
6,205,6.622,45.787,2853.4,0,0,0,0.64709,0,0,0,0,0,0,0.072463,0,0,0,0,0.68681
6,205,6.622,45.787,2853.4,0,0,0,0,6.2382,0,0.13028,0,0,0,0.3625,0,0,0,0,1.6025
6,205,6.622,45.787,2853.4,9.7171,0,0,0.00387,0,0,19.421,0,0,0,4.1702,0,0,0,0,2.5183
6,205,6.622,45.787,2853.4,0,0,0,0,0,0,0,0,0,0,31.837,0,0,0,0,2.0604
6,205,6.622,45.787,2853.4,0.008335,0,0,4.5202,0,0,0,0,0,0,6.1561,0,0,0,0,0
6,205,6.622,45.787,2853.4,0.095736,0,0,0,0,0,0,0,0,0,0.072463,0,0,0,0,0
6,205,6.622,45.787,2853.4,0.012549,0,0,5.4197,0,0,0.42744,0,0,0,0.072463,0,0,0,0,8.4706
6,205,6.622,45.787,2853.4,0.008333,0,0,0,0.11929,0,0,0.9196,0,0,0.15843,0,0,0,0,2.5183
6,205,6.622,45.787,2853.4,0,0,0,0,0,0,0,0,0,0,3.8048,0,0,0,0,2.5183
6,205,6.622,45.787,2853.4,0.025451,0,0,0,0,0,0.13028,0,0,0,2.9171,0,0,0,0,0.11447
6,205,6.622,45.787,2853.4,0.061753,0,0,0,0,0,0,0,0,0,0.13225,0,0,0,0,3.0906
6,205,6.622,45.787,2853.4,0.008333,0,0,0,0.037521,0,3.8394,0,0,0,0.12949,0,0,0,0,2.5183
6,205,6.622,45.787,2853.4,2.2046,0,0,0.00524,0,0,0,0,0,0,19.922,0,0,0,0,2.0604
6,205,6.622,45.787,2853.4,24.203,0,0,0,0,0,0,0,0,0,0.072463,0,0,0,0,2.0604
6,205,6.622,45.787,2853.4,34.934,0,0,0,0,0,0,0,0,1.0139,3.1286,0,0,0,0,1.1447
6,205,6.622,45.787,2853.4,0,0,0,0,0,0,0.13028,0,0,0,9.002,0,0,0,0,0.68681
6,205,6.622,45.787,2853.4,0.32107,0,0,0.33154,0,6.1953,0,0,0,0,1.5501,0,0,0,0,4.3498
6,205,6.622,45.787,2853.4,0.001236,0,0,0.000739,0,0,0,0,0,0,4.148,0,0,0,0,0.68681
6,205,6.622,45.787,2853.4,0,0,0,0,0,0,0,0,0,0,0.072463,0,0,0,0,1.6025
6,205,6.622,45.787,2853.4,0,0,0,0,0,0.20459,0.13028,0,0,0,33.184,0,0,0,0,2.0604
6,205,6.622,45.787,2853.4,19.283,0,0,0,0,0,0,0,0,0,0.072463,0,0,0,0,2.0604
6,205,6.622,45.787,2853.4,2.5491,0,0,0,0,0,0.10863,0,0,0,0.49027,0,0,0,0,1.1447
6,205,6.622,45.787,2853.4,2.6445,0,0,0.004204,0,0,0,0,0,0,0.072463,0,0,0,0,5.7234
6,205,6.622,45.787,2853.4,0,0,0,0,0,0.0014495,0,0,0,0,0.072463,0,0,0,0,2.0604
6,205,6.622,45.787,2853.4,0.26,0,0,0.016665,0,0,0,0,0,0,0.072463,0,0,0,0,6.6391
6,205,6.622,45.787,2853.4,7.2891,0,0,0,0,0,13.371,0,0,0,0.072463,0,0,0,0,5.2655
6,205,6.622,45.787,2853.4,0,0,0,0.49458,0,0,0,0,0,0,0.072463,0,0,0,0,0
6,205,6.622,45.787,2853.4,0.007102,0,0,0,0,0,11.811,1.732,0,0,0.072463,0,0,0,0,1.6025
6,205,6.622,45.787,2853.4,0,0,0,0.084243,0,0,0,0,0,0,0.072463,0,0,0,0,2.5183
6,205,6.622,45.787,2853.4,0,0,0,0,0,0,0,0,0,1.2479,5.3297,0,0,0,0,7.097
6,205,6.622,45.787,2853.4,0,0,0,0.018848,0,0,0,0,0,0,0.072463,0,0,0,0,0.68681
6,205,6.622,45.787,2853.4,0.0059107,0,0,0,0,0,0,0,0,0,0.072463,0,0,0,0,0.68681
6,205,6.622,45.787,2853.4,0.48091,0,0,0,0,0,0,0,0,19.403,13.755,0,0,0,0,0.68681
6,205,6.622,45.787,2853.4,1.2536,0,0,0,0,0,0,0,0,0,0.072463,0,0,0,0,1.6025
6,205,6.622,45.787,2853.4,0,0,0,0.023383,29.206,0.007328,0,0,0,0,12.122,0,0,0,0,0.11447
6,205,6.622,45.787,2853.4,0.008333,0,0,0,2.3489,0,0,0,0,1.4449,0.51662,0,0,0,0,0.68681
6,205,6.622,45.787,2853.4,0.005239,0,0,0.002068,0,0,0,0,0,13.788,3.6491,0,0,0,0,2.5183
6,205,6.622,45.787,2853.4,2.0662,0,1.1655,0.32437,0,0.005202,0,0.010558,0,1.1034,4.2102,0,0,0,0,0.68681
6,205,6.622,45.787,2853.4,0.14982,0,0,0,0,0,0.13028,0,0,0,0.072463,0,0,0,0,3.434
6,205,6.622,45.787,2853.4,2.6445,0,0,0,0,0.00824,0,0,0,0,37.282,0,0,0,0,3.8919
6,205,6.622,45.787,2853.4,1.0984,0,0,0,0,3.1344,0,0,0,7.6506,0.15843,0,0,0,0,5.7234
6,205,6.622,45.787,2853.4,0.008763,0,0,0,0,0,0,0,0,0,3.7272,0,0,0,0,0
6,205,6.622,45.787,2853.4,0.0067256,0,0,0,0,0,0,0,0,0,6.7491,0,0,0,0,0.68681
6,205,6.622,45.787,2853.4,0.025451,0,0.14045,0.067989,0,0,0,0,0,0,0.072463,0,0,0,0,1.1447
6,205,6.622,45.787,2853.4,0.63403,0,0,2.553,0,0,0,0,0,0,0.072463,0,0,0,0,0.68681
6,205,6.622,45.787,2853.4,0,0,0,5.2485,0.012413,0,0,0,0,0,0.26171,0,0,0,0,3.0906
6,205,6.622,45.787,2853.4,1.725,0,0,0,0,0,0,0,0,0,0.072463,0,0,0,0,1.6025
6,205,6.622,45.787,2853.4,0.00062,0,0,0,0,0,0,0,0,0,0.13615,0,0,0,0,1.1447
6,205,6.622,45.787,2853.4,0,0,0,0.22723,0.0083909,0,0.008333,0,0,0,1.1451,0,0,0,0,0.11447
6,205,6.622,45.787,2853.4,0.14191,0,0,5.5914,0,1.0944,0,0,0,0,0.072463,0,0,0,0,0
6,205,6.622,45.787,2853.4,0.008333,0,0,7.5305,0,0,0,0,0,3.8737,3.4936,0,0,0,0,4.3498
6,205,6.622,45.787,2853.4,0.16494,0,0,0,0,0,0,0,0,0,0.072463,0,0,0,0,1.1447
6,205,6.622,45.787,2853.4,3.7991,0,0,0.016304,0,0,0,0,0,0,0.072463,0,0,0,0,3.8919
6,205,6.622,45.787,2853.4,0.044518,0,0,0,13.725,0,0.10863,0,0,0,1.2954,0,0,0,0,0
6,205,6.622,45.787,2853.4,0.008335,0,0,3.9351,0,0,0,0,0,0,0.072463,0,0,0,0,0.68681
6,205,6.622,45.787,2853.4,0.87781,0,0.008333,0,0,0,0,0,0,0,0.072463,0,0,0,0,0
6,205,6.622,45.787,2853.4,6.0782,0,0,0,0,0,0,0,0,0,1.9064,0,0,0,0,2.5183
6,205,6.622,45.787,2853.4,0.18288,0,0,1.4206,0,0,0,0,0,0,0.20357,0,0,0,0,0.11447
6,205,6.622,45.787,2853.4,0.0065058,0,0,0,0,0,0,0,0,0,0.072463,0,0,0,0,1.6025
6,205,6.622,45.787,2853.4,0,0,0,0.001463,0,0,0,0,0,0,0.7142,0,0,0,0,1.1447
6,205,6.622,45.787,2853.4,2.3573,0,0,10.01,0.008335,0.008333,21.91,0,0,0,0.072463,0,0,0,0,3.0906
6,205,6.622,45.787,2853.4,2.8658,0,6.4085,0,0,0,0,0,0,0,0.072463,0,0,0,0,2.0604
6,205,6.622,45.787,2853.4,0.008333,0,0,0,0,0,0,0,0,0,5.1452,0,0,0,0,0
6,205,6.622,45.787,2853.4,0,0,0,0.82682,0,0.000234,0.008333,0,0,0.68445,13.171,0,0,0,0,2.0604
6,205,6.622,45.787,2853.4,5.8444,0,0,0,0,0,14.172,0,0,0,0.072463,0,0,0,0,0.68681
6,205,6.622,45.787,2853.4,1.3209,0,0,0,0,0,25.723,0,0,0,0.15843,0,0,0,0,2.0604
6,205,6.622,45.787,2853.4,7.95e-05,0,0,20.543,0,0,0,0,0,0.4212,0.072463,0,0,0,0,0.11447
6,205,6.622,45.787,2853.4,0,0,0,0,7.7369,0.0083345,0,0,0,0,0.086791,0,0,0,0,0
6,205,6.622,45.787,2853.4,0,0,0.001748,0,0,0,0,0,0,0,0.072463,0,0,0,0,1.1447
6,205,6.622,45.787,2853.4,0,0,0,0,0,31.719,0,0,0,0,0.63867,0,0,0,0,1.6025
6,205,6.622,45.787,2853.4,0.0068538,0,0,1.2666,0,0,0,0,0,0,0.78885,0,0,0,0,0.68681
6,205,6.622,45.787,2853.4,0.008333,0,0,0.016666,0,0,0,0,0,0,7.1646,0,0,0,0,0
6,205,6.622,45.787,2853.4,0.22882,0,0,0,0,4.5782,0.13028,0,0,0,0.072463,0,0,0,0,3.434
6,205,6.622,45.787,2853.4,0.8753,0,0,0,0,0,0,0,0,0,0.12949,0,0,0,0,3.434
6,205,6.622,45.787,2853.4,2.6536,0,0,0.20389,0,0.00524,14.058,0,0,0,0.14026,0,0,0,0,0
6,205,6.622,45.787,2853.4,0.008335,0,0,5.5512,0,0.008333,0,0,0,0,0.56339,0,0,0,0,2.0604
6,205,6.622,45.787,2853.4,0.26973,0,0,0,0,0,0,0,0,0,0.072463,0,0,0,0,3.8919
6,205,6.622,45.787,2853.4,0,0,0,0,0,0,0,0,0,0,7.3168,0,0,0,0,0.11447
6,205,6.622,45.787,2853.4,0.014921,0,0,0,0,0.007984,0.13028,0,0,0,0.33796,0,0,0,0,0.68681
6,205,6.622,45.787,2853.4,0.018715,0,0,0,0,0,0.13028,0,0,0,0.63867,0,0,0,0,8.4706
6,205,6.622,45.787,2853.4,0,0,0,0,0,35.399,0,0,0,0,3.3678,0,0,0,0,0.11447
6,205,6.622,45.787,2853.4,1.2674,0,0,0,0,0.001205,0.59876,0,0,0,1.3204,0,0,0,0,2.0604
6,205,6.622,45.787,2853.4,0.87678,0,0,0.0084255,0,0,0,0,0,0,0.78885,0,0,0,0,1.6025
6,205,6.622,45.787,2853.4,0.867,0,0,0,0,0,0,0,0,0,13.171,0,0,0,0,0.11447
6,205,6.622,45.787,2853.4,5.0782,0,0,0.085444,0.008333,0,0,0,0,0,1.4169,0,0,0,0,0.68681
6,205,6.622,45.787,2853.4,0.000254,0,0,0,0,0,0.059897,0,0,0,0.12977,0,0,0,0,1.1447
6,205,6.622,45.787,2853.4,0,0,0,0.008542,0,0,10.305,0,0,0,0.072463,0,0,0,0,1.1447
6,205,6.622,45.787,2853.4,0.87678,0,0,0,0,0,0,0,0,1.7864,6.937,0,0,0,0,1.1447
6,205,6.622,45.787,2853.4,3.2092,0,0,0.009488,0,0.045413,0,0,0,0,4.643,0,0,0,0,0
6,205,6.622,45.787,2853.4,0,0,0,0,0,0.008333,0,0,0,0,20.824,0,0,0,0,1.6025
6,205,6.622,45.787,2853.4,1.4278,0,0,0,0,0.0094528,0.13028,0,0,0,0.17276,0,0,0,0,0.11447
6,205,6.622,45.787,2853.4,23.281,0,0.24248,0,0,0,0,0,0,0,5.6128,0,0,0,0,1.6025
6,205,6.622,45.787,2853.4,0.00062,0,0,0.00833,0,0,0,0,0,0,5.2088,0,0,0,0,4.8076
6,205,6.622,45.787,2853.4,0.58786,0,0,1.6077,0,0,0,0,0,0,0.072463,0,0,0,0,1.1447
6,205,6.622,45.787,2853.4,1.0881,0,0,0,0,0,0,0,0,0,0.42312,0,0,0,0,6.6391
6,205,6.622,45.787,2853.4,2.1709,0,0,0,0,0,0,0,0,0,0.41633,0,0,0,0,1.1447
6,205,6.622,45.787,2853.4,0.008333,0,0,0,1.9804,0,0,0,0,0,0.33796,0,0,0,0,0.11447
6,205,6.622,45.787,2853.4,0.046516,0,0,0,6.3935,0.00328,0.67053,0,0,0,8.2077,0,0,0,0,3.434
6,205,6.622,45.787,2853.4,0,0,0,0,0,0.00524,0,0,0,1.4449,0.13302,0,0,0,0,0.68681
6,205,6.622,45.787,2853.4,0.008333,0,0,0,0,0,0,0,0,0.44682,0.24115,0,0,0,0,0
6,205,6.622,45.787,2853.4,0.009056,0,0,0,0,0,0.13028,0,0,0,0.072463,0,0,0,0,43.498
6,205,6.622,45.787,2853.4,5.1262,0,0,0,0,0,0,0,0,0,0.13302,0,0,0,0,0.11447
6,205,6.622,45.787,2853.4,0.024628,0,0,0,0.00043,0,0,0,0,0,0.1317,0,0,0,0,0
6,205,6.622,45.787,2853.4,5.0782,0,0,0,0,0,0.60778,0,0,0,0.5281,0,0,0,0,0
6,205,6.622,45.787,2853.4,0.24349,0,0,0,0,0,0,0,0,0.21027,0.14411,0,0,0,0,3.8919
6,205,6.622,45.787,2853.4,0.87051,0,0,0,0,0,0,0,0,0,0.072463,0,0,0,0,0.68681
6,205,6.622,45.787,2853.4,8.9388,0,10.669,2.6249,0,0,0,0,0,0.8932,0.072463,0,0,0,0,2.0604
6,205,6.622,45.787,2853.4,1.0737,0,0,0,0,0,0,0,0,0,7.7869,0,0,0,0,0.68681
6,205,6.622,45.787,2853.4,0.005202,0,0,0,0,0,0,0,0,0,2.1586,0,0,0,0,0
6,205,6.622,45.787,2853.4,1.9656,0,0,0.008321,0,0,0,0,0,0,15.494,0,0,0,0,0.11447
6,205,6.622,45.787,2853.4,0.0067502,0,0.055963,0,0,0,0,0,0,0,0.072463,0,0,0,0,1.6025
6,205,6.622,45.787,2853.4,0.11533,0,0,4.2288,0,0,0,0,0,6.8425,13.2,0,0,0,0,0.68681
6,205,6.622,45.787,2853.4,0.017738,0,3.8292,17.024,0,0,10.305,0,0,0,0.12844,0,0,0,0,1.1447
6,205,6.622,45.787,2853.4,3.238,0,0,0,0,0.00524,0,0,0,0,0.072463,0,0,0,0,1.6025
6,205,6.622,45.787,2853.4,1.8255,0,0.060894,0,0.00644,0,0.40452,0,0,0,0.072463,0,0,0,0,1.1447
6,205,6.622,45.787,2853.4,0.008333,0,0,34.71,0,0,0,0,0,0,0.072463,0,0,0,0,1.6025
6,205,6.622,45.787,2853.4,0,0,0,0,0,0,0,0,0,0,0.27752,0,0,0,0,0.68681
6,205,6.622,45.787,2853.4,18.873,0,0,0,0,0,0,0,0,0,0.072463,0,0,0,0,0.68681
6,205,6.622,45.787,2853.4,1.5315,0,0,0,0.005411,0,0.13028,0,0,0,0.072463,0,0,0,0,0.11447
6,205,6.622,45.787,2853.4,1.007,0,0,0.002139,0,0,24.186,0,0,0,1.5078,0,0,0,0,1.1447
6,205,6.622,45.787,2853.4,2.8658,0,0,0,0,0,0,0,0,0,6.4445,0,0,0,0,0.11447
6,205,6.622,45.787,2853.4,14.068,0,0,0,2.5683,0,0.13028,0,0,0,0.072463,0,0,0,0,0.11447
6,205,6.622,45.787,2853.4,0.011169,0,0,0,0,0,0.13028,0,0,0,0.35299,0,0,0,0,0.68681
6,205,6.622,45.787,2853.4,0,0,0.46899,0,0,0,0,0,0,0,0.072463,0,0,0,0,0
6,205,6.622,45.787,2853.4,24.426,0,0,0,0,0,0,0,0,0,7.7869,0,0,0,0,1.6025
6,205,6.622,45.787,2853.4,2.3573,0,0,3.1537,0,0,0,0.034111,0,0,2.6337,0,0,0,0,8.4706
6,205,6.622,45.787,2853.4,0.71482,0,0,0.008815,0,0,0,0,0,0,5.0181,0,0,0,0,0.11447
6,205,6.622,45.787,2853.4,0.008763,0,0,0.016666,0,0.008333,0,0,0,0,8.6117,0,0,0,0,5.2655
6,205,6.622,45.787,2853.4,0,0,0,0,0,0.050064,0,0,0,0,0.072463,0,0,0,0,0.11447
6,205,6.622,45.787,2853.4,6.4889,0,0,0,0,0,0,0,0,0,1.0897,0,0,0,0,1.1447
6,205,6.622,45.787,2853.4,0.010625,0,0,0,0,0.0071766,0,0,0,0,0.13225,0,0,0,0,2.5183
6,205,6.622,45.787,2853.4,0,0,0,0,0,0,0.021726,0,0,0,0.072463,0,0,0,0,5.2655
6,205,6.622,45.787,2853.4,0,0,0,0.11107,0,0,0,0,0,0,1.2482,0,0,0,0,1.1447
6,205,6.622,45.787,2853.4,0.008333,0,0,0,0,0,0,0,0,0,3.896,0,0,0,0,1.6025
6,205,6.622,45.787,2853.4,1.6861,0,0,0.81835,0.003485,0,0,0,0,0,0.20249,0,0,0,0,0.68681
6,205,6.622,45.787,2853.4,0,0,0,0,0,0,0,0,0,0,0.072463,0,0,0,0,3.8919
6,205,6.622,45.787,2853.4,0.33728,0,0,0,0,0,0,0,0,1.1822,3.2514,0,0,0,0,0.68681
6,205,6.622,45.787,2853.4,0.024958,0,0,0,0.031085,0,0,0,0,0,4.643,0,0,0,0,2.0604
6,205,6.622,45.787,2853.4,0.059589,0,0,0,0,4.4283,0,4.0782,0,0,0.072463,0,0,0,0,0.68681
6,205,6.622,45.787,2853.4,0,0,0,1.7682,0,7.7271,6.0541,0,0,0,0.072463,0,0,0,0,2.5183
6,205,6.622,45.787,2853.4,0.003932,0,0,0,0,7.8e-05,0,0,0,0,9.3601,0,0,0,0,1.1447
6,205,6.622,45.787,2853.4,0,0,0,0,0,0,0,0,0,0,8.2077,0,0,0,0,6.1813
6,205,6.622,45.787,2853.4,0.003416,0,0,0.004588,0,0,0,0,0,0,0.12977,0,0,0,0,1.1447
6,205,6.622,45.787,2853.4,0.80616,0,0,0,2.0827,0,0,0,0,0,0.14865,0,0,0,0,1.1447
6,205,6.622,45.787,2853.4,1.4473,0,0,0,0,0,0,0,0,0,0.402,0,0,0,0,0.11447
6,205,6.622,45.787,2853.4,0.0076281,0,0.12676,0,0,0,0,0,0,0,1.7269,0,0,0,0,2.0604
6,205,6.622,45.787,2853.4,0.46914,0,0,0,0,0,0,0,0,0,0.072463,0,0,0,0,2.5183
6,205,6.622,45.787,2853.4,0,0,0,0.005239,0,0,0.1009,0,0,9.1202,0.13101,0,0,0,0,0.11447
6,205,6.622,45.787,2853.4,0,0,0,0,0,0,0,0,0,0,16.626,0,0,0,0,0.11447
6,205,6.622,45.787,2853.4,0.0065058,0,0,0.00036,0,0,0,0,0,0,0.072463,0,0,0,0,2.5183
6,205,6.622,45.787,2853.4,0.031862,0,0,0,0,0,0,0,0,0,7.6006,0,0,0,0,1.6025
6,205,6.622,45.787,2853.4,5.8444,0,0,35.934,0.007984,0,0,0,0,0,3.2514,0,0,0,0,0.11447
6,205,6.622,45.787,2853.4,0.008336,0,21.906,0,0,0,0,0,0,0,0.072463,0,0,0,0,0
6,205,6.622,45.787,2853.4,0.008333,0,0,0.36399,0,0,0,0,0,0,0.13225,0,0,0,0,2.0604
6,205,6.622,45.787,2853.4,0.007102,0,0,0.10195,0,0,0,0,0,0,2.6944,0,0,0,0,0.68681
6,205,6.622,45.787,2853.4,0.8078,0,0,2.1238,0,0,0,0,0,0,0.072463,0,0,0,0,2.0604
6,205,6.622,45.787,2853.4,0.021802,0,0,0,0,0,0,0,0,0,0.086791,0,0,0,0,7.097
6,205,6.622,45.787,2853.4,0,0,0,0.002868,0,0,24.186,0,0,0,0.086791,0,0,0,0,1.1447
6,205,6.622,45.787,2853.4,1.0984,0,0,0.040531,0,0,0,0,0,0,5.1015,0,0,0,0,6.1813
6,205,6.622,45.787,2853.4,6.0317,0,0,0.048829,0,0,0,0,0,0,0.072463,0,0,0,0,9.8442
6,205,6.622,45.787,2853.4,0,0,0,0.31543,0,0,0,0.024583,0,0,0.072463,0,0,0,0,1.6025
6,205,6.622,45.787,2853.4,0.10307,0,26.338,0,0,0,0,0,0,0,9.6608,0,0,0,0,0.68681
6,205,6.622,45.787,2853.4,0,0,0,0,0,0,18.495,0,0,0,2.139,0,0,0,0,0
6,205,6.622,45.787,2853.4,0.027485,0,0,0,0,0,0,0,0,0,35.005,0,0,0,0,2.5183
6,205,6.622,45.787,2853.4,0.028282,0,0,0,0,0,0,0,0,0,0.50053,0,0,0,0,2.5183
6,205,6.622,45.787,2853.4,0,0,0,0,0,0,0,0,0,0,19.884,0,0,0,0,1.6025
6,205,6.622,45.787,2853.4,2.1028,0,0,0,0,0,0,0,0,0,16.495,0,0,0,0,0.11447
6,205,6.622,45.787,2853.4,0.18288,0,0,0,0.021905,0,0,0,0,0,0.78303,0,0,0,0,1.1447
6,205,6.622,45.787,2853.4,0.14191,0,0,0,0,0,0,0,0,0,0.072463,0,0,0,0,0.68681
6,205,6.622,45.787,2853.4,0.22101,0,0,0.89655,0,0,0,0,0,0,13.2,0,0,0,0,0
6,205,6.622,45.787,2853.4,0.74447,0,0,0,0,0,0,0,0,0,0.89874,0,0,0,0,5.2655
6,205,6.622,45.787,2853.4,7.4608,0,0,0,0,0,0,0,0,0,0.15843,0,0,0,0,0.11447
6,205,6.622,45.787,2853.4,9.4817,0,0,0,0,0,0,0,0,0.056957,0.89874,0,0,0,0,1.1447
6,205,6.622,45.787,2853.4,0.035363,0,0,0,0,0,19.66,0,0,0,0.62815,0,0,0,0,0.11447
6,205,6.622,45.787,2853.4,0.29689,0,0,0,0,0,0,0,0,0,0.1317,0,0,0,0,0
6,205,6.622,45.787,2853.4,0,0,0,0.008339,0,0.039519,0,0,0,0,0.072463,0,0,0,0,0.11447
6,205,6.622,45.787,2853.4,3.2092,0,0,0,0,0,0,0,0,0.73557,1.4169,0,0,0,0,9.8442
6,205,6.622,45.787,2853.4,4.9225,0,0,0,0.005737,0,0,0,0,0,0.086791,0,0,0,0,0
6,205,6.622,45.787,2853.4,0.08363,0,0,0,0,0.011754,0.13028,0,0,0,16.495,0,0,0,0,1.1447
6,205,6.622,45.787,2853.4,6.8951,0,0,0,12.824,0,0,0,0,0,3.6687,0,0,0,0,0.68681
6,205,6.622,45.787,2853.4,0,0,0,0,0,0.00644,0,0,0,0,6.6447,0,0,0,0,0
6,205,6.622,45.787,2853.4,10.183,0,0,0,0.00644,0.064736,0,0,0,0,3.0821,0,0,0,0,2.0604
6,205,6.622,45.787,2853.4,0,0,0,0,0,0,0,0,0,0,0.32655,0,0,0,0,0.68681
6,205,6.622,45.787,2853.4,0.47616,0,0,0,0,0,15.435,0,0,0,0.072463,0,0,0,0,5.2655
6,205,6.622,45.787,2853.4,27.28,0,0,0,0,0.21316,0,0,0,0,0.78303,0,0,0,0,7.5549
6,205,6.622,45.787,2853.4,1.8992,0,0,0,0,0,0,0,0,0,2.6155,0,0,0,0,0
6,205,6.622,45.787,2853.4,0.13313,0,0,0,0,0,0,0,0,0.65812,2.3252,0,0,0,0,1.1447
6,205,6.622,45.787,2853.4,0.008333,0,0,0,0,0,0,0,0,0,1.7269,0,0,0,0,3.0906
6,205,6.622,45.787,2853.4,0.068683,0,0,0,0,0.0098678,0.13028,0,0,0,0.072463,0,0,0,0,3.434
6,205,6.622,45.787,2853.4,0.021904,0,0,0.80988,0,0.008333,0,0,0,0,6.4637,0,0,0,0,0.68681
6,205,6.622,45.787,2853.4,0.065401,0,0,0,0,0,0,0,0,0,0.27752,0,0,0,0,0
6,205,6.622,45.787,2853.4,2.6202,0,0,0,0,0,0,0,0,0,0.16445,0,0,0,0,0
7,206,1,109.27,6809.4,0,0,0,0,0,0,0,0,0,0,3.7404,0,0,0,0,0
7,206,1,109.27,6809.4,0,0,0,0,0,0,0.10863,0,0,0,0.072463,0,0,0,0,0
7,206,1,109.27,6809.4,0,0,0,49.347,0,0,0,0,0,0,1.6706,0,0,0,0,0
8,207,1,87.072,5426.2,0,0,0,0,0,0,0,0,0,0,3.6687,0,0,0,0,0
9,208,5.696,117.48,7321.1,0,0,0,0,0,0,0,0,0,0,0.21574,0,0,0,0,0
9,208,5.696,117.48,7321.1,0,0,0,0,0,0,0,0,0,0,1.86,0,0,0,0,0
9,208,5.696,117.48,7321.1,0,0,0,0,0,1.3945,0,0,0,0,1.059,0,0,0,0,0
9,208,5.696,117.48,7321.1,0,0,0,0,0,0,0,0,0,0,0.33671,0,0,0,0,0
9,208,5.696,117.48,7321.1,0.44828,0,0,0,0.002102,0,0,0,0,0,0.072463,0,0,0,0,0
9,208,5.696,117.48,7321.1,0,0,0,2.956,0,0,0,0,0,0,0.072463,0,0,0,0,0
9,208,5.696,117.48,7321.1,1.3609,0,0,0.000234,0,0,0,0,0,0,6.937,0,0,0,0,0
9,208,5.696,117.48,7321.1,2.7551,0,0,0,0,0,0.1009,0,0,0,19.922,0,0,0,0,0
9,208,5.696,117.48,7321.1,0.008333,0,0,0.017564,0,0,0,0,0,0,0.62815,0,0,0,0,0
9,208,5.696,117.48,7321.1,0.1013,0,0,5.8761,0,0,0,0,0,0,0.072463,0,0,0,0,0
9,208,5.696,117.48,7321.1,4.1455,0,0,0,0,0,0.10863,0,0,0,0.072463,0,0,0,0,0.29369
9,208,5.696,117.48,7321.1,0.010477,0,0.008333,2.1098,0,0,0,0,0,0,0.072463,0,0,0,0,0
9,208,5.696,117.48,7321.1,0,0,0,0.07067,0,0.070877,0,0,0,0,0.32655,0,0,0,0,0.29369
9,208,5.696,117.48,7321.1,0.87416,0,0,0.80154,0,0,13.371,0,0,0,0.48881,0,0,0,0,0.29369
9,208,5.696,117.48,7321.1,0,0,0,6.3e-05,0,0,16.672,0,0,0,0.072463,0,0,0,0,1.7622
9,208,5.696,117.48,7321.1,0,0,0.0052205,0,0,0.017177,0,0,0,0,2.6841,0,0,0,0,4.1117
9,208,5.696,117.48,7321.1,0.011786,0,0,0,0,0,0,0,0,0,0.13039,0,0,0,0,0.29369
9,208,5.696,117.48,7321.1,4.2437,6.0506,0,0,0,0,0,0,0,0,0.072463,0,0,0,0,0
9,208,5.696,117.48,7321.1,5.1262,0,0,0.1528,0,0,0.13028,0,0,0,14.637,0,0,0,0,5.2865
9,208,5.696,117.48,7321.1,1.161,0,0.008333,14.054,0,2.302,0,0,0,0,3.6687,0,0,0,0,1.7622
9,208,5.696,117.48,7321.1,1.3476,0,0,0,0,0,0,0,0,0,0.072463,0,0,0,0,2.9369
9,208,5.696,117.48,7321.1,1.7028,0,0,0.011443,0,0.061297,0.13028,0,0,0.68445,0.072463,0,0,0,0,2.9369
9,208,5.696,117.48,7321.1,4.7483,0,0,0,0,0,0,0,0,0,0.1331,0,0,0,0,0
9,208,5.696,117.48,7321.1,0.007984,0,0.87254,0,0,0,0,0,0,0,11.144,0,0,0,0,0
9,208,5.696,117.48,7321.1,6.9629,0,0,0.60816,0,0,0.10863,0,0,0,0.072463,0,0,0,0,0
9,208,5.696,117.48,7321.1,0.021802,0,0,0,0,0,0,0,0,0,0.072463,0,0,0,0,0
9,208,5.696,117.48,7321.1,11.025,0,0,0,0,0,56.551,0,0,0,6.7334,0,0,0,0,12.335
9,208,5.696,117.48,7321.1,0,0,0,0,0,0,0.13028,0,0,0,2.3252,0,0,0,0,0.29369
9,208,5.696,117.48,7321.1,2.7947,0,0,0,0,0,11.83,0,0,0,18.985,0,0,0,0,0
9,208,5.696,117.48,7321.1,1.567,0,0,0,0,0.011048,0,0,0,0,13.16,0,0,0,0,0
9,208,5.696,117.48,7321.1,5.4973,0,0.002868,0.15901,0,0,0,0,0,3.8737,4.729,0,0,0,0,0
9,208,5.696,117.48,7321.1,0.061753,0,0,14.444,0,0,0,0,0,0,0.072463,0,0,0,0,0
9,208,5.696,117.48,7321.1,0.024958,0,0,0,0,0,0,0,0,0,0.072463,0,0,0,0,0
9,208,5.696,117.48,7321.1,0.001397,0,0,0,0,0.37405,0,0,0,0,2.4191,0,0,0,0,0
9,208,5.696,117.48,7321.1,3.1609,0,0.14472,0,0,0,20.334,0,0,4.212,41.799,0,0,0,0,0
9,208,5.696,117.48,7321.1,0.18877,0,0,0,0,0,0,0,0,0,6.6447,0,0,0,0,0
9,208,5.696,117.48,7321.1,0.001205,0,0,0,0,0,16.762,0,0,0,0.072463,0,0,0,0,0
9,208,5.696,117.48,7321.1,0.003127,0,0,0,0,0,0,7.7061,0,0,0.072463,0,0,0,0,0
9,208,5.696,117.48,7321.1,1.0737,0,0,0.077748,0,0,0.021726,0,0,0,0.072463,0,0,0,0,0
9,208,5.696,117.48,7321.1,0,0,0,0,0,0,0,0,0,0,0.072463,0,0,0,0,0
9,208,5.696,117.48,7321.1,0.18288,0,0,0.80219,0,0,0,0,0,0.18086,0.072463,0,0,0,0,4.1117
9,208,5.696,117.48,7321.1,0.76029,0,0,0,0,0,0,0,0,0,0.13731,0,0,0,0,0
9,208,5.696,117.48,7321.1,0.014422,0,11.817,0,0,0,0,0,0,0,16.626,0,0,0,0,0
9,208,5.696,117.48,7321.1,0.33728,0,0,0,0,0,0.13028,0,0,0,13.397,0,0,0,0,0
9,208,5.696,117.48,7321.1,0,0,0,0.021881,0,0.008333,0,0,0,0,0.072463,0,0,0,0,111.6
9,208,5.696,117.48,7321.1,0,0,0,0,0,0,0.093171,0,0,0,0.072463,0,0,0,0,0
9,208,5.696,117.48,7321.1,36.494,0,0,0,0,0,0,0,0,0,2.3252,0,0,0,0,0
9,208,5.696,117.48,7321.1,3.0427,0,0,0,0,0.008333,0,0,0,0,0.35299,0,0,0,0,0
9,208,5.696,117.48,7321.1,0.002139,0,0.14045,0.62177,0,0,0,0,0,0,51.294,0,0,0,0,0
9,208,5.696,117.48,7321.1,0,0,0,0,0,0,0,0,0,0,0.072463,0,0,0,0,0
9,208,5.696,117.48,7321.1,0.26,0,0,0,0,0,0.13028,0,0,0,0.13226,0,0,0,0,0
9,208,5.696,117.48,7321.1,0.001463,0,0,0,0,0,0,0,0,0,1.1244,0,0,0,0,0
9,208,5.696,117.48,7321.1,0.0062716,0,0,0.61777,0,0,0.059897,0,0,0,0.88914,0,0,0,0,0
9,208,5.696,117.48,7321.1,0.008333,0,0,0,0.0088478,0,0,0,0,0,0.072463,0,0,0,0,0
9,208,5.696,117.48,7321.1,0.077038,0,0,0,0,0,0,0,0,0,0.134,0,0,0,0,0
9,208,5.696,117.48,7321.1,0,0,0,0,0,0,0,0,0,0,2.9188,0,0,0,0,2.9369
9,208,5.696,117.48,7321.1,5.4125,0,0,0,0,0,0.093171,0,0,0,1.7632,0,0,0,0,4.1117
9,208,5.696,117.48,7321.1,0,0,0,0.043623,2.0281,0,0,0,0,0,5.5039,0,0,0,0,0
9,208,5.696,117.48,7321.1,0,0,0,0,0,0.013193,0.059897,0,0,0,0.16445,0,0,0,0,0
9,208,5.696,117.48,7321.1,3.3972,0,0,0,1.9804,0,16.762,0,0,0,3.1286,0,0,0,0,0
9,208,5.696,117.48,7321.1,0,0,0,0,0,0,0,0,0,0,13.397,0,0,0,0,0
9,208,5.696,117.48,7321.1,0.90055,0,0,0.42887,0,0,0,0,0,36.785,0.11545,0,0,0,0,0
9,208,5.696,117.48,7321.1,0.53849,0,0,0.005239,0,0,0,0,0,0,0.072463,0,0,0,0,6.4613
9,208,5.696,117.48,7321.1,2.9934,0,0,0,0,0,0,0,0,0,1.9852,0,0,0,0,0
9,208,5.696,117.48,7321.1,0.87155,0,0,5.5106,0,0,0,0,0,0,0.31809,0,0,0,0,0
9,208,5.696,117.48,7321.1,0,0,0.008333,0,0,0.008333,0,0,0,0,0.56339,0,0,0,0,2.9369
9,208,5.696,117.48,7321.1,7.5965,0,0,0,0.020096,0,0,0,0,0,0.072463,0,0,0,0,8.8108
9,208,5.696,117.48,7321.1,1.8048,0,0,0,0,0,0,0,0,0.056957,1.5769,0,0,0,0,2.9369
9,208,5.696,117.48,7321.1,3.9918,0,0,0,0,0,0,0,0,0,71.252,0,0,0,0,1.7622
9,208,5.696,117.48,7321.1,0,0,0,0.82887,0,0.013193,0.13028,0,0,0,0.072463,0,0,0,0,0
9,208,5.696,117.48,7321.1,0.008333,0,0,0,0,0,0,0.39168,0,0,0.072463,0,0,0,0,0
9,208,5.696,117.48,7321.1,0.008333,0,0,0,0,0,0.13028,0,0,0,0.072463,0,0,0,0,0
9,208,5.696,117.48,7321.1,0.98352,0,0,0.12372,0,0.0083909,0,0,0,0,0.52131,0,0,0,0,0
9,208,5.696,117.48,7321.1,0.98352,0,0,1.7189,0,0,4.0714,0,0,0,0.072463,0,0,0,0,0
9,208,5.696,117.48,7321.1,4.0743,0,0,2.388,0,0,0,0,0,0,1.1196,0,0,0,0,0
9,208,5.696,117.48,7321.1,37.308,0,0,1.8525,0,0,0,0,0,0,0.072463,0,0,0,0,14.685
9,208,5.696,117.48,7321.1,0.24349,0,0,0,0,0.008333,0,0,0,0,0.072463,0,0,0,0,0
9,208,5.696,117.48,7321.1,0,0,0,0,0,0,0,0,0,0,0.072463,0,0,0,0,0
9,208,5.696,117.48,7321.1,0.090576,0,0,0,0,0,0,0,0,0,0.072463,0,0,0,0,1.7622
9,208,5.696,117.48,7321.1,0.010201,0,0,0,12.293,0,0,0,0,0,3.3687,0,0,0,0,0
9,208,5.696,117.48,7321.1,22.603,0,0,2.2995,0,0,0,0,0,0,0.072463,0,0,0,0,0
9,208,5.696,117.48,7321.1,0.45502,0,0,0,0,0,3.8394,0,0,0,0.78885,0,0,0,0,0
9,208,5.696,117.48,7321.1,0,0,0,0,0,0,0,0,0,0,2.3219,0,0,0,0,0
9,208,5.696,117.48,7321.1,48.626,0,0.023662,0,0,0,15.412,0,0,0,0.20357,0,0,0,0,4.1117
9,208,5.696,117.48,7321.1,0.13895,0,0,0,0,0,0,0,0,0,0.072463,0,0,0,0,0
9,208,5.696,117.48,7321.1,9.3082,0,0,0,0,0.00315,0,0,0,21.917,0.072463,0,0,0,0,0
9,208,5.696,117.48,7321.1,0.003416,0,0,0,0,0,0.021726,0,0,0,0.072463,0,0,0,0,0
9,208,5.696,117.48,7321.1,0.066266,0,0,0,0,0,0,0,0,0,0.072463,0,0,0,0,4.1117
9,208,5.696,117.48,7321.1,0,0,0,0,0,0,0,0,0,0,1.1327,0,0,0,0,0
9,208,5.696,117.48,7321.1,0,0,0,0,0,0,0,0,0,0,2.9989,0,0,0,0,25.258
9,208,5.696,117.48,7321.1,19.242,0,0,0,0,0,0,0,0,0,0.072463,0,0,0,0,0
9,208,5.696,117.48,7321.1,0.005239,0,0,0.002508,0,0,0,0,0,0,12.207,0,0,0,0,0
9,208,5.696,117.48,7321.1,22.186,0,0,0,0,0,61.399,0,0,0,0.072463,0,0,0,0,0
9,208,5.696,117.48,7321.1,58.311,0,0,0.00043,0,0,0,0,0,0,0.072463,0,0,0,0,0
9,208,5.696,117.48,7321.1,0.00052,0,0,0,0,0,29.211,0,0,0,26.814,0,0,0,0,0
9,208,5.696,117.48,7321.1,0,0,0,0.008333,0.0177,0,0,0,0,0.18355,21.049,0,0,0,0,0
9,208,5.696,117.48,7321.1,0,0,0,0.010671,0,0,0,0,0,0,5.7349,0,0,0,0,2.9369
9,208,5.696,117.48,7321.1,0.17013,0,0.87254,0,0,0,0,0,0,1.808,0.072463,0,0,0,0,0
9,208,5.696,117.48,7321.1,9.3082,0,0,0,0.002031,6.1953,0,0,0,0,28.485,0,0,0,0,1.7622
9,208,5.696,117.48,7321.1,0,0,0,0.021881,0,0,0.13028,0,0,1.808,0.34495,0,0,0,0,0
9,208,5.696,117.48,7321.1,0.030732,0,0.31819,0,0,0,0.42744,0,0,0,3.5581,0,0,0,0,2.9369
9,208,5.696,117.48,7321.1,1.0412,0,0,0,0,0,3.1285,0,0,0,0.072463,0,0,0,0,0
9,208,5.696,117.48,7321.1,1.007,0,0,0,0,0.011048,0.13028,0,0,0,0.43625,0,0,0,0,0
9,208,5.696,117.48,7321.1,0.35962,0,0,0,0.068946,0,0,0,0,0,0.98417,0,0,0,0,0
9,208,5.696,117.48,7321.1,0.2446,0,0,0.0055384,0,0,0,0,0,3.8254,8.4541,0,0,0,0,0
9,208,5.696,117.48,7321.1,0.008333,0,0,0,0,0,0,0,0,0,2.1163,0,0,0,0,0
9,208,5.696,117.48,7321.1,0,0,0,0,0,0,0,0,0,0,0.072463,0,0,0,0,0
9,208,5.696,117.48,7321.1,1.3476,0,0,0.000251,0,0,0,0,0,0,5.2094,0,0,0,0,0
9,208,5.696,117.48,7321.1,1.207,0,0,0,0,0,5.7069,0,0,0.44682,0.88605,0,0,0,0,2.9369
9,208,5.696,117.48,7321.1,0.11034,0,0,0,0,0,0.67845,0,0,0,0.072463,0,0,0,0,0
9,208,5.696,117.48,7321.1,2.7457,0,0,0,0,0,0,0,0,0,14.187,0,0,0,0,0
9,208,5.696,117.48,7321.1,5.4973,0,0,0,0,0,0,0,0,0.8932,0.072463,0,0,0,0,7.9297
9,208,5.696,117.48,7321.1,10.449,0,0,0,0,0,0,0,0,3.8254,0.072463,0,0,0,0,0
9,208,5.696,117.48,7321.1,0.00524,0,0,0.0053235,0,0,4.9077,0,0,0,0.072463,0,0,0,0,0
9,208,5.696,117.48,7321.1,0.00665,0,0,0,0,0,0,0,0,0.18355,0.072463,0,0,0,0,0
9,208,5.696,117.48,7321.1,0.64875,0,0,0,0,0.008333,30.642,0,0,0,0.072463,0,0,0,0,8.8108
9,208,5.696,117.48,7321.1,0.008333,0,0,0.016666,0,0.003932,0,0,0,0,0.13367,0,0,0,0,0
9,208,5.696,117.48,7321.1,0.0073941,0,0,0,0,0,0,0,0,0,1.6654,0,0,0,0,0
9,208,5.696,117.48,7321.1,1.8048,0,0,0.0090585,0,0,17.129,0,0,0,0.072463,0,0,0,0,0
9,208,5.696,117.48,7321.1,6.4023,0,0,0,0,0,0,0,0,0.27721,1.2647,0,0,0,0,0
9,208,5.696,117.48,7321.1,0.86178,0,0,0,0,0,0,0,0,0,1.5501,0,0,0,0,5.2865
9,208,5.696,117.48,7321.1,1.6861,0,0,0.12942,0,0,2.5567,0,0,0.056957,0.072463,0,0,0,0,0
9,208,5.696,117.48,7321.1,0.1013,0,0,0.003416,0.007148,0,0.093171,0,0,0,1.4363,0,0,0,0,0
9,208,5.696,117.48,7321.1,0.008333,0,0,0,0,0,0,0,0,0,13.426,0,0,0,0,0
9,208,5.696,117.48,7321.1,4.6706,0,0,0.016666,0,0,0,0,0,0,1.2954,0,0,0,0,0
9,208,5.696,117.48,7321.1,0,0,0,0,0,0,0,0,0,0,0.1331,0,0,0,0,4.1117
9,208,5.696,117.48,7321.1,0,0,0,0.030827,0,0,0.42744,0,0,0,0.072463,0,0,0,0,0
9,208,5.696,117.48,7321.1,0.12767,0,0,0,0,0,20.859,0,0,0.18355,2.4222,0,0,0,0,0
9,208,5.696,117.48,7321.1,0.008333,0,0,0,0,0,0.021726,0,0,0,0.33663,0,0,0,0,0
9,208,5.696,117.48,7321.1,0,0,0,0,0,0,0,0,0,0,0.13348,0,0,0,0,0
9,208,5.696,117.48,7321.1,10.823,0,0,0,0,0,0,0,0,0,3.7404,0,0,0,0,0.29369
9,208,5.696,117.48,7321.1,43.811,0,0,0.10925,0,0,0,0,0,0,0.072463,0,0,0,0,0
9,208,5.696,117.48,7321.1,0.0077391,0,0.003416,0.040531,0,0,0,0,0,0,14.187,0,0,0,0,0
9,208,5.696,117.48,7321.1,0,0,0,0,0,0,0,0,0,0,0.072463,0,0,0,0,0
9,208,5.696,117.48,7321.1,0.00824,0,0,0.003416,0,0,0,0,0,9.1622,0.072463,0,0,0,0,0
9,208,5.696,117.48,7321.1,0.020638,0,0,0,5.101,0.004143,0,0,0,0,39.746,0,0,0,0,0
9,208,5.696,117.48,7321.1,0.87011,0,0,0,0,0,0,0,0,0,0.072463,0,0,0,0,5.2865
9,208,5.696,117.48,7321.1,0.87552,0,0,0.000234,0.002741,0,0,0,0,0,0.072463,0,0,0,0,0
9,208,5.696,117.48,7321.1,0,0,0,8.8555,0,0,0,0,0,0,5.2662,0,0,0,0,0
9,208,5.696,117.48,7321.1,0.90902,0,0,0.28274,0,4.8314,0,0,0,0,1.7632,0,0,0,0,0
9,208,5.696,117.48,7321.1,0.027485,0,0,0,0.12446,0,0,0,0,0,8.2822,0,0,0,0,0
9,208,5.696,117.48,7321.1,0.35372,0,0,0,0,0,0,0,0,0,26.814,0,0,0,0,0
9,208,5.696,117.48,7321.1,0.33728,0,0,0.008333,0,0,0,0,0,0,2.1206,0,0,0,0,0
9,208,5.696,117.48,7321.1,0.0088426,0,0,0,0,0,0.13028,0,0,0,0.63867,0,0,0,0,0
9,208,5.696,117.48,7321.1,0,0,0,0,0.00043,0,0,0,0,0,0.072463,0,0,0,0,1.7622
9,208,5.696,117.48,7321.1,0.008333,0,0,0,0,0,0,0,0,0,2.192,0,0,0,0,0
9,208,5.696,117.48,7321.1,0.008333,0,0,0,0,0,0,0,0,0,0.56339,0,0,0,0,0
9,208,5.696,117.48,7321.1,0.32593,0,0,0,0,0.13945,0,0,0,0,10.804,0,0,0,0,0
9,208,5.696,117.48,7321.1,0.86799,0,0,0.008321,0,47.995,0.13028,0,0,0,1.3204,0,0,0,0,0
9,208,5.696,117.48,7321.1,0,0,0,0,0,0,0,0,0,0,0.072463,0,0,0,0,1.7622
9,208,5.696,117.48,7321.1,0.092503,0,0.51932,0,0,0,0,0,0,0,1.2862,0,0,0,0,0
9,208,5.696,117.48,7321.1,2.2046,0,0,0.00524,0,0,0,0,0,0,0.13101,0,0,0,0,0
9,208,5.696,117.48,7321.1,1.5722,0,0,0,0,0,0,0,0,0,3.4411,0,0,0,0,0
9,208,5.696,117.48,7321.1,0.18125,0,0,0,0,3.8588,0,0,0,21.917,0.29757,0,0,0,0,0
9,208,5.696,117.48,7321.1,0.035363,0,0,0,0,0,0,0,0,0,0.072463,0,0,0,0,0
9,208,5.696,117.48,7321.1,0,0,0,0.014258,0,0,19.738,0,0,0,3.6257,0,0,0,0,0
9,208,5.696,117.48,7321.1,0.008333,0,0,0.016669,0,0,0,0,0,0,0.13394,0,0,0,0,0
9,208,5.696,117.48,7321.1,0.077038,0,0,0,0,0,3.1285,0,0,0,6.3875,0,0,0,0,0
9,208,5.696,117.48,7321.1,0.13244,0,0,0,0,0.008333,0,0,0,0,0.072463,0,0,0,0,0
9,208,5.696,117.48,7321.1,2.6806,0,0,0,0,0,0.13028,0,0,0,2.2044,0,0,0,0,0
9,208,5.696,117.48,7321.1,8.3712,0,0,0,0,0,0,0,0,0,0.072463,0,0,0,0,0
9,208,5.696,117.48,7321.1,0.20346,0,0,0,0,0,0,0.016666,0,0,37.282,0,0,0,0,0
9,208,5.696,117.48,7321.1,6.5404,0,0.002344,4.4221,0.16162,0,0,0,0,16.378,0.43625,0,0,0,0,0
9,208,5.696,117.48,7321.1,0.011416,0,0,0.81046,0,0,0,0.029857,0,0,0.072463,0,0,0,0,6.4613
9,208,5.696,117.48,7321.1,0.01589,0,0,0.65897,0.010445,0.0023945,0,0,0,0,16.683,0,0,0,0,0
9,208,5.696,117.48,7321.1,0.40888,0,0,0,0,0,5.6062,0,0,0,0.37729,0,0,0,0,0
9,208,5.696,117.48,7321.1,0.60493,0,0,0,0,3.4183,0,0,0,0,2.1592,0,0,0,0,1.7622
9,208,5.696,117.48,7321.1,0,0,0,0,0,5.0867,0,0,0,0,0.8268,0,0,0,0,0
9,208,5.696,117.48,7321.1,0.01589,0,0,0.22723,5.6181,0,0,0,0,0,1.0076,0,0,0,0,4.1117
9,208,5.696,117.48,7321.1,2.7189,0,0,0,0,0,0,0,0,0,1.8818,0,0,0,0,2.9369
9,208,5.696,117.48,7321.1,0,0,0,0,0,0,0,0,0,0,9.2374,0,0,0,0,0
9,208,5.696,117.48,7321.1,0,0,0,0.001267,0,0,0,0,0,0,0.072463,0,0,0,0,0
9,208,5.696,117.48,7321.1,1.8682,0,0,1.2666,0,0,0.059897,0,0,0,0.072463,0,0,0,0,0
9,208,5.696,117.48,7321.1,1.4473,0,0,0,0,0,10.305,0,0,0,37.282,0,0,0,0,0
9,208,5.696,117.48,7321.1,0,0,0,0,0,0,0,0,0,0,25.166,0,0,0,0,0
9,208,5.696,117.48,7321.1,2.7457,0,0,0,0,0,0,0,0,0,9.9728,0,0,0,0,7.9297
9,208,5.696,117.48,7321.1,0.19588,0,0,0.60816,0,4.2586,0,0,0,0,3.6687,0,0,0,0,0
9,208,5.696,117.48,7321.1,0,0,0,0,0,0,0,0,0,0,2.7374,0,0,0,0,2.9369
9,208,5.696,117.48,7321.1,0,0,1.3769,0,0,0.091669,0,0,0,0,0.072463,0,0,0,0,0
9,208,5.696,117.48,7321.1,0,0,0,0,0,0.070877,0,0,0,0,0.072463,0,0,0,0,5.2865
9,208,5.696,117.48,7321.1,0.02573,0,0,0.29554,0,2.8714,0,0,0,0,0.072463,0,0,0,0,0
9,208,5.696,117.48,7321.1,0,0,0,0.013573,0,0,0.13028,0,0,0,0.072463,0,0,0,0,0
9,208,5.696,117.48,7321.1,0.002784,0,0,0,0,0,0,0,0,0,0.16445,0,0,0,0,0
9,208,5.696,117.48,7321.1,0.066266,0,0,0,0,0,0.13028,0,0,0,5.2088,0,0,0,0,2.9369
9,208,5.696,117.48,7321.1,0,0,0,0,0,0,32.495,0,0,0.91947,58.962,0,0,0,0,0
9,208,5.696,117.48,7321.1,0,0,0,0,1.5407,0,0,0,0,0,0.072463,0,0,0,0,0
9,208,5.696,117.48,7321.1,8.5759,0,0,0,0,0,0.60778,0,0,0,0.78303,0,0,0,0,0
9,208,5.696,117.48,7321.1,11.025,0,0,0.8187,0,0,0.13028,7.4577,0,0,4.5804,0,0,0,0,1.7622
9,208,5.696,117.48,7321.1,0,0,0,1.4317,0,0,0.13028,0,0,0,4.2046,0,0,0,0,5.2865
9,208,5.696,117.48,7321.1,0.86917,0,0,0.008332,0,0.008333,0.13028,0,0,0,0.21574,0,0,0,0,0
9,208,5.696,117.48,7321.1,0.13244,0,6.9188,0,2.7506,0,0,0,0,0.21027,0.89874,0,0,0,0,0
9,208,5.696,117.48,7321.1,0,0,0,0,0,0.0085488,0,0,0,0,11.144,0,0,0,0,0
9,208,5.696,117.48,7321.1,0,0,0,0,0,0,0.13028,0,0,0,5.2088,0,0,0,0,0
9,208,5.696,117.48,7321.1,2.8901,0,0,1.7189,0,0,0,0,0,1.0076,0.072463,0,0,0,0,0
9,208,5.696,117.48,7321.1,6.5404,0,0,0,0,0,0,0,0,0,0.49027,0,0,0,0,4.1117
9,208,5.696,117.48,7321.1,0.14191,0,2.1144,0,0,0.001267,0,0,0,0,0.29757,0,0,0,0,0
9,208,5.696,117.48,7321.1,0.008333,0,0,0,0,0.31205,0,0,0,1.261,1.9064,0,0,0,0,0
9,208,5.696,117.48,7321.1,7.2319,0,0,0,0,0,0,0,0,0,0.072463,0,0,0,0,1.7622
9,208,5.696,117.48,7321.1,9.9717,0,0,0.003309,0,0,20.643,0,0,0,0.1323,0,0,0,0,0
9,208,5.696,117.48,7321.1,34.934,0,0,0,0,0,0,0,0,0,0.15843,0,0,0,0,0
9,208,5.696,117.48,7321.1,5.3394,0,0,0,0,0,10.555,0,0,0,0.24115,0,0,0,0,0
9,208,5.696,117.48,7321.1,0,0,0,0,0,0,0,0.91175,0,0,0.072463,0,0,0,0,0
9,208,5.696,117.48,7321.1,0.46914,0,0,0,34.696,0,0,0,0,0,0.072463,0,0,0,0,4.1117
9,208,5.696,117.48,7321.1,0,0,0,0,0,0,0,0,0,0,1.2836,0,0,0,0,0
9,208,5.696,117.48,7321.1,0.13425,0,0,0,0,1.904,0,0,0,0,0.072463,0,0,0,0,11.16
9,208,5.696,117.48,7321.1,0.026793,0,0,0.003485,0,0,0.13028,0,0,0,0.56339,0,0,0,0,0
9,208,5.696,117.48,7321.1,0.028282,0,0,0,0,0.008333,0,0,0,0,0.086791,0,0,0,0,0
9,208,5.696,117.48,7321.1,0.006877,0,0,0,0,0.1663,0,0,0,0,0.77392,0,0,0,0,0
9,208,5.696,117.48,7321.1,0.0059826,0,0.008333,0,0,0,0,0,0,0,0.44804,0,0,0,0,0
9,208,5.696,117.48,7321.1,0.0083909,0,0,0,0,0,0,0,0,0,30.131,0,0,0,0,0
9,208,5.696,117.48,7321.1,0.012954,0,0,0.48691,0,0,0.60778,0,0,0,0.072463,0,0,0,0,0
9,208,5.696,117.48,7321.1,1.4112,0,0,0.093156,0,0.12321,0,0,0,0,0.072463,0,0,0,0,0
9,208,5.696,117.48,7321.1,0,0,0,0,0,0,0,0,0,0,4.6416,0,0,0,0,0
9,208,5.696,117.48,7321.1,0.021802,0,0,22.196,0,0.020937,56.886,0,0,0,5.8934,0,0,0,0,1.7622
9,208,5.696,117.48,7321.1,15.459,0,0,0,0,0,0,0,0,0.55196,5.5428,0,0,0,0,0
9,208,5.696,117.48,7321.1,0,0,0,0,0,0,0,0,0,0,0.15843,0,0,0,0,0
9,208,5.696,117.48,7321.1,0.92769,0,0,0.0087005,0,0.002874,0.13028,0,0,0,0.072463,0,0,0,0,0
9,208,5.696,117.48,7321.1,9.1487,0,0,0,0,0,0.021726,0,0,0,0.072463,0,0,0,0,0
9,208,5.696,117.48,7321.1,47.753,0,0,0,0.008333,0.00524,0,0,0,0,2.1541,0,0,0,0,0
9,208,5.696,117.48,7321.1,0,0,0,0,0,0,0,0,0,0,0.072463,0,0,0,0,7.9297
9,208,5.696,117.48,7321.1,0.0021839,0,0,0,0,0,0,0,0,0,0.75066,0,0,0,0,0
9,208,5.696,117.48,7321.1,0.044518,0,0.015713,0,0,0,0,0,0,0,2.9887,0,0,0,0,0
9,208,5.696,117.48,7321.1,37.308,0,0,3.3412,0.008333,0,0,0,0,0,7.2745,0,0,0,0,0
9,208,5.696,117.48,7321.1,0.008333,0,0,0,0,0,0,0,0,0,0.072463,0,0,0,0,0
9,208,5.696,117.48,7321.1,4.6396,0,0,5.3714,0,0,0.42744,0,0,0,0.75066,0,0,0,0,0
9,208,5.696,117.48,7321.1,0,0,0,0,0,0,20.643,0,0,0,0.13226,0,0,0,0,13.51
9,208,5.696,117.48,7321.1,0.02573,0,0,0,0,0,0,0,0,1.261,0.072463,0,0,0,0,0
9,208,5.696,117.48,7321.1,0.020638,0,0,0.002344,0,0,0,0,0,0,1.5078,0,0,0,0,5.2865
9,208,5.696,117.48,7321.1,7.2319,0,0,0.048829,0,0,0,0,0,0,0.89874,0,0,0,0,0
9,208,5.696,117.48,7321.1,0,0,0,0,0,0,0,0,0,0,0.072463,0,0,0,0,0.29369
9,208,5.696,117.48,7321.1,0.018174,0,0,0,0,0,0,0,0,16.378,0.086791,0,0,0,0,0
9,208,5.696,117.48,7321.1,0.14191,0,0,0.17714,0.00524,0,12.259,0,0,0,0.072463,0,0,0,0,0
9,208,5.696,117.48,7321.1,0.11034,0,0.008333,0.008333,1.4955,0,98.664,0,0,0.63421,0.072463,0,0,0,0,0
9,208,5.696,117.48,7321.1,0.007221,0,0,0,0.008333,0,0,0,0,0,0.072463,0,0,0,0,0
9,208,5.696,117.48,7321.1,0.012549,0,0,0.002868,0,0.10347,43.05,0,0,0,1.3204,0,0,0,0,4.1117
9,208,5.696,117.48,7321.1,0,0,0,0,2.6872,0,0,0,0,0,6.3875,0,0,0,0,2.9369
9,208,5.696,117.48,7321.1,71.447,0,0,0,0,0,0,0,0,0,5.1452,0,0,0,0,0
9,208,5.696,117.48,7321.1,5.9048,0,0,5.3819,0,0.004588,0,0,0,0,0.072463,0,0,0,0,0.29369
9,208,5.696,117.48,7321.1,0.6386,0,0,0,3.3862,0,0,0.92942,13.487,0,2.9989,0,0,0,0,0
9,208,5.696,117.48,7321.1,0.00524,0,0,0,0,0,0,0,0,0,0.072463,0,0,0,0,0
9,208,5.696,117.48,7321.1,0,0,0,0,0,0,0,0,0,0,3.2962,0,0,0,0,0
9,208,5.696,117.48,7321.1,0,0,0,0,0,0,0,0,0,0.72035,0.072463,0,0,0,0,0
9,208,5.696,117.48,7321.1,75.047,0,0,0,0,0,0,0,0,0,0.13302,0,0,0,0,0
9,208,5.696,117.48,7321.1,0,0,0,0.016666,0,0.003346,0,0.016668,0,0,0.11545,0,0,0,0,0
9,208,5.696,117.48,7321.1,0.007102,0,0,0,0,0,0,0,0,0,0.072463,0,0,0,0,0.29369
9,208,5.696,117.48,7321.1,0.39468,0,0,0.29554,0,0.008333,0.42744,0,0,0,0.072463,0,0,0,0,0
9,208,5.696,117.48,7321.1,0,0,0,30.748,0,0.008333,0,0,0,0,0.5281,0,0,0,0,6.4613
9,208,5.696,117.48,7321.1,4.9225,0,0,0.008341,0.008321,0,0.13028,0,0,0,3.6687,0,0,0,0,0
9,208,5.696,117.48,7321.1,0.008332,0,0,0,0,0,0,0,0,0,0.13615,0,0,0,0,0.29369
9,208,5.696,117.48,7321.1,0.008333,0,0,0,0,0,0,0,0,0,1.8818,0,0,0,0,0
9,208,5.696,117.48,7321.1,0.0083909,0,0.008333,0.004204,0,1.0944,0,0,0,0,0.072463,0,0,0,0,0
9,208,5.696,117.48,7321.1,0.033914,0,0,4.1126,0,6.1953,0,0,0,0,0.29757,0,0,0,0,0
9,208,5.696,117.48,7321.1,0.024628,0,0.55742,0,0,0,0,0,0,0,1.4938,0,0,0,0,0
9,208,5.696,117.48,7321.1,4.2437,0,0,0,0,0,0,0,0,0,19.884,0,0,0,0,0
9,208,5.696,117.48,7321.1,2.2882,0,0,0,0,0,0,0,0,0,2.7374,0,0,0,0,0
9,208,5.696,117.48,7321.1,47.753,0,0,0,0,0.081066,0,0,0,0,6.4445,0,0,0,0,0
9,208,5.696,117.48,7321.1,0.021552,0,0.009342,1.0546,0,0,29.211,0,0,0,0.072463,0,0,0,0,0
9,208,5.696,117.48,7321.1,2.7457,0,0,0,0,0.004588,0,0,0,0,18.672,0,0,0,0,0
9,208,5.696,117.48,7321.1,0,0,0,0,0,0,0,4.1821,0,0,12.205,0,0,0,0,0
9,208,5.696,117.48,7321.1,0.008335,0,0,0,0,1.7919,0.67845,0,0,0,3.4535,0,0,0,0,5.2865
9,208,5.696,117.48,7321.1,0.010201,0,0,0,0,0,0,0,0,0,3.5398,0,0,0,0,15.859
9,208,5.696,117.48,7321.1,0.015298,0,0,0,0,0,0,0,0,0,3.2962,0,0,0,0,4.1117
9,208,5.696,117.48,7321.1,0.31737,0,0.025625,0,0,0,0.67845,0,0,0,0.21272,0,0,0,0,5.2865
9,208,5.696,117.48,7321.1,0.046004,0,0,0,0,0,0,6.4897,0,0,0.072463,0,0,0,0,0
9,208,5.696,117.48,7321.1,3.1609,0,0,0.000376,0,0,0,0,0,0,7.6506,0,0,0,0,0
9,208,5.696,117.48,7321.1,0.59569,0,0,5.7049,0,0,0,0,0,0,0.072463,0,0,0,0,0
9,208,5.696,117.48,7321.1,0.024856,0,0,0.013573,0.0071798,0,30.531,0,0,0,1.2711,0,0,0,0,14.685
9,208,5.696,117.48,7321.1,6.3e-05,0,0,0.7299,1.3537,0,98.664,0,0,0,0.43066,0,0,0,0,2.9369
9,208,5.696,117.48,7321.1,0.0059107,0,0,1.632,0,0,8.5769,0,0,0,0.072463,0,0,0,0,0
9,208,5.696,117.48,7321.1,0.008333,0,0,1.7189,0,0,0,0,0,0,0.072463,0,0,0,0,0
9,208,5.696,117.48,7321.1,0.87678,0,0,0,0,0,0,0,0,0,31.416,0,0,0,0,0
9,208,5.696,117.48,7321.1,55.121,0,0,3.8236,0,0,0,0,0,0,0.072463,0,0,0,0,0
9,208,5.696,117.48,7321.1,11.348,0,0,0,0,0,0,0,0,0,3.4466,0,0,0,0,0
9,208,5.696,117.48,7321.1,0,0,0,0,0,0,0,0,0,0,0.13302,0,0,0,0,0
9,208,5.696,117.48,7321.1,0.19777,0,0,0,0.82104,0,0.002308,0,0,0.68445,3.3683,0,0,0,0,7.9297
9,208,5.696,117.48,7321.1,0.24323,0,0,1.632,0,0,0,0,0,0,7.1646,0,0,0,0,4.1117
9,208,5.696,117.48,7321.1,0.86178,0,0,0,0,0,0,0,0,0,1.4363,0,0,0,0,0
9,208,5.696,117.48,7321.1,0.87011,0,0,0,0,0.003468,0,0,0,0,0.072463,0,0,0,0,0
9,208,5.696,117.48,7321.1,0,0,0,0,0,0,0,0,0,0,9.4141,0,0,0,0,0
9,208,5.696,117.48,7321.1,0,0,0,0,0,0,0,0,0,0,0.072463,0,0,0,0,0
9,208,5.696,117.48,7321.1,0.48793,0.092627,0,0,0,0.008333,0,0,0,0,3.0821,0,0,0,0,0
9,208,5.696,117.48,7321.1,24.426,0,0.05501,0,0,0,2.859,0,0,0,53.47,0,0,0,0,0
9,208,5.696,117.48,7321.1,0.7041,0,0,0,0,0,0,0,0,0,0.13615,0,0,0,0,2.9369
9,208,5.696,117.48,7321.1,0.12028,0,0,0,0,0,0,0,0,0,2.4386,0,0,0,0,0
9,208,5.696,117.48,7321.1,0.005239,0,3.1129,0,0,0,0,0,0,0,2.4056,0,0,0,0,1.7622
9,208,5.696,117.48,7321.1,0.008335,0,0,0.37819,0,0,0,0,0,0,2.7374,0,0,0,0,0
9,208,5.696,117.48,7321.1,0,0,0,0,0,0,0,0,0,0,3.4535,0,0,0,0,0
9,208,5.696,117.48,7321.1,0,0,0,0.21246,0,0,0,0,0,0,5.6128,0,0,0,0,0
9,208,5.696,117.48,7321.1,0,0,0,7.9751,0,0,0,0,0,1.7864,0.63867,0,0,0,0,0.29369
9,208,5.696,117.48,7321.1,0.13425,0,0,49.709,0,0,0,0,0,0,3.9998,0,0,0,0,0
9,208,5.696,117.48,7321.1,3.0979,0,0,0,0,0,0,0,0,0,0.072463,0,0,0,0,0
9,208,5.696,117.48,7321.1,0.008333,0,0,0,0.09925,0,0,0,0,0,27.869,0,0,0,0,4.1117
9,208,5.696,117.48,7321.1,4.9225,0,0,0,0,0,0,14.049,0,0,0.10112,0,0,0,0,0
9,208,5.696,117.48,7321.1,0.046516,0,0,0,0.064969,0,0.60778,0,0,0,5.7426,0,0,0,0,0
9,208,5.696,117.48,7321.1,0.86917,0,0,0,0,0,0,0,0,0,28.485,0,0,0,0,2.9369
9,208,5.696,117.48,7321.1,0.86799,0,0,0,0,0,0,0,0,0,0.50614,0,0,0,0,1.7622
9,208,5.696,117.48,7321.1,0.37523,0,0,0,0,0,0,0,0,0,0.072463,0,0,0,0,1.7622
9,208,5.696,117.48,7321.1,0.0084135,0,0.008333,0,0,0,16.672,0,0,0,0.27752,0,0,0,0,0
9,208,5.696,117.48,7321.1,0.12499,0,0,0,0,0,0.059897,0,0,0,85.278,0,0,0,0,0
9,208,5.696,117.48,7321.1,8.3712,0,0,0,0,0,0,0,0,0,4.5076,0,0,0,0,0
9,208,5.696,117.48,7321.1,71.447,0,0,0,0,0,0.13028,0,0,0,0.072463,0,0,0,0,4.1117
9,208,5.696,117.48,7321.1,0.008333,0,0,0,0,0,0,0,0,0,0.072463,0,0,0,0,0
9,208,5.696,117.48,7321.1,0.007221,0,0,0,0,0,0,0,0,0,0.072463,0,0,0,0,0
9,208,5.696,117.48,7321.1,21.908,0,0,0,0,0,0,0,0,0,0.072463,0,0,0,0,0
9,208,5.696,117.48,7321.1,0.010677,0,0,0,0,0,0,0.40144,0,0,0.13226,0,0,0,0,0
9,208,5.696,117.48,7321.1,0,0,0,0,0,0,0.10863,0,0,0,0.79939,0,0,0,0,0
9,208,5.696,117.48,7321.1,0.008333,0,0,0,0,2.5558,0.10863,0,0,0,0.072463,0,0,0,0,0
9,208,5.696,117.48,7321.1,0.021908,0,0,0,0,0,0,0,0,0,0.072463,0,0,0,0,0
9,208,5.696,117.48,7321.1,0.71858,0,0,0.80519,0,0,0.059897,0,0,0,3.9998,0,0,0,0,0
9,208,5.696,117.48,7321.1,2.7457,0,0,0,0,0,0,0,0,0,0.58253,0,0,0,0,1.7622
9,208,5.696,117.48,7321.1,21.908,0,0,5.0801,0,0,0.76915,0,0,0,2.9171,0,0,0,0,0
9,208,5.696,117.48,7321.1,2.9279,0,0,0,0,0,0,0,0,0,0.072463,0,0,0,0,111.6
9,208,5.696,117.48,7321.1,0,0,0,0.0001025,0,0,0,0,0,0,0.49027,0,0,0,0,0
9,208,5.696,117.48,7321.1,0.023172,0,0,0.81046,0,0,0,0,0,0,7.6006,0,0,0,0,0.29369
9,208,5.696,117.48,7321.1,0.008333,0,0,0,0,0,0,0,0,0,0.13679,0,0,0,0,0
9,208,5.696,117.48,7321.1,0,0,0,0,0,0,25.244,0,0,0,6.11,0,0,0,0,4.1117
9,208,5.696,117.48,7321.1,4.1455,0,0,0,0,0,0,0,0,0,2.3219,0,0,0,0,0
9,208,5.696,117.48,7321.1,0.081023,0,0,0,0,0,0,0,0,0,4.5609,0,0,0,0,0
9,208,5.696,117.48,7321.1,0.008333,0,0,0,0,0,0,0,0,0,0.17677,0,0,0,0,0
9,208,5.696,117.48,7321.1,16.463,0,0,0,0,0,11.181,0,0,0,0.11545,0,0,0,0,0
9,208,5.696,117.48,7321.1,0,0,0.0094073,0,0,0,0,0,0,0,0.072463,0,0,0,0,0
9,208,5.696,117.48,7321.1,0.025,0,0,0,2.0827,0,0,0,0,0,0.072463,0,0,0,0,0
9,208,5.696,117.48,7321.1,2.7189,0,0.20118,0,0,0,0,0,0,0,0.072463,0,0,0,0,0
9,208,5.696,117.48,7321.1,0,0,0,0.008341,0,0,0,0,0,0,0.072463,0,0,0,0,0
9,208,5.696,117.48,7321.1,37.308,0,0,0,0,0,0,0,0,0,0.072463,0,0,0,0,4.1117
9,208,5.696,117.48,7321.1,0.17174,0,0,0,0,7.2276,0,0,0,0,5.101,0,0,0,0,0
9,208,5.696,117.48,7321.1,0.025,0,35.134,0.81536,0,2.7056,0,0,0,0,7.7869,0,0,0,0,0
9,208,5.696,117.48,7321.1,0,0,0.008333,0,0,0,0.10863,0,0,0,21.937,0,0,0,0,0
9,208,5.696,117.48,7321.1,0.011169,0,0,0,0,0,0,0,0,0,0.072463,0,0,0,0,6.4613
9,208,5.696,117.48,7321.1,1.2674,0,0,0,0,0,0,0,0,0,7.2745,0,0,0,0,5.2865
9,208,5.696,117.48,7321.1,0.00714,0,0,0,0,0,0,0,0,0,4.2991,0,0,0,0,0
9,208,5.696,117.48,7321.1,0.12028,0,0,0.81046,0,0,0,0,0,1.5859,32.545,0,0,0,0,0
9,208,5.696,117.48,7321.1,0,0,0,0,0,0,0,0,0,0,0.072463,0,0,0,0,0
9,208,5.696,117.48,7321.1,0,0,0,5.5106,0,0,0,0,0,0,0.072463,0,0,0,0,0
9,208,5.696,117.48,7321.1,9.7171,0,0,0,0,0.005202,0,0,0,0,0.50053,0,0,0,0,2.9369
9,208,5.696,117.48,7321.1,33.057,0,0,0,0,0,0,0,0,0,3.6687,0,0,0,0,0
9,208,5.696,117.48,7321.1,0.008333,0,0,1.4791,0,0.0068538,0,0,0,0,0.086791,0,0,0,0,0
9,208,5.696,117.48,7321.1,0,0,0,5.3714,0,0,0.59876,0,0,0,0.072463,0,0,0,0,0
9,208,5.696,117.48,7321.1,0.003932,0,0,0,0,0,0,0,0,0,0.072463,0,0,0,0,0
9,208,5.696,117.48,7321.1,15.459,0,0.002868,5.8761,0,0,0,0,0,0,1.7918,0,0,0,0,5.2865
9,208,5.696,117.48,7321.1,19.242,0,0,0,0,0,0,0,0,0,4.3915,0,0,0,0,0
9,208,5.696,117.48,7321.1,0.056259,0,0.013844,0,0,0,0.13028,0,0,13.788,0.072463,0,0,0,0,0
9,208,5.696,117.48,7321.1,71.447,0,0,0,0.1673,0,0,0,0,0,0.31337,0,0,0,0,0
9,208,5.696,117.48,7321.1,0.024856,0,0,0,0,0,0,0,0,0,0.072463,0,0,0,0,0
9,208,5.696,117.48,7321.1,0.60493,0,0.014822,0,0,0,97.067,0,0,0,4.2705,0,0,0,0,0
9,208,5.696,117.48,7321.1,0,0,0,0,0,0,0,0,0,0.76342,5.0082,0,0,0,0,0
9,208,5.696,117.48,7321.1,0,0,0,0,17.671,0,0.13028,0,0,0,85.278,0,0,0,0,0
9,208,5.696,117.48,7321.1,0.10639,0,0,0.0067551,0,0,0.13028,0,0,7.6506,0.072463,0,0,0,0,0
9,208,5.696,117.48,7321.1,0,0,0.049312,0,0,0,1.1738,0,0,0,12.207,0,0,0,0,1.7622
9,208,5.696,117.48,7321.1,0.003863,0,0,0,0,0.00052,0,0,0,0,0.88914,0,0,0,0,0
9,208,5.696,117.48,7321.1,0.008333,0,0,0,0,0,27.391,0,0,0,2.3337,0,0,0,0,0
9,208,5.696,117.48,7321.1,3.3972,0,0,0,0,0,0,0,0,0,0.072463,0,0,0,0,1.7622
9,208,5.696,117.48,7321.1,0.072383,0,0,0.009718,0,0,0,0,0,0,0.072463,0,0,0,0,1.7622
9,208,5.696,117.48,7321.1,0.86948,0,0,0,0,0.008335,0,0,0,3.8254,0.13054,0,0,0,0,0
9,208,5.696,117.48,7321.1,7.157,0,0,0,1.7224,0,15.435,0,0,0,0.072463,0,0,0,0,0
9,208,5.696,117.48,7321.1,0,0,24.591,0,0,13.947,0,0,0,0,0.072463,0,0,0,0,0
9,208,5.696,117.48,7321.1,0.86602,0,0,0,0,0,0,0,0,0,0.44185,0,0,0,0,0
9,208,5.696,117.48,7321.1,0,0,0,0,0,0,8.5769,0,0,0,3.6257,0,0,0,0,0
9,208,5.696,117.48,7321.1,0.091687,0,0,0,0,0,0,0,0,0,0.072463,0,0,0,0,8.8108
9,208,5.696,117.48,7321.1,0.86415,0,0,6.7195,0,0,0.13028,0,0,0,0.75066,0,0,0,0,0
9,208,5.696,117.48,7321.1,0,0,0,0,0,0.00829,0,0,0,0,0.072463,0,0,0,0,0
9,208,5.696,117.48,7321.1,5.1262,0,0,61.313,0,0,0,0,0,0,14.187,0,0,0,0,0
9,208,5.696,117.48,7321.1,0.8078,0,0,1.04,0,0,0,0,0,0,5.8934,0,0,0,0,0
9,208,5.696,117.48,7321.1,0,0,0,0,0.15898,0,0,0,0,0,8.4541,0,0,0,0,0
9,208,5.696,117.48,7321.1,0,0,0,0,0,0,0,0,0,0,1.208,0,0,0,0,0
9,208,5.696,117.48,7321.1,2.4901,0,0,0.008815,0.1673,0,0,0,0,0,0.072463,0,0,0,0,1.7622
9,208,5.696,117.48,7321.1,16.593,0,0,2.7053,0,0,0,0,0,0,5.955,0,0,0,0,1.7622
9,208,5.696,117.48,7321.1,3.0427,0,0,0,7.5878,4.5782,0.59876,0,0,0,0.072463,0,0,0,0,0
9,208,5.696,117.48,7321.1,2.1028,0,0,0,4.492,0,0,0,0,0,9.9728,0,0,0,0,0
9,208,5.696,117.48,7321.1,7.2891,0,0,0,0,0,0,0,0,0,0.072463,0,0,0,0,6.4613
9,208,5.696,117.48,7321.1,8.0139,0,0,0,0,0,0.13028,0,0,0,0.1323,0,0,0,0,0
9,208,5.696,117.48,7321.1,0,0,0,0,0,0,27.37,0,0,36.785,0.072463,0,0,0,0,0
9,208,5.696,117.48,7321.1,0.0067817,0,0,0,0,0,0,0,0,0,5.1452,0,0,0,0,4.1117
9,208,5.696,117.48,7321.1,6.3393,0,0,0,0,0,0,0,0,0,9.0272,0,0,0,0,1.7622
9,208,5.696,117.48,7321.1,0.39468,0,0,0,0,0,0.021726,0,0,0,8.9759,0,0,0,0,0
9,208,5.696,117.48,7321.1,0.69405,0,0,0,0,0,44.97,0,0,0,0.072463,0,0,0,0,0
9,208,5.696,117.48,7321.1,0,0,0,0,0,0,0,0,0,0,1.4024,0,0,0,0,0
9,208,5.696,117.48,7321.1,0.00021,0,0,0,0,0,0,0,0,0,0.13146,0,0,0,0,111.6
9,208,5.696,117.48,7321.1,2.2492,0,0,6.1009,0,0,0.021726,0,0,0.55196,1.6629,0,0,0,0,1.7622
9,208,5.696,117.48,7321.1,0.018715,0,0,0,0.025726,0,56.551,0,0,0.63421,2.6944,0,0,0,0,1.7622
9,208,5.696,117.48,7321.1,0,0,0.008333,0.90354,0,0,0,0,0,0,0.072463,0,0,0,0,0
9,208,5.696,117.48,7321.1,0,0,0,0,0,57.315,16.672,0,0,0.65812,0.072463,0,0,0,0,2.9369
9,208,5.696,117.48,7321.1,1.3476,0,0,0,0,0,76.126,0,0,0,8.9877,0,0,0,0,1.7622
9,208,5.696,117.48,7321.1,0.000716,0,0,0,0,0,0,0,0,0,2.4056,0,0,0,0,2.9369
9,208,5.696,117.48,7321.1,4.1153,0,0,0,0,0,0,0,0,0,2.0951,0,0,0,0,6.4613
9,208,5.696,117.48,7321.1,0.58786,0,0,38.12,0,0,0,0,0,0,0.21272,0,0,0,0,0
9,208,5.696,117.48,7321.1,0.000126,0,0,0.74134,0,0.6082,0,0,0,0,2.5972,0,0,0,0,0
9,208,5.696,117.48,7321.1,0,0,0,0,0,0,0.67845,0.01917,0,0,9.3601,0,0,0,0,0
9,208,5.696,117.48,7321.1,0.008584,0,0,0,0.007148,0.8497,0,0,0,0,31.416,0,0,0,0,0
9,208,5.696,117.48,7321.1,1.3736,0,0,1.7189,0,0,0,0,0,0,0.35299,0,0,0,0,0
9,208,5.696,117.48,7321.1,0,0,0,0,0,0,0,0,0,0,0.37335,0,0,0,0,0
9,208,5.696,117.48,7321.1,0,0,0,0,0,0,0,0,0,0,3.9028,0,0,0,0,6.4613
9,208,5.696,117.48,7321.1,2.7189,0,0,0,0,0,0,0,0,0,0.63695,0,0,0,0,0
9,208,5.696,117.48,7321.1,0,0,0,0.008409,0,0,0,0,0,0,0.15843,0,0,0,0,0
9,208,5.696,117.48,7321.1,0.011562,0,0,0,0,0.000376,0,0,0,0,2.4191,0,0,0,0,0
9,208,5.696,117.48,7321.1,2.8658,0,0.000716,0,0.00043,0.00524,0,0,0,0,0.072463,0,0,0,0,0
9,208,5.696,117.48,7321.1,2.0662,0,0,6.4365,0,0,0,0,0,0,4.729,0,0,0,0,21.733
9,208,5.696,117.48,7321.1,0,0,0.011562,0.80519,0,0,0,0,0,0,0.072463,0,0,0,0,0
9,208,5.696,117.48,7321.1,3.7991,0,0,3.1537,0,0,0,0,0,0,0.35902,0,0,0,0,0
9,208,5.696,117.48,7321.1,0.000254,0,0,0,0,0,0,0,0,0,0.072463,0,0,0,0,0
9,208,5.696,117.48,7321.1,0,0,0,0,0,0,0.40452,0,0,0.18355,0.072463,0,0,0,0,0
9,208,5.696,117.48,7321.1,67.875,0,0.008333,0,0,0,0,0,0,0,0.072463,0,0,0,0,0
9,208,5.696,117.48,7321.1,3.2092,0,0,0,0.46788,0.17467,0,0,0,0,0.072463,0,0,0,0,4.1117
9,208,5.696,117.48,7321.1,18.142,0,0,0,0,0,0,0,0,0,2.3219,0,0,0,0,5.2865
9,208,5.696,117.48,7321.1,0.011786,0,0,0,0,0.015347,0,0,0,0,1.0611,0,0,0,0,1.7622
9,208,5.696,117.48,7321.1,0,0,0.008333,0,0,0,0,0,0,0,0.072463,0,0,0,0,0
9,208,5.696,117.48,7321.1,0,0,37.669,20.543,0,0,0,0,0,0,0.13302,0,0,0,0,0
9,208,5.696,117.48,7321.1,0.0034665,0,0,0.002068,0,0,0,0,0,0,0.072463,0,0,0,0,4.1117
9,208,5.696,117.48,7321.1,0,0,0,7.9751,0,0.008335,0,0,0,0,0.072463,0,0,0,0,0
9,208,5.696,117.48,7321.1,0,0,0,0.41346,0,0,0,0,0,0,14.02,0,0,0,0,9.9856
9,208,5.696,117.48,7321.1,0.095736,0,0,0,0,0,0,0,0,0,5.2622,0,0,0,0,0
9,208,5.696,117.48,7321.1,0.022451,0,0,0,0,0,0,0,0,0,3.4936,0,0,0,0,0
9,208,5.696,117.48,7321.1,0,0,0,0,0,0,0.40452,0,0,0,0.072463,0,0,0,0,0
9,208,5.696,117.48,7321.1,0,0,0,0,0,0,0.42744,0,0,0,0.072463,0,0,0,0,0
9,208,5.696,117.48,7321.1,0,0,0,0,0,0,0.002308,0,0,0,0.072463,0,0,0,0,0
9,208,5.696,117.48,7321.1,11.703,0,0,0,0,0,0,0,0,0,0.072463,0,0,0,0,0
9,208,5.696,117.48,7321.1,0,0,0,0,0,0,0,0,0,0,0.13394,0,0,0,0,0
9,208,5.696,117.48,7321.1,0.6386,0,0,0,0,0.008333,0,0,0,0,0.072463,0,0,0,0,0
9,208,5.696,117.48,7321.1,0.002068,0,0,0,0,0,0,0,0,0,2.1586,0,0,0,0,0
9,208,5.696,117.48,7321.1,0.008333,0,0,0,0,0,0,0,0,0,2.3459,0,0,0,0,0
9,208,5.696,117.48,7321.1,0.005239,0,0,0,0,0,0.67053,0,0,0,19.922,0,0,0,0,0
9,208,5.696,117.48,7321.1,1.6334,0,0,0,0,0.002139,0,0,0,0,0.14865,0,0,0,0,0
9,208,5.696,117.48,7321.1,0.008333,0,0,0,0,0,0,0,0,0,4.729,0,0,0,0,0
9,208,5.696,117.48,7321.1,0.11699,0,0,0.048829,0,0,0.60778,0,0,0,1.8634,0,0,0,0,0
9,208,5.696,117.48,7321.1,9.1994,0,0,0,0,0,0,0,0,0,0.072463,0,0,0,0,0
9,208,5.696,117.48,7321.1,0.0067817,0,0,0,0,0,0,0,0,0,31.522,0,0,0,0,0
9,208,5.696,117.48,7321.1,0.88791,0,0,0,0,0,0,0,0,0,0.48889,0,0,0,0,2.9369
9,208,5.696,117.48,7321.1,0.1013,0,0,0,0,0,0,0,0,0,0.072463,0,0,0,0,0
9,208,5.696,117.48,7321.1,0,0,0,0,0,0,24.471,0,0,0,1.059,0,0,0,0,0
9,208,5.696,117.48,7321.1,0.00644,0,0,0,0,0.010107,0,0,0,0,16.977,0,0,0,0,0
9,208,5.696,117.48,7321.1,0.003465,0,0,0,2.0083,0,0,0,0,0,0.072463,0,0,0,0,5.2865
9,208,5.696,117.48,7321.1,0.39468,0,0,0,0,0,0,0,0,0,0.14411,0,0,0,0,0
9,208,5.696,117.48,7321.1,0.023466,0,0,0.007697,0,0,7.8874,0,0,0,5.537,0,0,0,0,0
9,208,5.696,117.48,7321.1,0.8691,0,0,0,0,0,0,0,0,0,0.67931,0,0,0,0,0
9,208,5.696,117.48,7321.1,0.0068538,0,0,0,0,0,0,0,0,0,0.3717,0,0,0,0,0
9,208,5.696,117.48,7321.1,0.0055919,0,0,0,0,0,0,0,0,0,9.0272,0,0,0,0,0
9,208,5.696,117.48,7321.1,0.031862,0,0,1.7639,0,0,0,0,0,0,0.63867,0,0,0,0,0
9,208,5.696,117.48,7321.1,1.8751,0,0,0,0,0,0,0,0,0,0.072463,0,0,0,0,2.9369
9,208,5.696,117.48,7321.1,75.047,0,0,0.00888,0,0.12321,0,0,0,0,0.072463,0,0,0,0,2.9369
9,208,5.696,117.48,7321.1,0.005006,0,0,0,0.94882,0.00829,0,0,0,0,5.6128,0,0,0,0,0
9,208,5.696,117.48,7321.1,18.142,0,0,0,0,0,0,0,0,0,22.868,0,0,0,0,6.4613
9,208,5.696,117.48,7321.1,6.3393,0,0,0,0,0,29.773,0,0,0,0.072463,0,0,0,0,0
9,208,5.696,117.48,7321.1,0,0,0,0,10.662,0,0.13028,0,0,0,0.094364,0,0,0,0,0
9,208,5.696,117.48,7321.1,0.003416,0,0,0,0,0,0,0,0,0,0.072463,0,0,0,0,0
9,208,5.696,117.48,7321.1,0.0091815,0,0,0,0,0,0,0,0,0,0.072463,0,0,0,0,0
9,208,5.696,117.48,7321.1,0.009734,0,0,0,0,0,13.042,0,0,0,1.5788,0,0,0,0,0
9,208,5.696,117.48,7321.1,16.593,0,0,1.1617,0,0,0,0,0,0,0.55863,0,0,0,0,0
9,208,5.696,117.48,7321.1,1.3876,0,0,0.016669,0,0,16.762,0,0,0,0.072463,0,0,0,0,0
9,208,5.696,117.48,7321.1,0,0,0,0,0,0,0,0,0,0,0.072463,0,0,0,0,1.7622
9,208,5.696,117.48,7321.1,8.1e-05,0,0,1.0004,0,0,0,0,0,0,0.072463,0,0,0,0,0
9,208,5.696,117.48,7321.1,0.000739,0,0,0,0,0,0.60778,0,0,0,13.2,0,0,0,0,0
9,208,5.696,117.48,7321.1,0.005714,0,0,1.7466,0,0,0,0,0,0,8.4541,0,0,0,0,4.1117
9,208,5.696,117.48,7321.1,0.008333,0,0,0.00644,0,0,0,0,0,0,3.7272,0,0,0,0,0
9,208,5.696,117.48,7321.1,0.008335,0,0,0,0,0,0,0,0,8.4961,5.0181,0,0,0,0,0
9,208,5.696,117.48,7321.1,0.87488,0,0,0,0,0,0.13028,0,0,0,5.7349,0,0,0,0,0
9,208,5.696,117.48,7321.1,1.3126,0,0,0.81848,0,0,0.13028,0,0,0,2.1163,0,0,0,0,0
9,208,5.696,117.48,7321.1,4.1455,0,0,0,0,0,25.567,0,0,0,0.072463,0,0,0,0,0
9,208,5.696,117.48,7321.1,0.008333,0,0,0,0,0.0067819,0,0,0,0,1.3043,0,0,0,0,2.9369
9,208,5.696,117.48,7321.1,0,0,0,0,0,0,0,0,0,0,9.0272,0,0,0,0,0
9,208,5.696,117.48,7321.1,1.161,0,0,0,0,0,0,0,0,0,0.072463,0,0,0,0,2.9369
9,208,5.696,117.48,7321.1,0.24323,0,0,0,0,0,0,0,0,0,2.0031,0,0,0,0,0
9,208,5.696,117.48,7321.1,0.091687,0,0,0,0,0,28.632,0,0,0,0.072463,0,0,0,0,0
9,208,5.696,117.48,7321.1,9.6445,0,0,0.008332,0,0.21316,0,0,0,0,7.6006,0,0,0,0,0
9,208,5.696,117.48,7321.1,0.008333,0,0,0,0,0,0,0,0,0,0.13158,0,0,0,0,0
9,208,5.696,117.48,7321.1,0.014921,0,0,0,0,0,3.5422,0,0,0,0.13786,0,0,0,0,0
9,208,5.696,117.48,7321.1,0.00676,0,28.548,0.016666,0,0,0,0,0,0,5.8591,0,0,0,0,4.1117
9,208,5.696,117.48,7321.1,0.94437,0,0,0,0,0,0,0.008333,0,1.1034,0.33671,0,0,0,0,0
9,208,5.696,117.48,7321.1,0,0,0,1.2987,0,0,0.67845,0,0,0.4212,5.0181,0,0,0,0,0
9,208,5.696,117.48,7321.1,0.8691,0,0,0,0,0,0,0,0,0,0.072463,0,0,0,0,0
9,208,5.696,117.48,7321.1,6.4023,0,11.817,0.14419,0.12446,0,0,0,0,1.5851,0.72803,0,0,0,0,0
9,208,5.696,117.48,7321.1,8.1e-05,0,0,0,0,0,0,0,0,0,0.37335,0,0,0,0,2.9369
9,208,5.696,117.48,7321.1,0.864,0,0,34.186,0,0,0.021726,0,0,0,0.072463,0,0,0,0,1.7622
9,208,5.696,117.48,7321.1,0.26973,0,0,0,0,0,0,0,0,0,0.37729,0,0,0,0,0
9,208,5.696,117.48,7321.1,0.20346,0,28.548,4.4772,0,0,0.021726,0,0,0,18.985,0,0,0,0,0
9,208,5.696,117.48,7321.1,0.018715,0,0,0,0,0,0,0,0,0,14.386,0,0,0,0,5.2865
9,208,5.696,117.48,7321.1,0.030732,0,0,0.80519,0,0,0,0,0,0,0.072463,0,0,0,0,0
9,208,5.696,117.48,7321.1,0,0,0,0,0.005225,0,0,0,0,0,2.4073,0,0,0,0,111.6
9,208,5.696,117.48,7321.1,6.8438,0,0,0,0,0,0,0,0,0,0.77392,0,0,0,0,0
9,208,5.696,117.48,7321.1,0.87781,0,0,0,0,0,0,0,0,0,3.6257,0,0,0,0,0
9,208,5.696,117.48,7321.1,3.4434,0,0,2.1098,0,0,0.008333,0,0,0,16.683,0,0,0,0,0
9,208,5.696,117.48,7321.1,14.068,0,0,0.58126,0,0,0,0,0,0,0.1331,0,0,0,0,1.7622
9,208,5.696,117.48,7321.1,0.48091,0,0,9.4149,0,0,0,0,0,0.056957,20.948,0,0,0,0,0
9,208,5.696,117.48,7321.1,17.426,0,0,0,0,0,0,0,0,0,4.2102,0,0,0,0,0
9,208,5.696,117.48,7321.1,20.262,0,0,0,0,0,0,0,0,0,0.072463,0,0,0,0,0.29369
9,208,5.696,117.48,7321.1,0.001436,0,0,0,0,0.0067709,0,0,0,0,0.8268,0,0,0,0,0
9,208,5.696,117.48,7321.1,0.00062,0,0,0,0,0,0,0,0,0.76342,0.48889,0,0,0,0,0
9,208,5.696,117.48,7321.1,0,0,0,0,0,1.3289,0,0,0,0,3.0465,0,0,0,0,0
9,208,5.696,117.48,7321.1,0.008336,0,0,0,0,0,0,0,0,0,0.072463,0,0,0,0,0
9,208,5.696,117.48,7321.1,0.11955,0,0,0,0,0,0,0,0,0,1.2711,0,0,0,0,0
9,208,5.696,117.48,7321.1,2.7551,0,0,0,0,0,0,0,0,0,0.23007,0,0,0,0,0
9,208,5.696,117.48,7321.1,1.2674,0,0,0,0,0.011048,10.007,0,0,7.8617,0.13348,0,0,0,0,6.4613
9,208,5.696,117.48,7321.1,0.71858,0,0,2.0133,0,0,0,0,0,0.91947,0.072463,0,0,0,0,0
9,208,5.696,117.48,7321.1,0.001292,0,0,0.041394,0,0.008333,0,0,0,0,53.47,0,0,0,0,8.8108
9,208,5.696,117.48,7321.1,0.00524,0,0,0.27214,0,0,0,0,0,0,0.98417,0,0,0,0,6.4613
9,208,5.696,117.48,7321.1,0.7905,0,0,0,0,0,0.13028,0,0,0,0.072463,0,0,0,0,0
9,208,5.696,117.48,7321.1,43.811,0,0,0,0,0.008333,0.13028,0,0,0,32.545,0,0,0,0,12.335
9,208,5.696,117.48,7321.1,0,0,0,0,0,0.00021,0,0,0,0,0.51662,0,0,0,0,0
9,208,5.696,117.48,7321.1,0.6386,0,0.001267,0.11533,0,0,0,0,0,0,4.2991,0,0,0,0,0
9,208,5.696,117.48,7321.1,0.08363,0,0.008333,0.077748,0,0,0,0,0,0,8.9759,0,0,0,0,0
9,208,5.696,117.48,7321.1,0.15893,0,0,0.41957,0,0.008333,0,0,0,0,0.072463,0,0,0,0,0
10,209,1,220.8,13760,0,0,0,0,0,0,0,0,0,0,0.70364,0.53311,0,0,0,0
10,209,1,220.8,13760,0,0,0.1805,0,4.1996,0.20459,0.22345,0,0,0,0.072463,1.6298,0,0,0,0
10,209,1,220.8,13760,1.8992,0,0,0,0,0,0,0,0,6.8425,0.072463,6.8528,0,0,0,0
11,210,1,175.95,10965,0.006701,0,0,0,0,0,0,0,0,0,2.2044,0,0,0,0,0
12,211,5.882,229.88,14326,0,0,0,0,0,0,0,0,0,0,1.8818,0,0,0,0,49.425
12,211,5.882,229.88,14326,0.008333,0,0,0.008333,0,0,0,0,0,0,0.072463,0,0,0,0,0
12,211,5.882,229.88,14326,0.00824,0,0,0.050371,0,0,0,0,0,0,0.34469,0,0,0,0,0
12,211,5.882,229.88,14326,1.3209,0,0,0,0,0,0,0,0,1.1822,5.2094,0,0,0,0,0
12,211,5.882,229.88,14326,0.008333,0,0,0.007328,0,0,0,0,0,0,0.1484,0,0,0,0,0.57471
12,211,5.882,229.88,14326,1.2422,0,0,0.016666,0,0,0,0,0,0,0.60909,0,0,0,0,0
12,211,5.882,229.88,14326,0,0,0,0.57901,0,0,0.40452,0,0,0,0.18612,0,0,0,0,0
12,211,5.882,229.88,14326,0.46388,0,0,0,0,0,0,0,0,0,2.0425,0,0,0,0,0
12,211,5.882,229.88,14326,0,0,0,0,0,3.1344,0,0,0,0,1.059,0,0,0,0,0
12,211,5.882,229.88,14326,0,0,0,11.525,0,0.008333,0,0,0,3.8737,0.072463,0,0,0,0,12.644
12,211,5.882,229.88,14326,2.7947,0,0,0,0,0,0,0,0,0,0.072463,0,0,0,0,0
12,211,5.882,229.88,14326,0.87416,0,0,1.4947,0,0,0,0,0,0,14.703,0,0,0,0,0
12,211,5.882,229.88,14326,7.2319,0,0,0,0,0,14.625,0,0,0,0.12893,0,0,0,0,0
12,211,5.882,229.88,14326,4.1455,0,0,0,0,0,21.229,0,0,0,0.072463,0,0,0,0,0
12,211,5.882,229.88,14326,11.956,0,0,0,0,0,12.183,0,0,0,0.072463,0,0,0,0,0
12,211,5.882,229.88,14326,0.061753,0,0,0,0,0,0,0,0,0,1.4024,0,0,0,0,3.4483
12,211,5.882,229.88,14326,0.004345,0,0,0,0,0,0,0,0,0,0.88605,0,0,0,0,0
12,211,5.882,229.88,14326,0,0,0,0,0,3.1344,0.13028,0,0,0,0.072463,0,0,0,0,0
12,211,5.882,229.88,14326,0.002784,0,0,0.008333,0,0.10347,0.13028,0,0,0,22.138,0,0,0,0,0
12,211,5.882,229.88,14326,0,0,0,0.016669,0,0,0,0,0,0,0.072463,0,0,0,0,0
12,211,5.882,229.88,14326,0.024085,0,0,0,0,0,0,0,0,0,0.52131,0,0,0,0,0
12,211,5.882,229.88,14326,1.5047,0,0,0.0001025,0,0.0055384,0.13028,0,0,0,0.072463,0,0,0,0,0
12,211,5.882,229.88,14326,20.262,0,0,1.7682,0,0,0,0,0,0.76342,1.2954,0,0,0,0,0
12,211,5.882,229.88,14326,0,0,0,0,0,0,0,0,0,0,0.17677,0,0,0,0,0
12,211,5.882,229.88,14326,0.00714,0,0,0,0,0,0,0,0,0,0.13302,0,0,0,0,0
12,211,5.882,229.88,14326,0.023413,0,0,0,0,0,0,0,0,0,7.5422,0,0,0,0,0.57471
12,211,5.882,229.88,14326,0.017738,0,0,0,0,0,0,0,0,1.057,0.072463,0,0,0,0,0
12,211,5.882,229.88,14326,0,0,0,0.7657,0,0,0,0,0,0,1.6654,0,0,0,0,0
12,211,5.882,229.88,14326,4.5628,0,0,0.80208,0,0,0,0,0,0,17.924,0,0,0,0,5.7471
12,211,5.882,229.88,14326,2.4323,0,0,0.82027,0,0.79687,0,0,0,0,0.072463,0,0,0,0,0
12,211,5.882,229.88,14326,0.048094,0,5.2086,0,0,0,18.534,0,0,0,0.072463,0,0,0,0,0
12,211,5.882,229.88,14326,0.002068,0,0,0,0,0,0,0,0,0,0.072463,0,0,0,0,0
12,211,5.882,229.88,14326,0.040561,0,0,0,0,0,0,0,0,1.057,19.922,0,0,0,0,0
12,211,5.882,229.88,14326,0.008333,0,0,0.000739,0,0.01101,0,0,0,0,4.6,0,0,0,0,0
12,211,5.882,229.88,14326,0.42165,0,0,35.16,0,0,0,0,0,0,3.0356,0,0,0,0,26.437
12,211,5.882,229.88,14326,0,0,0.16413,0,0,0,0,0,0,0,3.2549,0,0,0,0,0
12,211,5.882,229.88,14326,18.142,0,0,0,0,0,5.3035,0,0,0,0.072463,0,0,0,0,12.644
12,211,5.882,229.88,14326,140.11,0,0,0,0,0,0,0,0,0,30.131,0,0,0,0,0
12,211,5.882,229.88,14326,0.023413,0,0,0,0,0,20.548,0,0,0,0.072463,0,0,0,0,8.0459
12,211,5.882,229.88,14326,0.082061,0,0,0.29554,0,0,0,0,0,0,0.072463,0,0,0,0,0
12,211,5.882,229.88,14326,0.095736,0,0.003355,0,0,0,0,0,0,0,3.4466,0,0,0,0,0
12,211,5.882,229.88,14326,0.046004,0,0,0,0,0,0.13028,0,0,0,3.6491,0,0,0,0,3.4483
12,211,5.882,229.88,14326,23.281,0,0,0,0.00833,0.20459,0,0,0,0,14.703,0,0,0,0,0
12,211,5.882,229.88,14326,0.00524,0,0,0,0,0,21.229,0,0,0,0.072463,0,0,0,0,0
12,211,5.882,229.88,14326,0.00524,0,0,0,0,0,0.67053,0,0,0,0.072463,0,0,0,0,0
12,211,5.882,229.88,14326,1.2278,0,0,0,0,0,0,0,0,8.0476,0.072463,0,0,0,0,0
12,211,5.882,229.88,14326,0.022097,0,0,0,0,0,0.13028,0,0,0,26.307,0,0,0,0,0
12,211,5.882,229.88,14326,0,0,5.5872,0,0,0,32.495,0,0,5.6716,0.072463,0,0,0,0,10.345
12,211,5.882,229.88,14326,0.87488,0,0,5.5106,0,0,0.13028,0,0,0.18086,41.799,0,0,0,0,0
12,211,5.882,229.88,14326,0.12917,0,0,4.1539,0.00644,0,0.13028,0,0,0,1.2954,0,0,0,0,0
12,211,5.882,229.88,14326,1.2422,0,0,0,0,0,10.615,0,0,0,0.56072,0,0,0,0,49.425
12,211,5.882,229.88,14326,0.098957,0,0.008335,0,0,0,0,0,0,0,4.2848,0,0,0,0,0
12,211,5.882,229.88,14326,8.5759,0,0,0.36399,0,0,0,0,0,0,0.75032,0,0,0,0,3.4483
12,211,5.882,229.88,14326,2.6806,0,0,0,0,0,0,0,0,0,0.5196,0,0,0,0,0
12,211,5.882,229.88,14326,0.028282,0,52.58,0,0.064969,0,0,0,0,0,85.278,0,0,0,0,0
12,211,5.882,229.88,14326,0.000254,0,0,0.001009,0.01111,0,0,0,0,0,0.072463,0,0,0,0,0
12,211,5.882,229.88,14326,0.00021,0,0,0.68661,0,0,0,0,0,0,2.7638,0,0,0,0,5.7471
12,211,5.882,229.88,14326,0,0,0,0.003346,0.004143,26.894,0,0,0,0,0.43066,0,0,0,0,0
12,211,5.882,229.88,14326,0,0,0,1.1617,0,0,0,0,0,0,0.072463,0,0,0,0,0
12,211,5.882,229.88,14326,0.48091,0,0,0,0,3.1344,0.13028,0,0,0,28.485,0,0,0,0,0
12,211,5.882,229.88,14326,0,0,0.003416,0,0,0,0.60778,0,0,0,5.5039,0,0,0,0,0
12,211,5.882,229.88,14326,0,0,0,20.543,0,0.014592,0.59876,0,0,0,0.072463,0,0,0,0,0
12,211,5.882,229.88,14326,0,0,0,0,0,0,0,0,0,0,0.086791,0,0,0,0,0
12,211,5.882,229.88,14326,0.8452,0,1.6555,0,0,0,30.195,0,0,0,21.049,0,0,0,0,0
12,211,5.882,229.88,14326,0.003485,0,5.7829,0.018451,0,0,0,0,0,0,0.62815,0,0,0,0,12.644
12,211,5.882,229.88,14326,6.8951,0,0.29642,0,0,0,0,0,0,0,0.072463,0,0,0,0,0
12,211,5.882,229.88,14326,37.308,0,0,0,14.221,0.0262,0,0,0,0,20.948,0,0,0,0,0
12,211,5.882,229.88,14326,0.0082878,0,0,0,0.021735,0,0,0,0,36.785,0.072463,0,0,0,0,0
12,211,5.882,229.88,14326,1.8751,0,0,0,0,0,0,0,0,0,9.3997,0,0,0,0,0
12,211,5.882,229.88,14326,9.1487,0,0,0,0,0.008333,0,0,0,0,0.13394,0,0,0,0,0
12,211,5.882,229.88,14326,0.31144,0,0,0,0,0,0,0,0,0,0.072463,0,0,0,0,0
12,211,5.882,229.88,14326,0.97362,0,0,0,0,0.008333,0,0,0,1.057,1.1456,0,0,0,0,0
12,211,5.882,229.88,14326,3.0745,0,0,0,0,0,0,0,0,0,20.948,0,0,0,0,0
12,211,5.882,229.88,14326,0.011562,0,0.64224,0.008333,0,0,0,0,0,0,0.43625,0,0,0,0,12.644
12,211,5.882,229.88,14326,4.7059,0,0,0,0,0,0.13028,0,0,0,3.6491,0,0,0,0,5.7471
12,211,5.882,229.88,14326,0,0,0,0,0,0.22953,132.95,0,0,0,0.086791,0,0,0,0,15.517
12,211,5.882,229.88,14326,16.463,0,0,0,0,0,0,0,0,0,4.2046,0,0,0,0,5.7471
12,211,5.882,229.88,14326,3.1609,0,0,0,0,0,0,0,0,0,1.0897,0,0,0,0,0
12,211,5.882,229.88,14326,2.2492,0,0,0,0,0,0,0,0,0,0.17677,0,0,0,0,0
12,211,5.882,229.88,14326,0.008336,0,0,0.0078558,0,0.008333,52.068,0,0,0,0.13649,0,0,0,0,0
12,211,5.882,229.88,14326,0,0,0,0,0,0,28.381,0,0,0,0.072463,0,0,0,0,0
12,211,5.882,229.88,14326,5.4125,0,0,0,0,0,0,0,0,0,0.072463,0,0,0,0,0
12,211,5.882,229.88,14326,0.29689,0,0,0,0,0.0085488,0,0,0,0,5.6128,0,0,0,0,0
12,211,5.882,229.88,14326,0.87011,0,0,0.000172,0,0,0.60778,0,0,0.76342,0.13225,0,0,0,0,0
12,211,5.882,229.88,14326,0.08363,0,0,0.002868,0,0,0,0,0,0,0.072463,0,0,0,0,0
12,211,5.882,229.88,14326,0,0,0,0,0,0,0.60778,0,0,0,5.1874,0,0,0,0,5.7471
12,211,5.882,229.88,14326,19.242,0,0,0,0,0,0,0,0,0,7.2936,0,0,0,0,0
12,211,5.882,229.88,14326,6.0317,0,0,0,0,0.003539,0,0,0,0,0.072463,0,0,0,0,0
12,211,5.882,229.88,14326,0,0,0,0.44563,0,0,0,0,0,0,2.192,0,0,0,0,0
12,211,5.882,229.88,14326,5.0782,0,0,3.5745,0,0,0,0,0,1.0245,0.072463,0,0,0,0,0
12,211,5.882,229.88,14326,0,0,0,25.827,0,0,0,0,0,0,12.122,0,0,0,0,0
12,211,5.882,229.88,14326,0.005239,0,0,0,0,0,0,0,0,13.788,0.072463,0,0,0,0,10.345
12,211,5.882,229.88,14326,0,0,0,0,0,0,0,0,0,0,2.9188,0,0,0,0,0
12,211,5.882,229.88,14326,5.5668,0,0,0,0.000126,0,0,0,0,0,18.07,0,0,0,0,0
12,211,5.882,229.88,14326,0.864,0,0,0,0,0.002874,0.13028,0,0,0,15.494,0,0,0,0,0
12,211,5.882,229.88,14326,0,0,0,1.7781,0,0,0,0,0,0,0.072463,0,0,0,0,0
12,211,5.882,229.88,14326,0,0,0,0,0,0,0,0,0,0,0.072463,0,0,0,0,0
12,211,5.882,229.88,14326,0.80876,0,0,0,0,0.0085488,0,0,0,0,0.072463,0,0,0,0,0
12,211,5.882,229.88,14326,0.003295,0,0,0,0,0,0.13028,0,0,0,0.072463,0,0,0,0,0
12,211,5.882,229.88,14326,0,0,0,0,0,0,0,0,0,0.18355,0.77377,0,0,0,0,3.4483
12,211,5.882,229.88,14326,0.010723,0,0,0,0,0,0.093171,0,0,0,2.1206,0,0,0,0,0.57471
12,211,5.882,229.88,14326,62.346,0,0,0,0,0,0,0,0,0,0.072463,0,0,0,0,0
12,211,5.882,229.88,14326,0.003173,0,0.26157,0,0.98774,0,0.13028,0,0,0,0.072463,0,0,0,0,0
12,211,5.882,229.88,14326,0.86935,0,0.002868,0,0,0,0,0,0,0,0.072463,0,0,0,0,0
12,211,5.882,229.88,14326,1.3609,0,0,1.2559,0,0,0,0,0,0,0.13306,0,0,0,0,0
12,211,5.882,229.88,14326,2.4696,0,0,2.6466,0,0.001463,0.008333,0,0,0,2.139,0,0,0,0,0
12,211,5.882,229.88,14326,0,0,0.013318,0,0,0,0,0,0,10.481,3.896,0,0,0,0,0
12,211,5.882,229.88,14326,0.46914,0,0.003821,0,12.824,0,0,0,0,0,0.072463,0,0,0,0,0
12,211,5.882,229.88,14326,0,0,0,58.671,0,0,4.8659,0,0,1.261,0.52131,0,0,0,0,0
12,211,5.882,229.88,14326,0.8753,0,0,0,0,0,0,0.73175,0,0,5.2088,0,0,0,0,0
12,211,5.882,229.88,14326,0.001463,0,0,0.003465,0,0,15.64,0,0,0,26.705,0,0,0,0,28.736
12,211,5.882,229.88,14326,0,0,0,0,0,0,0,0,0,0,21.593,0,0,0,0,0
12,211,5.882,229.88,14326,0.77402,0,0,0,0,0,0,0,0,0,0.17677,0,0,0,0,0
12,211,5.882,229.88,14326,43.811,0,0,0,0,0,0,0,0,0,0.072463,0,0,0,0,0
12,211,5.882,229.88,14326,0,0,0,19.3,0,2.771,0,0,0,0,2.4949,0,0,0,0,0
12,211,5.882,229.88,14326,0.10918,0,0,0,0,0,0,0,0,0,7.9623,0,0,0,0,0
12,211,5.882,229.88,14326,0,0,0,0,0,0,0,0,0,0,0.072463,0,0,0,0,0
12,211,5.882,229.88,14326,0.0088426,0,0,49.709,0,0,0.67053,0,0,0,1.8617,0,0,0,0,8.0459
12,211,5.882,229.88,14326,24.426,0,0,0,0,0,0,0,0,0,5.1874,0,0,0,0,0
12,211,5.882,229.88,14326,0,0,0,0,0,0,0,0,0,0,0.52131,0,0,0,0,0
12,211,5.882,229.88,14326,0.008335,0,0,24.461,0,2.771,61.211,0,0,7.6506,11.262,0,0,0,0,0
12,211,5.882,229.88,14326,2.0662,0,0,0,0,0,0.059897,0,0,0,0.072463,0,0,0,0,0
12,211,5.882,229.88,14326,0.31144,0,0,0,0,0,0,0,0,0,0.072463,0,0,0,0,5.7471
12,211,5.882,229.88,14326,110.33,0,0,0,0.008333,0,0,0,0,0,1.5411,0,0,0,0,0
12,211,5.882,229.88,14326,0,0,0,0,0,0,0.059897,0,0,0,1.9852,0,0,0,0,5.7471
12,211,5.882,229.88,14326,0.004143,0,0,0,0.001463,0.008333,8.7007,0,0,0,83.699,0,0,0,0,0
12,211,5.882,229.88,14326,0.8078,0,0,0,0,0,0.13028,0,0,0,7.3168,0,0,0,0,0
12,211,5.882,229.88,14326,10.296,0,0,0,0,0,0,0,0,0,7.5422,0,0,0,0,0
12,211,5.882,229.88,14326,0.001463,0,0,0,0,0,0,0,0,0,0.086791,0,0,0,0,0
12,211,5.882,229.88,14326,0.001436,0,0,0,0,0,0,0,0,0,0.14833,0,0,0,0,3.4483
12,211,5.882,229.88,14326,0.006701,0,0,0,0,0.6082,0,0,0,1.0167,0.072463,0,0,0,0,5.7471
12,211,5.882,229.88,14326,2.6536,0,0,0.21093,0,0,0,0,0,0,35.005,0,0,0,0,0
12,211,5.882,229.88,14326,0,0,0,0,0,0,0,0,0,0,8.755,0,0,0,0,0
12,211,5.882,229.88,14326,0,0,0,0,0.009056,0,0,0,0,0,24.623,0,0,0,0,0
12,211,5.882,229.88,14326,58.311,0,0,0,27.642,0,0,0,0,0,57.82,0,0,0,0,0
12,211,5.882,229.88,14326,0,0,0,0,0,0,0,0,0,0,1.7269,0,0,0,0,0
12,211,5.882,229.88,14326,0,0,0,0.081428,0,0,134.47,0,0,0,3.2962,0,0,0,0,0
12,211,5.882,229.88,14326,0.71858,0,0,0,0.002741,0,0,0,0,0,2.8119,0,0,0,0,0
12,211,5.882,229.88,14326,0.01467,0,0,0,0,0,0,0,0,0,0.086791,0,0,0,0,0
12,211,5.882,229.88,14326,11.025,0,0,35.16,0,2.8714,0,0,0,0,0.072463,0,0,0,0,8.0459
12,211,5.882,229.88,14326,24.921,0,0,0.00524,0,0,97.067,0,0,0.76777,0.072463,0,0,0,0,0
12,211,5.882,229.88,14326,0.49471,0,0,0,0,0,20.859,0.93244,0,0,0.072463,0,0,0,0,0
12,211,5.882,229.88,14326,4.9793,0,0,0,16.632,1.6553,0,0,0,0,1.4938,0,0,0,0,0
12,211,5.882,229.88,14326,0.095736,0,0,0,0,0,0,0,0,7.6506,3.7338,0,0,0,0,0
12,211,5.882,229.88,14326,1.2674,0,0,0,0,0,0,0,0,9.1202,0.072463,0,0,0,0,0
12,211,5.882,229.88,14326,0.003416,0,0,0,0,0,0,0,0,0,0.072463,0,0,0,0,0
12,211,5.882,229.88,14326,0.008335,0,0,0,0,0,0,0,0,0,2.1541,0,0,0,0,8.0459
12,211,5.882,229.88,14326,0,0,0,0,0,0.003822,0,0,0,0,0.072463,0,0,0,0,5.7471
12,211,5.882,229.88,14326,0,0,0,0,0,0.010107,0,0,0,0,8.2077,0,0,0,0,0
12,211,5.882,229.88,14326,0,0,0,0,0,0,0,0,0,0,1.2862,0,0,0,0,0
12,211,5.882,229.88,14326,0.86124,0,0,0.91497,0,0,49.932,0,0,0,7.9974,0,0,0,0,0
12,211,5.882,229.88,14326,9.3082,0,0,0.00328,0,0,53.389,0,0,0,0.63695,0,0,0,0,0
12,211,5.882,229.88,14326,56.451,0,0,0,0,0,27.275,0,0,0,0.32655,0,0,0,0,0
12,211,5.882,229.88,14326,221.66,0,0,0,0,0,0,0,0,0,0.072463,0,0,0,0,0
12,211,5.882,229.88,14326,0.15723,0,0,0,0,0,0,0,0,0.76777,0.072463,0,0,0,0,0
12,211,5.882,229.88,14326,0.12117,0,0,6.8381,0,0,0,0,0,0,0.072463,0,0,0,0,0
12,211,5.882,229.88,14326,0,0,0,0.001009,0,0,0,0,0,0.4212,2.453,0,0,0,0,10.345
12,211,5.882,229.88,14326,0.64875,0,0,0,0,0,0,0,0,0,1.7918,0,0,0,0,0
12,211,5.882,229.88,14326,0,0,0,0,0,0,0,0,0,0,1.0181,0,0,0,0,0
12,211,5.882,229.88,14326,0.024628,0,0,0,0.5883,0.00021,0.021726,0,0,0,0.072463,0,0,0,0,0
12,211,5.882,229.88,14326,0.16494,0,0,0.000716,0,0,0.13028,0,0,0,25.166,0,0,0,0,0
12,211,5.882,229.88,14326,0,0,0,0,0,0,0,0,0,36.785,0.072463,0,0,0,0,0
12,211,5.882,229.88,14326,0.018174,0,0,0,0,0.62964,3.3223,0,0,0,2.1541,0,0,0,0,0
12,211,5.882,229.88,14326,0,0,0,0.001493,13.466,0.011359,0,0.24704,0,0,1.2644,0,0,0,0,0
12,211,5.882,229.88,14326,0.63729,0,0,0,0,0,0,0,0,0,0.072463,0,0,0,0,0
12,211,5.882,229.88,14326,0,0,0,0,0,0,0,0,0,0,37.282,0,0,0,0,0
12,211,5.882,229.88,14326,0,0,0,5.0801,0,0,0,0,0,0,3.2549,0,0,0,0,0
12,211,5.882,229.88,14326,0.006456,0,0.0059417,0,0,0.17467,0,0.0090579,0,4.212,0.24539,0,0,0,0,0
12,211,5.882,229.88,14326,0,0,0,0,2.1375,0,0,0,0,0,0.1317,0,0,0,0,0
12,211,5.882,229.88,14326,0.08363,0,0,0,0.008333,0,5.3035,0,0,0,4.1559,0,0,0,0,0
12,211,5.882,229.88,14326,0.005714,0,0,5.3714,0,0,0,0,0,0,0.13101,0,0,0,0,0
12,211,5.882,229.88,14326,6.3616,0,0,0,0,0,0,0,0,0,4.2046,0,0,0,0,0
12,211,5.882,229.88,14326,0.17648,0,0,0,0,0,0,0,0,0,5.955,0,0,0,0,0
12,211,5.882,229.88,14326,0,0,0,0,3.3416,0,0,0,0,0,0.072463,0,0,0,0,0
12,211,5.882,229.88,14326,0.00644,0,0,0,0,0,0,0,0,0,0.072463,0,0,0,0,0
12,211,5.882,229.88,14326,0.36821,0,0,0,0,0,19.66,0,0,0.8932,26.814,0,0,0,0,0
12,211,5.882,229.88,14326,1.0318,0,0,4.0844,0,0,0,0,0,0,0.94645,0,0,0,0,26.437
12,211,5.882,229.88,14326,0.00524,0,0,0,0,0.0081579,0.60778,0,0,0,0.52131,0,0,0,0,0
12,211,5.882,229.88,14326,5.7936,0,0,0,0,0,0,0,0,0,0.072463,0,0,0,0,17.241
12,211,5.882,229.88,14326,0.8911,0,0,0,0,0,0,0,0,0,0.072463,0,0,0,0,0
12,211,5.882,229.88,14326,0.066266,0,0.008333,0,0,0.008335,0,0,0,0,0.13731,0,0,0,0,0
12,211,5.882,229.88,14326,0.0067502,0,5.5872,0,0,0.010504,0,0,0,0,0.072463,0,0,0,0,10.345
12,211,5.882,229.88,14326,0.17916,0,0,0,0,0,0,0,0,0,8.755,0,0,0,0,0
12,211,5.882,229.88,14326,2.9934,0,0,0,33.167,0,0,0,0,0,0.072463,0,0,0,0,0
12,211,5.882,229.88,14326,0.009072,0,0,0.8725,0,0,0,0,0,0,8.2822,0,0,0,0,3.4483
12,211,5.882,229.88,14326,9.1994,0,0,0,0,0,0,0,0,0.65812,0.13039,0,0,0,0,0
12,211,5.882,229.88,14326,0,0,0,0.82233,0.1673,0,1.8779,0,0,0,1.0543,0,0,0,0,0
12,211,5.882,229.88,14326,7.4608,0,0,0,0,0,0,0,0,0,0.094364,0,0,0,0,0.57471
12,211,5.882,229.88,14326,0.008333,0,0,3.8517,0,0,0.093171,0.92815,0,0,3.2514,0,0,0,0,26.437
12,211,5.882,229.88,14326,0.015298,0,0.008335,0,0,0,0,0,0,0,25.046,0,0,0,0,0
12,211,5.882,229.88,14326,0.13678,0,0,0,7.5878,0.015347,0,0,0,0,0.072463,0,0,0,0,0
12,211,5.882,229.88,14326,0.13313,0,0,0.0068538,0,0,0,0,0,0.76777,1.2836,0,0,0,0,0
12,211,5.882,229.88,14326,0,0,0,0.001267,0,0,0.67845,0,0,0,12.122,0,0,0,0,0
12,211,5.882,229.88,14326,0.98352,0,0,0,0,0,0,0,0,1.2479,1.3204,0,0,0,0,0
12,211,5.882,229.88,14326,0,0,0,0,6.3e-05,0,0,0,0,0,0.072463,0,0,0,0,0
12,211,5.882,229.88,14326,1.0984,0,0,0,0,0,0,0,0,5.7231,25.166,0,0,0,0,0
12,211,5.882,229.88,14326,0,0,0,0,0,0,0.021726,0,0,1.0139,38.156,0,0,0,0,0
12,211,5.882,229.88,14326,0,0,0,0,0,0,0,0,0,0,2.192,0,0,0,0,0
12,211,5.882,229.88,14326,0,0,0,0,0,0.1663,0,0,0,0,0.45229,0,0,0,0,0
12,211,5.882,229.88,14326,1.0792,0,0,0,0.042948,0,20.548,0,0,0,16.977,0,0,0,0,5.7471
12,211,5.882,229.88,14326,3.9092,0,0,0,0,0,1.8139,0,0,0,0.24115,0,0,0,0,0
12,211,5.882,229.88,14326,0.17174,0,0,0,0,0,0,0,0,0,0.13146,0,0,0,0,0
12,211,5.882,229.88,14326,0.0065058,0,0,0,0,0,0,0,0,0,0.26171,0,0,0,0,0
12,211,5.882,229.88,14326,1.3736,0,0,0,6.8758,0,0,0,0,0,24.623,0,0,0,0,0
12,211,5.882,229.88,14326,0,0,0.0055919,0.008799,0,0,0.13028,0,0,0,0.072463,0,0,0,0,0
12,211,5.882,229.88,14326,0,0,0,0.37543,0,3.4183,0,0,0,0,0.12893,0,0,0,0,0
12,211,5.882,229.88,14326,0.13313,0,0,0.0084255,0,0,0,0,0,0,0.072463,0,0,0,0,0
12,211,5.882,229.88,14326,0.007148,0,0,0,0.002741,0,0,0,0,0,0.13226,0,0,0,0,0
12,211,5.882,229.88,14326,0.00387,0,0,0,0,0,0,0,0.83667,0,0.072463,0,0,0,0,0
12,211,5.882,229.88,14326,1.0792,0,0,0.7657,0,0,0.13028,0,0,1.164,14.187,0,0,0,0,0
12,211,5.882,229.88,14326,0,0,0,0,0.17357,0,0,0,0,0,5.8934,0,0,0,0,5.7471
12,211,5.882,229.88,14326,1.7792,0,0,0,0,0,0,0,0,1.0245,0.97511,0,0,0,0,0
12,211,5.882,229.88,14326,1.7792,0,0,0,0,0,0,0,0,0,2.1592,0,0,0,0,0
12,211,5.882,229.88,14326,1.8992,0,0,0,0,0,30.531,0,0,0,0.41633,0,0,0,0,0
12,211,5.882,229.88,14326,24.203,0,0,0,0,5.6344,0,0,0,0,0.072463,0,0,0,0,0
12,211,5.882,229.88,14326,0,0,0,0,0,0,0.059897,0,0,0,1.3204,0,0,0,0,0
12,211,5.882,229.88,14326,0.00644,0,0,0,0,0,14,0,0,0,1.1244,0,0,0,0,0
12,211,5.882,229.88,14326,2.6642,0,0,0,0.080376,0,0,0,0,0,4.2705,0,0,0,0,0
12,211,5.882,229.88,14326,0,0,0,0,0,0,14.058,0,0,0,0.072463,0,0,0,0,0
12,211,5.882,229.88,14326,0,0,0,0.14535,0,0,0.13028,0,0,0,1.0181,0,0,0,0,10.345
12,211,5.882,229.88,14326,0.0059348,0,0,0,0,0,0,0,0,0,0.13055,0,0,0,0,0
12,211,5.882,229.88,14326,0.0068538,0,0,0,0.000126,0,0,0,0,0,0.13056,0,0,0,0,218.39
12,211,5.882,229.88,14326,0,0,0,0.25515,0,3.4183,0,0,0,1.2479,0.072463,0,0,0,0,10.345
12,211,5.882,229.88,14326,0.16847,0,0,0,0,0,0.0053205,0,0,0,0.072463,0,0,0,0,0
12,211,5.882,229.88,14326,0.004588,0,0,0,0,0,0,0,0,1.164,2.7374,0,0,0,0,0
12,211,5.882,229.88,14326,0,0,0,0,0,0,62.658,0,0,0,0.072463,0,0,0,0,5.7471
12,211,5.882,229.88,14326,16.183,0,0,0,0.36487,0,0,0,0,0,0.35299,0,0,0,0,0
12,211,5.882,229.88,14326,11.956,0,0,0,0,0,29.929,0,0,0,0.072463,0,0,0,0,0
12,211,5.882,229.88,14326,0.01589,0,0,14.054,0.002031,0,0,0,0,0,9.2784,0,0,0,0,0
12,211,5.882,229.88,14326,0,0,0,0,0,1.4537,0.13028,0,0,0,8.9759,0,0,0,0,0
12,211,5.882,229.88,14326,1.0599,0,0,0,29.206,8.1e-05,0,0,0,0,4.729,0,0,0,0,0
12,211,5.882,229.88,14326,0.022624,0,0,0,0,0,0,0,0,0,4.5609,0,0,0,0,0.57471
12,211,5.882,229.88,14326,0,0,0,0,0,0,0,0,0,0,1.208,0,0,0,0,0
12,211,5.882,229.88,14326,0.002741,0,0.060894,0,0,0,0,0,0,0,0.072463,0,0,0,0,0
12,211,5.882,229.88,14326,0,0,0,0,43.16,0,0,0,0,55.455,5.537,0,0,0,0,12.644
12,211,5.882,229.88,14326,0,0,0,1.0073,0,0.000376,8.7007,0,0,0,0.072463,0,0,0,0,0
12,211,5.882,229.88,14326,0.030074,0,0,0,0.0033205,0,0,0.70157,0,0,2.9989,0,0,0,0,0
12,211,5.882,229.88,14326,1.9656,0,0,0,0,0.006456,0,0,0,0,0.072463,0,0,0,0,0
12,211,5.882,229.88,14326,4.1153,0,0,0,0,0,0,0,0,0,0.072463,0,0,0,0,0
12,211,5.882,229.88,14326,0,0,0,15.233,0,0,0,0,0,0,0.23007,0,0,0,0,0
12,211,5.882,229.88,14326,4.1455,0,0,0,0,0.10347,0,0,0,0,0.072463,0,0,0,0,0
12,211,5.882,229.88,14326,1.2422,0,0,0,0,0,0,0,0,0,0.072463,0,0,0,0,0
12,211,5.882,229.88,14326,0.0085065,0,0,1.3175,0,0,0,0,0,0,0.12949,0,0,0,0,0
12,211,5.882,229.88,14326,0,0,0,0,0,0,0,0,0,0.55196,0.072463,0,0,0,0,0
12,211,5.882,229.88,14326,0.018715,0,0,0,0,0,0,0,0,0,0.48881,0,0,0,0,0
12,211,5.882,229.88,14326,0.000254,0,0,0,23.914,0,0,0,0,0,0.21272,0,0,0,0,0
12,211,5.882,229.88,14326,0.11699,0,0,0.0068538,0,0,0,0,0,0,39.253,0,0,0,0,5.7471
12,211,5.882,229.88,14326,0.008333,0,0,0,0,0,0,0,0,0,0.072463,0,0,0,0,0
12,211,5.882,229.88,14326,0,0,0,0,0,0,69.539,0,0,0,8.755,0,0,0,0,0
12,211,5.882,229.88,14326,0.018715,0,0,0.64709,0,0,0.40452,0,0,0,0.072463,0,0,0,0,0
12,211,5.882,229.88,14326,0.002741,0,0,0,0,0,0,0,0,0,0.7142,0,0,0,0,0
12,211,5.882,229.88,14326,0,0,0,0,0.008335,0,0,0,0,0,0.072463,0,0,0,0,0
12,211,5.882,229.88,14326,0,0,0,0,0,0.004588,0,0,0,0,0.072463,0,0,0,0,0
12,211,5.882,229.88,14326,4.282,0,0,14.784,0,0,0,0,0,0,6.11,0,0,0,0,0
12,211,5.882,229.88,14326,0.008333,0,0,0,0,0.008333,0.10863,0,0,0,18.672,0,0,0,0,0.57471
12,211,5.882,229.88,14326,5.1262,0,0,0,0,0,0,0,0,0,14.386,0,0,0,0,5.7471
12,211,5.882,229.88,14326,0.0034665,0,0,0,0,0.00328,47.395,0,0,1.808,4.5609,0,0,0,0,0
12,211,5.882,229.88,14326,0,0,0,0,0,0.00328,0,0,0,0,0.072463,0,0,0,0,0
12,211,5.882,229.88,14326,0.005714,0,0,0,0.008335,0,0.87994,0,0,0,21.049,0,0,0,0,0
12,211,5.882,229.88,14326,0.038753,0,0,0,0,0,0.008333,0,0,0,0.14833,0,0,0,0,0
12,211,5.882,229.88,14326,0,0,0.008333,0,0,0,0,0,0,0,0.3717,0,0,0,0,0
12,211,5.882,229.88,14326,1.5315,0,0,0,0,0,0.60778,0,0,0,0.072463,0,0,0,0,0
12,211,5.882,229.88,14326,6.8951,0,0,3.1277,0,0,0,2.5887,0,0,0.072463,0,0,0,0,0
12,211,5.882,229.88,14326,0.053596,0,0,0.81046,0,0,0.87994,0,0,0,0.78678,0,0,0,0,0
12,211,5.882,229.88,14326,0.008336,0,0,0,0,0,0,0,0,0,5.1874,0,0,0,0,0
12,211,5.882,229.88,14326,0.90055,0,0,0,0,0.45657,0,0,0,0,0.56922,0,0,0,0,31.034
12,211,5.882,229.88,14326,0.12499,0,0,0,0,0,0,0,0,1.5859,0.072463,0,0,0,0,8.0459
12,211,5.882,229.88,14326,0.86917,0,0,0,0,0,0,0,0,0,1.8634,0,0,0,0,0
12,211,5.882,229.88,14326,6.3393,0,0,0.000172,0,0.17467,0,0,0,0,0.072463,0,0,0,0,0
12,211,5.882,229.88,14326,0,0,0,0.7299,0,0,27.37,0,0,0,0.37335,0,0,0,0,3.4483
12,211,5.882,229.88,14326,0.008333,0,0,0,0,0,0,0,0,0,1.0181,0,0,0,0,0
12,211,5.882,229.88,14326,0.023707,0,0,0,0,0,115.6,0,0,0,4.9522,0,0,0,0,0
12,211,5.882,229.88,14326,0,0,0,0,0,0,0,0,0,0,0.11545,0,0,0,0,0
12,211,5.882,229.88,14326,31.065,0,0,0.013573,0,0,0,0,0,0,0.3625,0,0,0,0,0
12,211,5.882,229.88,14326,8.2225,0,0.004111,6.7195,0.00524,0,0,0,0,5.7231,7.2936,0,0,0,0,0
12,211,5.882,229.88,14326,0.86917,0,0,3.6726,0,0,0,0,0,0,3.8048,0,0,0,0,0
12,211,5.882,229.88,14326,0.004345,0,0,0.13345,0,0.24028,30.195,0,0,0,0.072463,0,0,0,0,8.0459
12,211,5.882,229.88,14326,0.36821,0,0,0,0,0,0,0,0,0,1.8818,0,0,0,0,0
12,211,5.882,229.88,14326,0.10918,0,0,0,0,0,0.008333,0,0,0,0.94645,0,0,0,0,0
12,211,5.882,229.88,14326,0.066266,0,11.48,13.859,0,0,0.13028,0,0,0,0.67805,0,0,0,0,3.4483
12,211,5.882,229.88,14326,0.008333,0,0,0.013735,0,0,13.042,0,0,0,0.10112,0,0,0,0,3.4483
12,211,5.882,229.88,14326,0,0,0,0,0,0,0,0,0,0,3.4535,0,0,0,0,0
12,211,5.882,229.88,14326,1.2278,0,0.000124,0,0,0,0,0,0,0,0.072463,0,0,0,0,10.345
12,211,5.882,229.88,14326,0.023106,0,0,0.003465,0,0.37405,0,0,0,0,24.201,0,0,0,0,0
12,211,5.882,229.88,14326,0,0,0,0.003416,0,0,26.614,0,0,0,0.072463,0,0,0,0,0
12,211,5.882,229.88,14326,1.1111,0,0,0,0,0,0.68719,0,0,0,2.1206,0,0,0,0,0
12,211,5.882,229.88,14326,0,0,0,0,0,0,0.13028,0,0,0,0.072463,0,0,0,0,0
12,211,5.882,229.88,14326,0.24047,0,0,0,0,0,0.059897,0,0,0,2.1592,0,0,0,0,0
12,211,5.882,229.88,14326,0.028282,0,0,0,0,0,0,0,0,0,0.072463,0,0,0,0,0
12,211,5.882,229.88,14326,0.008333,0,0,0,0,0,0,0,0,0,0.072463,0,0,0,0,0
12,211,5.882,229.88,14326,0.39761,0,0,0,0,0,0,0,0,0.73557,0.072463,0,0,0,0,0.57471
12,211,5.882,229.88,14326,0.026013,0,0,5.5512,0,0.12321,0,0,0,0,7.6519,0,0,0,0,10.345
12,211,5.882,229.88,14326,0,0,0,13.522,0.92178,0,0,0,0,0,2.286,0,0,0,0,0
12,211,5.882,229.88,14326,0.008333,0,0,0.016563,0,0,0.70468,0,0,0,1.4938,0,0,0,0,0
12,211,5.882,229.88,14326,0.69405,0,0,5.5106,0,0,0,0,0,0,1.5501,0,0,0,0,0
12,211,5.882,229.88,14326,0.008336,0,0,0.002784,0,0.21316,27.37,0,0,0,4.0083,0,0,0,0,0
12,211,5.882,229.88,14326,0.39468,0,0,10.01,0,0,0,0,0,0,20.948,0,0,0,0,0
12,211,5.882,229.88,14326,2.6642,0,0,0.008321,0,0,7.73,0,0,0,5.5313,0,0,0,0,0
12,211,5.882,229.88,14326,0,0,0,0,0,0,0.67053,0,0,0,17.634,0,0,0,0,37.931
12,211,5.882,229.88,14326,6.8438,0,0,0,0,0,15.524,0,0,0,0.072463,0,0,0,0,0
12,211,5.882,229.88,14326,47.309,0,0,0.017136,0,0,0.13028,0,0,0,13.16,0,0,0,0,0
12,211,5.882,229.88,14326,7.157,0,0,0,0,0,0,0,0,0,0.13615,0,0,0,0,0
12,211,5.882,229.88,14326,0,0,0,4.9839,0,0,0,0,0,0,0.072463,0,0,0,0,0
12,211,5.882,229.88,14326,8.5759,0,0,0.016666,0,0,0,0,0,0,31.416,0,0,0,0,3.4483
12,211,5.882,229.88,14326,0.12216,0,0,0,0,0,0,0,0,0,21.049,0,0,0,0,0
12,211,5.882,229.88,14326,0.088516,0,0,5.4197,0,0,0,3.5017,0,0,0.072463,0,0,0,0,3.4483
12,211,5.882,229.88,14326,0.010723,0,0,0,0,0,0,0.08613,0,0,0.43625,0,0,0,0,15.517
12,211,5.882,229.88,14326,0,0,0,0.81948,4.1996,3.171,0,0,0,0,0.072463,0,0,0,0,0
12,211,5.882,229.88,14326,0.009734,0,0,1.1955,0,0,0.002308,0,0,0,14.637,0,0,0,0,0
12,211,5.882,229.88,14326,2.0389,0,0,0,0,0,0,0,0,0.18086,9.9728,0,0,0,0,0
12,211,5.882,229.88,14326,0,0,0,0,0,0,0,0,0,0,0.12977,0,0,0,0,0
12,211,5.882,229.88,14326,8.5759,0,0,0,0.023972,0,0,0,0,0,0.72803,0,0,0,0,5.7471
12,211,5.882,229.88,14326,0,0,0.42018,0,0,0,0,0,0,0,0.67805,0,0,0,0,0
12,211,5.882,229.88,14326,5.6876,0,0,0,0,0,0,0,0,0,21.937,0,0,0,0,12.644
12,211,5.882,229.88,14326,3.4434,0,0,0,0,0,27.37,0,0,36.785,0.072463,0,0,0,0,3.4483
12,211,5.882,229.88,14326,0.001236,0,0,0,0.15299,0.008333,5.3035,0,0,0,0.072463,0,0,0,0,0
12,211,5.882,229.88,14326,0.87155,0,0,0,0,0,0,0,0,0,6.8926,0,0,0,0,0
12,211,5.882,229.88,14326,0.0097027,0,0,0.33154,0,0,0,0,0,1.057,3.7404,0,0,0,0,0
12,211,5.882,229.88,14326,0.001463,0,0,40.286,0,2.302,0,0,0,0,9.3997,0,0,0,0,0
12,211,5.882,229.88,14326,0.078773,0,0,7.6271,0.22115,0,0,0,0,0,1.2647,0,0,0,0,0
12,211,5.882,229.88,14326,0.00021,0,0,0,0.0021738,0,0,0,0,18.081,2.8119,0,0,0,0,0
12,211,5.882,229.88,14326,0.36821,0,0,0,0,0.008333,0,0,0,0,0.7142,0,0,0,0,0
12,211,5.882,229.88,14326,2.9214,0,0,0,0,0,0,0,0,0,71.252,0,0,0,0,0
12,211,5.882,229.88,14326,0,0,0,0,0,0,0,0,0,5.7231,8.755,0,0,0,0,0.57471
12,211,5.882,229.88,14326,4.7483,0,4.6438,10.645,0.064969,0,0,0,0,7.8617,0.086791,0,0,0,0,0
12,211,5.882,229.88,14326,0.042187,0,0,0.57901,0,0,0,0,0,0,0.072463,0,0,0,0,3.4483
12,211,5.882,229.88,14326,0,0,0,0.008332,0,0,6.8575,0,0,0,16.977,0,0,0,0,0
12,211,5.882,229.88,14326,0.00676,0,0,0,0,0,0,0,0,0,0.072463,0,0,0,0,0
12,211,5.882,229.88,14326,0.014921,0,0,0.8187,0,0.013193,0,0,0,0,5.8934,0,0,0,0,0
12,211,5.882,229.88,14326,0,0,0,0,0,0.21316,0,0,0,0,0.072463,0,0,0,0,0
12,211,5.882,229.88,14326,0.048094,0,0,0.004204,0,0,0,0,0,0,7.8571,0,0,0,0,0
12,211,5.882,229.88,14326,2.1261,0,0,0,7.9694,0,0.13028,0,0,0,0.072463,0,0,0,0,0
12,211,5.882,229.88,14326,0.60493,0,0,0.002485,0,0,0.59876,0,0,0,0.072463,0,0,0,0,0
12,211,5.882,229.88,14326,0,0,0,0,0,0,0,0,0,0,3.0356,0,0,0,0,0
12,211,5.882,229.88,14326,13.867,0,0.001748,0,0,0,0.008333,0,0,0,3.1383,0,0,0,0,0
12,211,5.882,229.88,14326,2.2492,0,0,0,0.008336,0.00166,0,0,0,0,0.072463,0,0,0,0,19.54
12,211,5.882,229.88,14326,0,0,0,0,0,0,0,0,0,0,0.072463,0,0,0,0,0
12,211,5.882,229.88,14326,0.37523,0,0,0,0,0,0,0,0,0,16.626,0,0,0,0,0
12,211,5.882,229.88,14326,0,0,0,0,0,0,0,0.008333,0,0,0.072463,0,0,0,0,0
12,211,5.882,229.88,14326,0,0,0,0.008332,0,0,0.002308,0,0,0,4.1559,0,0,0,0,0
12,211,5.882,229.88,14326,0,0,0,0,0,0,0.60778,0,0,0,2.4056,0,0,0,0,0
12,211,5.882,229.88,14326,0.008763,0,0,0,0,0,16.762,0,0,0,38.156,0,0,0,0,0
12,211,5.882,229.88,14326,9.9717,0,75.86,2.2514,2.1157,0,0,0,0,0,0.072463,0,0,0,0,0
12,211,5.882,229.88,14326,0.003127,0,0,1.1861,0,0,0,0,0,0,0.072463,0,0,0,0,5.7471
12,211,5.882,229.88,14326,0.053596,0,0,0.00387,0,35.399,0,0,0,0,5.5313,0,0,0,0,0
12,211,5.882,229.88,14326,47.309,0,0,0.8436,0,0,0.13028,0,0,0,2.6337,0,0,0,0,0
12,211,5.882,229.88,14326,0.008333,0,0,0,0,0,77.672,0,0,0,0.072463,0,0,0,0,0
12,211,5.882,229.88,14326,0.86632,0,0,0,0,0,155.04,0,0,0,35.005,0,0,0,0,0
12,211,5.882,229.88,14326,0.0096103,0,0,0,0,0,0,0,0,1.5851,2.1592,0,0,0,0,5.7471
12,211,5.882,229.88,14326,0.87155,0,0,0.008333,0,0,0,0,0,0,1.0181,0,0,0,0,0
12,211,5.882,229.88,14326,0.021802,0,0,0,0,0,0,0,0,0,0.13663,0,0,0,0,0
12,211,5.882,229.88,14326,0.008335,0,0,0,0.74268,0,0,0,0,0,0.072463,0,0,0,0,0
12,211,5.882,229.88,14326,0.32593,0,0,0.0059107,0,0,0,0,0,0,13.171,0,0,0,0,0
12,211,5.882,229.88,14326,5.7936,0,0,0,0,5.6344,0,0,0,0,1.059,0,0,0,0,5.7471
12,211,5.882,229.88,14326,0.87155,0,0,0.57901,0,0,0,0,0,0,0.402,0,0,0,0,0
12,211,5.882,229.88,14326,0,0,0,0,0,0,0,0,0,0,0.49027,0,0,0,0,0
12,211,5.882,229.88,14326,0.008335,0,0,0,0,0,0,0,0,0,0.072463,0,0,0,0,3.4483
12,211,5.882,229.88,14326,0.025,0,0.008411,0,0,0,0,0,0,0,0.072463,0,0,0,0,0
12,211,5.882,229.88,14326,8.9388,0,0,0,0,0,7.73,0,0,0,31.837,0,0,0,0,0
12,211,5.882,229.88,14326,0.062346,0,0,0,0,0,0,0,0,0,3.2514,0,0,0,0,0
12,211,5.882,229.88,14326,3.6682,0,0,0,16.997,0,0,0,0,0,0.12913,0,0,0,0,3.4483
12,211,5.882,229.88,14326,0.051012,0,0,0,0,0,10.007,0,0,0,2.1163,0,0,0,0,0
12,211,5.882,229.88,14326,0.26,0,0,0,0,0.00644,0,0,0,0,13.171,0,0,0,0,0
12,211,5.882,229.88,14326,0.008333,0,0,0,0.009078,0,0,0,0,0,9.002,0,0,0,0,12.644
12,211,5.882,229.88,14326,3.5379,0,0,1.0765,0,0,0,0,0,9.1622,1.059,0,0,0,0,0
12,211,5.882,229.88,14326,0,0,0,0.002784,0,0,0,0,0,0,0.072463,0,0,0,0,0
12,211,5.882,229.88,14326,0.92769,0,0,2.5,0,0.62964,0,0,0,0,7.5422,0,0,0,0,0
12,211,5.882,229.88,14326,0,0,0,0,0,0,0,0,0,0,0.072463,0,0,0,0,0
12,211,5.882,229.88,14326,0.008333,0,0,72.364,0,0.005239,14.058,0,0,0,1.7329,0,0,0,0,0
12,211,5.882,229.88,14326,0.7905,0,0,0,0,0,0,0,0,0,9.1705,0,0,0,0,0
12,211,5.882,229.88,14326,0.87416,0,0,0.0059107,0,0,0,0,0,0,0.072463,0,0,0,0,0
12,211,5.882,229.88,14326,3.9092,0,0,0,0,0,0,0,0,0,3.3683,0,0,0,0,0
12,211,5.882,229.88,14326,4.7483,0,0,0,0,0,0,0,0,0,0.072463,0,0,0,0,0
12,211,5.882,229.88,14326,0.024085,0,0.008333,0,0.60746,0.15796,0.60778,0,0,0,8.9418,0,0,0,0,0
12,211,5.882,229.88,14326,27.28,0,0,0,0,0,0,0,0,1.808,0.072463,0,0,0,0,5.7471
12,211,5.882,229.88,14326,2.3031,0,0,0.80154,0.0033205,0,0,0,0,0,0.17149,0,0,0,0,3.4483
12,211,5.882,229.88,14326,0.87594,0,0,0,0,0,0.021726,0,0,3.4087,0.072463,0,0,0,0,0
12,211,5.882,229.88,14326,0,0,0,0,0,0,4.8659,0,0,0,0.072463,0,0,0,0,0
12,211,5.882,229.88,14326,0,0,0,0,0,0,0,0,0,0,6.1561,0,0,0,0,0
12,211,5.882,229.88,14326,0.023172,0,0,0,0,0,0,0,0,0,0.072463,0,0,0,0,0
12,211,5.882,229.88,14326,1.8992,0,0,0,0,0,0,0,0,0,0.13146,0,0,0,0,0
12,211,5.882,229.88,14326,0.00676,0,0.19487,0,0,4.5782,19.421,0,0,1.7327,0.37335,0,0,0,0,10.345
12,211,5.882,229.88,14326,16.593,0,0,0.002784,0,0,0,0,0,0,0.072463,0,0,0,0,0
12,211,5.882,229.88,14326,0,0,0,0,0,0.015347,0,0,0,0,7.1646,0,0,0,0,0
12,211,5.882,229.88,14326,0,0,0,0,0,0,0,0,0,6.8425,13.16,0,0,0,0,0
12,211,5.882,229.88,14326,0,0,0,0.002344,0,0,72.074,0,0,0.76777,0.072463,0,0,0,0,0
12,211,5.882,229.88,14326,5.1799,0,0.003465,0,0,0,0,0,0,0,0.13302,0,0,0,0,0
12,211,5.882,229.88,14326,0.01467,0,0,0,0,0,0,0,0,0,6.4637,0,0,0,0,0
12,211,5.882,229.88,14326,0,0,0,0.001436,0,0,61.211,0,0,0,18.07,0,0,0,0,5.7471
12,211,5.882,229.88,14326,0.35962,0,0,0,0,0.91214,0,0,0,0.55196,0.072463,0,0,0,0,0
12,211,5.882,229.88,14326,0,0,0,0,0,0,0,0,0,0,0.072463,0,0,0,0,0
12,211,5.882,229.88,14326,0.13425,0,0,0,0,0,0,0,0,0,1.5501,0,0,0,0,0
12,211,5.882,229.88,14326,0.008333,0,0,0,0,0,0,0,0,0,0.73917,0,0,0,0,0
12,211,5.882,229.88,14326,0.11034,0,0,0,0,9.5972,0,0,0,0,10.847,0,0,0,0,0
12,211,5.882,229.88,14326,47.309,0,0,0,0,0.37405,0.13028,0,0,0,0.13854,0,0,0,0,0
12,211,5.882,229.88,14326,58.311,0,0,0,0,2.771,0,0,0,0,0.13367,0,0,0,0,0
12,211,5.882,229.88,14326,0,0,0,0.016666,0,0.008335,0,0,0,0,0.77377,0,0,0,0,0
12,211,5.882,229.88,14326,0.76029,0,0,0,0,0,0,0,0,0,2.6841,0,0,0,0,0
12,211,5.882,229.88,14326,0,0,0,0.81835,0,0.18948,0.13028,0,0,0,3.4411,0,0,0,0,0
12,211,5.882,229.88,14326,36.494,0,0,0,0,0,0.13028,0,0,0,0.072463,0,0,0,0,0
12,211,5.882,229.88,14326,0.0055384,0,0,0,0,0,0,0,0,0,0.072463,0,0,0,0,0
12,211,5.882,229.88,14326,0.008333,0,0,0.28274,0,0,0,0,0,0,4.729,0,0,0,0,5.7471
12,211,5.882,229.88,14326,0.11699,0,0,0,0,0,0,1.6877,0,0,21.808,0,0,0,0,0
12,211,5.882,229.88,14326,0.86415,0,0,0,0,0,0,0,0,0,10.052,0,0,0,0,0
12,211,5.882,229.88,14326,0.008335,0,0,0,0,0,0.13028,0,0,0,2.7638,0,0,0,0,0
12,211,5.882,229.88,14326,2.1709,0,0,0,0,0.45657,0,0,0,0,0.56095,0,0,0,0,0
12,211,5.882,229.88,14326,0,0,0,0,0,0.0067819,97.067,0,0,0,0.086791,0,0,0,0,0
12,211,5.882,229.88,14326,0,0,0,8.1916,0,0,0,0,0,0,8.2588,0,0,0,0,0
12,211,5.882,229.88,14326,0,0,0,0,0,0,0,0,0,0,21.937,0,0,0,0,8.0459
12,211,5.882,229.88,14326,0.023413,0,0,0,0.003127,0,0,0,0,0,0.072463,0,0,0,0,0
12,211,5.882,229.88,14326,6.793,0,0,0,0,0,0,0,0,1.5859,8.2077,0,0,0,0,0.57471
12,211,5.882,229.88,14326,0.008335,0,0,0,0,0,0.67053,0,0,0,0.44185,0,0,0,0,0
12,211,5.882,229.88,14326,0,0,0,0,0,2.7056,0,0,0,0,0.13302,0,0,0,0,0
12,211,5.882,229.88,14326,0.14982,0,0,0,0,0,0.67845,0,0,0,14.135,0,0,0,0,0
12,211,5.882,229.88,14326,0.16847,0,0,0,0,0,0,0,0,0,4.2848,0,0,0,0,3.4483
12,211,5.882,229.88,14326,0.008336,0,0,0.016666,0,0.006456,0.60778,0,0,0,0.072463,0,0,0,0,0
12,211,5.882,229.88,14326,0,0,0,0,0,0,0.13028,0,0,0,0.072463,0,0,0,0,0
12,211,5.882,229.88,14326,11.109,0,0,0.00036,0,0,0.021726,0,0,0,4.2991,0,0,0,0,0
12,211,5.882,229.88,14326,0.43372,0,0.060894,0,0,0,0,0,0,0,0.072463,0,0,0,0,0
12,211,5.882,229.88,14326,0.008335,0,0,0,0,0.25917,0,0,0,0,0.15843,0,0,0,0,5.7471
12,211,5.882,229.88,14326,0.036583,0,0,0,0,0.00829,30.592,0,0,0,0.1331,0,0,0,0,8.0459
12,211,5.882,229.88,14326,0.011562,0,0,0,0,0,0,0,0,0,0.13302,0,0,0,0,5.7471
12,211,5.882,229.88,14326,11.703,0,0,0,0,0,0,0,0,1.5079,0.072463,0,0,0,0,0
12,211,5.882,229.88,14326,0.86302,0,0,0,0,0,0,0,0,0,0.78885,0,0,0,0,10.345
12,211,5.882,229.88,14326,2.3573,0,0,0.84321,0,0,0,0,0,0,0.072463,0,0,0,0,5.7471
12,211,5.882,229.88,14326,0.18877,0,0.42018,0,0,0,0,0,0,0,9.2784,0,0,0,0,0
12,211,5.882,229.88,14326,0,0,0,0,0,0.020937,0,0,0,0,1.7269,0,0,0,0,0
12,211,5.882,229.88,14326,0.002021,0,0.44852,0,0,0,27.391,0,0,0,10.802,0,0,0,0,0
12,211,5.882,229.88,14326,4.3548,0,0,0,0,0,0,0,0,0,0.072463,0,0,0,0,12.644
12,211,5.882,229.88,14326,0,0,0,0,0,0,0,0,0,0,57.82,0,0,0,0,0
12,211,5.882,229.88,14326,0,0,0,0,0,0,0,0,0,0,0.072463,0,0,0,0,0
12,211,5.882,229.88,14326,0,0,0,0.028983,0,0,0.10863,0,0,0,0.072463,0,0,0,0,0
12,211,5.882,229.88,14326,2.2981,0,0,0,4.3019,0.008333,27.275,0,0,0,0.73917,0,0,0,0,0.57471
12,211,5.882,229.88,14326,0.86602,0,0,0.009374,0,0,0,0,0,0,3.7338,0,0,0,0,0
12,211,5.882,229.88,14326,5.1262,0,0,0,0,0,0,0,0,0,0.81487,0,0,0,0,0
12,211,5.882,229.88,14326,0.008333,0,0,0,0,10.899,0,0,0,0,0.072463,0,0,0,0,3.4483
12,211,5.882,229.88,14326,0.028282,0,0,0,0,0,0.67053,0,0,0,0.13364,0,0,0,0,218.39
12,211,5.882,229.88,14326,0,0,0,0,0,0,0,0,0,13.788,0.072463,0,0,0,0,0
12,211,5.882,229.88,14326,0.5485,0,0,0,0,0,0,0,0,0,0.072463,0,0,0,0,0
12,211,5.882,229.88,14326,0.00524,0,0,0,0,0,0,0,0,0,0.13056,0,0,0,0,0
12,211,5.882,229.88,14326,0.23321,0,0,0,0,0,21.91,0,0,0,13.755,0,0,0,0,0.57471
12,211,5.882,229.88,14326,0.7905,0,0,0,0,0,32.495,0,0,0,0.77377,0,0,0,0,0
12,211,5.882,229.88,14326,2.4901,0,0,0,0,0,0,0,0,0,0.13101,0,0,0,0,218.39
12,211,5.882,229.88,14326,1.0318,0,0,0,0,0,0,0,0,8.0476,2.3252,0,0,0,0,0
12,211,5.882,229.88,14326,0.091687,0,0,0,0,0,0,0,0,0,0.072463,0,0,0,0,0
12,211,5.882,229.88,14326,0,0,0,5.5512,0.008333,0,0,0,0,0,0.072463,0,0,0,0,0
12,211,5.882,229.88,14326,3.9092,0,0,0,0.98774,0,0,0,0,0,0.1331,0,0,0,0,42.529
12,211,5.882,229.88,14326,0.0067817,0,0,0,0,0,0,0,0,0,4.9522,0,0,0,0,3.4483
12,211,5.882,229.88,14326,1.8682,0,0,0,0,0,0,0,0,0,5.5039,0,0,0,0,0
12,211,5.882,229.88,14326,0,0,35.134,0,5.2287,0,0,0,0,0,1.3204,0,0,0,0,0
12,211,5.882,229.88,14326,0,0,0,0,0,0,0,0,0,0,2.0951,0,0,0,0,0
12,211,5.882,229.88,14326,0.021802,0,0,0.0001025,2.2049,0.003346,0,0,0,0,0.24539,0,0,0,0,37.931
12,211,5.882,229.88,14326,1.0792,0,0,0.008332,0,0,0,0,0,0,0.072463,0,0,0,0,0
12,211,5.882,229.88,14326,0,0,5.4431,0,0,0,0.13028,0,0,0,12.415,0,0,0,0,0
12,211,5.882,229.88,14326,0.0067817,0,0,0,0,0,0,0,0,0,0.35299,0,0,0,0,0
12,211,5.882,229.88,14326,0.86244,0,0,0,0,0,0.13028,0,0,0,5.1452,0,0,0,0,0
12,211,5.882,229.88,14326,0.90902,0,0,0.00524,2.2986,0.1274,0,0,0,0,6.2907,0,0,0,0,0
12,211,5.882,229.88,14326,11.703,0,0,9.4956,0,0,0,0,0,0,17.924,0,0,0,0,0
12,211,5.882,229.88,14326,0.008333,0,0,0,0,0.0062156,0,0,0,0,0.072463,0,0,0,0,0
12,211,5.882,229.88,14326,0.005714,0,0,0,0,4.0313,0,0,0,0,1.6272,0,0,0,0,0
12,211,5.882,229.88,14326,19.915,0,0.000234,0,0,0,0,0,0,0,0.072463,0,0,0,0,0
12,211,5.882,229.88,14326,11.025,0,0,3.6726,0,0,0.059897,0,0,0,5.101,0,0,0,0,0
12,211,5.882,229.88,14326,23.932,0,0,0,0,0.001292,0,0,0,0,2.0951,0,0,0,0,0
12,211,5.882,229.88,14326,0.026013,0,0,0,0,0,0,0,0,0,0.12893,0,0,0,0,8.0459
12,211,5.882,229.88,14326,0.85376,0,0,3.6,0,0,0,0,0,0,14.187,0,0,0,0,3.4483
12,211,5.882,229.88,14326,0,0,0,0,0,0,0,4.8998,0,0,0.072463,0,0,0,0,0
12,211,5.882,229.88,14326,0.060639,0,0,0,0,0,0.13028,0,0,3.4087,5.955,0,0,0,0,0
12,211,5.882,229.88,14326,0.16494,0,0,0,0,0,47.395,0,0,0,0.072463,0,0,0,0,0
12,211,5.882,229.88,14326,0,0,0,0,0,0,0.13028,0,0,0,0.58253,0,0,0,0,5.7471
12,211,5.882,229.88,14326,2.3242,0,0,0,1.6381,0,49.932,0,0,0,0.23007,0,0,0,0,0
12,211,5.882,229.88,14326,0.19777,0,0,0,0,0,17.471,0,0,0,1.8617,0,0,0,0,0
12,211,5.882,229.88,14326,0,0,0,0.21093,0,0,0,0,0,0,0.072463,0,0,0,0,0
12,211,5.882,229.88,14326,0,0,0,0,0,0,0,0,0,9.1202,0.072463,0,0,0,0,0
12,211,5.882,229.88,14326,0,0,0,0,0,0,0,0,0,18.081,0.37335,0,0,0,0,0
12,211,5.882,229.88,14326,2.5491,0,0,0,0,16.14,0,0,0,0,6.0336,0,0,0,0,0
12,211,5.882,229.88,14326,0,0,0,0,0,0,0,0.01986,0,0,19.922,0,0,0,0,0
12,211,5.882,229.88,14326,0.08363,0,0,0,0,0,0.059897,0,0,0,46.791,0,0,0,0,0
12,211,5.882,229.88,14326,0,0,0,0,0,0.62964,0,0,0,0,0.88914,0,0,0,0,0
12,211,5.882,229.88,14326,0,0,0,5.9291,0,0.91214,0,0,0,0,13.2,0,0,0,0,0.57471
12,211,5.882,229.88,14326,9.6445,0,0,0,0,5.6344,0,0,0,0,0.072463,0,0,0,0,0
12,211,5.882,229.88,14326,0,0,0,0.011228,0,0,0,0,0,0,5.1452,0,0,0,0,0
12,211,5.882,229.88,14326,0,0,0,0,0,0,0,0,0,0,0.13854,0,0,0,0,0
12,211,5.882,229.88,14326,0.8911,0,0,0,0,0,0,0,0,0,28.754,0,0,0,0,0
12,211,5.882,229.88,14326,2.3671,0,0,0,0,0,0,0,0,0,39.746,0,0,0,0,0
12,211,5.882,229.88,14326,1.8992,0,0,11.936,0,0.008335,0.60778,0,0,3.8254,0.072463,0,0,0,0,5.7471
12,211,5.882,229.88,14326,0.5485,0,0,0.30383,0,0,0,0,0,3.8254,5.101,0,0,0,0,33.333
12,211,5.882,229.88,14326,0,0,0,0,0,0,0,0,0,0,2.9142,0,0,0,0,0.57471
12,211,5.882,229.88,14326,0.86602,0,0,0,0,1.1678,17.471,0,0,1.2479,0.072463,0,0,0,0,0
12,211,5.882,229.88,14326,0.002784,0,0,0,0,0,0,0,0,0,0.072463,0,0,0,0,0
12,211,5.882,229.88,14326,2.6806,0,0,0.90354,0,0,0.002308,0,0,0,0.45229,0,0,0,0,0
12,211,5.882,229.88,14326,0,0,0,0,0,0.00644,0,0,0,10.481,0.48881,0,0,0,0,0
12,211,5.882,229.88,14326,0.078773,0,0,0,0,0,0,0,0,0,0.13873,0,0,0,0,0.57471
12,211,5.882,229.88,14326,0.59569,0,0,10.01,0,0,0,0,0,0,0.63695,0,0,0,0,0
12,211,5.882,229.88,14326,0.0077391,0,0,0,7.8998,0.75362,0.68719,0,0,0,0.072463,0,0,0,0,0
12,211,5.882,229.88,14326,0,0,0,0.0055919,0,0,0,0,0,0,0.072463,0,0,0,0,0
12,211,5.882,229.88,14326,0,0,0,33.52,0,0,0,0,0,0,0.82163,0,0,0,0,0
12,211,5.882,229.88,14326,0,0,0,0,0,0,0,0,0,55.455,2.0951,0,0,0,0,0
12,211,5.882,229.88,14326,0.1008,0,0,0.00714,0,0,0.13028,0,0,1.164,1.0181,0,0,0,0,0
12,211,5.882,229.88,14326,0.008953,0,0,0.10787,0,0,0.60778,0,0,0,6.11,0,0,0,0,0
12,211,5.882,229.88,14326,0.02573,0,0,0,0,0,0,0,0,0,29.357,0,0,0,0,0
13,212,1,470.71,29334,0.003863,0,0,0,0,0,0,0,0,0,7.2745,2.7424,0,0,0,0
13,212,1,470.71,29334,9.4817,0,0,0,0,0.008333,168.81,0,0,0,26.307,1.6119,0,0,0,0
14,213,1,250.06,15584,0.008333,0,0,0,0,0,26.176,0,0,0,3.3687,0,0,0,0,0
15,214,4.01,479.24,29866,0.066266,0,0,0,0,0,0,0,0,9.1622,0.072463,0,0,0,0,0
15,214,4.01,479.24,29866,2.4696,0,0,0,1.2607,0,0.13028,0,0,0,0.072463,0,0,0,0,0
15,214,4.01,479.24,29866,0,0,0,3.2894,0,0,0,0,0,0,0.072463,0,0,0,0,0
15,214,4.01,479.24,29866,0,0,0,0,0,0,0.13028,0,0,0,2.4241,0,0,0,0,0
15,214,4.01,479.24,29866,0,0,0,0,0,0,0,0,0,1.5851,3.2962,0,0,0,0,0
15,214,4.01,479.24,29866,0.031141,0,0,0,0,0,0.13028,0,0,0.76342,9.4141,0,0,0,0,0
15,214,4.01,479.24,29866,0,0,0,0,0,0.14899,0,0,0,0,2.3166,0,0,0,0,0
15,214,4.01,479.24,29866,15.547,0,0,0.29554,0,0,0,0,0,0,3.0465,0,0,0,0,0
15,214,4.01,479.24,29866,0.11177,0,0,0,0,0,0,0,0,0,5.5313,0,0,0,0,0
15,214,4.01,479.24,29866,0.88244,0,0,0.00824,0,0.0023945,0,0,0,0,5.7131,0,0,0,0,0
15,214,4.01,479.24,29866,0.008333,0,0,4.9839,0,0.24028,0,0,0,0,0.072463,0,0,0,0,1.1981
15,214,4.01,479.24,29866,0.0040195,0,0.0055919,0,0.000124,0,0.42744,0,0,0,2.6155,0,0,0,0,0
15,214,4.01,479.24,29866,0.94437,0,0,0.00052,0,0,0.13028,0,0,0,0.072463,0,0,0,0,0
15,214,4.01,479.24,29866,0.007148,0,4.5982,0,0.0055919,0,0,0,0,0,1.6654,0,0,0,0,21.566
15,214,4.01,479.24,29866,1.207,0,0,0,0,0,15.64,0,0,0,0.072463,0,0,0,0,0
15,214,4.01,479.24,29866,0.16323,0,0,0,0.45662,0,0,0,0,0,24.201,0,0,0,0,21.566
15,214,4.01,479.24,29866,0.15723,0,0,0.00524,0,0,30.592,0,0,0,0.34469,0,0,0,0,0
15,214,4.01,479.24,29866,0.00665,0,0,0,0,0,3.1285,0,0,0,0.23007,0,0,0,0,0
15,214,4.01,479.24,29866,0,0,0,0,0,0,0,0,0,0,1.1327,0,0,0,0,0
15,214,4.01,479.24,29866,0.023806,0,0,0,0,0,0,0,0,0,22.138,0,0,0,0,0
15,214,4.01,479.24,29866,0.021904,0,0,0,0,0,0,0,0,1.261,0.17677,0,0,0,0,11.981
15,214,4.01,479.24,29866,0.11533,0,0,0,0.21877,0,0,0,0,0,4.2848,0,0,0,0,7.1886
15,214,4.01,479.24,29866,0.00676,0,0,0,0,0,0,0,0,0,1.5769,0,0,0,0,0
15,214,4.01,479.24,29866,110.33,0,0,0,0,0.21316,0,0,0,0,8.2332,0,0,0,0,0
15,214,4.01,479.24,29866,0,0,0.079551,0,0,0,0,0,0,0,1.0897,0,0,0,0,0
15,214,4.01,479.24,29866,0,0,0,0,0,0,0,0,0,0,3.5398,0,0,0,0,0
15,214,4.01,479.24,29866,0,0,0,0,0,0,0,0,0,0,0.77377,0,0,0,0,26.358
15,214,4.01,479.24,29866,0.003863,0,0,0,0,0,0,0,0,0,0.6599,0,0,0,0,1.1981
15,214,4.01,479.24,29866,0.048094,0,0,0,0,0,0,0,0,0,0.072463,0,0,0,0,0
15,214,4.01,479.24,29866,6.2454,0,0,0,0.00524,10.899,0,0,0,0,0.31809,0,0,0,0,0
15,214,4.01,479.24,29866,0,0,0,0,0,0,0,0,0,0,5.7349,0,0,0,0,0
15,214,4.01,479.24,29866,0.0065058,0,0,0,0.008333,0,0,0,0,0,0.072463,0,0,0,0,0
15,214,4.01,479.24,29866,4.0286,0,0,0,0,0,23.901,0,0,0,0.13348,0,0,0,0,7.1886
15,214,4.01,479.24,29866,16.593,0,0,0,0,0,0,0,0,0,11.921,0,0,0,0,11.981
15,214,4.01,479.24,29866,0,0,0,0.29554,0.000172,0,0,0,0,0.76777,0.072463,0,0,0,0,0
15,214,4.01,479.24,29866,37.308,0,0,0,0,0,0,0,0,0,0.072463,0,0,0,0,11.981
15,214,4.01,479.24,29866,0.12216,0,0,0,0,0,182.46,0,0,1.057,32.545,0,0,0,0,0
15,214,4.01,479.24,29866,0.008333,0,5.2086,0,0,0,0,0,0,0,0.072463,0,0,0,0,0
15,214,4.01,479.24,29866,5.0108,0,0,0,0,0,0,0,0,0,8.2332,0,0,0,0,26.358
15,214,4.01,479.24,29866,1.2278,0,0,0,0.60746,0,0,0,0,0,0.072463,0,0,0,0,0
15,214,4.01,479.24,29866,16.593,0,0,0,0,0,0,0,0,0,3.1383,0,0,0,0,1.1981
15,214,4.01,479.24,29866,0,0,0,0,0,0,4.1671,0,0,0,3.0356,0,0,0,0,0
15,214,4.01,479.24,29866,0.020405,0,0,0,0,0,0.13028,0,0,0,0.072463,0,0,0,0,11.981
15,214,4.01,479.24,29866,0,0,0,0,0,0,0,0,0,0,0.45229,0,0,0,0,0
15,214,4.01,479.24,29866,0,0,0,0,0.01575,0,0,0,0,0,7.3168,0,0,0,0,0
15,214,4.01,479.24,29866,17.426,0,0,0.003485,0,0,0,0,0,0,0.38768,0,0,0,0,0
15,214,4.01,479.24,29866,0.008333,0,0,0.84321,0,0,5.9157,0,0,0,0.072463,0,0,0,0,0
15,214,4.01,479.24,29866,0.008331,0,0,2.6778,0,0,0,0,0,0,0.072463,0,0,0,0,0
15,214,4.01,479.24,29866,19.361,0,0,0,0,0,0,0,0,0,21.593,0,0,0,0,11.981
15,214,4.01,479.24,29866,18.873,0,0,0,0,0.0083345,0,0,0,0,14.386,0,0,0,0,0
15,214,4.01,479.24,29866,0.006877,0,0.008333,1.7189,0,0,0,0,0,0,0.072463,0,0,0,0,0
15,214,4.01,479.24,29866,0.001397,0,0,0,0,0.003468,2.4695,0,0,0,5.5792,0,0,0,0,7.1886
15,214,4.01,479.24,29866,6.2454,0,0,0,0,0,0,0,0,1.0076,5.2662,0,0,0,0,0
15,214,4.01,479.24,29866,0.086262,0,0,0,0,0,0,0,0,0,0.072463,0,0,0,0,32.349
15,214,4.01,479.24,29866,0.8691,0,0,0,0,0,0,0,0,0,6.8752,0,0,0,0,64.698
15,214,4.01,479.24,29866,0.0083055,0,0,0,0,2.302,0,0,0,0.76342,4.5609,0,0,0,0,11.981
15,214,4.01,479.24,29866,0,0,0,0.001436,0,0,28.632,0,0,0,6.9122,0,0,0,0,0
15,214,4.01,479.24,29866,0.10639,0,0,0,0,0,0,0,0,0,1.4049,0,0,0,0,0
15,214,4.01,479.24,29866,5.9048,0,0,0,0,0,0,0,0,0,0.072463,0,0,0,0,0
15,214,4.01,479.24,29866,0,0,0,0,0,0.00524,0.40452,0,0,0,0.51741,0,0,0,0,21.566
15,214,4.01,479.24,29866,337.6,0,0,0,0,0,0.40452,0,0,0,14.386,0,0,0,0,0
15,214,4.01,479.24,29866,0.00644,0,0,0,0,0,0,0,0,0,0.072463,0,0,0,0,0
15,214,4.01,479.24,29866,0.010953,0,0,0.37543,0,0,0,0,0,0,0.13348,0,0,0,0,0
15,214,4.01,479.24,29866,0.022949,0,0,0,0,0,15.435,0,0,0,2.4569,0,0,0,0,0
15,214,4.01,479.24,29866,45.444,0,0,0,0,0,0,0,0,0,0.072463,0,0,0,0,0
15,214,4.01,479.24,29866,0.17916,0,0,0,0,0,0,0,0,0.18355,0.072463,0,0,0,0,16.773
15,214,4.01,479.24,29866,0.021734,0,0,0,2.0083,0,0,0,0,0.76342,0.072463,0,0,0,0,0
15,214,4.01,479.24,29866,4.5496,0,0,0,0,0,0,0,0,0,3.4466,0,0,0,0,7.1886
15,214,4.01,479.24,29866,6.5674,0,0,0,0,0,102.85,0,0,0.18355,0.24115,0,0,0,0,0
15,214,4.01,479.24,29866,0.039499,0,0.0078303,0,0,0,0,0,0,0,5.7131,0,0,0,0,7.1886
15,214,4.01,479.24,29866,0.0094073,0,0,5.0801,0,0,0,0,0,0,2.1586,0,0,0,0,0
15,214,4.01,479.24,29866,24.921,0,0,0,0,0,0,0,0,0,0.13101,0,0,0,0,1.1981
15,214,4.01,479.24,29866,0.87217,0,0,0,0.068946,0,0,0,0,0,2.8119,0,0,0,0,0
15,214,4.01,479.24,29866,0.005714,0,0,0,0,0,0,0,0,0,0.13505,0,0,0,0,0
15,214,4.01,479.24,29866,0.17916,0,0,0.050371,0,0,0,0,0,0,26.307,0,0,0,0,0
15,214,4.01,479.24,29866,0.44828,0,0,0,0,0,0.002308,0,0,0,0.072463,0,0,0,0,7.1886
15,214,4.01,479.24,29866,0.012086,0,0,24.461,0,0,0,0,0,0,0.34469,0,0,0,0,7.1886
15,214,4.01,479.24,29866,10.449,0,0,0,0,0.001463,0,0,0,0,0.072463,0,0,0,0,0
15,214,4.01,479.24,29866,0,0,0,0.81948,0,0,0,0,0,0,18.07,0,0,0,0,0
15,214,4.01,479.24,29866,2.3671,0,0,0,0,0.0067819,0,0,0,0,2.9953,0,0,0,0,16.773
15,214,4.01,479.24,29866,51.165,0,0,0.075413,0,0,0,0,0,0,3.0821,0,0,0,0,0
15,214,4.01,479.24,29866,6.5674,0,0.002578,0,0,0,0,0,0,0,0.13615,0,0,0,0,0
15,214,4.01,479.24,29866,0,0,0,0,0,0,0,0,0,0,2.1586,0,0,0,0,0
15,214,4.01,479.24,29866,0,0,0,0,0,0,0,0,0,0,0.96078,0,0,0,0,0
15,214,4.01,479.24,29866,0,0,0,0,0,0.008335,11.811,0,0,0,8.28,0,0,0,0,16.773
15,214,4.01,479.24,29866,0.86244,0,0,0.00524,0,0,0,0,0,0,0.072463,0,0,0,0,0
15,214,4.01,479.24,29866,0,0,0,0,0,0,0.40452,0,0,0,0.32655,0,0,0,0,11.981
15,214,4.01,479.24,29866,0,0,0,0,0,0,0.42744,0.058194,0,0,0.072463,0,0,0,0,0
15,214,4.01,479.24,29866,0.0059107,0,0,0,0,0,0,0,0,0,0.072463,0,0,0,0,11.981
15,214,4.01,479.24,29866,2.6642,0,0,0,0,1.4537,0,0,0,2.6253,0.072463,0,0,0,0,0
15,214,4.01,479.24,29866,0,0,3.4396,0,0,0,0,0,0,0,3.6687,0,0,0,0,0
15,214,4.01,479.24,29866,0.8911,0,0,0,0,0,0.13028,0,0,0,4.3421,0,0,0,0,0
15,214,4.01,479.24,29866,0,0,0,6.3e-05,0,0.008333,0,0,0,0,0.13663,0,0,0,0,0
15,214,4.01,479.24,29866,0.031862,0,0,0.063622,0.002741,0.008333,0.10863,0,0,0.21027,8.28,0,0,0,0,0
15,214,4.01,479.24,29866,0.0088426,0,0,0,0,0.010107,0,0,0,0,1.7632,0,0,0,0,11.981
15,214,4.01,479.24,29866,0.008333,0,0,0,0,7.2276,0,0,0,0,9.3997,0,0,0,0,0
15,214,4.01,479.24,29866,0.002784,0,0,0,0,0,0.002308,0,0,0,5.101,0,0,0,0,11.981
15,214,4.01,479.24,29866,0.39761,0,0,0,0,0,0,0,0,0,0.33663,0,0,0,0,11.981
15,214,4.01,479.24,29866,2.8251,0,0,0,0,0.001326,0,0,0,0,0.086791,0,0,0,0,0
15,214,4.01,479.24,29866,7.7973,0,0,0,0,0,0,0,0,0,6.7491,0,0,0,0,0
15,214,4.01,479.24,29866,0.87217,0,0,0,0,0,0,0,0,0,7.9623,0,0,0,0,16.773
15,214,4.01,479.24,29866,0.87215,0,0,0,0,0.081066,0,0,0,0,0.072463,0,0,0,0,11.981
15,214,4.01,479.24,29866,0.092503,0,0,0,0,0,0,0,0,0,0.13302,0,0,0,0,0
15,214,4.01,479.24,29866,12.966,0,0,0,0,0,0,0,0,0,0.61154,0,0,0,0,0
15,214,4.01,479.24,29866,0.013843,0,0,4.9839,0,0,0.13028,0,0,0,16.626,0,0,0,0,0
15,214,4.01,479.24,29866,0.008333,0,0,0,0,0,0,0,0,0,0.072463,0,0,0,0,11.981
15,214,4.01,479.24,29866,0,0,0,66.508,0,0,0,0,0,1.1822,1.3204,0,0,0,0,0
15,214,4.01,479.24,29866,2.5786,0,0.010904,0.00524,0,0,0,0,0,0,3.1286,0,0,0,0,0
15,214,4.01,479.24,29866,8.2225,0,0.035808,0,0,0,0,0,0,0,14.386,0,0,0,0,0
15,214,4.01,479.24,29866,0.13895,0,0,0.016666,0,0,0,0,0,0,37.719,0,0,0,0,0
15,214,4.01,479.24,29866,0.040561,0,0,0,0,0,0,0,0,0,0.13158,0,0,0,0,0
15,214,4.01,479.24,29866,2.7189,0,0,0,0,0,0,1.9123,0,0,0.55863,0,0,0,0,26.358
15,214,4.01,479.24,29866,0.8691,0,0,0,0,0,0,0,0,0,2.5126,0,0,0,0,0
15,214,4.01,479.24,29866,0.85376,0,0,0,0,0,0,0,0,0,59.09,0,0,0,0,0
15,214,4.01,479.24,29866,0,0,0,0,0.008333,0,0,0,0,0,0.35299,0,0,0,0,0
15,214,4.01,479.24,29866,0.008333,0,0,2.7429,0,0.42015,0,0,0,0,33.814,0,0,0,0,1.1981
15,214,4.01,479.24,29866,0.8078,0,0.000716,1.5483,0,0,0,0,0,0,0.072463,0,0,0,0,0
15,214,4.01,479.24,29866,6.4993,0,0,0,0,0.008333,0,0,0,0,0.072463,0,0,0,0,0
15,214,4.01,479.24,29866,0,0,0,0,0,0,0,0,0,0,0.37335,0,0,0,0,0
15,214,4.01,479.24,29866,0,0,0,0,0,8.1e-05,0,0,0,0,26.705,0,0,0,0,0
15,214,4.01,479.24,29866,0.008333,0,0,0,0,0,0.40452,0,0,0,0.27752,0,0,0,0,7.1886
15,214,4.01,479.24,29866,0.008333,0,0,0,4.5376,0,0,0,0,0,0.15843,0,0,0,0,0
15,214,4.01,479.24,29866,0.864,0,0,0,0,0.21316,0,0,0,0,0.072463,0,0,0,0,0
15,214,4.01,479.24,29866,0,0,0,0,0,0,0,0,0,9.1202,13.755,0,0,0,0,0
15,214,4.01,479.24,29866,6.5404,0,0,0,0,0,0,0,0,0,0.072463,0,0,0,0,0
15,214,4.01,479.24,29866,0.12216,0,0,0,0,0,12.547,0,0,0,10.802,0,0,0,0,0
15,214,4.01,479.24,29866,0,0,4.2968,0.30383,0,0,231.76,0,0,0,0.78678,0,0,0,0,1.1981
15,214,4.01,479.24,29866,0,0,0,0,0,0,0,0,0,0,1.7632,0,0,0,0,0
15,214,4.01,479.24,29866,0.012954,0,0,0,0,0,0,0,0,0,0.072463,0,0,0,0,0
15,214,4.01,479.24,29866,0.000234,0,0.008333,0,0,0,0.13028,0,0,0,0.072463,0,0,0,0,26.358
15,214,4.01,479.24,29866,0.014422,0,0,0,0,0,0,0,0,0,5.2094,0,0,0,0,0
15,214,4.01,479.24,29866,0.062346,0,0,0.008341,0,0,279.38,0,0,0,0.072463,0,0,0,0,0
15,214,4.01,479.24,29866,0,0,0,0,0,0,0,0,0,0,5.0082,0,0,0,0,0
15,214,4.01,479.24,29866,0,0,0,3.9351,0,0,0,0,0,0,0.072463,0,0,0,0,1.1981
15,214,4.01,479.24,29866,0.0094073,0,0,0,0,0,0,0,0,0,0.78303,0,0,0,0,0
15,214,4.01,479.24,29866,0.16847,0,0,0,0,0,0.13028,0,0,0,3.0821,0,0,0,0,7.1886
15,214,4.01,479.24,29866,0,0,0,0,0,0,24.831,0,0,0,0.072463,0,0,0,0,0
15,214,4.01,479.24,29866,0.19588,0,0,0,0,0,0,0,0,0,0.072463,0,0,0,0,0
15,214,4.01,479.24,29866,0,0,0,0.03557,0,0.003932,0,0,0,0,2.0031,0,0,0,0,0
15,214,4.01,479.24,29866,0.005202,0,0,0,0,0,14.058,0,0,0,0.072463,0,0,0,0,0
15,214,4.01,479.24,29866,0.008333,0,0,0.00524,0,7.7271,0,0,0,0,0.072463,0,0,0,0,0
15,214,4.01,479.24,29866,0.0098758,0,0,0.26852,0,0,0,0,0,0,1.7329,0,0,0,0,45.528
15,214,4.01,479.24,29866,11.025,0,0,0.043623,0,0,0,0,0,0,16.977,0,0,0,0,0
15,214,4.01,479.24,29866,0,0,6.4085,0.7657,0,0,0,5.0184,0,0,0.072463,0,0,0,0,0
15,214,4.01,479.24,29866,0.021904,0,0,0,0.27379,0,0,0,0,0,19.922,0,0,0,0,16.773
15,214,4.01,479.24,29866,5.6876,0,0,0,3.6687,0,21.229,0,0,0,3.0465,0,0,0,0,0
15,214,4.01,479.24,29866,1.0412,0,0,0,0,40.644,0.10863,0,0,0,0.072463,0,0,0,0,11.981
15,214,4.01,479.24,29866,11.956,0,0,0.00644,0,0.00062,0,0,0,0,13.437,0,0,0,0,0
15,214,4.01,479.24,29866,11.109,0,0,0,0,0,0,1.9772,0,1.057,3.9998,0,0,0,0,0
15,214,4.01,479.24,29866,0.12028,0,0.3638,0,0,0,0,0,0,0,0.072463,0,0,0,0,0
15,214,4.01,479.24,29866,0,0,0,0.80471,0,0,0.40452,0,0,0,9.3997,0,0,0,0,0
15,214,4.01,479.24,29866,0.024628,0,0,0,0,0,0,0,0,0,1.2711,0,0,0,0,0
15,214,4.01,479.24,29866,2.3671,0,0,0,0,0,0,0,0,0,0.072463,0,0,0,0,0
15,214,4.01,479.24,29866,0.33728,0,0,1.2666,0,0,0,0,0,0,0.072463,0,0,0,0,0
15,214,4.01,479.24,29866,0,0,0,1.1861,0,0,0,0,0,0,0.61154,0,0,0,0,26.358
15,214,4.01,479.24,29866,0.28433,0,0,0,0.032255,0,0,0,0,0,6.3875,0,0,0,0,0
15,214,4.01,479.24,29866,0.97362,0,0,54.417,0,0,0,0,0,1.5079,13.437,0,0,0,0,0
15,214,4.01,479.24,29866,12.451,0,0,0,0,0,0,0,0,0,0.20249,0,0,0,0,0
15,214,4.01,479.24,29866,0.072383,0,0,0,0,0,0,0,0,0,2.457,0,0,0,0,0
15,214,4.01,479.24,29866,6.0317,0,0,0,0,0,0,2.66,0,0,0.93212,0,0,0,0,16.773
15,214,4.01,479.24,29866,0,0,0,0.80988,0,0,0,0,0,0,5.1452,0,0,0,0,0
15,214,4.01,479.24,29866,0.003539,0,0,6.7195,0,0,0,0,0,0,5.0724,0,0,0,0,0
15,214,4.01,479.24,29866,2.2046,0,0,0,0,0,4.1671,0,0,0,21.808,0,0,0,0,0
15,214,4.01,479.24,29866,1.8751,0,0,0,0,0,0,0,0,0,5.7131,0,0,0,0,0
15,214,4.01,479.24,29866,0.08936,0,11.48,0.63687,0,0.081066,10.007,0,0,0,0.072463,0,0,0,0,0
15,214,4.01,479.24,29866,0,0,0,11.362,1.5848,0,0,0,0,0,0.072463,0,0,0,0,0
15,214,4.01,479.24,29866,4.282,0,0,0,0,0.0094528,98.664,0,0,0,0.23007,0,0,0,0,0
15,214,4.01,479.24,29866,0.066266,0,0,0,0,0,0,0,0,0,0.072463,0,0,0,0,0
15,214,4.01,479.24,29866,0,0,0.008333,0,0,35.399,7.73,0,0,0,0.77377,0,0,0,0,0
15,214,4.01,479.24,29866,5.4973,0,0,0.73172,0,11.716,0,0,0,0,2.4191,0,0,0,0,0
15,214,4.01,479.24,29866,0,0,0,0.46427,0,2.302,0,0,0,0,0.072463,0,0,0,0,0
15,214,4.01,479.24,29866,0,0,0.0060235,0,0,0,0,0,0,0,0.072463,0,0,0,0,0
15,214,4.01,479.24,29866,0.003416,0,0,0.10545,0,0,246.03,0,0,0,0.072463,0,0,0,0,0
15,214,4.01,479.24,29866,9.9717,0,0,0,0,0,0.60778,0,0,0,4.8911,0,0,0,0,0
15,214,4.01,479.24,29866,8.9388,0,0,0,0,0,0,6.6231,0,0,2.3337,0,0,0,0,32.349
15,214,4.01,479.24,29866,0.022624,0,0,0,0,0.002998,0.021726,0,0,0,0.13679,0,0,0,0,0
15,214,4.01,479.24,29866,0.12917,0,0,0.80541,0,0,0,0,0,0,1.2836,0,0,0,0,0
15,214,4.01,479.24,29866,0.061753,0,0,0,0,5.2088,0.60778,0,0,0,1.7329,0,0,0,0,0
15,214,4.01,479.24,29866,0.072383,0,0,0,0,0,0.60778,0,0,0,0.33767,0,0,0,0,0
15,214,4.01,479.24,29866,0.022624,0,0,0,0,0,0,0,0,0,7.3168,0,0,0,0,0
15,214,4.01,479.24,29866,0.008335,0,0,0,0,0,0,0,0,0,5.7349,0,0,0,0,0
15,214,4.01,479.24,29866,337.6,0,0,4.2857,0,0,0,0,0,0,0.13663,0,0,0,0,55.113
15,214,4.01,479.24,29866,0.28433,0,0.0089339,0,0,0,0,0,0,0,5.0181,0,0,0,0,0
15,214,4.01,479.24,29866,0.008333,0,0,0,0,0,0.13028,0,0,0,0.072463,0,0,0,0,0
15,214,4.01,479.24,29866,0.0097027,0,0,0.000765,0,0,0,0,0,0,0.49027,0,0,0,0,0
15,214,4.01,479.24,29866,0,0,0,7.3544,0,0.019973,0,0,0,0,8.755,0,0,0,0,11.981
15,214,4.01,479.24,29866,9.1487,0,0,0,0.69752,0.5031,0,0,0,1.1822,0.072463,0,0,0,0,74.282
15,214,4.01,479.24,29866,0.10918,0,0,0,0,0,0,0,0,0,5.5428,0,0,0,0,16.773
15,214,4.01,479.24,29866,0.008333,0,0,0,0,0,0,0,0,0,0.35299,0,0,0,0,0
15,214,4.01,479.24,29866,0.26973,0,0,0,0,0,0,0,0,0,0.072463,0,0,0,0,0
15,214,4.01,479.24,29866,0,0,0,0,0.00524,0,0,0,0,0,39.746,0,0,0,0,16.773
15,214,4.01,479.24,29866,0,0,0,1.2474,0,0.00021,0,0,0,0,0.072463,0,0,0,0,0
15,214,4.01,479.24,29866,5.7614,0,0,0.57901,0,0.003465,0,13.04,0,0,0.11545,0,0,0,0,1.1981
15,214,4.01,479.24,29866,0.012549,0,0,0.27742,0,10.899,1.8139,0,0,0,0.072463,0,0,0,0,0
15,214,4.01,479.24,29866,0.00714,0,0,0,0,0.001326,0,0,0,0,1.4024,0,0,0,0,0
15,214,4.01,479.24,29866,0.86415,0,0,0,0,0.75362,0.76915,0,0,0,0.13649,0,0,0,0,0
15,214,4.01,479.24,29866,0.008333,0,0.010395,0.0084885,0.0067502,0.12321,0.13028,0,0,0,3.9998,0,0,0,0,0
15,214,4.01,479.24,29866,0,0,0,0,0,0.064736,0,0,0,0,0.63867,0,0,0,0,0
15,214,4.01,479.24,29866,0.98352,0,0,0,0.77402,0,0,0,0,0,1.2647,0,0,0,0,0
15,214,4.01,479.24,29866,6.0317,0,0,0.0046195,0,0,0.13028,0,0,0,0.072463,0,0,0,0,0
15,214,4.01,479.24,29866,0,0,0,0,0,52.76,0,0,0,0,0.072463,0,0,0,0,0
15,214,4.01,479.24,29866,0.008335,0,0,0,0,0,0,0,0,0,1.059,0,0,0,0,7.1886
15,214,4.01,479.24,29866,0.42165,0,0,0,0.096819,0,0.13028,0,0,0,9.2374,0,0,0,0,16.773
15,214,4.01,479.24,29866,0,0,0,0,0,0,0,0,0,0,12.207,0,0,0,0,0
15,214,4.01,479.24,29866,0.014096,0,0,0,0,0,0,0,0,0,0.072463,0,0,0,0,0
15,214,4.01,479.24,29866,337.6,0,0.3638,0,0,0,0,0.024824,0,0,26.814,0,0,0,0,16.773
15,214,4.01,479.24,29866,0.034449,0,52.58,0,0,0.0083345,0.67845,0,0,0,0.13348,0,0,0,0,0
15,214,4.01,479.24,29866,0.008584,0,0,0,0,0,0.67053,0,0,0,0.1323,0,0,0,0,0
15,214,4.01,479.24,29866,4.1153,0,0,0.004204,0,0.005202,0,0,0,0,5.2088,0,0,0,0,26.358
15,214,4.01,479.24,29866,0.87466,0,0,0,0,0.003539,0,0,0,0,3.4535,0,0,0,0,0
15,214,4.01,479.24,29866,7.1037,0,0,0,0,0,0.13028,0,0,0,0.17677,0,0,0,0,16.773
15,214,4.01,479.24,29866,0,0,0,0,0,0,0,0,0,0,0.072463,0,0,0,0,0
15,214,4.01,479.24,29866,0.0067256,0,0,0.003538,0,0,16.337,0,0,0,0.072463,0,0,0,0,0
15,214,4.01,479.24,29866,0,0,0,0,0,0,35.129,0,0,0,0.072463,0,0,0,0,0
15,214,4.01,479.24,29866,7.157,0,0,0,0,0,111.37,0,0,0,0.072463,0,0,0,0,0
15,214,4.01,479.24,29866,18.566,0,0,0.21246,0,0.0098678,30.531,0,0,0,0.072463,0,0,0,0,0
15,214,4.01,479.24,29866,7.1037,0,0,2.4665,0,0,0,0,0,0,0.072463,0,0,0,0,0
15,214,4.01,479.24,29866,0.056259,0,0,0,0,0,0,0,0,0,0.13922,0,0,0,0,0
15,214,4.01,479.24,29866,2.6941,0,0,0,0,0,0,0,0,0,26.705,0,0,0,0,0
15,214,4.01,479.24,29866,0,0,0,0,0,0,0,0,0,0,3.5581,0,0,0,0,0
15,214,4.01,479.24,29866,37.308,0,0,2.0813,0,0,0,0.048169,0,0,0.086791,0,0,0,0,0
15,214,4.01,479.24,29866,0,0,0,0.5226,0,0,0,0,0,0,7.1639,0,0,0,0,0
15,214,4.01,479.24,29866,3.2815,0,0,0.31543,0,0,0.13028,0,0,0.39237,0.13649,0,0,0,0,0
15,214,4.01,479.24,29866,0.22101,0,0,0,0,0,0,0,0,0,0.094364,0,0,0,0,35.943
15,214,4.01,479.24,29866,0.867,0,0,0,0,0,0,0,0,0,0.70364,0,0,0,0,59.905
15,214,4.01,479.24,29866,0.86935,0,0,0,0,0,0,0,0,0,4.9522,0,0,0,0,0
15,214,4.01,479.24,29866,0.008335,0,0,0.19414,0,0,182.46,0,0,0,2.9142,0,0,0,0,0
15,214,4.01,479.24,29866,9.9717,0,0,0,0,0,0,0,0,1.5851,57.82,0,0,0,0,0
15,214,4.01,479.24,29866,11.109,0,0,0,0,0,0,0,0,0,7.2936,0,0,0,0,0
15,214,4.01,479.24,29866,1.0412,0,0,0,0,0,20.548,0,0,0,6.1183,0,0,0,0,32.349
15,214,4.01,479.24,29866,0.020405,0,0,0,0,0,0,0,0,0,0.3717,0,0,0,0,0
15,214,4.01,479.24,29866,0.1008,0,0,0.39888,0,0.91214,18.189,0,0,0,3.7272,0,0,0,0,0
15,214,4.01,479.24,29866,3.4434,0,0,0,0,0,0,0,0,0,9.4141,0,0,0,0,0
15,214,4.01,479.24,29866,0,0,37.669,0,0.84904,0,0,0,0,0,1.4938,0,0,0,0,0
15,214,4.01,479.24,29866,0,0,0,0,0,0,0,0,0,0,2.1541,0,0,0,0,21.566
15,214,4.01,479.24,29866,0.34854,0,0,0,0,0,0,0,0,0,0.97511,0,0,0,0,0
15,214,4.01,479.24,29866,0.008335,0,0,0,0,0,0,0,0,0,0.37335,0,0,0,0,55.113
15,214,4.01,479.24,29866,0.007148,0,0,0,0,0,0.13028,0,0,0,0.072463,0,0,0,0,1.1981
15,214,4.01,479.24,29866,0,0,0,0,0,0,0,0,0,0,0.23007,0,0,0,0,0
15,214,4.01,479.24,29866,0,0,0,0,0,0,0.60778,0,0,0.44682,0.072463,0,0,0,0,0
15,214,4.01,479.24,29866,1.207,0,0,0.011228,0,0,0,0,0,0,0.072463,0,0,0,0,74.282
15,214,4.01,479.24,29866,1.7028,0,0,0,0,0.0055384,0,0,0,0,0.072463,0,0,0,0,7.1886
15,214,4.01,479.24,29866,0.13313,0,0,0.81046,0,0,0,0,0,0,8.755,0,0,0,0,16.773
15,214,4.01,479.24,29866,0,0,0,0,0,0.00524,0.13028,0,0,0,0.37335,0,0,0,0,0
15,214,4.01,479.24,29866,4.2437,0,0,0,1.8991,0.17467,0,0,0,0,0.13101,0,0,0,0,0
15,214,4.01,479.24,29866,0,0,0,0.00524,0.008333,0,4.0714,0,0,0,0.072463,0,0,0,0,0
15,214,4.01,479.24,29866,2.5786,0,0,0,0,0,0,0,0,0,4.3421,0,0,0,0,0
15,214,4.01,479.24,29866,0.87488,0,0.008333,0,0,0,0,0,0,8.0476,0.072463,0,0,0,0,0
15,214,4.01,479.24,29866,0.007102,0,0,0,0.002868,0,0,0,0,0.68445,0.78885,0,0,0,0,16.773
15,214,4.01,479.24,29866,0,0,0,0,0,0,0,0,0,0,6.1561,0,0,0,0,0
15,214,4.01,479.24,29866,0.003822,0,0,0,0,0,0,0,0,0,29.357,0,0,0,0,0
15,214,4.01,479.24,29866,0,0,0.003932,0,0,0,51.235,0,0,0,0.072463,0,0,0,0,88.66
15,214,4.01,479.24,29866,0.021906,0,0,0,0.29385,0,16.762,0,0,0,1.7395,0,0,0,0,0
15,214,4.01,479.24,29866,0,0,0,0.008409,0,0,0.59876,0,0,0,6.1183,0,0,0,0,0
15,214,4.01,479.24,29866,33.057,0,0,0.0081579,0.003821,0,0,0,0,0,1.8617,0,0,0,0,0
15,214,4.01,479.24,29866,0,0,0,0.37819,0,0,0,0,0,0,9.9728,0,0,0,0,0
15,214,4.01,479.24,29866,0.005239,0,0,0,0,0,0.67845,0,0,0,2.9142,0,0,0,0,0
15,214,4.01,479.24,29866,0.0065058,0,0,0.016666,0.000126,0,454.11,0,0,0,0.072463,0,0,0,0,0
15,214,4.01,479.24,29866,0.0094769,0,0,0,0,0,0.13028,0,0,0,3.3683,0,0,0,0,0
15,214,4.01,479.24,29866,0.10918,0,0,0.034994,0,0,0,0,0,0,0.50053,0,0,0,0,0
15,214,4.01,479.24,29866,0.19777,0,0,24.895,0,0,0,0,0,0,6.0336,0,0,0,0,0
15,214,4.01,479.24,29866,0.008333,0,0,0,0,0,0.13028,0,0,0,0.96078,0,0,0,0,7.1886
15,214,4.01,479.24,29866,0.008333,0,0,0,0,0,0,0,0,0,0.072463,0,0,0,0,0
15,214,4.01,479.24,29866,0,0,0,0,0,0,0.13028,0,0,0,4.6401,0,0,0,0,1.1981
15,214,4.01,479.24,29866,0,0,0,0.016666,0,0,242.13,0,0,0,0.072463,0,0,0,0,0
15,214,4.01,479.24,29866,0.86917,0,0,0.21246,0,0.008333,0,0,0,0.27721,2.2044,0,0,0,0,455.28
15,214,4.01,479.24,29866,0.005239,0,2.014,0,5.257,0,18.534,0,0,0,8.6612,0,0,0,0,0
15,214,4.01,479.24,29866,1.8751,0,0,1.1023,0,0.01101,0,0,0,0,0.78885,0,0,0,0,0
15,214,4.01,479.24,29866,0.008333,0,0.093085,0,0,0,0.13028,0,0,0,35.005,0,0,0,0,7.1886
15,214,4.01,479.24,29866,14.628,0,0,0.14419,0,0.0089463,0.13028,0,0,0,0.88914,0,0,0,0,0
15,214,4.01,479.24,29866,0.0077391,0,0,0,0.021925,0,3.1285,0,0,0,0.072463,0,0,0,0,1.1981
15,214,4.01,479.24,29866,0.032932,0,0,0,0,0,0.13028,0,0,0,3.5168,0,0,0,0,0
15,214,4.01,479.24,29866,0,0,0,0,0,0,0,0,0,0,1.8541,0,0,0,0,0
15,214,4.01,479.24,29866,0.17174,0,0,0.21093,0,0,0,0,0,0,1.2482,0,0,0,0,0
15,214,4.01,479.24,29866,0,0,0,0,0,0.008336,0,0,0,0,0.072463,0,0,0,0,0
15,214,4.01,479.24,29866,0,0,0,0,0,0,0,0,0,0,0.20249,0,0,0,0,0
15,214,4.01,479.24,29866,0,0,0.008333,0.009488,0,0,0,0,0,0,0.072463,0,0,0,0,0
15,214,4.01,479.24,29866,0,0,0,0,0,0,246.03,0,0,0,0.072463,0,0,0,0,0
15,214,4.01,479.24,29866,0,0,0,0,0,0,0,0,0,0,0.072463,0,0,0,0,0
15,214,4.01,479.24,29866,47.753,0,0,0,0,0,0,0.015541,0,0,1.0181,0,0,0,0,21.566
15,214,4.01,479.24,29866,0.32107,0,0,0,0,0,0,0,0,5.6716,3.6687,0,0,0,0,0
15,214,4.01,479.24,29866,0.005239,0,0.0059107,0,0,0,3.3223,0,0,0,0.13348,0,0,0,0,0
15,214,4.01,479.24,29866,0.23321,0,0,0,0,0,0,0,0,0,0.13731,0,0,0,0,0
15,214,4.01,479.24,29866,0.008333,0,0,48.953,0,0,0,0,0,0,0.072463,0,0,0,0,0
15,214,4.01,479.24,29866,0,0,0,0.17714,10.662,0,0,0,0,0,0.13348,0,0,0,0,0
15,214,4.01,479.24,29866,0.023969,0,0,24.895,0,0.008333,0,0,0,0,0.13055,0,0,0,0,0
15,214,4.01,479.24,29866,1.0792,0,0,19.3,0,0,0.40452,0,0,0,8.2332,0,0,0,0,0
15,214,4.01,479.24,29866,0.007148,0,0,0,0,0,30.531,0,0,0,2.3337,0,0,0,0,0
15,214,4.01,479.24,29866,0,0,0,0,2.2986,0,0.13028,0,0,0,0.12844,0,0,0,0,0
15,214,4.01,479.24,29866,0.008333,0,0,0,0,0,0,0,0,0,1.2836,0,0,0,0,0
15,214,4.01,479.24,29866,0.000739,0,0,0,0,0.81221,0,0,0,0,0.072463,0,0,0,0,0
15,214,4.01,479.24,29866,0.082061,0,0,0,0,0,0,0,0,0,6.8926,0,0,0,0,0
15,214,4.01,479.24,29866,0.014096,0,0,0.80219,0,0,0,0,0,0,13.426,0,0,0,0,7.1886
15,214,4.01,479.24,29866,0.008336,0,0,0,9.7002,0,0,0,0,0,0.71652,0,0,0,0,16.773
15,214,4.01,479.24,29866,0,0,0,0.000234,0,0,0,0,0,0,0.072463,0,0,0,0,0
15,214,4.01,479.24,29866,0,0,0.83371,0,0,0,0.13028,0,0,1.9819,0.13615,0,0,0,0,0
15,214,4.01,479.24,29866,1.0792,0,0,0,0.44056,0.73201,0,0,0,0,0.89874,0,0,0,0,0
15,214,4.01,479.24,29866,4.1153,0,0,152.02,0,0.26953,0,0,0,0,0.072463,0,0,0,0,0
15,214,4.01,479.24,29866,0,0,0,0,0,0,0,0,0,7.6506,0.1331,0,0,0,0,0
15,214,4.01,479.24,29866,0,0,0,2.797,0,0,0,0,0,0,3.896,0,0,0,0,11.981
15,214,4.01,479.24,29866,0.008333,0,0,0,0,3.1344,0,0,0,0,4.2046,0,0,0,0,0
15,214,4.01,479.24,29866,0.043397,0,0,0,0,0.21316,49.932,0,0,0,0.072463,0,0,0,0,0
15,214,4.01,479.24,29866,0,0,0,0,0,0,0,0,0,0,0.21272,0,0,0,0,21.566
15,214,4.01,479.24,29866,0,0,0,0,0,0.008333,0,0,0,0,0.072463,0,0,0,0,0
15,214,4.01,479.24,29866,0.87416,0,0,0.019875,0,0,0,0,0,0,3.1383,0,0,0,0,0
15,214,4.01,479.24,29866,5.8444,0,0,0,0,0,0,0,0,0,0.072463,0,0,0,0,0
15,214,4.01,479.24,29866,0.86632,0,0,0,0,0,0,0,0,0,0.20249,0,0,0,0,0
15,214,4.01,479.24,29866,0.008331,0,9.6005,0,0,0,0,0,0,0,0.77392,0,0,0,0,0
15,214,4.01,479.24,29866,0.00676,0,0,0,0.008333,0,0.008333,0,0,0,38.156,0,0,0,0,0
15,214,4.01,479.24,29866,0.86415,0,0,0,0,0,0,0,0,0,3.6257,0,0,0,0,0
15,214,4.01,479.24,29866,0,0,1.5219,0,0,0,0,0,0,0,10.802,0,0,0,0,7.1886
15,214,4.01,479.24,29866,0.090576,0,0,0.7657,0,0,0,0,0,0,22.868,0,0,0,0,0
15,214,4.01,479.24,29866,0.16104,0,0,0,0.0065058,0,0,0,0,0,1.4024,0,0,0,0,0
15,214,4.01,479.24,29866,0,0,0,0,0,0,0,0,0,0,0.33663,0,0,0,0,0
15,214,4.01,479.24,29866,0.26,0,0.008334,0.016666,0,0,0,0,0,0,27.424,0,0,0,0,0
15,214,4.01,479.24,29866,0.8691,0,0,0,0.5883,0,0.13028,0,0,0,0.13056,0,0,0,0,0
15,214,4.01,479.24,29866,1.8155,0,0,0,0,0.014592,21.91,0,0,0,0.072463,0,0,0,0,0
15,214,4.01,479.24,29866,3.2092,0,0,0,0,0,0,0,0,0,3.1264,0,0,0,0,7.1886
15,214,4.01,479.24,29866,1.567,0,0,0.052701,0.00043,0,0,0,0,0,0.56339,0,0,0,0,0
15,214,4.01,479.24,29866,7.1973,0,0,0,0,0,0,0,0,0,0.072463,0,0,0,0,0
15,214,4.01,479.24,29866,0,0,0,7.3544,0,0,0,0,0,0,0.072463,0,0,0,0,0
15,214,4.01,479.24,29866,0,0,0,0,0,0,0,0,0,0,1.5411,0,0,0,0,1.1981
15,214,4.01,479.24,29866,0,0,0,0,0,0,0,0,0,0,6.2907,0,0,0,0,11.981
15,214,4.01,479.24,29866,0,0,0,0,0.008333,0,0,0,0,0,4.9652,0,0,0,0,0
15,214,4.01,479.24,29866,0.008333,0,0,0,0.41055,0,0,0,0,0,4.0802,0,0,0,0,0
15,214,4.01,479.24,29866,2.1709,0,0,0,0,0.011216,0,0,0,0,0.072463,0,0,0,0,0
15,214,4.01,479.24,29866,0,0,0,0,0,0,0,0,0,0,0.072463,0,0,0,0,0
15,214,4.01,479.24,29866,0,0,0,5.3819,0,0,0,0,0,0,9.2639,0,0,0,0,0
15,214,4.01,479.24,29866,0.86302,0,0,0,0,0,0,0,0,10.481,8.9759,0,0,0,0,1.1981
15,214,4.01,479.24,29866,0,0,0,0,20.659,0,0.67053,0,0,0,0.072463,0,0,0,0,0
15,214,4.01,479.24,29866,0,0,0,82.818,0,0,0,0,0,0.18086,18.985,0,0,0,0,7.1886
15,214,4.01,479.24,29866,0.008333,0,0,20.984,0,0.010504,20.334,0,0,0,0.086791,0,0,0,0,0
15,214,4.01,479.24,29866,0.0085065,0,0,0,0.41055,0,0,0,0,0,0.086791,0,0,0,0,0
15,214,4.01,479.24,29866,1.007,0,0,0,0,0,0,0,0,0,6.1183,0,0,0,0,0
15,214,4.01,479.24,29866,0,0,0,0,0,0,0,6.5726,0,0,0.072463,0,0,0,0,0
15,214,4.01,479.24,29866,0,0,0,0,0,0,0.021726,0,0,0,0.56095,0,0,0,0,1.1981
15,214,4.01,479.24,29866,0.012549,0,0,0,0,0,0,0,0,0,1.9064,0,0,0,0,0
15,214,4.01,479.24,29866,6.8438,0,0,5.4197,0,0.19925,0,0,0,0,0.072463,0,0,0,0,0
15,214,4.01,479.24,29866,6.4889,0,0,0,0,0,0,0,0,7.6506,0.072463,0,0,0,0,0
15,214,4.01,479.24,29866,0.008333,0,0,0,0.008333,0,0.13028,0,0,0,0.072463,0,0,0,0,0
15,214,4.01,479.24,29866,2.0389,0,0,0.007102,0,0,0,0,0,0,0.072463,0,0,0,0,0
15,214,4.01,479.24,29866,1.7792,0,0,0,0,0,30.642,0,0,0,2.9887,0,0,0,0,7.1886
15,214,4.01,479.24,29866,0.022995,0,0,1.632,0,0,0,0,0,0,0.56339,0,0,0,0,0
15,214,4.01,479.24,29866,0,0,0,0,43.16,0.050064,0,0,0,0.27721,4.1702,0,0,0,0,0
15,214,4.01,479.24,29866,0,0,0,0,0,0,0,0,0,0,26.705,0,0,0,0,0
15,214,4.01,479.24,29866,0,0,0,0,0,0,0,0,0,0,2.2044,0,0,0,0,0
15,214,4.01,479.24,29866,0.1013,0,0,0,0,0,0.13028,0,0,18.081,0.072463,0,0,0,0,0
15,214,4.01,479.24,29866,0,0,0,0,0,0.008333,27.146,0,0,0,0.98417,0,0,0,0,0
15,214,4.01,479.24,29866,0.0011005,0,0,0,0,0,0,0,0,0,0.072463,0,0,0,0,0
15,214,4.01,479.24,29866,0,0,0,0,0,0,0,0,0,0,0.49027,0,0,0,0,0
15,214,4.01,479.24,29866,0,0,0,0,0,0.008333,0,0,0,0,0.98417,0,0,0,0,0
15,214,4.01,479.24,29866,0.003416,0,0,40.286,0,0,0,0,0,1.9819,0.072463,0,0,0,0,0
15,214,4.01,479.24,29866,0.008333,0,0.027179,0,0,0,0,0,0,0,1.059,0,0,0,0,0
15,214,4.01,479.24,29866,0.77402,0,0,0,0,0.01101,0,0,0,0,3.4535,0,0,0,0,0
15,214,4.01,479.24,29866,0.024958,0,0,0,0,0,24.471,0,0,0,0.072463,0,0,0,0,0
15,214,4.01,479.24,29866,0.033914,0,0,0,0,0,0,0,0,0,0.45229,0,0,0,0,0
15,214,4.01,479.24,29866,0,0,0,0,0,0,0,0,0,21.917,1.2954,0,0,0,0,0
15,214,4.01,479.24,29866,8.2225,0,0,0.001397,0,0.8497,0.59876,0,0,0,1.3204,0,0,0,0,0
15,214,4.01,479.24,29866,0,0,0,0,0,0,0,0,0,0,16.594,0,0,0,0,0
15,214,4.01,479.24,29866,0,0,0,0,0,0,0.76915,0,0,0,0.402,0,0,0,0,0
15,214,4.01,479.24,29866,0.0011005,0,0,0,0,0,0,0,0,0,0.11545,0,0,0,0,0
15,214,4.01,479.24,29866,8.9388,0,0,0,0,0,0,0,0,0,0.072463,0,0,0,0,88.66
15,214,4.01,479.24,29866,6.5404,0,0,0,0,0,0,0,0,0,0.44185,0,0,0,0,0
15,214,4.01,479.24,29866,0,0,0,0,0,0,0,0,0,0,12.052,0,0,0,0,7.1886
15,214,4.01,479.24,29866,0,0,0,0,0,0.031707,0,0,0,0,7.2745,0,0,0,0,0
15,214,4.01,479.24,29866,0.33816,0,0,0,0,0,0,0,0,0,0.33594,0,0,0,0,0
15,214,4.01,479.24,29866,0.88581,0,0,0,0,0.003346,0.59876,0,0,0,0.072463,0,0,0,0,0
15,214,4.01,479.24,29866,53.739,0,0,0,0,0,0,0,0,0,5.5313,0,0,0,0,0
15,214,4.01,479.24,29866,0,0,0,0,0,0,0,0,0,0,3.7404,0,0,0,0,11.981
15,214,4.01,479.24,29866,0,0,0,0,0,0,0,0,0,0.21027,0.072463,0,0,0,0,0
15,214,4.01,479.24,29866,0,0,0,11.362,0,0,0,0,0,0,0.072463,0,0,0,0,7.1886
15,214,4.01,479.24,29866,0.71858,0,0,0.00397,0,0.0060235,0,0,0,0,0.13348,0,0,0,0,0
15,214,4.01,479.24,29866,0.023413,0,0,0.28274,0,0,0,0,0,0,0.072463,0,0,0,0,11.981
15,214,4.01,479.24,29866,140.97,0,0,1.2559,0,0,0,0,0,0,0.48881,0,0,0,0,35.943
15,214,4.01,479.24,29866,0.022995,0,0,0.019875,1.9804,0,0,0,0,0,0.98417,0,0,0,0,0
15,214,4.01,479.24,29866,0.092503,0,0,0,0,0,0.13028,0,0,0,16.626,0,0,0,0,11.981
15,214,4.01,479.24,29866,0,0,0,0,0,0,0.13028,1.3426,0,0,22.603,0,0,0,0,0
15,214,4.01,479.24,29866,0.008333,0,0,0,0,0,27.391,0,0,0,5.3297,0,0,0,0,0
15,214,4.01,479.24,29866,0.864,0,0,0,0,0.0067819,0.67053,0,0,0,0.072463,0,0,0,0,0
15,214,4.01,479.24,29866,0.091687,0,0,0.016666,0,0,0.021726,0,0,0,0.072463,0,0,0,0,59.905
15,214,4.01,479.24,29866,3.0979,0,0,0,0,0,0.67845,0,0,1.0167,0.072463,0,0,0,0,16.773
15,214,4.01,479.24,29866,0.008333,0,0,0,0,0.000254,2.4695,0,0,0,0.70364,0,0,0,0,0
15,214,4.01,479.24,29866,15.459,0,0,0,0.0033205,0,11.181,0,0,0,2.192,0,0,0,0,0
15,214,4.01,479.24,29866,4.9225,0,0,0,0,0.0060235,0.13028,0,0,0,0.13863,0,0,0,0,0
15,214,4.01,479.24,29866,0.67894,0,0,0,0,0,0,0,0,0,0.072463,0,0,0,0,16.773
15,214,4.01,479.24,29866,0.13244,0,0,0.002868,0,0,0,0,0,0,0.11545,0,0,0,0,0
15,214,4.01,479.24,29866,0,0,0,0,0,0,0,0,0,0,0.072463,0,0,0,0,0
15,214,4.01,479.24,29866,0,0,0,0.007697,0,1.6553,0,0,0,0,0.072463,0,0,0,0,11.981
15,214,4.01,479.24,29866,6.5838,0,0.008333,0,0,0.001463,0,0,0,0.73557,0.072463,0,0,0,0,0
15,214,4.01,479.24,29866,0.0085065,0,6.9188,0.007221,0,0,141.74,0,0,0,1.0556,0,0,0,0,0
15,214,4.01,479.24,29866,0,0,0,4.4772,0,0,26.614,0,0,0,25.166,0,0,0,0,0
15,214,4.01,479.24,29866,0,0,0,0,0,0,0,0,0,0,0.67805,0,0,0,0,11.981
15,214,4.01,479.24,29866,0,0,0,0.007148,0,0.008333,0,0,0,2.6253,0.10112,0,0,0,0,0
15,214,4.01,479.24,29866,0.014422,0,0,0,0,0,0,0,0,0,0.072463,0,0,0,0,0
15,214,4.01,479.24,29866,0,0,0,0.16423,0,0,0,0,0,0,3.4466,0,0,0,0,0
15,214,4.01,479.24,29866,0,0,0,0.00824,0,0,0,0,0,0,0.072463,0,0,0,0,455.28
15,214,4.01,479.24,29866,0.15893,0,0,0,0,0,0,0,0,0,0.072463,0,0,0,0,0
15,214,4.01,479.24,29866,0.2446,2.2079,0,0.65897,0,0,0,0,0,0,0.13863,0,0,0,0,0
15,214,4.01,479.24,29866,0.16323,0,0,0,0,0,0,0,0,0,1.1196,0,0,0,0,0
15,214,4.01,479.24,29866,0.021908,0,0,0,0,31.719,0,0,0,1.8949,2.192,0,0,0,0,0
15,214,4.01,479.24,29866,6.4023,0,0,0,0,0,0,0,0,0,0.93212,0,0,0,0,1.1981
15,214,4.01,479.24,29866,0.16847,0,0,0,0,0,137.34,0,0,0,0.086791,0,0,0,0,0
15,214,4.01,479.24,29866,3.1609,0,0,0,3.0717,0,0,0,0,0,20.478,0,0,0,0,0
15,214,4.01,479.24,29866,0,0,0,6.3e-05,0,0,0,0,0,1.261,6.8752,0,0,0,0,74.282
15,214,4.01,479.24,29866,0.94437,0,0.008333,0,0,0,0.60778,0,0,0,0.072463,0,0,0,0,103.04
15,214,4.01,479.24,29866,0.48793,0,0,30.748,0,0,0,0,0,0,0.13679,0,0,0,0,7.1886
15,214,4.01,479.24,29866,0,0,0,0,0,0,0,0,0,1.1034,0.44683,0,0,0,0,0
15,214,4.01,479.24,29866,0,0,0,0,0,0,1.7382,0,0,0,21.049,0,0,0,0,0
15,214,4.01,479.24,29866,0,0,0,0,0,0,41.457,0,0,0,0.072463,0,0,0,0,0
15,214,4.01,479.24,29866,0,0,0,0,0,0,0,0,0,0,0.072463,0,0,0,0,55.113
15,214,4.01,479.24,29866,47.309,0,0,0,2.1157,0,0.13028,0,0,0,6.8752,0,0,0,0,0
15,214,4.01,479.24,29866,0.008333,0,0,0.81536,0.008336,0,0.13028,0,0,0,0.072463,0,0,0,0,0
15,214,4.01,479.24,29866,1.4112,0,0,0,0,0.001205,0.13028,0,0,0,0.13039,0,0,0,0,21.566
15,214,4.01,479.24,29866,3.2092,0,0,0,0,0,5.7069,0,0,0,0.072463,0,0,0,0,0
15,214,4.01,479.24,29866,0.023707,0,0,0,0,0,0,0,0,0,6.11,0,0,0,0,11.981
15,214,4.01,479.24,29866,0.01589,0,0.085179,0,0,0,0,0,0,0,7.9623,0,0,0,0,0
15,214,4.01,479.24,29866,0,0,0,0,0,0,0.40452,0,0,0,0.44185,0,0,0,0,0
15,214,4.01,479.24,29866,0,0,0,0,0,0,0,0,0,0,0.072463,0,0,0,0,7.1886
15,214,4.01,479.24,29866,0.00676,0,0,0,0.7153,0,3.3223,0,0,0,7.6519,0,0,0,0,11.981
15,214,4.01,479.24,29866,0.13313,0,0,6.3457,0,0,0,0,0,0,0.44683,0,0,0,0,0
15,214,4.01,479.24,29866,53.739,0,0,1.4206,0,0,0,0,0,0,4.8911,0,0,0,0,0
15,214,4.01,479.24,29866,0,0,2.7718,0,2.8209,0,0,0,0,0,2.4386,0,0,0,0,11.981
15,214,4.01,479.24,29866,0.023413,0,0,0,0,0.00524,0,0,0,0,0.17677,0,0,0,0,0
15,214,4.01,479.24,29866,1.5722,0,0,15.233,0,2.8714,0,0,0,0,0.42312,0,0,0,0,7.1886
15,214,4.01,479.24,29866,0.71482,0,0,0,0,0,0,0,0,0,4.2848,0,0,0,0,0
15,214,4.01,479.24,29866,1.2278,0,0,0,0,0,0,0,0,0,0.072463,0,0,0,0,0
15,214,4.01,479.24,29866,0,0,0.014477,0,0,0,0.13028,0,0,0,1.7395,0,0,0,0,0
15,214,4.01,479.24,29866,0.054793,0,0,0.003416,0,1.0944,0.13028,0,0,0,0.1337,0,0,0,0,35.943
15,214,4.01,479.24,29866,0.46203,0,0,0,0,0,0,0,0,0,7.2745,0,0,0,0,0
15,214,4.01,479.24,29866,7.2319,0,0,0.00524,0,0,0,0,0,0,0.072463,0,0,0,0,0
15,214,4.01,479.24,29866,0,0,0,0,0,0,0,0,0,0,57.82,0,0,0,0,0
15,214,4.01,479.24,29866,0,0,0,0,38.274,0,14.625,0,0,0,3.2962,0,0,0,0,59.905
15,214,4.01,479.24,29866,0.10307,0,0,0,0,0,0,0,0,0,0.24539,0,0,0,0,0
15,214,4.01,479.24,29866,0,0,0,0,0,0,0,0,0,0,0.072463,0,0,0,0,0
15,214,4.01,479.24,29866,53.739,0,0,54.417,0,0,0,0,0,0,3.7272,0,0,0,0,0
15,214,4.01,479.24,29866,8.8359,0,0,0,0,0,0,0,0,0,0.16445,0,0,0,0,0
15,214,4.01,479.24,29866,0,0,0,0,0,0,0,0,0,36.785,0.072463,0,0,0,0,0
15,214,4.01,479.24,29866,0,0,0,0.8725,0.007148,0,0,0,0,0.21027,0.072463,0,0,0,0,0
15,214,4.01,479.24,29866,0,0,0,0,0,0,28.236,0,0,0,4.2848,0,0,0,0,0
15,214,4.01,479.24,29866,0.1008,0,0,0,0,0,6.0541,0,0,0,0.15166,0,0,0,0,0
15,214,4.01,479.24,29866,0.008333,0,0,0,0,0,5.3035,0,0,0,0.072463,0,0,0,0,1.1981
15,214,4.01,479.24,29866,0.87552,0,0,0.002784,0,0,0,0,0,0,0.072463,0,0,0,0,0
15,214,4.01,479.24,29866,2.2882,0,0,0,0,2.302,4.8659,0,0,0,0.31809,0,0,0,0,16.773
15,214,4.01,479.24,29866,0.023466,0,0,0,0,0,0,0,0,0,0.13302,0,0,0,0,0
15,214,4.01,479.24,29866,1.2319,0,0,0,0,0,38.038,0,0,0,0.37335,0,0,0,0,1.1981
15,214,4.01,479.24,29866,0,0,0,0,0,0,0,0,0,0,6.0336,0,0,0,0,0
15,214,4.01,479.24,29866,0,0,0,0,11.395,0.000172,0,0,0,0,5.0181,0,0,0,0,0
15,214,4.01,479.24,29866,0,0,0,0.65897,0,0,0,0,0,0,1.7395,0,0,0,0,0
15,214,4.01,479.24,29866,0.031141,0,0,0,0,0,0,0,0,0,0.086791,0,0,0,0,0
15,214,4.01,479.24,29866,0.0088426,0,0,0.00644,0,338.28,0,0,0,0,3.4411,0,0,0,0,0
15,214,4.01,479.24,29866,0,0,0,0,0,0,20.334,0,0,0,0.13302,0,0,0,0,0
15,214,4.01,479.24,29866,0,0,0,0,0,0,0,0,0,0,4.8911,0,0,0,0,16.773
15,214,4.01,479.24,29866,0.002068,0,0.008333,0.018451,0,0,0,0,0,0,1.6629,0,0,0,0,0
15,214,4.01,479.24,29866,0,0,0,0,0,0,0,0,0,0,0.072463,0,0,0,0,0
15,214,4.01,479.24,29866,0,0,0,6.4085,0,0,44.97,0,0,0,5.2552,0,0,0,0,0
15,214,4.01,479.24,29866,0.17916,0,0,0,0,1.7919,0.13028,0,0,0,0.072463,0,0,0,0,0
15,214,4.01,479.24,29866,0,0,0,0,35.144,0,0.002308,0,0,0,0.072463,0,0,0,0,0
15,214,4.01,479.24,29866,6.3e-05,0,0,0,0,0,0,0,0,0.91947,0.13353,0,0,0,0,0
15,214,4.01,479.24,29866,0,0,0,0.00328,0,0.47515,62.658,0,0,0,0.072463,0,0,0,0,0
15,214,4.01,479.24,29866,0,0,0,0,0,0,0,0,0,0,8.6117,0,0,0,0,0
15,214,4.01,479.24,29866,0.021552,0,0,0,0.005737,0,0,0,0,0,0.072463,0,0,0,0,16.773
15,214,4.01,479.24,29866,1.1461,0,0,0,0,0.008333,0,0,0,0,0.072463,0,0,0,0,0
15,214,4.01,479.24,29866,14.068,0,0,0,0,0,10.555,0,0,0,7.1639,0,0,0,0,0
15,214,4.01,479.24,29866,0.46388,0,0,0,0,0,0,0,0,0,9.0272,0,0,0,0,0
15,214,4.01,479.24,29866,0.008333,0,0.018017,0,0,0,0,0,0,0,0.072463,0,0,0,0,0
15,214,4.01,479.24,29866,0.22492,0,0,0,0,0,0,0,0,0,1.7395,0,0,0,0,0
15,214,4.01,479.24,29866,1.5315,0,0,0.016666,0,0,0,0,0,0,0.072463,0,0,0,0,0
15,214,4.01,479.24,29866,11.703,0,0,0.009488,0,0,0,0,0,0,0.21272,0,0,0,0,0
15,214,4.01,479.24,29866,0,0,0,0,4.0917,0.0067819,0,0,0,0,0.49027,0,0,0,0,0
15,214,4.01,479.24,29866,0.0055919,0,0,0.003416,6.1771,0,3.8394,0,0,0,0.072463,0,0,0,0,0
15,214,4.01,479.24,29866,0.10639,0,0,3.2894,0,0,1.8779,0,0,0,21.049,0,0,0,0,0
15,214,4.01,479.24,29866,0.011786,0,0.003485,0,0,0,0,0,0,0,8.755,0,0,0,0,21.566
15,214,4.01,479.24,29866,1.0737,0,0,0,0,0.002998,0,3.9282,0,0,9.3601,0,0,0,0,0
15,214,4.01,479.24,29866,11.703,0,0,5.9291,0,0,0,0,0,1.1822,1.5078,0,0,0,0,26.358
15,214,4.01,479.24,29866,1.3876,0,0,1.4528,0,0,0,0,0,0,3.9998,0,0,0,0,0
15,214,4.01,479.24,29866,0.008333,0,0,0,0.00057,0,0,0,0,0,0.50614,0,0,0,0,0
15,214,4.01,479.24,29866,11.025,0,0,0,0,0,10.007,0,0,0,0.13039,0,0,0,0,0
15,214,4.01,479.24,29866,0,0,0,0,0,0,0,0,0,0,7.7869,0,0,0,0,0
15,214,4.01,479.24,29866,0.95798,0,0,0.80337,0,0,5.6062,0,0,0,7.7869,0,0,0,0,0
15,214,4.01,479.24,29866,27.28,0,0,0,0,0,0,0,0,0,0.1323,0,0,0,0,11.981
15,214,4.01,479.24,29866,0,0,0,2.2995,0,0,0,0,0,0,18.672,0,0,0,0,0
15,214,4.01,479.24,29866,1.0881,0,0,0,0,0.008332,0,0,0,0,8.2588,0,0,0,0,0
15,214,4.01,479.24,29866,0,0,0,0.022754,0,0,0,0,0,0,0.81487,0,0,0,0,16.773
15,214,4.01,479.24,29866,0.023806,0,0,0,0,0,0,0,0,0,13.2,0,0,0,0,0
15,214,4.01,479.24,29866,0.26,0,0,0.46427,0,0,0,0,0,0.8932,0.072463,0,0,0,0,0
15,214,4.01,479.24,29866,0.14191,0,0,0.8087,0,0,0,0,0,0,0.072463,0,0,0,0,0
15,214,4.01,479.24,29866,0,0,0,0,0,0,0,0,0,0,0.35902,0,0,0,0,0
15,214,4.01,479.24,29866,0.25148,0,0.026534,0.0084885,0,0,17.129,0,0,0.18086,0.072463,0,0,0,0,0
15,214,4.01,479.24,29866,0,0,1.9417,0,0,0,0.13028,0,0,0,2.2044,0,0,0,0,0
15,214,4.01,479.24,29866,0.008333,0,0,0.81626,0.18547,0,0,0,0,0,13.171,0,0,0,0,0
15,214,4.01,479.24,29866,0.001192,0,0,0,0,0,0,0,0,0,2.1206,0,0,0,0,0
15,214,4.01,479.24,29866,0.008333,0,0,0,0,0,1.8139,0,0,0,1.8818,0,0,0,0,0
15,214,4.01,479.24,29866,0.0059107,0,0,0.002068,0.021906,0,0,0,0,0,16.977,0,0,0,0,0
15,214,4.01,479.24,29866,0.008333,0,0,1.3175,0,0,0,0,0,0,0.072463,0,0,0,0,16.773
15,214,4.01,479.24,29866,2.0662,0,0,0.0087005,0,0.62964,0,0,0,0,3.2549,0,0,0,0,1.1981
15,214,4.01,479.24,29866,0.003295,0,0,0,0,0.013193,0,0,0,1.1822,0.1317,0,0,0,0,1.1981
15,214,4.01,479.24,29866,0.90055,0,0,0,0,0.00524,0.13028,0,0,0,9.3997,0,0,0,0,0
15,214,4.01,479.24,29866,0.008584,0,0,0.0001025,0,0,0,0,0,0,0.072463,0,0,0,0,1.1981
15,214,4.01,479.24,29866,0,0,0,0.22723,0,0,0,0,0,0,46.791,0,0,0,0,0
15,214,4.01,479.24,29866,0.023413,0,0,18.359,0.41055,0,0,0,0,0,0.072463,0,0,0,0,16.773
18,217,1.002,1102.7,68722,0.46388,0,11.124,0,0,0,0,0,0,0,1.7918,0,0,0,0,0
18,217,1.002,1102.7,68722,0.000126,0,0,0,0,0,9.3756,0,0,0,0.072463,0,0,0,0,237.09
18,217,1.002,1102.7,68722,47.753,0,0,0,0,0,0,0,0,0,0.072463,0,0,0,0,115.79
18,217,1.002,1102.7,68722,0.091687,0,0,0,0,0,0,0,0,0,5.0181,0,0,0,0,0
18,217,1.002,1102.7,68722,0.63403,0,0,0,0,0,0,0,0,0,1.7425,0,0,0,0,82.706
18,217,1.002,1102.7,68722,3.7359,0,0,0,0,0,0,0,0,0,0.072463,0,0,0,0,0
18,217,1.002,1102.7,68722,0.0059826,0,0,0.90354,0,0.017177,0,0,0,0,17.924,0,0,0,0,0
18,217,1.002,1102.7,68722,0.017367,0,0,0,0,0,0,0,0,21.917,5.8934,0,0,0,0,60.651
18,217,1.002,1102.7,68722,0,0,0,0,0,0,0,0,0,0,0.072463,0,0,0,0,0
18,217,1.002,1102.7,68722,0.021904,0,0,0,0,0,0.67845,0,0,0,8.9877,0,0,0,0,27.569
18,217,1.002,1102.7,68722,0,0,0,0,0.69752,0,0,0,0,0,0.14865,0,0,0,0,0
18,217,1.002,1102.7,68722,0.48793,0,0,0,0,0,0,0,0,0,0.88605,0,0,0,0,0
18,217,1.002,1102.7,68722,0.87051,0,0,0,0.021741,0,0.59876,0,0,1.0834,0.34469,0,0,0,0,0
18,217,1.002,1102.7,68722,0,0,0,0,0,0,0,0,0,0,0.072463,0,0,0,0,0
18,217,1.002,1102.7,68722,0.023466,0,0,0.32437,0.051193,0,0,0,0,0,4.5076,0,0,0,0,0
18,217,1.002,1102.7,68722,0.002021,0,0,0,0,0,0,0,0,0,13.956,0,0,0,0,0
18,217,1.002,1102.7,68722,19.712,0,0,2.388,0,0,0,0,0,0,58.962,0,0,0,0,2.7569
18,217,1.002,1102.7,68722,14.068,0,0,0,0,0,0,0,0,0,0.13055,0,0,0,0,27.569
18,217,1.002,1102.7,68722,0,0,0,0,1.9804,0.42015,6.8575,0,0,0,0.072463,0,0,0,0,0
18,217,1.002,1102.7,68722,0,0,0,0,0,0,0,0,0,0,2.139,0,0,0,0,0
18,217,1.002,1102.7,68722,0.024085,0,0,0,0,0.42015,0,0,0,10.481,0.072463,0,0,0,0,170.93
18,217,1.002,1102.7,68722,0,0,0.079551,0,0,0,0,0,0,0,0.072463,0,0,0,0,0
18,217,1.002,1102.7,68722,0,0,0,0,0.63175,0,0,0,0,0,0.072463,0,0,0,0,60.651
18,217,1.002,1102.7,68722,0.46914,0,0,0,0,0,0,0,0,0,0.50053,0,0,0,0,0
18,217,1.002,1102.7,68722,0,0,0,0.098567,0,0,0,0,0,0,5.2552,0,0,0,0,0
18,217,1.002,1102.7,68722,10.869,0,0,0,0,0,0,0,0,5.7109,6.11,0,0,0,0,0
18,217,1.002,1102.7,68722,0.010201,0,0,0.007221,29.206,0.001267,0.093171,0,0,0,0.17023,0,0,0,0,0
18,217,1.002,1102.7,68722,4.9225,0,0,0,0,0,0,0,0,0,0.88605,0,0,0,0,0
18,217,1.002,1102.7,68722,0,0,0,0.0087005,0,0,0.13028,0,0,0,0.072463,0,0,0,0,0
18,217,1.002,1102.7,68722,0.014096,0,0,0,0,0,15.64,0,0,0,0.072463,0,0,0,0,0
18,217,1.002,1102.7,68722,0.022995,0,0,0,0,0.26953,0,0,0,0,21.937,0,0,0,0,0
18,217,1.002,1102.7,68722,0.008333,0,0,0.54853,0,0.031707,0,0,0,0,0.072463,0,0,0,0,0
18,217,1.002,1102.7,68722,0,0,0,14.054,6.7091,0,0,0,0,0,0.072463,0,0,0,0,0
18,217,1.002,1102.7,68722,0,0,0.021741,0.016666,0,0,0,0,0,0.056957,0.13055,0,0,0,0,0
18,217,1.002,1102.7,68722,0.078773,0,0,0,0,0.033266,0,0,0,0,2.5126,0,0,0,0,0
18,217,1.002,1102.7,68722,0.0098758,0,0,0,0,0.008332,0.68719,0,0,21.917,2.8119,0,0,0,0,0
18,217,1.002,1102.7,68722,0.002741,0,0,0.5226,0,0,0,0,0,0,0.072463,0,0,0,0,1047.6
18,217,1.002,1102.7,68722,0,0,0,0,0,0.002491,24.186,0,0,0,3.4936,0,0,0,0,0
18,217,1.002,1102.7,68722,0.0062716,0,0,0,0,0,0,0,0,0,0.13679,0,0,0,0,0
18,217,1.002,1102.7,68722,0,0,0,0,0,0,0,0,0,0,32.545,0,0,0,0,27.569
18,217,1.002,1102.7,68722,0.73941,0,0,0,0,0,0,0,0,0,2.4191,0,0,0,0,0
18,217,1.002,1102.7,68722,0.074955,0,0,0,0,0,0,0,0,0,0.13054,0,0,0,0,38.596
18,217,1.002,1102.7,68722,0.008333,0,0.65383,0,0,0,0,0,0,0,0.072463,0,0,0,0,0
18,217,1.002,1102.7,68722,43.811,0,0,1.0004,0,0,0,0,0,0,4.8911,0,0,0,0,2.7569
18,217,1.002,1102.7,68722,0.63729,0,0,0,8.6664,0,25.077,0,0,0,0.13054,0,0,0,0,0
18,217,1.002,1102.7,68722,31.065,0,0,0,0,0.0089463,3.3223,0,0,0,0.072463,0,0,0,0,1047.6
18,217,1.002,1102.7,68722,0.12117,0,0,0,0,0,18.189,0,0,0,1.1196,0,0,0,0,0
18,217,1.002,1102.7,68722,0.022876,0,0,0.21246,0,0.008333,0.002308,0,0,0,0.072463,0,0,0,0,27.569
18,217,1.002,1102.7,68722,0.000254,0,0.0071766,0,0,0,0,0,0,0,0.072463,0,0,0,0,0
18,217,1.002,1102.7,68722,110.33,0,0,0,1.3537,0.001205,0,0,0,0,13.956,0,0,0,0,0
18,217,1.002,1102.7,68722,0.5485,0,0,152.02,0,0,0,0,0,0,0.072463,0,0,0,0,0
18,217,1.002,1102.7,68722,23.281,0,0,0.000251,0,0,231.76,0,0,0,14.02,0,0,0,0,0
18,217,1.002,1102.7,68722,0,0,0,11.936,0,0.0060235,0,0,0,0,0.072463,0,0,0,0,2.7569
18,217,1.002,1102.7,68722,0.94437,0,0,34.186,0,0,0.13028,0,0,0,0.13348,0,0,0,0,0
18,217,1.002,1102.7,68722,0.008333,0,0,0,0,0,0,0,0,0,0.072463,0,0,0,0,0
18,217,1.002,1102.7,68722,0.8753,0,0,0,0,0,0,0,0,0,7.6506,0,0,0,0,0
18,217,1.002,1102.7,68722,0,0,0,0,0,0,547.09,0,0,0,4.1702,0,0,0,0,0
18,217,1.002,1102.7,68722,0.00052,0,0,0,0,0,0,0,0,0,0.12844,0,0,0,0,0
18,217,1.002,1102.7,68722,0.000254,0,3.2585,0,0,0,0,0,0,0,0.78303,0,0,0,0,16.541
18,217,1.002,1102.7,68722,0.88244,0,0,0,0,0.056592,0.13028,0,0,0,0.072463,0,0,0,0,0
18,217,1.002,1102.7,68722,0.12917,0,0,0,0,0,0,0,0,1.9819,2.5972,0,0,0,0,0
18,217,1.002,1102.7,68722,0.008333,0,0,0,0,0,61.211,0,0,0,0.072463,0,0,0,0,0
18,217,1.002,1102.7,68722,0.98352,0,0,0.00524,0,0.17467,0,0.043508,0,0,0.072463,0,0,0,0,0
18,217,1.002,1102.7,68722,9.9717,0,0,0,0.46788,0,0,0,0,0,0.1337,0,0,0,0,0
18,217,1.002,1102.7,68722,0.00052,0,0,0.26852,0,1.1678,0,0.54772,0,0,0.072463,0,0,0,0,0
18,217,1.002,1102.7,68722,0.082061,0,0,0,0,0,0,0,0,0,7.8571,0,0,0,0,0
18,217,1.002,1102.7,68722,0.22882,0,0,0,0,0,0,0,0,0,0.072463,0,0,0,0,0
18,217,1.002,1102.7,68722,2.0662,0,0,0,0,0,0.13028,0,0,1.5851,0.072463,0,0,0,0,2.7569
18,217,1.002,1102.7,68722,1.5047,0,0,0,0,0,0,0,0,0,39.253,0,0,0,0,0
18,217,1.002,1102.7,68722,16.463,0,0,0,0,0,0.002308,0,0,0,2.3459,0,0,0,0,0
18,217,1.002,1102.7,68722,0.77402,0,0,0,0,0.1274,0,0,0,0,0.072463,0,0,0,0,0
18,217,1.002,1102.7,68722,0.0098758,0,0,0,0,0,102.85,0,0,1.0834,0.77377,0,0,0,0,0
18,217,1.002,1102.7,68722,5.7936,0,0.008333,6.1009,0,0,0.13028,0,0,0,0.072463,0,0,0,0,60.651
18,217,1.002,1102.7,68722,0.002068,0,0,0,0,0,0,0,0,0,3.4411,0,0,0,0,0
18,217,1.002,1102.7,68722,4.6396,0,0,0.008333,0,0,23.901,0,0,0,12.122,0,0,0,0,0
18,217,1.002,1102.7,68722,0.12612,0,0,0,0,0,0,0,0,0,0.55863,0,0,0,0,0
18,217,1.002,1102.7,68722,0.97362,0,0,0,0,0,0,0,0,0,0.63695,0,0,0,0,2.7569
18,217,1.002,1102.7,68722,0.056827,0,0,0.44563,0.008333,0,0,0,0,0,5.6128,0,0,0,0,82.706
18,217,1.002,1102.7,68722,0.0076281,0,0,0,0,0,0,0,0,0.76342,0.072463,0,0,0,0,0
18,217,1.002,1102.7,68722,0,0,0,0,0,0,0,0,0,0,0.134,0,0,0,0,0
18,217,1.002,1102.7,68722,0.003485,0,50.173,2.6466,0,0,0,0,0,0.18355,0.13226,0,0,0,0,0
18,217,1.002,1102.7,68722,0.027485,0,0,0,0,0,0.13028,1.8324,0,0,0.48881,0,0,0,0,60.651
18,217,1.002,1102.7,68722,0.90055,0,0,2.5,0,0,0,0,0,0,1.1244,0,0,0,0,0
18,217,1.002,1102.7,68722,0,0,0,0.003821,0.008333,0,0.67053,0,0,0,0.072463,0,0,0,0,237.09
18,217,1.002,1102.7,68722,5.951,0,0,0,0,0,0,0,0,0,0.27752,0,0,0,0,0
18,217,1.002,1102.7,68722,0,0,0,5.2119,0,0,0,0,0,0,0.072463,0,0,0,0,0
18,217,1.002,1102.7,68722,0.0067817,0,0,0,0,0,0,0,0,0,0.26171,0,0,0,0,49.623
18,217,1.002,1102.7,68722,2.1709,0,0,0,0,0,49.932,0,0,0,9.0272,0,0,0,0,27.569
18,217,1.002,1102.7,68722,2.1709,0,0,0,0,0,0,0,0,0,5.1874,0,0,0,0,38.596
18,217,1.002,1102.7,68722,0,0,0.008335,0,0,0,0,0,0,0,0.072463,0,0,0,0,49.623
18,217,1.002,1102.7,68722,0,0,0,0.040531,0,0,0,0,0,0,9.4141,0,0,0,0,0
18,217,1.002,1102.7,68722,0,0,0,0,0,0.0067709,0,0,0,0,0.072463,0,0,0,0,0
18,217,1.002,1102.7,68722,2.6642,0,0,0,0,0,0.13028,0,0,0,0.072463,0,0,0,0,0
18,217,1.002,1102.7,68722,11.508,0,0,0.66511,18.708,0,0,0,0,0,4.8911,0,0,0,0,27.569
18,217,1.002,1102.7,68722,0,0,0,0,0,0,0,0,0,1.0076,25.166,0,0,0,0,0
18,217,1.002,1102.7,68722,9.3082,0,0,10.076,0,0.0055384,0,0,0,0,25.046,0,0,0,0,0
18,217,1.002,1102.7,68722,0.022097,0,9.4367,0,0,0,0,0,0,8.0476,28.485,0,0,0,0,2.7569
18,217,1.002,1102.7,68722,0,0,0,0,0,0,0,0,0,13.788,0.43625,0,0,0,0,0
18,217,1.002,1102.7,68722,0.5485,0,0,0,0,0,0.008333,0,0,0,0.072463,0,0,0,0,0
18,217,1.002,1102.7,68722,0,0,0,4.3212,0,0.014592,0,0,0,0,2.1163,0,0,0,0,170.93
18,217,1.002,1102.7,68722,0.12499,0,0,0,0,1.1678,0,0,0,0,11.921,0,0,0,0,0
18,217,1.002,1102.7,68722,0.26,0,0,0.81046,0,0,0,0,0,0,4.3915,0,0,0,0,0
18,217,1.002,1102.7,68722,0.14191,0,0,0.11899,0,0.003416,72.074,0,0,0,31.522,0,0,0,0,38.596
18,217,1.002,1102.7,68722,0.022097,0,0,0,0,0,0,0,0,0,0.072463,0,0,0,0,0
18,217,1.002,1102.7,68722,0,0,0,0,0,0,4.0714,0.15659,0,0,19.884,0,0,0,0,0
18,217,1.002,1102.7,68722,0,0,0,0,0,0,0.42744,0,0,0,0.072463,0,0,0,0,0
18,217,1.002,1102.7,68722,0,0,0,0,0,0,0.42744,0,0,0,0.69109,0,0,0,0,0
18,217,1.002,1102.7,68722,0.008333,0,0,11.145,0,0,0,0,0,0,0.072463,0,0,0,0,2.7569
18,217,1.002,1102.7,68722,0,0,0,0,0,0,0.70468,0,0,0,0.77377,0,0,0,0,0
18,217,1.002,1102.7,68722,0,0,0,1.7682,0,0.008333,0,0,0,0,4.2705,0,0,0,0,0
18,217,1.002,1102.7,68722,0,0,0,0,0,0,293.03,0,0,0,0.61154,0,0,0,0,0
18,217,1.002,1102.7,68722,0,0,0,0,0,0,0,0,0,0,0.072463,0,0,0,0,0
18,217,1.002,1102.7,68722,0.008333,0,0,0,0.008333,0.0055799,0,0,0,0,8.9759,0,0,0,0,0
18,217,1.002,1102.7,68722,1.6334,0,0,0.086646,0,0,0,0,0,0.91947,0.072463,0,0,0,0,181.95
18,217,1.002,1102.7,68722,2.3989,0,0,0,0,0,0,0,0,0,14.637,0,0,0,0,38.596
18,217,1.002,1102.7,68722,0.87416,0,0,0.0078558,31.475,0,0,0,0,1.164,2.1592,0,0,0,0,1047.6
18,217,1.002,1102.7,68722,0,0,0,0,0,0,0,0,0,0.72035,0.072463,0,0,0,0,0
18,217,1.002,1102.7,68722,4.3548,0,0,6.7823,0,0.010107,0,0,0,0,0.072463,0,0,0,0,0
18,217,1.002,1102.7,68722,0,0,0,17.328,0,0,1.7875,0,0,0,5.8934,0,0,0,0,0
18,217,1.002,1102.7,68722,4.0743,0,0,0,0,0,0,0,0,0,0.072463,0,0,0,0,0
18,217,1.002,1102.7,68722,0,0,0,0.016666,0,0,0,0,0,0,0.11545,0,0,0,0,2.7569
18,217,1.002,1102.7,68722,1.0792,0,0,4.6611,0,0,0,0,0,0,0.33796,0,0,0,0,0
18,217,1.002,1102.7,68722,0.39468,0,0.007148,0,0,3.171,0.40452,0,0,0,0.072463,0,0,0,0,0
18,217,1.002,1102.7,68722,0.012378,0,0,2.2514,0,0,231.76,0,0,0,5.7349,0,0,0,0,0
18,217,1.002,1102.7,68722,26,0,0,0,0,0,0.059897,0,0,0,6.3875,0,0,0,0,2.7569
18,217,1.002,1102.7,68722,0.01589,0,0,0.013573,0.002868,0,0,0,0,0,2.3459,0,0,0,0,38.596
18,217,1.002,1102.7,68722,0.59569,0,0,0,0,3.171,0,0,0,0,0.49027,0,0,0,0,49.623
18,217,1.002,1102.7,68722,15.728,0,0,0.8087,0,0,0.40452,0,0,0,6.4921,0,0,0,0,0
18,217,1.002,1102.7,68722,2.8251,0,0.4067,0,0,0,0,0,0,6.8425,0.072463,0,0,0,0,0
18,217,1.002,1102.7,68722,0.0083909,0,0,0,0,0,0,0,0,0,32.545,0,0,0,0,0
18,217,1.002,1102.7,68722,0,0,0,0,0,0,0,0,0,0,0.41633,0,0,0,0,0
18,217,1.002,1102.7,68722,0,0,0,0,0,0,0,0,0,0,0.12977,0,0,0,0,0
18,217,1.002,1102.7,68722,0.90055,0,0,0,0.096819,0,0,0,0,1.5851,7.2745,0,0,0,0,0
18,217,1.002,1102.7,68722,0,0,0,0,0,0,0,0,0,0,12.207,0,0,0,0,0
18,217,1.002,1102.7,68722,0,0,0,0,0,0,0.60778,0,0,0,4.3915,0,0,0,0,0
18,217,1.002,1102.7,68722,0.0082878,0,0,0.80423,0,0,0,0,0,0,37.282,0,0,0,0,27.569
18,217,1.002,1102.7,68722,0.008333,0,0,0,6.0056,0,0,0,0,0,0.56339,0,0,0,0,0
18,217,1.002,1102.7,68722,21.908,0,0,0,0,0.000254,0,0,0,0,0.072463,0,0,0,0,0
18,217,1.002,1102.7,68722,0.001192,0,0,0,0,0,8.2001,0,0,0,6.1454,0,0,0,0,0
18,217,1.002,1102.7,68722,22.603,0,0,0.81626,0,0,0.13028,0,0,0,0.29757,0,0,0,0,1047.6
18,217,1.002,1102.7,68722,6.6382,0,0,0,0,0,137.34,0,0,0,0.072463,0,0,0,0,0
18,217,1.002,1102.7,68722,0,0,0,0,0,0,0,0,0,0,0.072463,0,0,0,0,204.01
18,217,1.002,1102.7,68722,3.9772,0,0,33.52,0,0,0.22345,0,0,0,12.052,0,0,0,0,0
18,217,1.002,1102.7,68722,0.003295,0,0,0,0,0,0,0,0,0,5.2662,0,0,0,0,16.541
18,217,1.002,1102.7,68722,0.00524,0,0,0,0,0,0,0,0,0.18355,3.3683,0,0,0,0,0
18,217,1.002,1102.7,68722,0.17013,0,0,1.1955,0,0,0,0,0,0,0.072463,0,0,0,0,0
18,217,1.002,1102.7,68722,0.048094,0,0,2.2146,0,0.8497,0,0,0,0,0.072463,0,0,0,0,0
18,217,1.002,1102.7,68722,0.005006,0,0,840.67,0,0,0.59876,22.823,0,0,0.13302,0,0,0,0,0
18,217,1.002,1102.7,68722,1.0412,0,0,0,0,0,0,0,0,0,17.634,0,0,0,0,0
18,217,1.002,1102.7,68722,0.008333,0,0,0,0,0,0,0,0,0,3.896,0,0,0,0,0
18,217,1.002,1102.7,68722,18.142,0,0,0,0,0,0,0,0,0,0.13786,0,0,0,0,0
18,217,1.002,1102.7,68722,0.16104,0,0,1.4206,0,0,0,0,0,0,0.072463,0,0,0,0,0
18,217,1.002,1102.7,68722,0.0021839,0,0,0,0,0,0,0,0,0,0.33663,0,0,0,0,16.541
18,217,1.002,1102.7,68722,8.2225,0,0,0,0,0,0,0,0,0,0.13505,0,0,0,0,0
18,217,1.002,1102.7,68722,0.02573,0,0,0,0,0,0,0,0,0,2.2044,0,0,0,0,0
18,217,1.002,1102.7,68722,0.000126,0,2.4344,0,0,0,0,0,0,0,0.13056,0,0,0,0,49.623
18,217,1.002,1102.7,68722,0.00644,0,0.65383,0.8111,0,0,0,0,0,0,0.77377,0,0,0,0,0
18,217,1.002,1102.7,68722,0,0,0,0,0,0,0,0,0,0,0.072463,0,0,0,0,148.87
18,217,1.002,1102.7,68722,1.6487,0,0,0,0,0,0.021726,0,0,0,2.9142,0,0,0,0,0
18,217,1.002,1102.7,68722,0.008333,0,0,0.22723,0,0,0,0,0,0,0.56072,0,0,0,0,0
18,217,1.002,1102.7,68722,1.207,0,0,0.81536,0,0,0,0,0,0,1.9852,0,0,0,0,0
18,217,1.002,1102.7,68722,0.94437,0,0,0,0,0,0,0,0,0,2.8119,0,0,0,0,104.76
18,217,1.002,1102.7,68722,0,0,0,0.0090585,0,0,0,0,0,0,37.282,0,0,0,0,0
18,217,1.002,1102.7,68722,0.046004,0,0,0,0,0,0,0,0,0,0.072463,0,0,0,0,0
18,217,1.002,1102.7,68722,0.043397,0,0,0,0,0,0.13028,0,0,0,0.91404,0,0,0,0,0
18,217,1.002,1102.7,68722,0,0,0,0.007102,0,0,0,0,0,0,1.208,0,0,0,0,0
18,217,1.002,1102.7,68722,1.0792,0,0,0,0,0.003539,0,0,0,8.5959,0.072463,0,0,0,0,27.569
18,217,1.002,1102.7,68722,0,0,0,1.2987,0.12446,1.904,70.564,0,0,0,0.072463,0,0,0,0,0
18,217,1.002,1102.7,68722,0,0,0,0,0.009078,0.013193,0,0,0,0,0.072463,0,0,0,0,0
18,217,1.002,1102.7,68722,0.008335,0,0,0,0,0,0,0,0,0,1.7329,0,0,0,0,0
18,217,1.002,1102.7,68722,0,0,0,0,0,0,0,0,0,0,0.072463,0,0,0,0,0
18,217,1.002,1102.7,68722,0.19777,0,0,0,0,0,0,0,0,0,7.3168,0,0,0,0,0
18,217,1.002,1102.7,68722,0.063326,0,0,0,0,0,0,0,0,1.1034,0.072463,0,0,0,0,0
18,217,1.002,1102.7,68722,0.30203,0,0,0,0,0,19.738,0,0,0,0.072463,0,0,0,0,0
18,217,1.002,1102.7,68722,0.00021,0,0,1.0004,0,8.1e-05,0.22345,0,0,0,3.4936,0,0,0,0,0
18,217,1.002,1102.7,68722,0.11177,0,0,0,0,0.00166,0,0,0,0,0.56339,0,0,0,0,0
18,217,1.002,1102.7,68722,0,0,0,0,0,0,0,0,0,0,0.072463,0,0,0,0,1047.6
18,217,1.002,1102.7,68722,0.0098758,0,0,0,0,0,14.172,0,0,0,2.4241,0,0,0,0,0
18,217,1.002,1102.7,68722,0,0,0,0,0,0,2.859,0,0,0,0.94042,0,0,0,0,49.623
18,217,1.002,1102.7,68722,0.008333,0,0,0,0,0,0,0,0,0,0.072463,0,0,0,0,0
18,217,1.002,1102.7,68722,0,0,0,0,0,0,0,0,0,0,0.072463,0,0,0,0,1047.6
18,217,1.002,1102.7,68722,0,0,0,0,0,0,0,0,0,0,1.3204,0,0,0,0,1047.6
18,217,1.002,1102.7,68722,0,0,0,0,0,0.008336,0,0,0,0,33.814,0,0,0,0,0
18,217,1.002,1102.7,68722,2.2492,0,0,0,0,0,0,0,0,0,13.16,0,0,0,0,2.7569
18,217,1.002,1102.7,68722,0.023969,0,0,0,0,0,0,0,0,0,1.8617,0,0,0,0,170.93
18,217,1.002,1102.7,68722,0.58786,0,0,0.007221,0,0,0.008333,0,0,0,0.11545,0,0,0,0,16.541
18,217,1.002,1102.7,68722,0,0,0,0,0,0,0,0,0,0,0.51741,0,0,0,0,0
18,217,1.002,1102.7,68722,1.1917,0,0,0,0,0,0,0,0,0,0.072463,0,0,0,0,27.569
18,217,1.002,1102.7,68722,0,0,0,0,0,0.081066,0,0,0,0,0.37335,0,0,0,0,0
18,217,1.002,1102.7,68722,0.008333,0,0,38.12,0,0,0,0,0,0,2.453,0,0,0,0,0
18,217,1.002,1102.7,68722,1.0412,0,0,10.01,0.00833,0.042212,0,0,0,0,0.35902,0,0,0,0,0
18,217,1.002,1102.7,68722,0,0,0,0,0,0,0,0,0,0,2.286,0,0,0,0,49.623
18,217,1.002,1102.7,68722,0.026793,0,0,1.0259,0,0,0,0,0,0,2.1163,0,0,0,0,204.01
18,217,1.002,1102.7,68722,0.87466,0,0,18.359,0,0,0,0,0,0.55196,1.0543,0,0,0,0,27.569
18,217,1.002,1102.7,68722,0.004588,0,0,0.82887,0,0,0,0,0,0,0.072463,0,0,0,0,0
18,217,1.002,1102.7,68722,0.17916,0,0,0,0,0,0.008333,0,0,0,0.072463,0,0,0,0,0
18,217,1.002,1102.7,68722,0,0,0,0,0,0,0.13028,0,0,0,16.683,0,0,0,0,0
18,217,1.002,1102.7,68722,0,0,0,0.0059778,0.000702,0,132.95,0,0,0,3.9983,0,0,0,0,0
18,217,1.002,1102.7,68722,0,0,0,0,0.021583,0,0,0,0,0,16.626,0,0,0,0,0
18,217,1.002,1102.7,68722,0.023707,0,0,0,0,0,0,0,0,0,57.82,0,0,0,0,126.82
18,217,1.002,1102.7,68722,0.010625,0,0,0,0,0,4.44,0,0,0,8.6117,0,0,0,0,49.623
18,217,1.002,1102.7,68722,0,0,0,0,0,0,0,0,0,0,2.0951,0,0,0,0,38.596
18,217,1.002,1102.7,68722,0,0,0,0,0,0,0.13028,0,0,0,1.7269,0,0,0,0,0
18,217,1.002,1102.7,68722,0,0,0,0,4.3019,0,0,0,0,0,9.9728,0,0,0,0,0
18,217,1.002,1102.7,68722,0,0,0,0,0.005239,0,21.229,0,0,0,13.956,0,0,0,0,0
18,217,1.002,1102.7,68722,0.008333,0,0,0,0,0,0,0,0,0,0.086791,0,0,0,0,2.7569
18,217,1.002,1102.7,68722,2.6445,0,0,0,0,0.024999,0,0,0,0,0.072463,0,0,0,0,0
18,217,1.002,1102.7,68722,0.003485,0,0,0.003538,0.000254,0,0,0,0,0,1.7329,0,0,0,0,0
18,217,1.002,1102.7,68722,0.008333,0,0,0,0,0,0,0,0,0,1.0076,0,0,0,0,0
18,217,1.002,1102.7,68722,0,0,0,0,0,0,8.5769,0,0,0,0.072463,0,0,0,0,1047.6
18,217,1.002,1102.7,68722,0,0,0,0,12.065,0,0,0,0,0,4.6416,0,0,0,0,0
18,217,1.002,1102.7,68722,1.8751,0,0,0,0,0.12321,0,0,0,0,1.1196,0,0,0,0,2.7569
18,217,1.002,1102.7,68722,2.6445,0,0,0,0.008333,0,0,0,0,0,21.593,0,0,0,0,0
18,217,1.002,1102.7,68722,0.005714,0,0,0.084243,0,0.008336,0,0,0,0,0.1484,0,0,0,0,0
18,217,1.002,1102.7,68722,0.008333,0,0,0,0,0,0,0,0,0,1.1456,0,0,0,0,49.623
18,217,1.002,1102.7,68722,0.00052,0,0,7.9751,23.071,0,0,0,0,0,0.24539,0,0,0,0,0
18,217,1.002,1102.7,68722,0.095736,0,0,0,0,0,0,0,0,0.18355,0.072463,0,0,0,0,0
18,217,1.002,1102.7,68722,0,0.00524,0,0,0.002868,0,0,0,0,0,0.072463,0,0,0,0,0
18,217,1.002,1102.7,68722,9.7171,0,0,20.093,0,0,0,0,0,0,5.2662,0,0,0,0,0
18,217,1.002,1102.7,68722,17.426,0,0,0,0,0,132.95,0,0,2.6253,5.8934,0,0,0,0,0
18,217,1.002,1102.7,68722,0.13895,0,0.008333,0,0,0,0.059897,0,0,0,27.869,0,0,0,0,0
18,217,1.002,1102.7,68722,0.008333,0,0,0,0,0,0,0,0,0,0.072463,0,0,0,0,137.84
18,217,1.002,1102.7,68722,0.095736,0,0,0,0.82104,0,0,0,0,0,0.13348,0,0,0,0,0
18,217,1.002,1102.7,68722,0.008333,0,0.0068538,0,0,0,0,0,0,0,1.7457,0,0,0,0,0
18,217,1.002,1102.7,68722,3.3972,0,0,0.00524,0,0,0,0,0,0,5.101,0,0,0,0,0
18,217,1.002,1102.7,68722,0.0084135,0,0,0,0,0,0,0,0,0,0.072463,0,0,0,0,0
18,217,1.002,1102.7,68722,0,0,0,0,0,0,218.25,0,0,0,2.6155,0,0,0,0,0
18,217,1.002,1102.7,68722,7.4608,0,0,0.005239,0,1.0092,0,0,0,0,0.17677,0,0,0,0,60.651
18,217,1.002,1102.7,68722,0,0,0,0,0,0,0,0,0,0,0.072463,0,0,0,0,0
18,217,1.002,1102.7,68722,1.0524,0,0,0,0,0,0,0,0,0,8.2822,0,0,0,0,0
18,217,1.002,1102.7,68722,0.058812,0,0,0,0,0,0,0,0,0,0.1331,0,0,0,0,0
18,217,1.002,1102.7,68722,0.020638,0,0,0,0,0,0,0,0,0,0.072463,0,0,0,0,0
18,217,1.002,1102.7,68722,0.081023,0,0,0.068755,0,0,0,0,0,0,5.5792,0,0,0,0,0
18,217,1.002,1102.7,68722,0,0,0,0,0,0,0,0.024348,0,0,0.97511,0,0,0,0,16.541
18,217,1.002,1102.7,68722,0,0,0,0,0,9.5972,0,0,0,0,6.9105,0,0,0,0,0
18,217,1.002,1102.7,68722,0.005239,0,0,0,0,0,0,0,0,0,0.072463,0,0,0,0,0
18,217,1.002,1102.7,68722,0.87488,0,0,0,0,6.5405,0,0,0,0,0.72803,0,0,0,0,93.733
18,217,1.002,1102.7,68722,0,0,0,0,0,0.019973,0,0,0,0,0.072463,0,0,0,0,60.651
18,217,1.002,1102.7,68722,0.0034665,0,0,0,0,0,0,0,0,0,5.7131,0,0,0,0,0
18,217,1.002,1102.7,68722,6.3616,0,0,0,0.051193,0,0,0,0,0,0.11545,0,0,0,0,0
18,217,1.002,1102.7,68722,0,0,0,0,0,0,0.60778,0,0,0,0.41236,0,0,0,0,0
18,217,1.002,1102.7,68722,5.6876,0,0,0,0,0.008333,0,0,0,0,71.252,0,0,0,0,0
18,217,1.002,1102.7,68722,1.2674,0,0,0,0,0.030964,0,0,0,0,0.15166,0,0,0,0,2.7569
18,217,1.002,1102.7,68722,0,0,0,0,0,0,0,0,0,0,0.072463,0,0,0,0,0
18,217,1.002,1102.7,68722,0.00824,0,0,0,0,0.00644,0,0,0,0,5.6128,0,0,0,0,0
18,217,1.002,1102.7,68722,0,0,0,0,0,0.0059417,0,0,0,0,1.7918,0,0,0,0,0
18,217,1.002,1102.7,68722,0,0,0,0,0,0.10347,0,0,0,0,2.1586,0,0,0,0,0
18,217,1.002,1102.7,68722,2.704,0,0,0,0,0,0.67845,0,0,0,11.706,0,0,0,0,93.733
18,217,1.002,1102.7,68722,29.932,0,0,0,0,0.00052,0,0,0,0,0.072463,0,0,0,0,0
18,217,1.002,1102.7,68722,0,0,0,0,0,0,0.13028,0,0,0,0.60404,0,0,0,0,0
18,217,1.002,1102.7,68722,5.9048,0,0,0,0,0,0,0,0,0,2.2216,0,0,0,0,0
18,217,1.002,1102.7,68722,0,0,0,0,0,0,8.7007,0,0,7.6506,0.072463,0,0,0,0,0
18,217,1.002,1102.7,68722,21.535,0,0,0,0.008333,0,0,0,0,0,0.072463,0,0,0,0,0
18,217,1.002,1102.7,68722,0,0,0,0,0,0,0,0,0,0,1.1244,0,0,0,0,0
18,217,1.002,1102.7,68722,0.023662,0,0,0,0.008333,0,0,0,0,0,0.24539,0,0,0,0,0
18,217,1.002,1102.7,68722,0.035363,0,0,0.41957,4.3019,0,0,0,0,0,0.072463,0,0,0,0,38.596
18,217,1.002,1102.7,68722,1.5964,0,0,0,0,2.7056,0,0,0,0,0.072463,0,0,0,0,0
18,217,1.002,1102.7,68722,6.8951,0,0,0,0,338.28,8.9964,0,0,0,6.2907,0,0,0,0,0
18,217,1.002,1102.7,68722,0,0,0,0.30383,0,0,0,0,0,0,7.2745,0,0,0,0,0
18,217,1.002,1102.7,68722,0,0,0,0,0,0,0,0,0,0,0.072463,0,0,0,0,0
18,217,1.002,1102.7,68722,0.51708,0,0,0,0,0,0,0,0,1.5851,1.4049,0,0,0,0,1047.6
18,217,1.002,1102.7,68722,0.00387,0,0.003468,0.16423,0,0,0,0,0,0,0.1337,0,0,0,0,0
18,217,1.002,1102.7,68722,0,0,0,0,0,0,0.13028,0,0,0,3.3678,0,0,0,0,60.651
18,217,1.002,1102.7,68722,0,0,0,0,0,0,0.13028,0,0,0,1.2482,0,0,0,0,2.7569
18,217,1.002,1102.7,68722,5.7614,0,0,0.008542,0,0,0,0,0,0,33.184,0,0,0,0,27.569
18,217,1.002,1102.7,68722,0.005411,0,0.008334,0,0.2991,0,0,0,0,8.0476,0.072463,0,0,0,0,0
18,217,1.002,1102.7,68722,26,0,0,0,0,0,24.831,0,0,0,5.955,0,0,0,0,0
18,217,1.002,1102.7,68722,0.0035385,0,0,0,0,0,0,0,0,0,0.072463,0,0,0,0,0
18,217,1.002,1102.7,68722,0.036583,0,0,0.80606,0,0,7.2376,0,0,0,0.13394,0,0,0,0,74.435
18,217,1.002,1102.7,68722,0.029409,0,0.014822,0.84321,69.603,0,0.42744,0,0,0,0.072463,0,0,0,0,0
18,217,1.002,1102.7,68722,0.003468,0,0,0,0,0,0,0,0,0,0.072463,0,0,0,0,0
18,217,1.002,1102.7,68722,5.0108,0,0,0,0,0,0,0,0,0,37.282,0,0,0,0,0
18,217,1.002,1102.7,68722,16.183,0,0.008333,0,0,0,0,0,0,0,0.13615,0,0,0,0,0
18,217,1.002,1102.7,68722,23.932,0,0,0,0,0,0,0,0,0,0.15166,0,0,0,0,0
18,217,1.002,1102.7,68722,2.3242,0,0,0,0,7.8e-05,0.13028,0,0,55.455,0.072463,0,0,0,0,49.623
18,217,1.002,1102.7,68722,0.00052,0,0,0,0,0,0,0,0,0.27721,19.922,0,0,0,0,0
18,217,1.002,1102.7,68722,0.010201,0,0,2.0133,0,0,14.058,0,0,1.0139,0.13302,0,0,0,0,0
18,217,1.002,1102.7,68722,0.87781,0,0,0,0,0,0.021726,0,0,7.8617,0.78885,0,0,0,0,0
18,217,1.002,1102.7,68722,0.0055919,0,0,2.0607,0,0,0,0,0,0,3.0821,0,0,0,0,0
18,217,1.002,1102.7,68722,0.077038,0,0,0,0,0.029652,0,0,0,0,0.072463,0,0,0,0,16.541
18,217,1.002,1102.7,68722,0.36821,0,0,0,0,0,0,0,0,0,0.13302,0,0,0,0,0
18,217,1.002,1102.7,68722,0,0,0,0,0,0,0.59876,0,0,0,0.12949,0,0,0,0,0
18,217,1.002,1102.7,68722,1.9656,0,0,0,0,0,0,0,0,0,0.072463,0,0,0,0,0
18,217,1.002,1102.7,68722,0,0,0,0.00644,0,0,0,0,0,0,2.6944,0,0,0,0,0
18,217,1.002,1102.7,68722,0.030732,0,0,0,0,0,0,0,0,0,0.77377,0,0,0,0,27.569
18,217,1.002,1102.7,68722,0,0,0,0.9511,0,0,0,0,0,1.164,0.13302,0,0,0,0,0
18,217,1.002,1102.7,68722,0.003863,0,0,0,0.005239,0,0,0,0,0,1.1451,0,0,0,0,0
18,217,1.002,1102.7,68722,0.008333,0,0,1.7466,0,0,155.04,0,0,0,1.7425,0,0,0,0,0
18,217,1.002,1102.7,68722,0,0,0,0.016666,0,0,0,0,0,0,0.37729,0,0,0,0,27.569
18,217,1.002,1102.7,68722,7.157,0,0,0.036367,0,0,0,0,0,0,0.072463,0,0,0,0,0
18,217,1.002,1102.7,68722,0,0,0,0.003821,0,0,0,0,0,0,9.2374,0,0,0,0,0
18,217,1.002,1102.7,68722,0.008333,0,0,0,0.00524,0,0,0,0,0,0.1317,0,0,0,0,74.435
18,217,1.002,1102.7,68722,9.7171,0,0,2.0607,0,0,0,0,0,0,0.21574,0,0,0,0,16.541
18,217,1.002,1102.7,68722,19.712,0,0,0,0,0,0,0,0,0.27721,0.83183,0,0,0,0,0
18,217,1.002,1102.7,68722,2.8901,0,0,0,0.50676,0,0,0,0,0,0.072463,0,0,0,0,0
18,217,1.002,1102.7,68722,0,0,0.075714,0,0,0,0.13028,0,0,5.7109,7.9974,0,0,0,0,0
18,217,1.002,1102.7,68722,0.98352,0,0,0.001236,3.6687,0,0,0,0,0,6.4637,0,0,0,0,0
18,217,1.002,1102.7,68722,0.86917,0,0,0.001292,0,0,0,0,0,1.261,0.072463,0,0,0,0,0
18,217,1.002,1102.7,68722,2.704,0,0,0,0,0,44.97,0,0,0,5.5039,0,0,0,0,0
18,217,1.002,1102.7,68722,0.008333,0,0,0,0,0,0,0,0,0,0.072463,0,0,0,0,0
18,217,1.002,1102.7,68722,3.5759,0,0,0,0,0,0,0,0,0,0.35299,0,0,0,0,0
18,217,1.002,1102.7,68722,0.13895,0,0,0.44563,0.001292,0.001292,0.59876,0,0,0,0.072463,0,0,0,0,0
18,217,1.002,1102.7,68722,0,0,0,0,0,0,0,0,0,0,2.7374,0,0,0,0,0
18,217,1.002,1102.7,68722,0,0,0,0,0,2.7056,0,0,0,0,1.2711,0,0,0,0,0
18,217,1.002,1102.7,68722,2.9778,0,0,29.879,0,0,0,0,0,0,0.75174,0,0,0,0,0
18,217,1.002,1102.7,68722,0.0067502,0,0,0,0,0,0.13028,0,0,0,16.977,0,0,0,0,38.596
18,217,1.002,1102.7,68722,0,0,0,0.011228,0,0,0,0,0,0,0.13302,0,0,0,0,0
18,217,1.002,1102.7,68722,0.000716,0,2.2036,0,0,0,0,0,0,0,0.81487,0,0,0,0,74.435
18,217,1.002,1102.7,68722,7.1037,0,0,0,0,0,0.002308,0,0,0,0.086791,0,0,0,0,0
18,217,1.002,1102.7,68722,6.0317,0,0,0,0,0,52.042,0,0,0,2.453,0,0,0,0,27.569
18,217,1.002,1102.7,68722,0,0,0,0,0,0,0,0,0,0,0.38768,0,0,0,0,38.596
18,217,1.002,1102.7,68722,0.008333,0,0,0,0,0,25.077,0,0,0,1.2836,0,0,0,0,0
18,217,1.002,1102.7,68722,2.7189,0,0,1.1423,0,0,0,0,0,0,0.072463,0,0,0,0,27.569
18,217,1.002,1102.7,68722,0,0,0,33.52,0,0,0,0,0,0,0.13364,0,0,0,0,49.623
18,217,1.002,1102.7,68722,0,0,0,0,0,0,0.059897,0,0,6.8425,2.8119,0,0,0,0,0
18,217,1.002,1102.7,68722,0.34854,0,0,0,0.064969,0,0.008333,0,0,0,0.072463,0,0,0,0,38.596
18,217,1.002,1102.7,68722,0,0,0,0,0,0,0,0,0,0,7.3168,0,0,0,0,2.7569
18,217,1.002,1102.7,68722,0.008333,0,0.68528,5.9291,0,0,29.773,0.41457,0,0,0.072463,0,0,0,0,0
18,217,1.002,1102.7,68722,0.0062323,0,0,0,0,0.59282,0,0,0,0,5.101,0,0,0,0,0
18,217,1.002,1102.7,68722,12.451,0,0,1.6943,0,0.0060235,0.59876,0,0,0,1.7425,0,0,0,0,0
18,217,1.002,1102.7,68722,1.1917,0,0,0,0.089546,0.031707,0,0,0,0,0.072463,0,0,0,0,0
18,217,1.002,1102.7,68722,0.87552,0,0.00829,34.186,0,0,10.156,0,0,0,4.0845,0,0,0,0,16.541
18,217,1.002,1102.7,68722,0.030074,0,0,72.364,0,0,28.687,0,0,0,0.086791,0,0,0,0,74.435
18,217,1.002,1102.7,68722,0.011562,0,0,0.00524,0,0.039519,0,0,0,0,7.7869,0,0,0,0,0
18,217,1.002,1102.7,68722,0.46203,0,0,0,0,0,0,0,0,0,0.82163,0,0,0,0,0
18,217,1.002,1102.7,68722,0,0,0,0,0,0,0.42744,0,0,0,0.072463,0,0,0,0,0
18,217,1.002,1102.7,68722,0.87217,0,0.008333,0,0.63175,0,0,0,0,0,3.5168,0,0,0,0,0
18,217,1.002,1102.7,68722,0.008333,0,0,0,0,0,0.13028,0,0,0,0.072463,0,0,0,0,60.651
18,217,1.002,1102.7,68722,0.020405,0,0,0,0,0,0,0,0,0,1.3227,0,0,0,0,0
18,217,1.002,1102.7,68722,75.047,0,0,0,0,0,0.021726,0,0,0,13.956,0,0,0,0,0
18,217,1.002,1102.7,68722,0.13313,0,0,0,0,0.014592,0,0,0,0,12.122,0,0,0,0,0
18,217,1.002,1102.7,68722,0.11177,0,0,0,0.008333,0,0.13028,0,0,0,1.8617,0,0,0,0,1047.6
18,217,1.002,1102.7,68722,0.76029,0,0,0.023383,0,0,0,0,0,0,0.52131,0,0,0,0,0
18,217,1.002,1102.7,68722,0,0,0,0,0,0,12.183,0,0,0,0.072463,0,0,0,0,0
18,217,1.002,1102.7,68722,0.23321,0,0,0,0,0,5.9157,0,0,0,0.14008,0,0,0,0,38.596
18,217,1.002,1102.7,68722,0.31737,0,0,0.00644,0,6.5405,10.615,0,0,0,0.072463,0,0,0,0,2.7569
18,217,1.002,1102.7,68722,10.449,0,0,0,0,0,0,0,0,0,0.13615,0,0,0,0,0
18,217,1.002,1102.7,68722,0,0,0,5.9291,0,0,24.831,0,0,0,38.156,0,0,0,0,0
18,217,1.002,1102.7,68722,0,0,0,0,0,0,0.13028,0,0,0,0.072463,0,0,0,0,0
18,217,1.002,1102.7,68722,6.4889,0,0,1.0765,0,0,0,0,0,0,0.072463,0,0,0,0,0
18,217,1.002,1102.7,68722,0,0,0,10.375,0,0,0,0,0,0,0.072463,0,0,0,0,0
18,217,1.002,1102.7,68722,0.24047,0,0,0.000376,0,0,0,0,0,0,0.44185,0,0,0,0,0
18,217,1.002,1102.7,68722,7.4608,0,0,0,0,0,0,0,0,0,0.21574,0,0,0,0,0
18,217,1.002,1102.7,68722,0.003173,0,0,0,0,0,0,0,0,0,2.3459,0,0,0,0,0
18,217,1.002,1102.7,68722,0.002784,0,0,0,0.60746,0,0.13028,0,0,0,1.7918,0,0,0,0,0
18,217,1.002,1102.7,68722,5.6876,0,0,0,0,0,0,0,0,0,14.187,0,0,0,0,0
18,217,1.002,1102.7,68722,16.345,0,0,0,0,0.008333,0,0,0,0,2.1163,0,0,0,0,0
18,217,1.002,1102.7,68722,0,0,0,0,0,0,0,3.002,0,0,5.2094,0,0,0,0,2.7569
18,217,1.002,1102.7,68722,0,0,0,0,0.008332,0,0,0,0,0,1.8634,0,0,0,0,27.569
18,217,1.002,1102.7,68722,6.8438,0,0,0.27742,0,0,0,0,0,0,1.4169,0,0,0,0,0
18,217,1.002,1102.7,68722,0.35962,0,0,0,0,0,0,0,0,0,13.426,0,0,0,0,0
18,217,1.002,1102.7,68722,9.1994,0,0,0,0,0.008333,0,0,0,0,20.534,0,0,0,0,38.596
18,217,1.002,1102.7,68722,0.008335,0,0,0,0,0.008333,0,0,0,0,3.8048,0,0,0,0,0
18,217,1.002,1102.7,68722,0.00524,0,0,0,0,0,0,0,0,0.4212,0.56339,0,0,0,0,148.87
18,217,1.002,1102.7,68722,0,0,0,0,0,0,0,0,0,1.0167,2.4569,0,0,0,0,0
18,217,1.002,1102.7,68722,0,0.011333,0,0,0,0,0,0,0,0,0.52131,0,0,0,0,0
18,217,1.002,1102.7,68722,0,0,0,0,0,5.0867,0,0,0,0,0.49027,0,0,0,0,0
18,217,1.002,1102.7,68722,0.86632,0,0.021739,35.16,0,0,28.663,0.047746,0,0,19.922,0,0,0,0,0
18,217,1.002,1102.7,68722,0.00644,0,0,0.016667,10.239,0,0,0,0,0,2.9142,0,0,0,0,237.09
18,217,1.002,1102.7,68722,0.23491,0,0,0,0.0062156,0,0.10863,0,0,0,0.13782,0,0,0,0,0
18,217,1.002,1102.7,68722,51.165,0,0,0,0,0,10.156,0,0,0,16.594,0,0,0,0,0
18,217,1.002,1102.7,68722,0.8078,0,0,0,0.003821,0,0,0,0,0,0.072463,0,0,0,0,0
18,217,1.002,1102.7,68722,0,0,0,7.3544,0,0,0,0,0,55.455,2.457,0,0,0,0,0
18,217,1.002,1102.7,68722,0.053596,0,0,0,0,0,0,0,0,0,0.072463,0,0,0,0,0
18,217,1.002,1102.7,68722,24.426,0,0,0,0,0,0,0,0,0,32.545,0,0,0,0,0
18,217,1.002,1102.7,68722,0,0,0,0,0,0.005411,0.13028,0,0,0.55196,0.37335,0,0,0,0,1047.6
18,217,1.002,1102.7,68722,0.004588,0,0,0,0,0,29.773,0,0,0,2.3337,0,0,0,0,0
18,217,1.002,1102.7,68722,0,0,0,0,0.021741,0,0,0,0,0,0.072463,0,0,0,0,0
18,217,1.002,1102.7,68722,0.008335,0,0,0,0,0,4.44,0,0,0,0.12949,0,0,0,0,0
18,217,1.002,1102.7,68722,7.2319,0,0,0,0,0,9.4834,0,0,0,0.71652,0,0,0,0,38.596
18,217,1.002,1102.7,68722,1.0524,0,0,0.005239,0,0,0.008333,0,0,0,41.799,0,0,0,0,0
18,217,1.002,1102.7,68722,5.0108,0,0,0.016668,0,0,0,0,0,0,0.072463,0,0,0,0,0
18,217,1.002,1102.7,68722,0,0,0,30.748,0,0,24.186,0,0,0,4.9652,0,0,0,0,0
18,217,1.002,1102.7,68722,0.88581,0,0.36599,0.30383,0,0,0.59876,0,0,1.7864,0.71652,0,0,0,0,0
18,217,1.002,1102.7,68722,0,0,0,0,0,0,0,0,0,0,3.4466,0,0,0,0,27.569
18,217,1.002,1102.7,68722,6.1884,0,0,0,0,0,0,0,0,8.5959,0.14411,0,0,0,0,2.7569
18,217,1.002,1102.7,68722,0,0,0,0,0,0,25.723,0,0,0,3.5398,0,0,0,0,0
18,217,1.002,1102.7,68722,0.008333,0,0,0,0,0,0,0,0,0,0.072463,0,0,0,0,0
18,217,1.002,1102.7,68722,0,0,0,0.31225,0,0,0,0,0,0,1.8634,0,0,0,0,0
18,217,1.002,1102.7,68722,19.712,0,0,0,0,0,0,0,0,0,0.072463,0,0,0,0,0
18,217,1.002,1102.7,68722,0.0082878,0,0,0.27742,0,7.2276,78.355,0,0,0,0.072463,0,0,0,0,0
18,217,1.002,1102.7,68722,0,0,0,0.016666,0,0,0,0,0,0,0.072463,0,0,0,0,0
18,217,1.002,1102.7,68722,1.6334,0,0,0,0,0,14,0,0,0,4.1702,0,0,0,0,16.541
18,217,1.002,1102.7,68722,0,0,0.007148,0,3.1907,0,35.129,0,0,0,2.4569,0,0,0,0,27.569
18,217,1.002,1102.7,68722,0.67244,0,0,0,0,0,0,0,0,6.8425,32.545,0,0,0,0,0
18,217,1.002,1102.7,68722,0,0,0,0.008332,0,0,0,0,0,0,7.7869,0,0,0,0,0
18,217,1.002,1102.7,68722,0.46203,0,0,0,0,0,13.371,0,0,0,0.072463,0,0,0,0,0
18,217,1.002,1102.7,68722,2.7947,0,0,0,0.00833,0,0,0,0,0,0.072463,0,0,0,0,0
18,217,1.002,1102.7,68722,0,0,0,0,5.2287,0,0,0,0,0,0.072463,0,0,0,0,0
18,217,1.002,1102.7,68722,0.00524,0,0,0,1.3537,0,0,0,0,0,4.1702,0,0,0,0,0
18,217,1.002,1102.7,68722,3.5379,0,0,0.007148,0.008333,0,0,0,0,0,1.4938,0,0,0,0,27.569
18,217,1.002,1102.7,68722,0,0,0,0,0,0,0,0,0,0,0.38768,0,0,0,0,0
18,217,1.002,1102.7,68722,0.027485,0,0,0.018848,0,0.008333,0,0,0,0,0.072463,0,0,0,0,170.93
18,217,1.002,1102.7,68722,0.002784,0,0,0,0,0,0,0,0,0,1.7395,0,0,0,0,0
18,217,1.002,1102.7,68722,0.14982,0,0,0,0.00387,0,0,0,0,0,2.9953,0,0,0,0,0
18,217,1.002,1102.7,68722,0.088516,0,1.7421,0,0,0,0,0,0,0,0.5196,0,0,0,0,38.596
18,217,1.002,1102.7,68722,0.025,0,0,0,3.9366,0,0.008333,0,0,0,0.7142,0,0,0,0,0
18,217,1.002,1102.7,68722,31.065,0,0,0,0,0,0,0,0,0,5.7131,0,0,0,0,27.569
18,217,1.002,1102.7,68722,0.98352,0,0,0,0,0,0,0,0,0,0.13649,0,0,0,0,60.651
18,217,1.002,1102.7,68722,0.031141,0,0,0,0,0,0.13028,0,0,0,0.072463,0,0,0,0,16.541
18,217,1.002,1102.7,68722,3.0979,0,0,0,0,0,0,0,0,0,13.16,0,0,0,0,0
18,217,1.002,1102.7,68722,1.8048,0,0,0,0,0.029374,0,0,0,0,0.072463,0,0,0,0,0
18,217,1.002,1102.7,68722,0.008763,0,0,0,13.23,0,0,0,0,0,0.072463,0,0,0,0,0
18,217,1.002,1102.7,68722,29.932,0,0,0.063622,0,0,0,0,0,0,0.13615,0,0,0,0,0
18,217,1.002,1102.7,68722,1.7028,0,0,0,0,8.1e-05,0,0.00644,0,1.0167,3.041,0,0,0,0,27.569
18,217,1.002,1102.7,68722,1.6487,0,0,0.030827,0,0,0,0,0,0,0.6599,0,0,0,0,74.435
18,217,1.002,1102.7,68722,19.242,0,0,0,0,0,0.59876,0,0,0,0.13302,0,0,0,0,0
18,217,1.002,1102.7,68722,0.86935,0,4.6989,0,0,0,0,0,0,0,4.9652,0,0,0,0,0
18,217,1.002,1102.7,68722,0.008333,0,0,0,149.41,0.45657,0,0,0,0,0.086791,0,0,0,0,0
18,217,1.002,1102.7,68722,2.9279,0,0,0.068755,0,0,279.38,0,0,0,0.072463,0,0,0,0,0
18,217,1.002,1102.7,68722,23.281,0,0,0,0,0.008333,0,0,0,0,0.072463,0,0,0,0,27.569
18,217,1.002,1102.7,68722,0,0,0,0,0,0,0,0,0,0,0.63867,0,0,0,0,0
18,217,1.002,1102.7,68722,0.35792,0,0,0,0,0,0,0,0,0,1.3204,0,0,0,0,0
18,217,1.002,1102.7,68722,0.69405,0,0,0,0,0.37405,0,0,0,0.73557,0.072463,0,0,0,0,0
18,217,1.002,1102.7,68722,1.8682,0,0,0.35408,0,0,0,0,0,0,0.072463,0,0,0,0,60.651
18,217,1.002,1102.7,68722,0.57453,0,0,0.007148,0,0.008333,0,0,0,0,3.1264,0,0,0,0,0
18,217,1.002,1102.7,68722,2.9279,0,0,0,0,0,0,0,0,0,0.072463,0,0,0,0,1047.6
18,217,1.002,1102.7,68722,0,0,0,0.81848,0,0,0,0,0,0,0.072463,0,0,0,0,0
18,217,1.002,1102.7,68722,0.15723,0,0.000716,0,0,0,7.2376,0,0,0,15.494,0,0,0,0,16.541
18,217,1.002,1102.7,68722,0.10918,0,0,3.3412,0,0,0,0,0,0,0.072463,0,0,0,0,16.541
18,217,1.002,1102.7,68722,0.063326,0,0,0,0.008953,0,0,0,0,0,20.534,0,0,0,0,0
18,217,1.002,1102.7,68722,0,0,0,0,0.003127,0,0.002308,0,0,0,0.072463,0,0,0,0,0
18,217,1.002,1102.7,68722,0,0,0,0,0,0,0.42744,0,0,0,0.44683,0,0,0,0,0
18,217,1.002,1102.7,68722,0.30203,0,0,0,73.886,0,0,0,0,0,35.008,0,0,0,0,27.569
18,217,1.002,1102.7,68722,7.7973,0,0,0,0,0.001292,0,0,0,4.212,5.2552,0,0,0,0,49.623
18,217,1.002,1102.7,68722,18.142,0,0.00247,0,0.014435,0,0.13028,0,0,0,2.1586,0,0,0,0,0
18,217,1.002,1102.7,68722,0.001236,0,0.44852,0,0,0,21.229,0,0,0,5.5792,0,0,0,0,0
18,217,1.002,1102.7,68722,0.0059107,0,1.1856,0,0.74268,0,0,0,0,0,5.1015,0,0,0,0,2.7569
18,217,1.002,1102.7,68722,0.008333,0,0,0,0,0,0,0,0,0,2.3252,0,0,0,0,0
18,217,1.002,1102.7,68722,19.915,0,0,0,0,0,0,0,0,0,0.072463,0,0,0,0,0
18,217,1.002,1102.7,68722,0.000739,0,0,310.91,0,0,0,0,0,0,4.2848,0,0,0,0,0
18,217,1.002,1102.7,68722,2.704,0,0,3.2894,0,0.0062156,0,0,0,0,0.072463,0,0,0,0,74.435
18,217,1.002,1102.7,68722,0.39761,0,0,0,0,0,0,0,0,0,0.41236,0,0,0,0,0
18,217,1.002,1102.7,68722,0.0077391,0,0,0,0,0,0,0,0,0.18086,0.072463,0,0,0,0,38.596
18,217,1.002,1102.7,68722,1.6861,0,6.9188,0.013735,0,0.00524,0,0,0,0,0.072463,0,0,0,0,0
18,217,1.002,1102.7,68722,23.932,0,0,0,0.008333,0.6675,0,0,0,0,27.424,0,0,0,0,0
18,217,1.002,1102.7,68722,0.95798,0,0,0,0,0,24.471,0,0,0,5.7349,0,0,0,0,0
18,217,1.002,1102.7,68722,0.007102,0,0,7.5305,0,0.00166,0,0,0,0,0.48881,0,0,0,0,0
18,217,1.002,1102.7,68722,2.704,0,0,0,0,0,0,0,0,1.0167,9.9728,0,0,0,0,0
18,217,1.002,1102.7,68722,4.7483,0,0,0,0,0,0,0,0,0,1.8617,0,0,0,0,0
18,217,1.002,1102.7,68722,10.572,0,0,0,0.21082,0,0,0,0,0,0.072463,0,0,0,0,0
18,217,1.002,1102.7,68722,0.001436,0,0,0,0.14847,0,115.6,0,0,2.6253,0.24539,0,0,0,0,0
18,217,1.002,1102.7,68722,0.004143,0,14.052,0,51.028,0,0,0,0,0,0.072463,0,0,0,0,0
18,217,1.002,1102.7,68722,0,0,0,0,29.206,0,0,0,0,0,4.5076,0,0,0,0,0
18,217,1.002,1102.7,68722,0.86415,0,0.008333,0,0,0,0,0,0,1.5859,0.072463,0,0,0,0,16.541
18,217,1.002,1102.7,68722,0.005239,0,0,0,0,0,0,0,0,0,0.072463,0,0,0,0,0
18,217,1.002,1102.7,68722,0.87215,0,0,0,0,0,0,0,0,0,15.494,0,0,0,0,0
18,217,1.002,1102.7,68722,0,0,0,0,0,0,0,0,0,0,5.101,0,0,0,0,0
18,217,1.002,1102.7,68722,0,0,0,0,0,0,0,0,0,0,13.171,0,0,0,0,0
18,217,1.002,1102.7,68722,0.072383,0,0,0,0,0,0,0,0,0,3.0821,0,0,0,0,27.569
18,217,1.002,1102.7,68722,0.008333,0,0,0,0,0,0.13028,0,0,0,0.072463,0,0,0,0,0
18,217,1.002,1102.7,68722,16.463,0.95172,0,0,0,0,0,0,0,0,1.6706,0,0,0,0,0
18,217,1.002,1102.7,68722,1.0524,0,0,0,0,0,0.021726,0,0,0,0.13056,0,0,0,0,0
18,217,1.002,1102.7,68722,4.0286,0,0,0,0,0,0,0,0,0,5.2552,0,0,0,0,0
18,217,1.002,1102.7,68722,11.956,0,0,0,0,0,0,0,0,0,0.072463,0,0,0,0,0
18,217,1.002,1102.7,68722,11.956,0,0,0,0,0,19.738,0.26602,0,0,6.9122,0,0,0,0,2.7569
18,217,1.002,1102.7,68722,0,0,0,0,0,0,0.13028,0,0,0,0.072463,0,0,0,0,0
18,217,1.002,1102.7,68722,13.312,0,0,0,0,0,0,0,0,0,2.6337,0,0,0,0,0
18,217,1.002,1102.7,68722,8.8359,0,0,0.001493,0,0.0062156,40.958,0,0,0.4212,2.1592,0,0,0,0,38.596
18,217,1.002,1102.7,68722,0,0,0,0,0,0,0,0,0,0,0.072463,0,0,0,0,0
18,217,1.002,1102.7,68722,0.22343,0,0,0,0,0.1274,0,0,0,0.27721,0.13054,0,0,0,0,49.623
18,217,1.002,1102.7,68722,0,0,0,0,0,0,0,0,0,0,1.0543,0,0,0,0,0
18,217,1.002,1102.7,68722,0,0,0.008333,3.9911,24.801,0.008333,0,0,0,0.76777,1.7425,0,0,0,0,0
18,217,1.002,1102.7,68722,0.44828,0,0,0,0,0,0,0,0,0,12.205,0,0,0,0,27.569
18,217,1.002,1102.7,68722,0.002784,0,0,0,0,0.0059417,0.059897,0,0,0,0.072463,0,0,0,0,0
18,217,1.002,1102.7,68722,8.3712,0,0,0.041394,0.8899,0,0.13028,0,0,0,14.703,0,0,0,0,0
18,217,1.002,1102.7,68722,0.7905,0,0,0,0,0,0,0,0,0,0.16445,0,0,0,0,0
18,217,1.002,1102.7,68722,52.503,0,0,0,0,0,0,0,0,0,2.1586,0,0,0,0,38.596
18,217,1.002,1102.7,68722,1.5315,0,0,0,1.8991,0,0,0,0,0,1.8617,0,0,0,0,38.596
18,217,1.002,1102.7,68722,0,0,0,0.7657,1.6888,0.042212,0,0,0,0,0.072463,0,0,0,0,0
18,217,1.002,1102.7,68722,2.4901,0,0.0083255,0,0,2.1391,0,0,0,0,0.51741,0,0,0,0,38.596
18,217,1.002,1102.7,68722,0,0,0,0,0,0,0,0,0,0,0.072463,0,0,0,0,0
18,217,1.002,1102.7,68722,0.001236,0,0,2.5,0,0,5.9157,0,0,0,0.072463,0,0,0,0,0
18,217,1.002,1102.7,68722,0.21532,0,0,0,0,0,0,0,0,0,0.072463,0,0,0,0,0
18,217,1.002,1102.7,68722,4.6706,0,0,0,0,0,0,0,0,0,0.13039,0,0,0,0,0
18,217,1.002,1102.7,68722,0.44117,0,0,0,0.008333,0,0.87994,0,0,13.788,0.12949,0,0,0,0,0
18,217,1.002,1102.7,68722,0.036583,0,0,11.525,0,0,0,0,0,0,13.426,0,0,0,0,0
18,217,1.002,1102.7,68722,0,0,0,0,0,0,0,0,0,13.788,1.0543,0,0,0,0,27.569
18,217,1.002,1102.7,68722,0.024628,0,0,0,0,0,0.10863,0,0,0,5.1015,0,0,0,0,0
18,217,1.002,1102.7,68722,0.015298,0,0,0,0,0,0.13028,0,0,0,18.985,0,0,0,0,0
18,217,1.002,1102.7,68722,6.5404,0,0,0.32437,0,0,0,0,0,0,0.072463,0,0,0,0,2.7569
18,217,1.002,1102.7,68722,0,0,0,0,0,0,0,0,0,0,14.02,0,0,0,0,0
18,217,1.002,1102.7,68722,0.024628,0,0,0,0,0.050064,0,0,0,0,0.12977,0,0,0,0,0
18,217,1.002,1102.7,68722,0,0,0,3.7631,0,0,13.042,0,0,0,0.69109,0,0,0,0,60.651
18,217,1.002,1102.7,68722,0.30651,0,0,0,0,0,0,0,0,0,3.4466,0,0,0,0,0
18,217,1.002,1102.7,68722,0.86178,0,0.008333,0.001493,0,0.0062716,0,0,0,0,0.072463,0,0,0,0,0
18,217,1.002,1102.7,68722,0,0,0,0,0,0,0,0,0,2.6253,9.9728,0,0,0,0,0
18,217,1.002,1102.7,68722,0.095736,0,0,0.7299,0,0,0,0,0,0,2.6337,0,0,0,0,0
18,217,1.002,1102.7,68722,0.002741,0,0,0,0,0,0,0,0,0,18.985,0,0,0,0,0
18,217,1.002,1102.7,68722,0,0,0,0,0,0,0,0.13015,0,0,0.13101,0,0,0,0,0
18,217,1.002,1102.7,68722,4.9225,0,0,20.984,0,0.00524,0,0,0,0,0.072463,0,0,0,0,0
18,217,1.002,1102.7,68722,0,0,0,0,1.6888,0,0,0,0,7.8617,13.171,0,0,0,0,0
18,217,1.002,1102.7,68722,0,0,0.008333,0,0,0,0,0,0,1.164,13.437,0,0,0,0,0
18,217,1.002,1102.7,68722,0.43372,0,0,0,0,0,0,0,0,0,0.13302,0,0,0,0,74.435
18,217,1.002,1102.7,68722,0,0,0,0,0,0,0.13028,0,0,8.5959,0.13302,0,0,0,0,0
18,217,1.002,1102.7,68722,0.010723,0,0,0.00524,0,0,0,0,0,0,0.35299,0,0,0,0,2.7569
18,217,1.002,1102.7,68722,0.008333,0,0,0,0,0,4.1671,0,0,0,0.56922,0,0,0,0,38.596
18,217,1.002,1102.7,68722,0,0,0,1.1023,0,0,0,0,0,0,1.6706,0,0,0,0,0
18,217,1.002,1102.7,68722,0.00644,0,0,0.052701,0,0.22953,0.13028,0,0,0,0.072463,0,0,0,0,93.733
18,217,1.002,1102.7,68722,0.018174,0,0,0,0,0,0,0,0,0,0.072463,0,0,0,0,38.596
21,220,1,3069.7,1.913e+05,13.694,0,0,0,24.801,1.5806,0,0,0,0,2.3337,0,0,0,0,0
21,220,1,3069.7,1.913e+05,0.003295,0,0,0,0,0,0,0,0,0,31.829,0,0,0,0,76.741
21,220,1,3069.7,1.913e+05,16.829,0,0,0,1.7703,0.004588,53.128,0,0,0,8.2822,0,0,0,0,168.83
21,220,1,3069.7,1.913e+05,2.9214,0,0,0,0,0,0,0,0,0,0.072463,0,0,0,0,0
21,220,1,3069.7,1.913e+05,2.5786,0,0,0,0,0,0.008333,0,0,0,0.072463,0,0,0,0,0
21,220,1,3069.7,1.913e+05,0,0,0,0,0,0,0,0,0,0,0.072463,0,0,0,0,0
21,220,1,3069.7,1.913e+05,0.95798,0,0,0.00036,0,0,0,0,0,0,1.6541,0,0,0,0,0
21,220,1,3069.7,1.913e+05,4.5628,0,0,0.019875,0.25648,0,0,0,0,0,6.4921,0,0,0,0,2916.2
21,220,1,3069.7,1.913e+05,0.11955,0,0,0.12942,0,0,0,0,0,0,7.8571,0,0,0,0,0
21,220,1,3069.7,1.913e+05,0.022258,0,0,0,0,0,0,0,0,0,0.072463,0,0,0,0,0
21,220,1,3069.7,1.913e+05,0.003539,0,0,0,0,0,0,0,0,0,3.9998,0,0,0,0,0
21,220,1,3069.7,1.913e+05,0.002784,0,0,0,0,0,0,0,0,0.44682,5.1874,0,0,0,0,0
21,220,1,3069.7,1.913e+05,0.001669,0,0,0,0,0,0.008333,0,0,0,4.0902,0,0,0,0,0
21,220,1,3069.7,1.913e+05,0,0,0,5.5914,0,0,0,0,0,0,4.2848,0,0,0,0,0
21,220,1,3069.7,1.913e+05,3.3972,0,0,0.00043,0,0,0,0,0,0,0.20357,0,0,0,0,0
21,220,1,3069.7,1.913e+05,0.24349,0,0,0,0,0,0,0,0,0,0.16445,0,0,0,0,0
21,220,1,3069.7,1.913e+05,0.023969,0,0,0,0,0,0,0,0,0,22.868,0,0,0,0,0
21,220,1,3069.7,1.913e+05,0.059589,0,22.614,1.7682,0,0,0,0,0,0,5.2088,0,0,0,0,207.2
21,220,1,3069.7,1.913e+05,0.008333,0,0,0,0,0,0,0,0,0,3.4411,0,0,0,0,0
21,220,1,3069.7,1.913e+05,0,0,0.37922,0,0,0,0,0,0,0,0.77377,0,0,0,0,0
21,220,1,3069.7,1.913e+05,0.86948,0,0,0,0,0,0,0,0,0,0.072463,0,0,0,0,76.741
21,220,1,3069.7,1.913e+05,0,0,0,0,0,0,0,0,0,0,6.0336,0,0,0,0,46.045
21,220,1,3069.7,1.913e+05,0,0,0.010239,0.000234,0,0,0.002308,0,0,0,0.072463,0,0,0,0,0
21,220,1,3069.7,1.913e+05,0,0,0,0,0,0,0,0,0,0,0.14411,0,0,0,0,0
21,220,1,3069.7,1.913e+05,0.034449,0,0,0,16.311,2.7056,0,0,0,1.2479,22.023,0,0,0,0,0
21,220,1,3069.7,1.913e+05,0,0,0,0,0,0,0,0,0,0,0.94042,0,0,0,0,0
21,220,1,3069.7,1.913e+05,0.46388,0,0,0,0,0,0,0,0,0,4.6416,0,0,0,0,0
21,220,1,3069.7,1.913e+05,0,0,0,0,0,0.0083909,20.643,0,0,0,0.17149,0,0,0,0,46.045
21,220,1,3069.7,1.913e+05,2.6445,0,0,0.003309,0,0,0,0,0,0,0.072463,0,0,0,0,0
21,220,1,3069.7,1.913e+05,1.8155,0,0,0,0,0,0,0,0,0,7.8571,0,0,0,0,0
21,220,1,3069.7,1.913e+05,0.87552,0,0,6.4744,0,0,0,0,0,0,0.072463,0,0,0,0,475.8
21,220,1,3069.7,1.913e+05,0,0,26.338,0,0,0.030964,0,0,0,0,0.072463,0,0,0,0,46.045
21,220,1,3069.7,1.913e+05,0.0091815,0,0,0,0,0,0,0,0,0,0.072463,0,0,0,0,107.44
21,220,1,3069.7,1.913e+05,16.345,0,0,0,0,0,0,0.008333,0,0,0.072463,0,0,0,0,7.6741
21,220,1,3069.7,1.913e+05,0.034449,0,0,0,0,0,0,0,0,0,0.072463,0,0,0,0,46.045
21,220,1,3069.7,1.913e+05,0,0,0,1.4791,0,0,25.244,0,0,0,1.8541,0,0,0,0,0
21,220,1,3069.7,1.913e+05,0,0,0,0,0,0,0,0,0,0,7.1646,0,0,0,0,138.13
21,220,1,3069.7,1.913e+05,0.87416,0,0,0,0.008333,0,0,0,0,0,0.33767,0,0,0,0,0
21,220,1,3069.7,1.913e+05,0.46914,0,0,0,0,0.29685,0,0,0,0,5.7426,0,0,0,0,0
21,220,1,3069.7,1.913e+05,5.4973,0,0,0,0,0,0,0,0,0,0.98417,0,0,0,0,0
21,220,1,3069.7,1.913e+05,0.005302,0,0.008333,0,0,0.14899,0,0,0,0,21.808,0,0,0,0,107.44
21,220,1,3069.7,1.913e+05,0.13425,0,0,1.1861,0,0.008333,10.615,0,0,0,0.072463,0,0,0,0,107.44
21,220,1,3069.7,1.913e+05,0.18125,0,0,0,23.071,0,24.471,0,0,0,1.1327,0,0,0,0,76.741
21,220,1,3069.7,1.913e+05,0,0,0,0,0,0.10057,0,0,0,0,2.1541,0,0,0,0,0
21,220,1,3069.7,1.913e+05,0.002068,0,0,0,0,0,0,0,0,0,0.072463,0,0,0,0,0
21,220,1,3069.7,1.913e+05,0.58786,0,0,8.1052,0,0,0,0,0,0,0.072463,0,0,0,0,168.83
21,220,1,3069.7,1.913e+05,0.022624,0,50.173,0,0,0,78.355,0,0,0,10.052,0,0,0,0,0
21,220,1,3069.7,1.913e+05,337.6,0,0,0,0,0.00644,0,0,0,0,4.148,0,0,0,0,0
21,220,1,3069.7,1.913e+05,20.262,0,0,0,0,0,0.13028,0,0,0,0.072463,0,0,0,0,0
21,220,1,3069.7,1.913e+05,0.00062,0,0,0,0,0,0,0,0,0,1.3043,0,0,0,0,0
21,220,1,3069.7,1.913e+05,0.042187,0,0,0,0,0,0,0,0,0,1.7457,0,0,0,0,353.01
21,220,1,3069.7,1.913e+05,4.7059,0,0,0,0,0,0,0,0,0,1.4049,0,0,0,0,0
21,220,1,3069.7,1.913e+05,1.3025,0,0,0,0,0,4.9534,0,0,127.87,0.13615,0,0,0,0,0
21,220,1,3069.7,1.913e+05,2.2981,0,0,0.8077,0,0.0014495,0,0,0,0,4.9522,0,0,0,0,0
21,220,1,3069.7,1.913e+05,1.8255,0,0,0,0,0,0,0,0,0,0.3717,0,0,0,0,0
21,220,1,3069.7,1.913e+05,0.074955,0,0,0.16423,0,0,0,0,0,0,57.82,0,0,0,0,0
21,220,1,3069.7,1.913e+05,0.023413,0,0,0.00043,0,1.7919,10.305,0,0,0,0.13146,0,0,0,0,0
21,220,1,3069.7,1.913e+05,0,0,0,0,0.13394,0,0,0,0,0.76342,0.71652,0,0,0,0,0
21,220,1,3069.7,1.913e+05,0.029409,0,0,0,0,0,0.13028,0,0,0,0.37335,0,0,0,0,0
21,220,1,3069.7,1.913e+05,3.3972,0,0,0,0,0,0.42744,0,0,0,0.072463,0,0,0,0,0
21,220,1,3069.7,1.913e+05,0.00387,0,1.7913,0.016563,0,0,0,0,0,0,0.33594,0,0,0,0,0
21,220,1,3069.7,1.913e+05,6.9629,0,0,0,0,0,35.129,0,0,0,0.072463,0,0,0,0,0
21,220,1,3069.7,1.913e+05,0.008584,0,0,0,0,0,0,0,0,0,22.023,0,0,0,0,0
21,220,1,3069.7,1.913e+05,0,0,0,52.432,3.6687,0,0,0,0,0,0.13302,0,0,0,0,0
21,220,1,3069.7,1.913e+05,6.4023,0,0,0.016667,0.008457,0,0,0,0,0,0.072463,0,0,0,0,0
21,220,1,3069.7,1.913e+05,0,0,0,0.82887,0,0,0,0,0,0,0.086791,0,0,0,0,0
21,220,1,3069.7,1.913e+05,0.49471,0,0,0.00524,0,0.011048,0,0,0,0,6.4637,0,0,0,0,207.2
21,220,1,3069.7,1.913e+05,0.054793,0,0,0,0.77402,0,0,0,0,0,0.61154,0,0,0,0,0
21,220,1,3069.7,1.913e+05,0.008333,0,0,0,0,0.39075,0,0,0,0,59.09,0,0,0,0,0
21,220,1,3069.7,1.913e+05,0.020638,0,0,0.58126,0,0,0,0,0,0,0.072463,0,0,0,0,0
21,220,1,3069.7,1.913e+05,4.282,0,0,0,0,0,0,0,0,0,5.537,0,0,0,0,0
21,220,1,3069.7,1.913e+05,7.2891,0,0.013318,0,0,0,10.201,0,0,0,3.7404,0,0,0,0,0
21,220,1,3069.7,1.913e+05,0.054793,0,0,0,0,0,0,0,0,0,0.072463,0,0,0,0,138.13
21,220,1,3069.7,1.913e+05,0.003295,0,0,0,0,0,0,0,0,0,1.4938,0,0,0,0,0
21,220,1,3069.7,1.913e+05,0.063326,0,0,0,0,0,0.60778,0,0,0,2.0425,0,0,0,0,0
21,220,1,3069.7,1.913e+05,1.1111,0,0,0,0,0,0,0,0,0,0.13302,0,0,0,0,0
21,220,1,3069.7,1.913e+05,0,0,0,0,0,0,0.59876,0,0,0,6.0336,0,0,0,0,0
21,220,1,3069.7,1.913e+05,0,0,0,8.1052,0,0,0.10863,0,0,0,0.35299,0,0,0,0,0
21,220,1,3069.7,1.913e+05,8.8359,0,0,0,0,0,0.002308,0,0,0,8.2077,0,0,0,0,0
21,220,1,3069.7,1.913e+05,0.23491,0,0,0,4.5376,0,0,0,0,0,0.75174,0,0,0,0,0
21,220,1,3069.7,1.913e+05,0.002784,0,0,0.001463,0,0.001463,0,0,0,1.164,9.3997,0,0,0,0,76.741
21,220,1,3069.7,1.913e+05,0.87264,0,0,0,0.004588,0,0,0,0,0,0.12913,0,0,0,0,0
21,220,1,3069.7,1.913e+05,0,0,0,0.004204,0,0,0,0,0,0,27.869,0,0,0,0,0
21,220,1,3069.7,1.913e+05,0.63403,0,0,0,0,0,0,0,0,0,35.008,0,0,0,0,0
21,220,1,3069.7,1.913e+05,0.0099823,0,0,0,0,0,0,0,0,0,9.4141,0,0,0,0,0
21,220,1,3069.7,1.913e+05,2.3573,0,0,0,0,0,0,0,0,0,0.072463,0,0,0,0,0
21,220,1,3069.7,1.913e+05,0.87011,0,0,0,0,0.73201,0,0,0,0,0.072463,0,0,0,0,0
21,220,1,3069.7,1.913e+05,1.3736,0,0,1.0073,0,0,0,0,0,0,0.072463,0,0,0,0,0
21,220,1,3069.7,1.913e+05,0.00524,0,0.0067256,3.7631,0,0,0,0,0,1.5859,71.252,0,0,0,0,0
21,220,1,3069.7,1.913e+05,0.86124,0,0,0.007148,0,0,0.008333,0,0,0,2.4949,0,0,0,0,0
21,220,1,3069.7,1.913e+05,0.87155,0,0,0,0,0,0,0,0,0,0.072463,0,0,0,0,76.741
21,220,1,3069.7,1.913e+05,0,0,1.2968,5.5914,0,0,30.642,0,0,0,2.1586,0,0,0,0,76.741
21,220,1,3069.7,1.913e+05,0.009774,0,0,1.1023,0,0,0,0,0,0,21.937,0,0,0,0,0
21,220,1,3069.7,1.913e+05,0,0,0.003468,0,0,0,0,0,0,0,1.3204,0,0,0,0,107.44
21,220,1,3069.7,1.913e+05,0.025451,0,0,0.22723,0,0,0,0,0,0,0.1331,0,0,0,0,0
21,220,1,3069.7,1.913e+05,0,0,0,0.0081579,0,121.19,0.59876,0,0,0,0.072463,0,0,0,0,0
21,220,1,3069.7,1.913e+05,0,0,0,0.003416,0,0,0,0,0,0,2.2216,0,0,0,0,0
21,220,1,3069.7,1.913e+05,0.003485,0,0,0,0,1.5806,0,0,0,0,0.20357,0,0,0,0,46.045
21,220,1,3069.7,1.913e+05,0.010066,0,0,0,0,0,0.13028,0,0,0,1.6706,0,0,0,0,168.83
21,220,1,3069.7,1.913e+05,0,0,0,0,0,0,0,0,0,2.6253,0.072463,0,0,0,0,0
21,220,1,3069.7,1.913e+05,0,0,0.008335,0,0,0,0.13028,0.00524,0,0,0.072463,0,0,0,0,207.2
21,220,1,3069.7,1.913e+05,2.2046,0,0,0.4387,0,0,0,0,0,0,0.83183,0,0,0,0,0
21,220,1,3069.7,1.913e+05,0,0,0,0,0,0,0,0.0065058,0,0,29.357,0,0,0,0,0
21,220,1,3069.7,1.913e+05,0.30651,0,0,0,0,0,0,0,0,0,0.60404,0,0,0,0,260.92
21,220,1,3069.7,1.913e+05,0.003416,0,0,0.009913,0.11281,0,0,0,0,0,6.937,0,0,0,0,0
21,220,1,3069.7,1.913e+05,0.87594,0,0,0,0,0,0,0,0,0,0.77392,0,0,0,0,0
21,220,1,3069.7,1.913e+05,0.042187,0,0,0,0,0,0,0,0,0,0.13354,0,0,0,0,0
21,220,1,3069.7,1.913e+05,0.006877,0,0,0,0,0,0,0,0,0,17.924,0,0,0,0,76.741
21,220,1,3069.7,1.913e+05,0.74447,0,0,0,0,0,0,0,0,0,4.6,0,0,0,0,76.741
21,220,1,3069.7,1.913e+05,0.014921,0,0.002485,0,0,0,0.42744,0,0,0,0.072463,0,0,0,0,0
21,220,1,3069.7,1.913e+05,0.22492,0,0,0.00833,0,57.315,77.672,0,0,0,1.059,0,0,0,0,0
21,220,1,3069.7,1.913e+05,6.3393,0,0,17.328,0,0,0,0,0,0,4.1559,0,0,0,0,0
21,220,1,3069.7,1.913e+05,3.6682,0,0,0,0,0,14.298,0,0,0,0.072463,0,0,0,0,76.741
21,220,1,3069.7,1.913e+05,0.7041,0,0,0,0,0,0,0,0,0,0.072463,0,0,0,0,46.045
21,220,1,3069.7,1.913e+05,0,0,0,2.3327,0,0,0.59876,0,0,0.14685,24.201,0,0,0,0,76.741
21,220,1,3069.7,1.913e+05,0,0,0,0,0,0,0,0,0,3.4087,0.56339,0,0,0,0,7.6741
21,220,1,3069.7,1.913e+05,0.008333,0,0,0.20389,0,0,0,0,0,0,0.13056,0,0,0,0,0
21,220,1,3069.7,1.913e+05,0,0,0,0,0,0,0,0,0,0,0.072463,0,0,0,0,0
21,220,1,3069.7,1.913e+05,6.3e-05,0,0,0,0.000254,0.00021,0,0,0,1.0245,0.072463,0,0,0,0,138.13
21,220,1,3069.7,1.913e+05,12.966,0,0,0,0,0,0,0,0,0,4.3915,0,0,0,0,475.8
21,220,1,3069.7,1.913e+05,6.0317,0,0,0,0,0,0.13028,0,0,0,0.14865,0,0,0,0,0
21,220,1,3069.7,1.913e+05,1.567,0,0,1.2174,0.18547,1.1678,0,0,0,0,2.6944,0,0,0,0,207.2
21,220,1,3069.7,1.913e+05,0.86935,0,0,6.4365,0,0,0,0,0,0,0.072463,0,0,0,0,2916.2
21,220,1,3069.7,1.913e+05,0.44117,0,0,11.525,0,0,0,0,0,0,0.37335,0,0,0,0,0
21,220,1,3069.7,1.913e+05,0,0,0,0,0,0,0,0,0,0,0.13054,0,0,0,0,0
21,220,1,3069.7,1.913e+05,0.78748,0,0.17233,0.81848,0,0,0,0,0,0,4.1559,0,0,0,0,0
21,220,1,3069.7,1.913e+05,0,0,0,0,0,0,0,0,0,0,1.6654,0,0,0,0,0
21,220,1,3069.7,1.913e+05,0.0098758,0,0,0,0,0,0,0,0,10.481,0.072463,0,0,0,0,230.22
21,220,1,3069.7,1.913e+05,0.006877,0,0,0,0,0,14.172,0,0,0,0.18612,0,0,0,0,168.83
21,220,1,3069.7,1.913e+05,2.6959,0,0,0.00387,0,121.19,0,0,0,0,2.0951,0,0,0,0,0
21,220,1,3069.7,1.913e+05,0,0,0,0,0,0.002491,0,0,0,0,0.072463,0,0,0,0,7.6741
21,220,1,3069.7,1.913e+05,1.5964,0,0.012524,0,0,0,0,0,0,0,12.415,0,0,0,0,107.44
21,220,1,3069.7,1.913e+05,0.001669,0,0,0.002139,0,0,44.97,0,0,0,0.072463,0,0,0,0,0
21,220,1,3069.7,1.913e+05,0.1008,0,0,0.00524,0,0,13.042,0,0,0,0.83183,0,0,0,0,76.741
21,220,1,3069.7,1.913e+05,0.008333,0,0,0.013573,0,0,0,0,0,1.4449,4.6719,0,0,0,0,0
21,220,1,3069.7,1.913e+05,9.4817,0,0,0,0.010256,0,0,0,0,7.6506,5.0724,0,0,0,0,0
21,220,1,3069.7,1.913e+05,0.00021,0,0,0,0,0,130.32,0,0,0,2.9953,0,0,0,0,0
21,220,1,3069.7,1.913e+05,0.005769,0,0,0,1.0941,0,0,0,0,0,0.072463,0,0,0,0,0
21,220,1,3069.7,1.913e+05,0,0,0,0,0,0,0,0.011468,0,0,7.3168,0,0,0,0,0
21,220,1,3069.7,1.913e+05,0,0,0,0,0,0.6675,0,0,0,0.27721,0.52131,0,0,0,0,0
21,220,1,3069.7,1.913e+05,71.447,0,0,0,0,0,293.03,0,0,8.4961,4.3421,0,0,0,0,0
21,220,1,3069.7,1.913e+05,0.42165,0,0,0,0,0.003355,0,0,0,0,0.072463,0,0,0,0,0
21,220,1,3069.7,1.913e+05,2.1709,0,0,0,0,0,109.42,0,0,0,0.13302,0,0,0,0,0
21,220,1,3069.7,1.913e+05,0,0,0,0,0.23537,0,0,0,0,0,0.13054,0,0,0,0,0
21,220,1,3069.7,1.913e+05,0,0,0,0,0,0,0,0,0,0.18355,7.2745,0,0,0,0,0
21,220,1,3069.7,1.913e+05,0,0,1.6906,5.0801,0.0059107,0,0,0,0,0,0.072463,0,0,0,0,0
21,220,1,3069.7,1.913e+05,0.032932,0,0,0,0,0,0,0,0,0.21027,0.072463,0,0,0,0,0
21,220,1,3069.7,1.913e+05,0.030074,0,0,0,0,0,0.13028,0,0,8.0476,1.1327,0,0,0,0,0
21,220,1,3069.7,1.913e+05,0,0,0,0,0,0.008333,0,0,0,0,0.7142,0,0,0,0,0
21,220,1,3069.7,1.913e+05,11.508,0,0,0,0,0,0,0,0,0,6.3875,0,0,0,0,0
21,220,1,3069.7,1.913e+05,0.43372,0,0,0,0,0,0,0,0,0,0.072463,0,0,0,0,0
21,220,1,3069.7,1.913e+05,0,0,14.231,0,0,0,0.002308,0,0,1.808,6.6447,0,0,0,0,0
21,220,1,3069.7,1.913e+05,0.000716,0,0,0.00052,0,0,0,0,0,0,0.072463,0,0,0,0,76.741
21,220,1,3069.7,1.913e+05,0.003295,0,0,0,0,0,0,0,0,0,0.072463,0,0,0,0,0
21,220,1,3069.7,1.913e+05,0.082061,0,0,0,0,0,0,0,0,0,0.072463,0,0,0,0,138.13
21,220,1,3069.7,1.913e+05,0.16847,0,0,0.008333,0,0,0,0,0,0,3.3687,0,0,0,0,0
21,220,1,3069.7,1.913e+05,0.00524,0,0,0,0,0,0,0,0,0,45.506,0,0,0,0,0
21,220,1,3069.7,1.913e+05,0,0,0,0,0,0,0.59876,0,0,0,0.13353,0,0,0,0,0
21,220,1,3069.7,1.913e+05,11.508,0,0,0,0,0,0.008333,0,0,0,3.1286,0,0,0,0,0
21,220,1,3069.7,1.913e+05,0.021906,0,0,0.001009,0,0,0,0,0,0,0.072463,0,0,0,0,0
21,220,1,3069.7,1.913e+05,8.9388,0,0,3.071,0,0,0,0,0,0,8.9759,0,0,0,0,207.2
21,220,1,3069.7,1.913e+05,1.0881,0,0,0.002868,2.1802,0,44.97,0,0,0,2.4073,0,0,0,0,0
21,220,1,3069.7,1.913e+05,3.4434,0,0,0,0,0,0,0,0,0,0.81487,0,0,0,0,138.13
21,220,1,3069.7,1.913e+05,0.023466,0,0,0,0,0,0,0,0,0,0.072463,0,0,0,0,0
21,220,1,3069.7,1.913e+05,0,0,0,0,0,0,0,0,0,0,0.7142,0,0,0,0,0
21,220,1,3069.7,1.913e+05,27.28,0,0,0,0,0,9.3756,0,0,0,0.072463,0,0,0,0,76.741
21,220,1,3069.7,1.913e+05,0.002068,0,0,0,0,0,0.13028,0,0,0,3.896,0,0,0,0,76.741
21,220,1,3069.7,1.913e+05,0,0,2.8658,0,0,0,0.1009,0,0,0,1.1196,0,0,0,0,0
21,220,1,3069.7,1.913e+05,0.33816,0,0,0,0,12.912,0.021726,0,0,0,0.072463,0,0,0,0,0
21,220,1,3069.7,1.913e+05,0,0,0,0,0,0,0,0,0,0,2.9188,0,0,0,0,0
21,220,1,3069.7,1.913e+05,0.004588,0,0,0.00397,0,0,0.13028,0,0,127.87,0.072463,0,0,0,0,0
21,220,1,3069.7,1.913e+05,0.036583,0,0,50.121,0,0,0,0,0,0,37.282,0,0,0,0,46.045
21,220,1,3069.7,1.913e+05,2.9214,0,0,0,0,0,0,0,0,8.4961,1.8818,0,0,0,0,0
21,220,1,3069.7,1.913e+05,0,0,0.000124,0,0,0,0.42744,0,0,0.18086,8.755,0,0,0,0,0
21,220,1,3069.7,1.913e+05,3.7359,0,0.008333,0,0,0.000376,0,0,0,0,0.072463,0,0,0,0,0
21,220,1,3069.7,1.913e+05,0,0,0,2.83,0,0,0,0,0,0,0.13226,0,0,0,0,0
21,220,1,3069.7,1.913e+05,2.7457,0,0,0,0,0.010122,0,0,0,0,6.3875,0,0,0,0,76.741
21,220,1,3069.7,1.913e+05,0.008335,0,0,0,0,0,0,0,0,0,0.072463,0,0,0,0,0
21,220,1,3069.7,1.913e+05,0.023969,0,0,0,0,0,0,0,0,0,0.13056,0,0,0,0,383.71
21,220,1,3069.7,1.913e+05,0.012086,0,0,5.4197,0,0,70.564,0,0,0,9.2374,0,0,0,0,107.44
21,220,1,3069.7,1.913e+05,0.0059348,0,0,0,0,0,0,0,0,0,0.072463,0,0,0,0,0
21,220,1,3069.7,1.913e+05,4.2437,0,0,0.019875,0,0.008335,21.176,0,0,0,2.3337,0,0,0,0,0
21,220,1,3069.7,1.913e+05,0.021734,0,0,0,0,0,0,0,0,0,5.0181,0,0,0,0,0
21,220,1,3069.7,1.913e+05,0.000126,0,0,0,0,0,0,0,0,0,6.1183,0,0,0,0,138.13
21,220,1,3069.7,1.913e+05,0,0,0,0,0,0,61.211,0,0,0,0.12977,0,0,0,0,0
21,220,1,3069.7,1.913e+05,0,0,0,0,0,7.8e-05,0,0,0,0,0.17023,0,0,0,0,0
21,220,1,3069.7,1.913e+05,0.86124,0,0,0.002508,0,0,0,0,0,0,7.2745,0,0,0,0,0
21,220,1,3069.7,1.913e+05,0.008335,0,0,0,0.008333,0,0.059897,0,0,0,0.072463,0,0,0,0,0
21,220,1,3069.7,1.913e+05,0.00644,0,0,0,0,0,27.391,0,0,0,0.072463,0,0,0,0,0
21,220,1,3069.7,1.913e+05,2.1261,0,0,0.8087,0.008333,0,0.13028,0,0,0,0.072463,0,0,0,0,0
21,220,1,3069.7,1.913e+05,0.023172,0,0.040093,0.003538,0,0.008333,0,0,0,0,0.56095,0,0,0,0,207.2
21,220,1,3069.7,1.913e+05,0.0094769,0,0,0,0,0,0,0,0,1.0167,0.13786,0,0,0,0,0
21,220,1,3069.7,1.913e+05,0.058812,0,0,0.80988,0,0,0,0,0,0,4.5076,0,0,0,0,0
21,220,1,3069.7,1.913e+05,0.008333,0,0,0,0,0,0,0,0,0,0.072463,0,0,0,0,0
21,220,1,3069.7,1.913e+05,0.87594,0,0,0,0,0,0,0,0,0,0.072463,0,0,0,0,260.92
21,220,1,3069.7,1.913e+05,0.74447,0,0,0,0,0,130.32,0,0,0,26.814,0,0,0,0,0
21,220,1,3069.7,1.913e+05,9.1994,0,0,0,0.007984,0,0,0,0,0,0.24115,0,0,0,0,0
21,220,1,3069.7,1.913e+05,3.1609,0,0,0,0,0,0,0,0,1.0167,0.086791,0,0,0,0,0
21,220,1,3069.7,1.913e+05,0,0,0,0.000125,0,0,0,0,0,0,0.072463,0,0,0,0,46.045
21,220,1,3069.7,1.913e+05,0,0,0,0,0,0,0,0,0,0,1.6654,0,0,0,0,0
21,220,1,3069.7,1.913e+05,0.86935,0,0,1.0004,0.017034,0,0,0,0,0,0.072463,0,0,0,0,0
21,220,1,3069.7,1.913e+05,0.031141,0,0,0.002868,0.010038,0,0.67845,0,0,0,0.072463,0,0,0,0,0
21,220,1,3069.7,1.913e+05,0.0034665,0,0,0,0,0.013193,1.1738,0,0,0,0.072463,0,0,0,0,0
21,220,1,3069.7,1.913e+05,0,0,0,0,0,0,0.059897,0,0,0,1.4938,0,0,0,0,0
21,220,1,3069.7,1.913e+05,0.023806,0,0,0,0,0,0,0,0,0,0.072463,0,0,0,0,7.6741
21,220,1,3069.7,1.913e+05,0.008335,0,0,0,0,0,0,0,0,0,0.13056,0,0,0,0,107.44
21,220,1,3069.7,1.913e+05,5.8444,0,0,0,0,0,77.672,0,0,0,19.922,0,0,0,0,0
21,220,1,3069.7,1.913e+05,0,0,0,0,0,0,0,0,0,0,3.1286,0,0,0,0,0
21,220,1,3069.7,1.913e+05,1.007,0,0,0.028983,0,0,0,0,0,1.0245,57.82,0,0,0,0,46.045
21,220,1,3069.7,1.913e+05,0,0,0,0,0,0.24028,0,0,0,0,0.49027,0,0,0,0,0
21,220,1,3069.7,1.913e+05,0,0,0,0.98655,0,0.030964,0,0,0,0,6.7491,0,0,0,0,0
21,220,1,3069.7,1.913e+05,0.000716,0,0,0,0,0.0094226,0,0,0,0,0.072463,0,0,0,0,0
21,220,1,3069.7,1.913e+05,0,0,0,0,0,0,0,0,0,0,0.52366,0,0,0,0,0
21,220,1,3069.7,1.913e+05,0.046516,0,0,0.019875,0,0,0,0,0,0,6.8926,0,0,0,0,0
21,220,1,3069.7,1.913e+05,0.006701,0,0,0,0,2.4119,0,0,0,0,0.89874,0,0,0,0,0
21,220,1,3069.7,1.913e+05,0.000126,0,0,0,0,0,0,0,0,0,16.683,0,0,0,0,0
21,220,1,3069.7,1.913e+05,43.811,0,0,0,0.008333,0,0,0,0,0,0.072463,0,0,0,0,0
21,220,1,3069.7,1.913e+05,0,0,0,0.24622,0,0,0,0,0,0,0.072463,0,0,0,0,0
21,220,1,3069.7,1.913e+05,0,0,0,0,1.0295,0,0,0,0,0,0.13158,0,0,0,0,107.44
21,220,1,3069.7,1.913e+05,0,0,0,0,0,0.15796,0,0,0,0,0.072463,0,0,0,0,138.13
21,220,1,3069.7,1.913e+05,0.008333,0,0,0,0.008332,0.019973,10.007,0,0,0,0.14865,0,0,0,0,76.741
21,220,1,3069.7,1.913e+05,0.003416,0,0,30.748,0,0,0,0,0,0,4.9522,0,0,0,0,168.83
21,220,1,3069.7,1.913e+05,0.0055799,0,0,0,0,0,0,0,0,0,0.072463,0,0,0,0,0
21,220,1,3069.7,1.913e+05,0.86602,0,0,0,0,0.002998,111.37,0,0,0,0.072463,0,0,0,0,0
21,220,1,3069.7,1.913e+05,0,0,0.001292,0,0,4.5782,0.42744,0,0,0,0.072463,0,0,0,0,0
21,220,1,3069.7,1.913e+05,0.008335,0,0,0,0,0.003346,0,0,0,0,5.6128,0,0,0,0,0
21,220,1,3069.7,1.913e+05,10.183,0,0,0,0.010589,0,0,0,0,0,0.13348,0,0,0,0,0
21,220,1,3069.7,1.913e+05,0.67894,0,0,0,0,0,0,0,0,0,0.56095,0,0,0,0,76.741
21,220,1,3069.7,1.913e+05,10.449,0,0,0,0,0,0,0,0,0.76777,0.072463,0,0,0,0,0
21,220,1,3069.7,1.913e+05,1.5964,0,0,0,0,0,0,0,0,0,5.8591,0,0,0,0,230.22
21,220,1,3069.7,1.913e+05,0,0,0,0,0,0,0.87994,0,0,0,0.072463,0,0,0,0,0
21,220,1,3069.7,1.913e+05,0.26,0,0,0,0,0,0,0,0,0,0.072463,0,0,0,0,0
21,220,1,3069.7,1.913e+05,1.3126,0,0,0.005239,0,0.0059417,25.567,0,0,0,0.072463,0,0,0,0,0
21,220,1,3069.7,1.913e+05,0,0,0,0,0,0.003468,0,0,0,0,35.005,0,0,0,0,0
21,220,1,3069.7,1.913e+05,0,0,0,0,0,0,0,0,0,0,0.56095,0,0,0,0,76.741
21,220,1,3069.7,1.913e+05,0.87678,0,0,0,0,0,0,0,0,0,5.0181,0,0,0,0,7.6741
21,220,1,3069.7,1.913e+05,0.011786,0,0,0.007148,0,0,0,0,0,0,0.072463,0,0,0,0,2916.2
21,220,1,3069.7,1.913e+05,0.008333,0,0,0,0,0,0,0,0,0,0.89874,0,0,0,0,0
21,220,1,3069.7,1.913e+05,0.00524,0,0,0,0,0,0,0,0,0,0.61154,0,0,0,0,0
21,220,1,3069.7,1.913e+05,0.008333,0,0,0,0,0,0,0,0,0,0.13649,0,0,0,0,0
21,220,1,3069.7,1.913e+05,0.018715,0,0.008333,0,2.1157,0.75362,0.008333,0,0,0,0.072463,0,0,0,0,76.741
21,220,1,3069.7,1.913e+05,2.8658,0,0.80773,0,0,0,0,0,0,0,0.072463,0,0,0,0,0
21,220,1,3069.7,1.913e+05,0.88791,0,0,0,0.009056,0,0,0,0,0,0.27222,0,0,0,0,659.98
21,220,1,3069.7,1.913e+05,0.086262,0,0,0,0,0.008333,0,0,0,0,3.4411,0,0,0,0,260.92
21,220,1,3069.7,1.913e+05,0.8078,0,0,0.043623,0,0,0,0,0,0,0.072463,0,0,0,0,0
21,220,1,3069.7,1.913e+05,0.010723,0,0,0.81848,0,0,168.81,0,0,0,0.072463,0,0,0,0,0
21,220,1,3069.7,1.913e+05,0.021734,0,0,0,0,0,0.13028,0,0,0,0.63867,0,0,0,0,0
21,220,1,3069.7,1.913e+05,9.6445,0,0,0,0,0,0,0,0,0,6.3875,0,0,0,0,0
21,220,1,3069.7,1.913e+05,0,0,0,0.000124,0,0,38.038,0,0,0,9.2639,0,0,0,0,107.44
21,220,1,3069.7,1.913e+05,5.9048,0,0,0.008542,0,0,0,0,0,0,0.072463,0,0,0,0,0
21,220,1,3069.7,1.913e+05,1.2278,0,0,0,0,3.6178,0,0,0,0,21.808,0,0,0,0,0
21,220,1,3069.7,1.913e+05,15.728,0,0,0,0,0,0,0,0,0,0.5281,0,0,0,0,0
21,220,1,3069.7,1.913e+05,0.64875,0,0,0,0,0,0,0,0,0,0.13505,0,0,0,0,138.13
21,220,1,3069.7,1.913e+05,0.006877,0,0,0,0,0,0,0,0,0,1.7329,0,0,0,0,0
21,220,1,3069.7,1.913e+05,0.008333,0,0,0,0,0,0.70468,0,0,0,0.072463,0,0,0,0,0
21,220,1,3069.7,1.913e+05,0,0,0,0,2.8209,0,0,0,0,0,4.9652,0,0,0,0,0
21,220,1,3069.7,1.913e+05,0.13895,0,0,0,0.002784,0.1663,51.235,0,0,0,0.12977,0,0,0,0,0
21,220,1,3069.7,1.913e+05,0.008333,0,0,1.6652,0,0,0,0,0,10.481,12.415,0,0,0,0,0
21,220,1,3069.7,1.913e+05,0.86549,0,0,0,0,0,0.13028,0,0,0,0.13302,0,0,0,0,0
21,220,1,3069.7,1.913e+05,0.020405,0,0,3.3412,0,0,0,0.021768,0,0,4.3915,0,0,0,0,659.98
21,220,1,3069.7,1.913e+05,1.5722,0,0,0,0,0,0.13028,0,0,0,0.13306,0,0,0,0,168.83
21,220,1,3069.7,1.913e+05,0.008333,0,2.4344,0.82233,0,0.091669,0,0,0,0,0.072463,0,0,0,0,0
21,220,1,3069.7,1.913e+05,0.024628,0,0,0,0,0.26953,0,74.279,0,0,0.072463,0,0,0,0,0
21,220,1,3069.7,1.913e+05,6.3393,0,0.008333,0,0,0,0,0,0,1.9819,3.1383,0,0,0,0,0
21,220,1,3069.7,1.913e+05,0,0,0,0,0,0,0.093171,0,0,0,0.13302,0,0,0,0,0
21,220,1,3069.7,1.913e+05,0.012954,0,7.7224,0,0,31.719,0,0,0,0,94.85,0,0,0,0,7.6741
21,220,1,3069.7,1.913e+05,0.01467,0,0,0.5226,0.00043,0.029374,0.021726,0,0,0,0.072463,0,0,0,0,0
21,220,1,3069.7,1.913e+05,0.062346,0,0,0,0,0.008333,0,0,0,0,9.0272,0,0,0,0,76.741
21,220,1,3069.7,1.913e+05,1.0524,0,0,0,0,0,0,0,0,0,1.7395,0,0,0,0,0
21,220,1,3069.7,1.913e+05,0,0,0,0,0,0,0,0,0,0,4.2991,0,0,0,0,0
21,220,1,3069.7,1.913e+05,221.66,0,0,0.81848,0,0,0,0,0,3.4087,0.33594,0,0,0,0,46.045
21,220,1,3069.7,1.913e+05,0.1013,0,0,4.554,0,0,0,0,0,0,0.086791,0,0,0,0,76.741
21,220,1,3069.7,1.913e+05,2.3671,0,0,0,0,0,0.60778,0,0,0,0.072463,0,0,0,0,0
21,220,1,3069.7,1.913e+05,0,0,0,0,0,0,0.021726,0,0,0,0.072463,0,0,0,0,0
21,220,1,3069.7,1.913e+05,2.6445,0,0,0.001436,0,0,0,0,0,0,2.1163,0,0,0,0,0
21,220,1,3069.7,1.913e+05,0,0,0,6.1009,0,0,0,0,0,0,0.51662,0,0,0,0,0
21,220,1,3069.7,1.913e+05,0.8881,0,0,0.008341,0,0,0.40452,0,0,0,0.13039,0,0,0,0,0
21,220,1,3069.7,1.913e+05,0,0,0,0,0,0,0,0,0,0,25.166,0,0,0,0,0
21,220,1,3069.7,1.913e+05,0,0,0,0,0,0,0,0,0,0,4.6,0,0,0,0,0
21,220,1,3069.7,1.913e+05,0.12216,0,0,0,0.008333,0,0,0,0,0,57.82,0,0,0,0,0
21,220,1,3069.7,1.913e+05,0,0,0,0,0,0.008333,0,0,0,0,2.9989,0,0,0,0,0
21,220,1,3069.7,1.913e+05,0.005769,0,0,0,0,0,0,0,0,0,37.719,0,0,0,0,0
21,220,1,3069.7,1.913e+05,0.8881,0,0,0.019875,0,0,51.235,0,0,0,0.17677,0,0,0,0,0
21,220,1,3069.7,1.913e+05,0.58786,0,0,0.00524,0,0,0,0,0,0,0.3717,0,0,0,0,76.741
21,220,1,3069.7,1.913e+05,0.29689,0,0,0,0,0,0,0,0,0,0.20249,0,0,0,0,2916.2
21,220,1,3069.7,1.913e+05,0.0088426,0,21.188,0,0,0,0.13028,0,0,0,2.7374,0,0,0,0,0
21,220,1,3069.7,1.913e+05,0.010953,0,0,0,0,0,0,0,0,0,0.35902,0,0,0,0,260.92
21,220,1,3069.7,1.913e+05,0,0,0,0,0,0,10.156,0,0,0,5.0181,0,0,0,0,0
21,220,1,3069.7,1.913e+05,0,0,0,0,0,0,2.4695,0,0,0,8.2822,0,0,0,0,0
21,220,1,3069.7,1.913e+05,0.12767,0,0,0,0,0,0.22345,0,0,0,0.072463,0,0,0,0,0
21,220,1,3069.7,1.913e+05,0,0,0,0,0,0,0,0,0,0,5.0181,0,0,0,0,0
21,220,1,3069.7,1.913e+05,0,0,0.0052205,0.017136,0,0,0,0,0,0,0.13394,0,0,0,0,0
21,220,1,3069.7,1.913e+05,7.1037,0,0,0,0.00524,0.10347,0,0,0,0,13.171,0,0,0,0,138.13
21,220,1,3069.7,1.913e+05,0,0,0,0,0,0,28.236,0,0,0,0.072463,0,0,0,0,445.1
21,220,1,3069.7,1.913e+05,2.1709,0,0,0,0,0.029652,0,0,0,0,14.187,0,0,0,0,0
21,220,1,3069.7,1.913e+05,13.694,0,0,0,0,0,0,0,0,0,8.2588,0,0,0,0,0
21,220,1,3069.7,1.913e+05,2.6642,0,0,0,0,0,0,0,0,0,2.5252,0,0,0,0,0
21,220,1,3069.7,1.913e+05,0.010677,0,0,0,0.00644,0,0.13028,0,0,0,8.755,0,0,0,0,0
21,220,1,3069.7,1.913e+05,0.010066,0,0,0,0,0,0,0,0,0,59.62,0,0,0,0,107.44
21,220,1,3069.7,1.913e+05,0,0,0,0,0,0,0,0,0,0,0.072463,0,0,0,0,0
21,220,1,3069.7,1.913e+05,0.97362,0,0,0,0,1.1678,0,0,0,0.39237,9.2639,0,0,0,0,0
21,220,1,3069.7,1.913e+05,0.00714,0,0,0,0,0.013193,134.47,0,0,0,3.8048,0,0,0,0,0
21,220,1,3069.7,1.913e+05,15.728,0,0,0,0,0,73.845,0,0,0,2.1163,0,0,0,0,0
21,220,1,3069.7,1.913e+05,1.2674,0,0,0,0.008457,0,0,0,0,0,0.072463,0,0,0,0,0
21,220,1,3069.7,1.913e+05,0.30651,0,0,0,0.023972,0,0.008333,0,0,0,0.072463,0,0,0,0,0
21,220,1,3069.7,1.913e+05,2.9778,0,0,0,0,0.5031,0.10863,0,0,0,0.072463,0,0,0,0,7.6741
21,220,1,3069.7,1.913e+05,0.011416,0,0,0,0,0.000126,0,0,0,0,0.072463,0,0,0,0,0
24,223,1,12161,7.5784e+05,0.77402,0,0,33.52,0,0,20.859,0,0,0,0.072463,0,0,0,0,0
24,223,1,12161,7.5784e+05,47.309,0,0,0,0,0,0,0,0,0,31.837,0,0,0,0,0
24,223,1,12161,7.5784e+05,21.908,0,0,0.00524,0,0,0,0,0,0,0.072463,0,0,0,0,0
24,223,1,12161,7.5784e+05,9.6445,0,0,0,0,0,539.1,0,0,0,0.38768,0,0,0,0,0
24,223,1,12161,7.5784e+05,0.000133,0,0,0,0,0,0,0,0,0,0.072463,0,0,0,0,0
24,223,1,12161,7.5784e+05,0,0,0,0,0,0,0,0,0,0,0.56922,0,0,0,0,0
24,223,1,12161,7.5784e+05,4.5628,0,0,0.016668,0,0,4.0714,0,0,0,0.072463,0,0,0,0,0
24,223,1,12161,7.5784e+05,0.040561,0,0,0.00644,0,0,0,0,0,0,0.56072,0,0,0,0,0
24,223,1,12161,7.5784e+05,0.000254,0,0,0,0,0,24.471,0,0,0,5.1874,0,0,0,0,0
24,223,1,12161,7.5784e+05,34.934,0,4.2968,0,0,0,0,0,0,0,0.086791,0,0,0,0,0
24,223,1,12161,7.5784e+05,0.008333,0,0,0.0084885,0,0.001463,0,0,0,0.72035,0.56339,0,0,0,0,0
24,223,1,12161,7.5784e+05,0,0,0,0,0,0,0,0,0,0,0.072463,0,0,0,0,0
24,223,1,12161,7.5784e+05,0.023969,0,0,0.85386,0,0,0,0,0,0,7.5496,0,0,0,0,0
24,223,1,12161,7.5784e+05,0.003295,0,0,1.6652,0,0,0,0,0,0,3.6687,0,0,0,0,182.41
24,223,1,12161,7.5784e+05,0.08363,0,0,0,0,0,0.13028,0,0,1.1822,0.55863,0,0,0,0,0
24,223,1,12161,7.5784e+05,0,0,0,1.6077,0,0,0,61.87,0,0,0.072463,0,0,0,0,0
24,223,1,12161,7.5784e+05,0,0,0,0,0,0,0,0,0,0,1.3814,0,0,0,0,0
24,223,1,12161,7.5784e+05,0,0,0,12.611,0,0,0,0,0,0,5.8934,0,0,0,0,0
24,223,1,12161,7.5784e+05,0,0,0,0,0,7.8e-05,8.2001,0,0,0,0.072463,0,0,0,0,0
24,223,1,12161,7.5784e+05,8.8359,0,0,0,0,0,0,0,0,0,0.072463,0,0,0,0,0
24,223,1,12161,7.5784e+05,0.021552,0,0,0,0,0,0,0,0,0,0.072463,0,0,0,0,0
24,223,1,12161,7.5784e+05,0.00247,0,0,0,0,0,0,0,0,0,0.072463,0,0,0,0,0
24,223,1,12161,7.5784e+05,0.12767,0,0,0,0,0.008333,35.129,0,0,0,2.1541,0,0,0,0,0
24,223,1,12161,7.5784e+05,0,0,0,0,0,0,0,0,0,0,0.072463,0,0,0,0,0
24,223,1,12161,7.5784e+05,0,0,0,0.78941,0,0,0,0,0,0,0.072463,0,0,0,0,0
24,223,1,12161,7.5784e+05,0.011562,0,0.002998,0,0,4.4283,0,0,0,0,0.16445,0,0,0,0,0
24,223,1,12161,7.5784e+05,10.183,0,0,0,0,0,0.40452,0,0,0,0.072463,0,0,0,0,0
24,223,1,12161,7.5784e+05,0,0,0,0,0,0,0,0,0,0,4.729,0,0,0,0,0
24,223,1,12161,7.5784e+05,0.87466,0,0,0,0.004143,0,0,0,0,0,0.072463,0,0,0,0,0
24,223,1,12161,7.5784e+05,0.027485,0,0,0,0,0,0,0,0,0,0.34469,0,0,0,0,0
24,223,1,12161,7.5784e+05,0.0035385,0,0,0,0,0,0.13028,0,0,0,1.9351,0,0,0,0,0
24,223,1,12161,7.5784e+05,0.061753,0,0,0.0059107,0,0,0.13028,0,0,0,0.072463,0,0,0,0,0
24,223,1,12161,7.5784e+05,0.0055919,0,0.00328,0,0,0,0,0,0,0,2.2044,0,0,0,0,0
24,223,1,12161,7.5784e+05,0.8691,0,0,0,0,0,29.215,0,0,1.0076,0.072463,0,0,0,0,0
24,223,1,12161,7.5784e+05,7.3283,0,0,0,0,0,22.72,0,0,0,0.72803,0,0,0,0,0
24,223,1,12161,7.5784e+05,2.4323,0,0,0,0,0,0.67053,0,0,1.0834,0.072463,0,0,0,0,0
24,223,1,12161,7.5784e+05,0.87594,0,0,0,4.9656,0,0,0,0,0,3.5398,0,0,0,0,0
24,223,1,12161,7.5784e+05,0.10918,0,0,0,0,0,0,0,0,0,0.072463,0,0,0,0,0
24,223,1,12161,7.5784e+05,0.023106,0,0,0,0,0,0.59876,0,0,0,0.33796,0,0,0,0,0
24,223,1,12161,7.5784e+05,0,0,0,0,0,0,0,0,0,0,3.4466,0,0,0,0,0
24,223,1,12161,7.5784e+05,0.0060235,0,0,82.818,0,0,0,0,0,0,6.1183,0,0,0,0,0
24,223,1,12161,7.5784e+05,0.014096,0,0,0,0,0.6675,0,0,0,0,17.634,0,0,0,0,0
24,223,1,12161,7.5784e+05,0.008335,0,0,0,0,0,0,0,0,0,0.072463,0,0,0,0,0
24,223,1,12161,7.5784e+05,0.00714,0,0,0.016666,0,0.000716,0,0,0,0,0.13101,0,0,0,0,0
24,223,1,12161,7.5784e+05,0,0,0,0,0,0,10.305,0,0,0,0.072463,0,0,0,0,0
24,223,1,12161,7.5784e+05,0.00062,0,4.9547,0,0,0,0,0,0,8.5959,0.9086,0,0,0,0,0
24,223,1,12161,7.5784e+05,1.7028,0,0,0.001292,0,0,134.47,0,0,13.788,0.67931,0,0,0,0,0
24,223,1,12161,7.5784e+05,12.451,0,0,3.8236,0,0,124.31,0,0,0,0.14865,0,0,0,0,0
24,223,1,12161,7.5784e+05,0,0,0,0,0,0,0,0,0,1.0834,0.13146,0,0,0,0,0
24,223,1,12161,7.5784e+05,0.00524,0,0,0.016666,0,0,0,0,0,0,0.072463,0,0,0,0,0
27,226,1,53813,3.3536e+06,0.003863,0,0,0,0,0,4.0714,0,0,0,9.2639,0,0,0,0,0
27,226,1,53813,3.3536e+06,0.008333,0,0,0.002784,0,0,14.172,0,0,0,0.13854,0,0,0,0,0
27,226,1,53813,3.3536e+06,0.001397,0,0,0,0,0,0,0,0,0,4.3915,0,0,0,0,0
27,226,1,53813,3.3536e+06,20.262,0,0,0,0,2.1391,0,0,0,0,6.4921,0,0,0,0,0
27,226,1,53813,3.3536e+06,0,0,0,0,0,0,0.13028,0,0,36.785,0.072463,0,0,0,0,0
27,226,1,53813,3.3536e+06,0.87488,0,0,0.025883,0,2.7056,0,0,0,0,0.072463,0,0,0,0,0
27,226,1,53813,3.3536e+06,0.008334,0,0,0,0,0,0,0,0,0,21.049,0,0,0,0,0
27,226,1,53813,3.3536e+06,0,0,0.83371,0,0,0,0,0,0,0,0.13302,0,0,0,0,0
27,226,1,53813,3.3536e+06,0,0,0,0,0,0,0,0,0,0,0.56339,0,0,0,0,0
27,226,1,53813,3.3536e+06,0,0,0,0,0,0,12.259,0,0,0,0.072463,0,0,0,0,0
27,226,1,53813,3.3536e+06,78.05,0,49.663,0,0,0,0,0,0,0,0.77377,0,0,0,0,0
27,226,1,53813,3.3536e+06,1.8992,0,0,0,0,0,0,0,0,0,1.0076,0,0,0,0,0
27,226,1,53813,3.3536e+06,0.19777,0,0,20.984,0,0,0,0,0,0,0.072463,0,0,0,0,0
27,226,1,53813,3.3536e+06,0,0,0,0,0,0,0,0,0,0,8.28,0,0,0,0,0
27,226,1,53813,3.3536e+06,0.008333,0,0,0,0,0,0.13028,0,0,0,53.47,0,0,0,0,0
27,226,1,53813,3.3536e+06,0,0,0,0,0,0,0.60778,0,0,0,35.008,0,0,0,0,0
27,226,1,53813,3.3536e+06,0.8881,0,0,0,0,0,0,0,0,0,0.072463,0,0,0,0,0
27,226,1,53813,3.3536e+06,0,0,0,0,0,0,0,0,0,0,1.7269,0,0,0,0,0
27,226,1,53813,3.3536e+06,0.051012,0,0,0,0,0,0,0,0,0,0.13302,0,0,0,0,0
27,226,1,53813,3.3536e+06,0.008333,0,0,0.7657,0,0,17.471,0,0,0,0.072463,0,0,0,0,0
27,226,1,53813,3.3536e+06,0,0,0,0,0.68138,0,0,0,0,0,0.072463,0,0,0,0,0
27,226,1,53813,3.3536e+06,0.008333,0,0,1.7466,0,0,0,0,0,0,14.187,0,0,0,0,0
27,226,1,53813,3.3536e+06,0,0,0,0,0,0,0,0,0,0,5.2662,0,0,0,0,0
27,226,1,53813,3.3536e+06,0,0,0,0,0,0,0,0,0,0,0.134,0,0,0,0,0
27,226,1,53813,3.3536e+06,0,0,0,2.4033,0,0,0,0,0,0,1.1327,0,0,0,0,0
27,226,1,53813,3.3536e+06,43.811,0,0,0,0,0,0,0,0,0,27.869,0,0,0,0,0
27,226,1,53813,3.3536e+06,0.008333,0,0,0,0,0,0,0,0,0,14.02,0,0,0,0,0
27,226,1,53813,3.3536e+06,0.001236,0,0,0.0087005,0,0,0,0,0,0,0.072463,0,0,0,0,0
27,226,1,53813,3.3536e+06,0.008333,0,0,0,0,0,0,0,0,0,0.072463,0,0,0,0,2959.7
27,226,1,53813,3.3536e+06,153.69,0,0,0,0,0.008333,0,0,0,1.4449,18.07,0,0,0,0,0
27,226,1,53813,3.3536e+06,4.1455,0,0,0,0.44056,0,0,0,0,0,0.086791,0,0,0,0,0
27,226,1,53813,3.3536e+06,0.003295,0,0,0,0,0,0,0,0,0,12.207,0,0,0,0,0
27,226,1,53813,3.3536e+06,67.875,0,0,0,0,0,0,0,0,0,9.6608,0,0,0,0,0
27,226,1,53813,3.3536e+06,0.0060235,0,0,0,0,0,0,0,0,0,0.072463,0,0,0,0,0
27,226,1,53813,3.3536e+06,2.7947,0,0,0,0,0,0,0,0,0,0.072463,0,0,0,0,0
27,226,1,53813,3.3536e+06,0,0,0,0.00524,0.009056,0,0,0,0,0,15.494,0,0,0,0,0
27,226,1,53813,3.3536e+06,0.86917,0,0,0.063622,0,0,0.13028,0,0,0,2.1163,0,0,0,0,0
27,226,1,53813,3.3536e+06,0.87552,0,0,0,0,1.3289,0.13028,0,0,1.7327,0.13101,0,0,0,0,0
27,226,1,53813,3.3536e+06,0,0,0,0,0.008335,0,0,0,0,0,31.837,0,0,0,0,0
27,226,1,53813,3.3536e+06,0,0,0,0,0,0,20.334,0,0,0,0.072463,0,0,0,0,0
27,226,1,53813,3.3536e+06,0.00524,0,0,0.0076281,0,0,0,0,0,0,14.135,0,0,0,0,0
27,226,1,53813,3.3536e+06,0,0,0.069297,0,0,5.6344,0,0,0,0,2.5126,0,0,0,0,0
27,226,1,53813,3.3536e+06,0,0,0,8.3218,13.23,0,0,0,0,0,0.072463,0,0,0,0,0
27,226,1,53813,3.3536e+06,0.008334,0,0,0.13345,0,0.00315,0,0,0,0,0.072463,0,0,0,0,2959.7
27,226,1,53813,3.3536e+06,0.023707,0,0,0.36399,0,0,0,0,0,0,0.072463,0,0,0,0,0
27,226,1,53813,3.3536e+06,0.73941,0,0,0.61777,0,4.8314,0,0,0,0,0.072463,0,0,0,0,134.53
27,226,1,53813,3.3536e+06,0.009056,0,0,0,0,0,0.87994,0,0,0,33.184,0,0,0,0,0
27,226,1,53813,3.3536e+06,0.008333,0,0,26.976,0,0,0,0,0,0,4.643,0,0,0,0,0
27,226,1,53813,3.3536e+06,0.005714,0,0,0,0,0,0,0,0,0,7.9974,0,0,0,0,0
27,226,1,53813,3.3536e+06,0.33728,0,0,0,0,0,24.186,0,0,0,1.059,0,0,0,0,0
27,226,1,53813,3.3536e+06,0.042187,0,0,0,0.09925,0.003355,0,0,0,0,0.072463,0,0,0,0,0
27,226,1,53813,3.3536e+06,0.0067817,0,0,0,0,0.008333,454.11,0,0,0,9.1705,0,0,0,0,0
27,226,1,53813,3.3536e+06,0,0,0,0.013573,0,0.00824,29.215,0,0,0,0.18612,0,0,0,0,0
27,226,1,53813,3.3536e+06,0.072383,0,0,0,0,0.0089463,0,0,0,0,0.072463,0,0,0,0,0
27,226,1,53813,3.3536e+06,0.004588,0,0,3.8517,0.12222,0,0,0,0,0,5.2622,0,0,0,0,0
27,226,1,53813,3.3536e+06,0.95798,0,0,0,0.007102,0,0.13028,0,0,0,1.1451,0,0,0,0,0
27,226,1,53813,3.3536e+06,0.063326,0,0,0,0,0,0,0,0,0,22.023,0,0,0,0,1883.5
27,226,1,53813,3.3536e+06,0.11955,0,0,0,0,0.00524,0,0,0,0,0.072463,0,0,0,0,0
27,226,1,53813,3.3536e+06,0,0,0,0,0,0,0.008333,0,0,0,0.13226,0,0,0,0,0
27,226,1,53813,3.3536e+06,1.0318,0,0,0,0.27379,0,3.8394,0,0,0,6.7491,0,0,0,0,0
27,226,1,53813,3.3536e+06,0.15723,0,0,0.20389,0,0,0,0,0,0,3.4411,0,0,0,0,0
27,226,1,53813,3.3536e+06,0.32593,0,0,0,0,0,0,0,0,0,0.072463,0,0,0,0,0
27,226,1,53813,3.3536e+06,0,0,0,0,0,0,0,0,0,0,1.6629,0,0,0,0,0
27,226,1,53813,3.3536e+06,4.7059,0,0,0,0,0,0,0,0,0,7.6506,0,0,0,0,0
27,226,1,53813,3.3536e+06,0,0,0,17.328,0,0,0,0,0,0,1.6654,0,0,0,0,807.2
27,226,1,53813,3.3536e+06,0.08936,0,0,0,0.00524,0,0,0,0,1.057,5.0181,0,0,0,0,0
27,226,1,53813,3.3536e+06,0.008333,0,0,0,0,0,0,0,0,0,5.2662,0,0,0,0,0
27,226,1,53813,3.3536e+06,0.008336,0,0,0,0,0,0.67845,0,0,9.1622,16.594,0,0,0,0,0
27,226,1,53813,3.3536e+06,0.19588,0,0,7.6271,0,0,0,0,0,0,0.72803,0,0,0,0,0
33,232,1,10.002,623.33,0.001493,0,0,0.008333,0,0,0,0,0,0,0.14008,0,0,0,0,9.5021
33,232,1,10.002,623.33,2.7866,0,0,0,0,0.007897,0,0,0,0,0.072463,0,0,0,0,0.35008
33,232,1,10.002,623.33,0.3004,0,0,0.00524,0,0.52156,0,0,0,0,0.13054,0,0,0,0,0.55012
33,232,1,10.002,623.33,0,0,0,0,0,0,0,0,0,0,2.9953,0,0,0,0,0.25006
33,232,1,10.002,623.33,0.00524,0,0,0,0,0,0,0,0,0,0.13364,0,0,0,0,0.35008
33,232,1,10.002,623.33,0.027974,0,0,0,0,0,0,0,0,0,0.072463,0,0,0,0,0.75017
33,232,1,10.002,623.33,0.0087785,0,0,4.2962,0,0,0.13028,0.37957,0,0,0.97511,0,0,0,0,0.25006
33,232,1,10.002,623.33,0.0093951,0,0,0,0,0,0,0,0,0,0.1331,0,0,0,0,0.15003
33,232,1,10.002,623.33,0.032917,0,0,0,0,0,0,0,0,0,0.13348,0,0,0,0,0.025006
33,232,1,10.002,623.33,3.9401,0,0,0,0,0,0,0,0,0.27721,0.072463,0,0,0,0,0.4501
33,232,1,10.002,623.33,0.00247,0,0,0.021741,0,0,0,0,0,0,0.17677,0,0,0,0,0.25006
33,232,1,10.002,623.33,0,0,0.010538,0,0,0,0.021726,0,0,0,0.072463,0,0,0,0,0.85019
33,232,1,10.002,623.33,0,0,0,0,0,0,0,0,0,0.39237,0.072463,0,0,0,0,0.025006
33,232,1,10.002,623.33,0.0095061,0,0,0,0,0,0,0,0,0,6.9105,0,0,0,0,1.1503
33,232,1,10.002,623.33,0,0,0,0,0,0.016666,0,0,0,0,0.072463,0,0,0,0,0.025006
33,232,1,10.002,623.33,0.16674,0,0,0,0,0,0,0,0,0,1.6654,0,0,0,0,0.25006
33,232,1,10.002,623.33,0.53631,0,0,0,0,0.79321,0,0,0,0,0.13394,0,0,0,0,0.35008
33,232,1,10.002,623.33,0,0,0,0,0,0,0,0,0,0.4212,0.44185,0,0,0,0,0.025006
33,232,1,10.002,623.33,0.006456,0,0,0,0,0,0,0,0,0,0.072463,0,0,0,0,0.67515
33,232,1,10.002,623.33,0,0,0,0,0,0,0,0,0,0,2.1163,0,0,0,0,0.025006
33,232,1,10.002,623.33,1.3552,0,0,0,0,0,0,0,0,0,0.072463,0,0,0,0,0.85019
33,232,1,10.002,623.33,0.010235,0,0,0,0,0,0,0,0,0,0.072463,0,0,0,0,1.2503
33,232,1,10.002,623.33,0,0,0,0.00524,0,0,0,0,0,0,0.072463,0,0,0,0,0.25006
33,232,1,10.002,623.33,0.018891,0,0,0,0,0,0,0,0,0,0.072463,0,0,0,0,0.15003
33,232,1,10.002,623.33,4.2442,0,0,0,0,0,0,0.97464,0,0,0.13394,0,0,0,0,0.35008
33,232,1,10.002,623.33,0.000376,0,0,2.1765,0,0,1.7382,0.00524,0,0,0.13055,0,0,0,0,0.025006
33,232,1,10.002,623.33,0.003295,0,0,0.00524,0,0,0,0,0,0,0.82163,0,0,0,0,0.35008
33,232,1,10.002,623.33,4.1132,0,0,0,0,0.00524,0,0,0,0,4.3421,0,0,0,0,0.25006
33,232,1,10.002,623.33,0,0,0,0,0,0,0,0,0,0,1.9852,0,0,0,0,0.025006
33,232,1,10.002,623.33,0.077688,0,0,0,0,0,0,0,0,0,2.4073,0,0,0,0,0.4501
33,232,1,10.002,623.33,0.2861,0,0,0.45356,0,0.8541,0,0,0,0,1.1524,0,0,0,0,0.35008
33,232,1,10.002,623.33,0,0,0,0,0.005239,0,0,0,0,0,2.9171,0,0,0,0,0.25006
33,232,1,10.002,623.33,0.008333,0,0,0,0,0,0,0,0,0,0.072463,0,0,0,0,0.35008
33,232,1,10.002,623.33,0.022631,0,0,0.03244,0,0,0,0,0,0,0.072463,0,0,0,0,0.025006
33,232,1,10.002,623.33,0.011941,0,0,0,0,0,0.13028,0,0,0,0.20357,0,0,0,0,0.025006
33,232,1,10.002,623.33,0.025974,0,0,0,0,0,0,0,0,0,0.072463,0,0,0,0,0.25006
33,232,1,10.002,623.33,0.017176,0,0,0,0,0,0.40452,0,0,0.27721,2.0425,0,0,0,0,0.025006
33,232,1,10.002,623.33,0.84259,0,0,0,0,0,0,0,0,0,0.072463,0,0,0,0,0.25006
33,232,1,10.002,623.33,0.23779,0,0,0.00524,0,0,0,0,0,0,0.89874,0,0,0,0,0.025006
33,232,1,10.002,623.33,2.2144,0,0,0,0,0,0,0,0,0,0.072463,0,0,0,0,0.25006
33,232,1,10.002,623.33,0,0,0,0,0,0,0,0,0,5.7109,1.8229,0,0,0,0,0.85019
33,232,1,10.002,623.33,0,0,0,0,0,0.00524,0,0,0,0,0.17677,0,0,0,0,0.35008
33,232,1,10.002,623.33,0.21982,0,0,0,0,0,0.13028,0,0,0,0.072463,0,0,0,0,0.35008
36,235,1,50.306,3135.1,0.87215,0,0,4.5202,0,0,0,0,0,0,7.9974,0,0,0,0,0
36,235,1,50.306,3135.1,0.87011,0,0,0.003538,0,0,0.13028,0,0,0,2.7374,0,0,0,0,1.2577
36,235,1,50.306,3135.1,0,0,0,0,0,0,0,0,0,0,25.166,0,0,0,0,0
36,235,1,50.306,3135.1,0.008333,0,0,0,0,0,0,0,0,3.8737,0.072463,0,0,0,0,0
36,235,1,50.306,3135.1,0.023413,0,0,0.82233,0,0.005239,18.189,0,0,0,0.072463,0,0,0,0,3.773
36,235,1,50.306,3135.1,0.0076281,0,0,0.24622,0,0,0,0,0,0,0.15843,0,0,0,0,6.2883
36,235,1,50.306,3135.1,6.2454,0,0.17609,0.10545,0,0,0.10863,0,0,0.76342,0.072463,0,0,0,0,2.2638
36,235,1,50.306,3135.1,0,0,0,0.22723,0,5.2088,0,0,0,0,0.13731,0,0,0,0,1.2577
36,235,1,50.306,3135.1,15.547,0,0,0,0,0,0,0,0,0,0.072463,0,0,0,0,0
36,235,1,50.306,3135.1,0.043397,0,0,0,0,0.000254,0,0,0,0,14.75,0,0,0,0,2.2638
36,235,1,50.306,3135.1,0.028282,0,0,0,0,0.00824,0,0,0,0,0.75032,0,0,0,0,0
36,235,1,50.306,3135.1,0.001397,0,0,0.016668,0.000765,0,0,0,0,0,0.51741,0,0,0,0,0.12577
36,235,1,50.306,3135.1,4.7059,0,0,0.068755,0,0,0,0,0,0,31.829,0,0,0,0,0
36,235,1,50.306,3135.1,0,0,0,0.000172,0,0,0,0,0,0,0.13055,0,0,0,0,0.7546
36,235,1,50.306,3135.1,0.867,0,0.003416,0,0,0,0,0,0,0,0.75066,0,0,0,0,1.7607
36,235,1,50.306,3135.1,3.3972,0,0.05501,0,0,0,0.13028,0,0,0,6.9105,0,0,0,0,2.7669
36,235,1,50.306,3135.1,1.0737,0,0,0.00315,0,0,0,0,0,0,0.072463,0,0,0,0,7.7975
36,235,1,50.306,3135.1,0.91889,0,0,0,0,0,0,0,0,0,0.072463,0,0,0,0,10.816
36,235,1,50.306,3135.1,1.2319,0,0,0,0,0,0,0,0,0,3.7272,0,0,0,0,0.12577
36,235,1,50.306,3135.1,5.4973,0,0,0,0,0,0.13028,0,0,0,0.79939,0,0,0,0,2.7669
36,235,1,50.306,3135.1,24.921,0,0,0,1.6381,0,0,0,0,0,0.072463,0,0,0,0,7.7975
36,235,1,50.306,3135.1,0.00644,0,0,0,0,0,0,0,0,0,1.6706,0,0,0,0,1.7607
36,235,1,50.306,3135.1,0.015298,0,0,0,0,0,0,0,0,0,0.072463,0,0,0,0,1.2577
36,235,1,50.306,3135.1,0.0088426,0,0,0,0,0,0,0,0,0,4.2046,0,0,0,0,2.7669
36,235,1,50.306,3135.1,0,0,0,0,0,0,0.40452,0,0,0,0.072463,0,0,0,0,0.12577
36,235,1,50.306,3135.1,0.00052,0,0,4.2857,0,0,0.10863,0,0,0,0.13056,0,0,0,0,7.7975
36,235,1,50.306,3135.1,0.003485,0,0,0,0,0,0.42744,0,0,0,21.808,0,0,0,0,2.7669
36,235,1,50.306,3135.1,0,0,0,0,0,0,0,0,0,0,3.5168,0,0,0,0,0
36,235,1,50.306,3135.1,0,0,0,0,0,0,0,0,0,0,0.072463,0,0,0,0,2.7669
36,235,1,50.306,3135.1,0,0,1.6906,0,0,0,0,0,0,0.27721,0.134,0,0,0,0,1.7607
36,235,1,50.306,3135.1,2.3671,0,0,0.063622,0,0,0,0,0,0,0.072463,0,0,0,0,0
36,235,1,50.306,3135.1,0,0,0,0,0,0,2.5567,0,0,0,0.24115,0,0,0,0,1.7607
36,235,1,50.306,3135.1,3.0427,0,0,0,0,0,0,0,0,0,1.9852,0,0,0,0,1.7607
36,235,1,50.306,3135.1,0.30651,0,0,0,0,0,0,0,0,0,0.072463,0,0,0,0,0
36,235,1,50.306,3135.1,0.0067817,0,0,0,0,0,0.13028,0,0,0,0.24115,0,0,0,0,3.3957
36,235,1,50.306,3135.1,5.4125,0,0,0,0,0,0,0,0,0,0.072463,0,0,0,0,1.7607
36,235,1,50.306,3135.1,0.26973,0,0,0,0,0,0,0,0,0,0.072463,0,0,0,0,2.7669
36,235,1,50.306,3135.1,0.87552,0,0,0,0,0,0,0,0,0,0.15843,0,0,0,0,1.2577
36,235,1,50.306,3135.1,0,0,0,0,0,0,0,0,0,0,3.5581,0,0,0,0,0
36,235,1,50.306,3135.1,0.60493,0,0,0,0.00387,0,0.42744,0,0,0,0.072463,0,0,0,0,0.7546
36,235,1,50.306,3135.1,0.12767,0,0,0,0,0.008333,0,0,0,0,2.4241,0,0,0,0,1.7607
36,235,1,50.306,3135.1,0.008333,0,0,0.00644,0,0,0,0,0,0,0.072463,0,0,0,0,0.12577
36,235,1,50.306,3135.1,0,0,1.2483,0,0,0,0.42744,0,0,0,16.977,0,0,0,0,0
36,235,1,50.306,3135.1,0.31144,0,0,1.2174,0,0,0,0,0,0,0.56339,0,0,0,0,1.2577
36,235,1,50.306,3135.1,10.296,0,0,0,0,0.00062,0,0,0,0,1.5411,0,0,0,0,2.2638
36,235,1,50.306,3135.1,1.3209,0,0,0.84321,0,0,0.42744,0,0,0,0.072463,0,0,0,0,0.12577
36,235,1,50.306,3135.1,0.8691,0,0,0,0,0,0,0,0,0,0.072463,0,0,0,0,47.791
36,235,1,50.306,3135.1,0.0034665,0,0,0,0,16.14,0.13028,0,0,0,4.729,0,0,0,0,0.12577
36,235,1,50.306,3135.1,0.023707,0,0,0,0,0,0,0,0,0,6.4637,0,0,0,0,0
36,235,1,50.306,3135.1,2.6959,0,0,0,0.008333,0,0,0,0,0,0.11545,0,0,0,0,1.2577
36,235,1,50.306,3135.1,3.238,0,0,3.6726,0,0,0,0,0,0,6.0336,0,0,0,0,0.12577
36,235,1,50.306,3135.1,0.032932,0,0,0,0,0,0.059897,0,0,0,3.9028,0,0,0,0,0
36,235,1,50.306,3135.1,0.8753,0,0,0,0,0,0,0,0,0,0.75174,0,0,0,0,2.2638
36,235,1,50.306,3135.1,0.008333,0,0,3.1537,0,0,0,0,0,0,18.395,0,0,0,0,2.2638
36,235,1,50.306,3135.1,0,0,0,0,0,0,9.4834,0,0,9.1622,4.5076,0,0,0,0,0
36,235,1,50.306,3135.1,0.34854,0,0,0.80423,6.8758,0,0,0,0,0,0.81487,0,0,0,0,1.7607
36,235,1,50.306,3135.1,0,0,0,0,0,0,0,0,0,0,6.11,0,0,0,0,0
36,235,1,50.306,3135.1,0,0,0,0.002868,0,0.008335,0,0,0,0,4.9522,0,0,0,0,1.7607
36,235,1,50.306,3135.1,0.008333,0,0,0,0,0,0,0,0,0,0.13101,0,0,0,0,0
36,235,1,50.306,3135.1,0,0,0,1.7189,0,0.79687,0,0,0,0,0.072463,0,0,0,0,0
36,235,1,50.306,3135.1,0,0,0,0,0,0.007328,0,0,0,0,0.34495,0,0,0,0,0
36,235,1,50.306,3135.1,0.005411,0,0,2.2146,0,0,0.021726,0,0,0,1.0076,0,0,0,0,0.7546
36,235,1,50.306,3135.1,0.023806,0,0,0,0,0,0,0,0,0,0.086791,0,0,0,0,47.791
36,235,1,50.306,3135.1,0.12499,0,0,0,0.009056,0,0,0,0,0,0.072463,0,0,0,0,0
36,235,1,50.306,3135.1,0,0,0,0,0,0,0,0,0,0,0.3717,0,0,0,0,2.2638
36,235,1,50.306,3135.1,3.5379,0,0,8.3218,0,0.008333,0,0,0,0,0.072463,0,0,0,0,0.7546
36,235,1,50.306,3135.1,0.008333,0,0,0,0,0,0,0,0,0,0.072463,0,0,0,0,6.7914
36,235,1,50.306,3135.1,16.463,0,0.008333,0.11533,0,0,0,0,0,0,0.072463,0,0,0,0,0.12577
36,235,1,50.306,3135.1,0,0,0,0,0,0,0,0,0,0,0.44804,0,0,0,0,0.12577
36,235,1,50.306,3135.1,0.059589,0,0,0,0.008333,6.1953,0.13028,0,0,0,4.3915,0,0,0,0,6.2883
36,235,1,50.306,3135.1,0.11955,0,0,0,0,0,0,0,0,0,0.13226,0,0,0,0,1.2577
36,235,1,50.306,3135.1,19.915,0,0,0,0,0,0,0,0,0,1.1524,0,0,0,0,0
36,235,1,50.306,3135.1,0,0,0,0,0,0.027174,7.73,0,0,0,31.829,0,0,0,0,1.2577
36,235,1,50.306,3135.1,0.002741,0,0,0,0,0,0,0,0,0,6.0336,0,0,0,0,0.7546
36,235,1,50.306,3135.1,0.867,0,0,3.3412,0,0,2.4695,0,0,0,4.729,0,0,0,0,0.7546
36,235,1,50.306,3135.1,0,0,0,0,0,0,0,0,0,0,0.32655,0,0,0,0,0
36,235,1,50.306,3135.1,0.022097,0,0,0,0,0.15796,0,0,0,0,5.7426,0,0,0,0,1.2577
36,235,1,50.306,3135.1,6.0782,0,0,0,0,0,0,0,0,0,0.072463,0,0,0,0,1.7607
36,235,1,50.306,3135.1,0,0,0,0,0,1.5806,0,0,0,0.65812,0.072463,0,0,0,0,1.7607
36,235,1,50.306,3135.1,0.0068538,0,0,1.3433,0,0,0.13028,0,0,0,0.17023,0,0,0,0,0.12577
36,235,1,50.306,3135.1,0.00824,0,0,0,0,0,0,0,0,0,0.11545,0,0,0,0,1.7607
36,235,1,50.306,3135.1,0.78748,0,0,0,0,0.11168,0,0,0,7.8617,1.1327,0,0,0,0,1.2577
36,235,1,50.306,3135.1,0.024085,0,0,0,0,0,0.021726,0,0,1.5851,0.88276,0,0,0,0,0.12577
36,235,1,50.306,3135.1,0.29689,0,0,0,0,4.0313,0,0,0,0,0.44683,0,0,0,0,0.7546
36,235,1,50.306,3135.1,0.0091815,0,0,0,0,0,0,0,0,0,5.8934,0,0,0,0,0
36,235,1,50.306,3135.1,0.1008,0,0,0,0,0.000126,0.002308,0,0,0.91947,0.072463,0,0,0,0,1.2577
36,235,1,50.306,3135.1,0.0067502,0,0,0,0,0,0.60778,0,0,1.5079,0.072463,0,0,0,0,0.12577
36,235,1,50.306,3135.1,0,0,5.0548,0,8.1769,0,0,0,0,0,3.1383,0,0,0,0,1.7607
36,235,1,50.306,3135.1,0.010066,0,0,0,35.144,0,0,0,0,0,0.11545,0,0,0,0,0.12577
36,235,1,50.306,3135.1,3.9772,0,0,0,0,0,0.86518,0,0,0,0.63867,0,0,0,0,1.7607
36,235,1,50.306,3135.1,0.12767,0,0.008333,0,0,0.008333,40.958,0,0,0,0.15843,0,0,0,0,7.7975
36,235,1,50.306,3135.1,0,0,0,7.8868,0,0,0.093171,0,0,0,0.072463,0,0,0,0,0.12577
36,235,1,50.306,3135.1,0,0,0.0055799,0.0078558,0,0,0,0,0,0,14.187,0,0,0,0,1.2577
36,235,1,50.306,3135.1,0.32593,0,0,0,0,0,0,0,0,0,0.14411,0,0,0,0,0
36,235,1,50.306,3135.1,0.005302,0,0,0.82887,0,0,0,0,0,0,0.13158,0,0,0,0,6.2883
36,235,1,50.306,3135.1,2.1709,0,0,0,0,0,15.435,0,0,0,3.3678,0,0,0,0,0
36,235,1,50.306,3135.1,2.6806,0,0,0.00835,0,0,0,0,0,0,4.5076,0,0,0,0,0
36,235,1,50.306,3135.1,0.0040195,0,0,0,0,0.10057,12.547,0,0,0,0.072463,0,0,0,0,1.2577
36,235,1,50.306,3135.1,0.35719,0,0,0,0,0,0,0,0,0,4.2991,0,0,0,0,2.2638
36,235,1,50.306,3135.1,0.012954,0,0,0,0,0,0,0,0,0,0.73917,0,0,0,0,47.791
36,235,1,50.306,3135.1,0.010066,0,0,0,0,0,0,0,0,0,4.2848,0,0,0,0,0
36,235,1,50.306,3135.1,19.242,0,0,5.2119,0,0.008332,0,0,0,1.0167,0.13615,0,0,0,0,3.3957
36,235,1,50.306,3135.1,0.16104,0,0.000739,0,0,0,0,0,0,0,3.3687,0,0,0,0,1.7607
36,235,1,50.306,3135.1,0.0077391,0,0,0.32437,0,7.7271,0,0,0,0,0.072463,0,0,0,0,10.816
36,235,1,50.306,3135.1,0.0034665,0,0,0,0,0,0.13028,0,0,0,0.41236,0,0,0,0,2.2638
36,235,1,50.306,3135.1,10.869,0,0,0,0,0,0.40452,0,0,0,1.1327,0,0,0,0,0
36,235,1,50.306,3135.1,0.008333,0,0,0,6.5176,0.008333,0.60778,0,0,0,7.2936,0,0,0,0,6.2883
36,235,1,50.306,3135.1,0.022995,0,0,0,0,0,0,0,0,0,7.6519,0,0,0,0,1.2577
36,235,1,50.306,3135.1,0.00062,0,0,0,0,0,0,0,0,0,1.8541,0,0,0,0,47.791
36,235,1,50.306,3135.1,1.2674,0,0,0,0,0,0,0,0,0,0.072463,0,0,0,0,1.7607
36,235,1,50.306,3135.1,0,0,0,0,0,0,0,0,0,0,4.5609,0,0,0,0,3.773
36,235,1,50.306,3135.1,0.000133,0,0,0,0,0,0,0,0,0.39237,0.072463,0,0,0,0,1.7607
36,235,1,50.306,3135.1,0,0,0,21.295,0,0,7.0358,0,0,0,0.15843,0,0,0,0,1.2577
36,235,1,50.306,3135.1,1.7792,0,0,0,0,0.008333,0,0,0,0,0.072463,0,0,0,0,1.2577
36,235,1,50.306,3135.1,0.00644,0,0,0.008799,0,0,0,0,0,0,0.56072,0,0,0,0,0.7546
36,235,1,50.306,3135.1,0.010677,0,0,0.009374,0,0,0.13028,0,0,0,0.072463,0,0,0,0,0.7546
36,235,1,50.306,3135.1,2.3573,0,0.002344,0,0.0055919,0,0,0,0,0,0.56922,0,0,0,0,0.7546
36,235,1,50.306,3135.1,0.008335,0,0,0.13005,0,0,0,0,0,0.8932,1.1196,0,0,0,0,0
36,235,1,50.306,3135.1,4.0501,0,0,0,0,0,0,0,0,0,8.28,0,0,0,0,2.2638
36,235,1,50.306,3135.1,0,0,0,0.81358,0,0,0,0,0,0,2.3459,0,0,0,0,0.12577
36,235,1,50.306,3135.1,16.593,0,0,0,1.5848,0,0,0,0,0,0.072463,0,0,0,0,7.2944
36,235,1,50.306,3135.1,0.29689,0,0,0,2.1802,0,0,0,0,0,0.072463,0,0,0,0,0.7546
36,235,1,50.306,3135.1,0.89463,0,0,5.5512,0,0.014592,0,0,0,0,6.11,0,0,0,0,1.7607
36,235,1,50.306,3135.1,0.008333,0,0,7.5305,0,0,0,0,0,0,1.7632,0,0,0,0,3.3957
36,235,1,50.306,3135.1,0.011416,0,0,0,0,0,16.337,0,0,0,0.11545,0,0,0,0,1.7607
36,235,1,50.306,3135.1,6.3393,0,0,0,0,0,0,0,0,10.481,0.072463,0,0,0,0,2.2638
36,235,1,50.306,3135.1,0.33816,0,0,0,0,0,0,0,0,0,4.5609,0,0,0,0,1.2577
36,235,1,50.306,3135.1,0.001236,0,0,0,0,0,0.002308,0,0,0,1.0076,0,0,0,0,1.7607
36,235,1,50.306,3135.1,0.24349,0,0,0,0,0.00062,0,0,0,0,10.802,0,0,0,0,0.12577
36,235,1,50.306,3135.1,0.49471,0,0,0,0,0,0.002308,0,0,0,0.072463,0,0,0,0,0.12577
36,235,1,50.306,3135.1,4.6706,0,0,0,0,0,0.67053,0,0,0,0.072463,0,0,0,0,1.2577
36,235,1,50.306,3135.1,0.87488,0,0,0,0,0,0,0,0,0,0.072463,0,0,0,0,0
36,235,1,50.306,3135.1,0,0,0,0,0,0,0.13028,0,0,0,0.75066,0,0,0,0,0
36,235,1,50.306,3135.1,0.87466,0,0,1.1861,0,0,0,0,0,0,0.072463,0,0,0,0,1.2577
36,235,1,50.306,3135.1,0.008333,0,0,0,0,0,14.172,0,0,0,27.424,0,0,0,0,0
36,235,1,50.306,3135.1,21.908,0,0,0,0,0,0,0,0,0,4.2848,0,0,0,0,0.7546
36,235,1,50.306,3135.1,0.032932,0,0,0,0,0,0,0,0,0,3.6687,0,0,0,0,1.7607
36,235,1,50.306,3135.1,0,0,0,0,0.009701,0,0,0,0,0,0.072463,0,0,0,0,0.7546
36,235,1,50.306,3135.1,0.036583,0,0,0,0,0,0,0,0,0,2.1163,0,0,0,0,0
36,235,1,50.306,3135.1,0.008333,0,0,0,0,0,0.87994,0,0,0,0.072463,0,0,0,0,1.7607
36,235,1,50.306,3135.1,0.008331,0,0,0.13345,0,0,0,0,0,0,0.072463,0,0,0,0,0.12577
36,235,1,50.306,3135.1,0.26973,0,0,0.008642,0,0,0,0,0,0,0.1323,0,0,0,0,3.3957
36,235,1,50.306,3135.1,0.0034665,0,0,0.052701,0,0,0,0,0,0,0.072463,0,0,0,0,47.791
36,235,1,50.306,3135.1,0.0084135,0,0,0,0,0,0.13028,0,0,0,0.072463,0,0,0,0,2.2638
36,235,1,50.306,3135.1,0.92769,0,0,0,0,0,0,0,0,0,19.884,0,0,0,0,1.7607
36,235,1,50.306,3135.1,1.5722,0,0,0.81046,0,0,0,0,0,0.39237,0.38768,0,0,0,0,1.2577
36,235,1,50.306,3135.1,0.002784,0,0,0,0,0,0,0,0,0,1.2836,0,0,0,0,1.2577
36,235,1,50.306,3135.1,18.566,0,0,0,0,0,0,0,0,0,0.072463,0,0,0,0,0
36,235,1,50.306,3135.1,0.01467,0,0,0,0,0,0,0,0,0,5.0181,0,0,0,0,1.7607
36,235,1,50.306,3135.1,0.8452,0,0,3.7631,0,0,0,0,0,0,2.1563,0,0,0,0,1.2577
36,235,1,50.306,3135.1,9.3082,0,0,2.9407,0,0,0,0,0,0,0.072463,0,0,0,0,1.2577
36,235,1,50.306,3135.1,0.22882,0,0,0,0.002741,0,0,0,0,0,0.33796,0,0,0,0,1.2577
36,235,1,50.306,3135.1,0,0,0,0,0,0,0,0,0,0,0.072463,0,0,0,0,3.3957
36,235,1,50.306,3135.1,0.008333,0,0,0.14419,1.0941,0,0,0,0,0,1.6654,0,0,0,0,2.7669
36,235,1,50.306,3135.1,0.018174,0,0,0.13889,0,0,0,0,0,0,0.072463,0,0,0,0,1.2577
36,235,1,50.306,3135.1,0.010953,0,0,0,0,0.00021,0,0,0,0,9.1705,0,0,0,0,0.7546
36,235,1,50.306,3135.1,0.30651,0,0.02413,0,0,0,0.13028,0,0,0,0.072463,0,0,0,0,2.7669
36,235,1,50.306,3135.1,0,0,0,4.4772,0,0,0,0,0,0,0.072463,0,0,0,0,4.7791
36,235,1,50.306,3135.1,0.026793,0,0,0,0,0,0,0,0,0,0.072463,0,0,0,0,0.7546
36,235,1,50.306,3135.1,0,0,1.8406,0,0,0,0,0,0,0,11.144,0,0,0,0,0
36,235,1,50.306,3135.1,0.066266,0,0.008333,0,0,0,0,0,0,0,0.13354,0,0,0,0,2.7669
36,235,1,50.306,3135.1,1.2826,0,0,0,0,0,0,17.137,0,0,0.072463,0,0,0,0,0.7546
36,235,1,50.306,3135.1,0.16847,0,0,0,0,0,0.093171,0,0,0,0.072463,0,0,0,0,2.7669
36,235,1,50.306,3135.1,0.008333,0,0,0,0,0,0.13028,0,0,0,0.072463,0,0,0,0,10.816
36,235,1,50.306,3135.1,0.009072,0,0,0.016666,0,0.10347,0,0,0,0,6.11,0,0,0,0,0.7546
36,235,1,50.306,3135.1,0,0,0,0,0,0,0,0,0,0,0.072463,0,0,0,0,1.2577
36,235,1,50.306,3135.1,0.87215,0,0,1.632,0,0,0,0,0,0,0.072463,0,0,0,0,0.12577
36,235,1,50.306,3135.1,0,0,0,0.81848,0,0,0,0,0,19.403,0.56339,0,0,0,0,4.7791
36,235,1,50.306,3135.1,8.8359,0,0,0,0,0,0,0,0,0,0.18601,0,0,0,0,0.7546
36,235,1,50.306,3135.1,0.87678,0,0,0.00315,0,0.008333,0,0,0,0,0.14865,0,0,0,0,0
36,235,1,50.306,3135.1,11.109,0,0,0,0,0,0,0.90625,0,0.056957,0.13302,0,0,0,0,0
36,235,1,50.306,3135.1,0.008333,0,0,0.81626,0,0,0,0,0,0,0.072463,0,0,0,0,1.2577
36,235,1,50.306,3135.1,0,0,0,0.00524,0,0,0,0,0,0,2.286,0,0,0,0,2.2638
36,235,1,50.306,3135.1,0.12117,0,0,0,5.3716,0,0,0,0,0,1.7632,0,0,0,0,0
36,235,1,50.306,3135.1,5.0108,0,0,0,0,0,0,0,0,0,4.0802,0,0,0,0,0.12577
36,235,1,50.306,3135.1,0,0,0,0,0,0,0.13028,0,0,0,0.24539,0,0,0,0,2.7669
36,235,1,50.306,3135.1,0.86124,0,0,0,0,0,0,0,0,0,0.072463,0,0,0,0,5.7852
36,235,1,50.306,3135.1,1.4112,0,0,0,0,0,0,0,0,0,0.51741,0,0,0,0,0.12577
36,235,1,50.306,3135.1,0,0,0,0,0,0,0,0,0,0,0.072463,0,0,0,0,0.12577
36,235,1,50.306,3135.1,0,0,0,0.016666,0,0,5.3035,0,0,0,0.072463,0,0,0,0,6.7914
36,235,1,50.306,3135.1,0.35372,0,0,0,0.00043,0.79687,0,0,0,0,0.43625,0,0,0,0,1.2577
36,235,1,50.306,3135.1,0,0,0,0,0,0,0,0,0,0,10.89,0,0,0,0,2.2638
36,235,1,50.306,3135.1,15.728,0,0,0.016666,0.008333,0,0,0,0,0,0.51662,0,0,0,0,0.7546
36,235,1,50.306,3135.1,0.64875,0,0,0,0,0,0.59876,0,0,0,0.072463,0,0,0,0,0
36,235,1,50.306,3135.1,0,0,0,0,1.8121,0,0.13028,0,0,0.27721,0.072463,0,0,0,0,1.2577
36,235,1,50.306,3135.1,0.008333,0,0,0,0,0.0067502,0,0,0,0,8.4541,0,0,0,0,0.12577
36,235,1,50.306,3135.1,0,0,0,0,0,0,0,0,0,0,5.2088,0,0,0,0,6.7914
36,235,1,50.306,3135.1,0.008953,0,0,0,0,0,0,0,0,0,5.1015,0,0,0,0,1.7607
36,235,1,50.306,3135.1,0,0,0,0,0,0,0,0,0,0.76777,0.98417,0,0,0,0,1.2577
36,235,1,50.306,3135.1,0.87217,0,0,0.0084665,0,0,0.13028,0,0,0,0.13863,0,0,0,0,0.12577
36,235,1,50.306,3135.1,0.008335,0,0,1.1861,0,0,0.10863,0,0,0,0.072463,0,0,0,0,1.2577
36,235,1,50.306,3135.1,0.99393,0,0,0.016666,0,0,0,0,0,0,5.5039,0,0,0,0,2.2638
36,235,1,50.306,3135.1,2.3989,0,0,0,0,9.5972,0.13028,0,0,0,5.5039,0,0,0,0,0
36,235,1,50.306,3135.1,0,0,0,0.008513,0,0,0,0,0,0,3.9998,0,0,0,0,0.7546
36,235,1,50.306,3135.1,0,0,0,2.0813,0,0,0,0,0,0,0.072463,0,0,0,0,0.12577
36,235,1,50.306,3135.1,0,0,0,0,0,0,0,0,0,0.55196,0.134,0,0,0,0,47.791
36,235,1,50.306,3135.1,0,0,0,0.016666,0,0,0,0,0,0,0.072463,0,0,0,0,0.7546
36,235,1,50.306,3135.1,2.0389,0,0,0,0,0,0,0,0,0,4.6401,0,0,0,0,0.12577
36,235,1,50.306,3135.1,0,0,0,0,0,0.37405,0,0,0,0,0.072463,0,0,0,0,1.2577
36,235,1,50.306,3135.1,0.031141,0,0,0,0,0,0.059897,0,0,0,0.13731,0,0,0,0,0.7546
36,235,1,50.306,3135.1,0.008333,0,0,0.82682,0,0,0,0,0,0,5.5792,0,0,0,0,6.7914
36,235,1,50.306,3135.1,47.753,0,0,0,0,0,0,0,0,0,0.13782,0,0,0,0,1.7607
36,235,1,50.306,3135.1,2.8251,0,0,0,0,0,11.181,0,0,0,0.82163,0,0,0,0,2.7669
36,235,1,50.306,3135.1,0.008336,0,0,0,0,0.12321,0,0,0,0,0.072463,0,0,0,0,0
36,235,1,50.306,3135.1,0,0,0,0,0,0,0,0,0,0,0.072463,0,0,0,0,2.2638
36,235,1,50.306,3135.1,0.85376,0,0,0,0,0,11.181,0,0,0,2.8119,0,0,0,0,0.7546
36,235,1,50.306,3135.1,0,0,0,0.008333,0,0,0,0,0,0,0.072463,0,0,0,0,0
36,235,1,50.306,3135.1,0.009072,0,0,0.009718,0,0,0,0,0,0,0.13302,0,0,0,0,0
36,235,1,50.306,3135.1,0,0,0,1.7466,0,0,0.13028,0,0,0,0.072463,0,0,0,0,1.2577
36,235,1,50.306,3135.1,0,0,0,0,0,0,0,0,0,0,0.072463,0,0,0,0,2.2638
36,235,1,50.306,3135.1,0,0,0,0,0,2.771,0,0,0,0,1.2647,0,0,0,0,0
36,235,1,50.306,3135.1,0,0,0,5.4197,0.001434,0,0,0,0,0,0.94042,0,0,0,0,0.7546
36,235,1,50.306,3135.1,0.008332,0,0,0.048829,0,0,0,0,0,0,20.478,0,0,0,0,9.3067
36,235,1,50.306,3135.1,0,0,0,0,0,0,0,0,0,0,0.33767,0,0,0,0,2.7669
36,235,1,50.306,3135.1,0.008333,0,0,0,0,0.0067819,0,0,0,0,0.14411,0,0,0,0,2.7669
36,235,1,50.306,3135.1,2.8901,0,0,0,0,0.042212,0,0,0,0,2.2044,0,0,0,0,3.773
36,235,1,50.306,3135.1,0.008333,0,0,0,0,0.064736,0,0,0,0,0.24539,0,0,0,0,1.7607
36,235,1,50.306,3135.1,0.068683,0,0,0.077748,0,0,0,0,0,0,1.3227,0,0,0,0,0.12577
36,235,1,50.306,3135.1,2.7947,0,0,0.40674,0,0,0,0,0,0,6.1561,0,0,0,0,0.7546
36,235,1,50.306,3135.1,0,0,0,0.80541,0,0,0.40452,0,0,0,1.3227,0,0,0,0,2.2638
36,235,1,50.306,3135.1,0.86602,0,0,5.8761,0,0,0,0,0,0,0.072463,0,0,0,0,0
36,235,1,50.306,3135.1,0.87466,0,0,0,0,0,0,0,0,0,0.35902,0,0,0,0,0.7546
36,235,1,50.306,3135.1,0.43372,0,0,0.81046,0,0,0,0,0,0,12.207,0,0,0,0,0
36,235,1,50.306,3135.1,0.090576,0,0,0,0,0,0,0,0,0,2.1163,0,0,0,0,0.12577
36,235,1,50.306,3135.1,3.5759,0,0,0,0,0.001205,0,0,0,0,2.192,0,0,0,0,0.7546
36,235,1,50.306,3135.1,25.129,0,0,0,0,0,0,0,0,0,0.072463,0,0,0,0,0.12577
36,235,1,50.306,3135.1,0.009056,0,0,0,0,9.5972,0,0,0,9.1202,0.072463,0,0,0,0,3.773
36,235,1,50.306,3135.1,0.021734,0,0,0,0,0,0.059897,0,0,0,0.13786,0,0,0,0,0
36,235,1,50.306,3135.1,0.86948,0,0,0,0,0,0,0,0,0,31.837,0,0,0,0,0
36,235,1,50.306,3135.1,0.77402,0,0,0,0,0,0,0,0,0,0.072463,0,0,0,0,0.7546
36,235,1,50.306,3135.1,0,0,0,0,0,0,0,0,0,0,8.9759,0,0,0,0,1.2577
36,235,1,50.306,3135.1,0.010723,0,0,0,0,0,0,0,0,0,0.072463,0,0,0,0,0.12577
36,235,1,50.306,3135.1,0.046516,0,0,0,0,0,0,0,0,0,0.072463,0,0,0,0,3.773
36,235,1,50.306,3135.1,0.00665,0,0,0.009374,0,0,0,0,0,0,13.956,0,0,0,0,0
36,235,1,50.306,3135.1,0.074955,0,0,0,0,0,0,0,0,0,0.072463,0,0,0,0,0.12577
36,235,1,50.306,3135.1,0.69405,0,0.008333,0,0,0,0,0,0,0,1.1327,0,0,0,0,5.2822
36,235,1,50.306,3135.1,25.129,0,0,0.001397,0,0,0,0,0,0,0.77377,0,0,0,0,0.12577
36,235,1,50.306,3135.1,0.051012,0,0,0,0,0,0.10863,0,0,1.5079,0.072463,0,0,0,0,0.7546
36,235,1,50.306,3135.1,0,0,0,0,0,0.035249,0.87994,0,0,0,7.3168,0,0,0,0,0.7546
36,235,1,50.306,3135.1,0.009774,0,0,0,0,0,0,0,0,0,2.1586,0,0,0,0,0.7546
36,235,1,50.306,3135.1,0,0,0,0,0,0,0,0,0,1.0139,5.537,0,0,0,0,0.12577
36,235,1,50.306,3135.1,5.7936,0,0,0,0,0,0,0,0,0,13.755,0,0,0,0,0
36,235,1,50.306,3135.1,0.76029,0,0,0,0,0,0,0,0,9.1202,8.4541,0,0,0,0,1.2577
36,235,1,50.306,3135.1,0.99393,0,0,0,0,0,0,0,0,0,0.56922,0,0,0,0,3.3957
36,235,1,50.306,3135.1,45.444,0,0,0,0,0,0,0,0,0,1.9852,0,0,0,0,0.12577
36,235,1,50.306,3135.1,3.2815,0,0,0,0,0,0.13028,0,0,0,0.072463,0,0,0,0,1.7607
36,235,1,50.306,3135.1,0.034449,0,0,0,0,0,0.13028,0,0,0,0.1317,0,0,0,0,1.2577
36,235,1,50.306,3135.1,0.0096103,0,0,0,0,0.008333,0,0,0,0,0.072463,0,0,0,0,3.773
36,235,1,50.306,3135.1,0,0,0,0,0,0,0.13028,0,0,0,3.5398,0,0,0,0,0.7546
36,235,1,50.306,3135.1,0.0082878,0,0,0,0,0,0,0,0,0,7.9974,0,0,0,0,0.7546
36,235,1,50.306,3135.1,0.012086,0,0,0,0,0,0,0,0,0,6.3875,0,0,0,0,2.2638
36,235,1,50.306,3135.1,0,0,0,0.041394,0,0,0,0,0,0,1.9941,0,0,0,0,4.276
36,235,1,50.306,3135.1,0.00062,0,0,0,19.187,0,0,0,0,0,0.072463,0,0,0,0,2.2638
36,235,1,50.306,3135.1,0.000716,0,0.008333,0,0,0,0,0,0,0,0.072463,0,0,0,0,1.2577
36,235,1,50.306,3135.1,0.32107,0,0,0.81536,0,7.7271,0.67845,0,0,0,0.072463,0,0,0,0,1.7607
36,235,1,50.306,3135.1,0,0,0,0,0.042948,0,0,0,0,0,1.1327,0,0,0,0,0.12577
36,235,1,50.306,3135.1,0,0,0,0,0.008333,0,29.211,0,0,0,0.072463,0,0,0,0,2.7669
36,235,1,50.306,3135.1,0.008333,0,0,0,0,0.008333,0,0,0,0,5.2622,0,0,0,0,0
36,235,1,50.306,3135.1,0.39761,0,0,0.003309,0.008333,0,0,0,0,36.785,0.37335,0,0,0,0,1.7607
36,235,1,50.306,3135.1,0,0,0,0,0,0,0,0,0,0,0.75032,0,0,0,0,0
36,235,1,50.306,3135.1,0.44117,0,0,0,0,0,0,0,0,0,2.286,0,0,0,0,0.7546
36,235,1,50.306,3135.1,0,0,0,0,0,0,0,0,0,0,0.072463,0,0,0,0,1.2577
36,235,1,50.306,3135.1,0.8911,0,0,0,0.008333,0,0,0,0,0,1.1244,0,0,0,0,0.12577
36,235,1,50.306,3135.1,1.1111,0,0,0.0062156,0,0,0,0,0,0,0.072463,0,0,0,0,1.2577
36,235,1,50.306,3135.1,0.008333,0,0,0,0,0,0,0,0,0,0.98417,0,0,0,0,8.3006
36,235,1,50.306,3135.1,0.67244,0,0,0,1.7703,0.6082,0,0,0,0,0.072463,0,0,0,0,1.2577
36,235,1,50.306,3135.1,0.056827,0,0,0,0,0,0,0,0,0,0.072463,0,0,0,0,1.2577
36,235,1,50.306,3135.1,0.004345,0,0,0,0,0,0,0,0,0,19.884,0,0,0,0,3.3957
36,235,1,50.306,3135.1,8.1e-05,0,0,0.29554,0,0,0,0,0,0,0.072463,0,0,0,0,0
36,235,1,50.306,3135.1,0,0,0,0.00888,0,0,0,0,0,0,10.052,0,0,0,0,1.2577
36,235,1,50.306,3135.1,0.001436,0,0,0.046665,0,0,0,0,0,0.63421,0.13348,0,0,0,0,0.12577
36,235,1,50.306,3135.1,0.33728,0,0,0,0,0.003465,0,0.64872,0,0,0.35299,0,0,0,0,5.7852
36,235,1,50.306,3135.1,0.0076281,0,0,0,0,0,0.13028,0,0,0,3.8048,0,0,0,0,6.7914
36,235,1,50.306,3135.1,0.003485,0,0,8.3218,0.008332,0.011754,0,0,0,0,0.072463,0,0,0,0,0.12577
36,235,1,50.306,3135.1,1.4473,0,0.008333,0,0,0,0,0,0,0,0.1323,0,0,0,0,1.7607
36,235,1,50.306,3135.1,0.008333,0,0,0,0,0,0,0,0,0,0.14411,0,0,0,0,1.7607
36,235,1,50.306,3135.1,0.001205,0,0,3.071,0,0,0,0,0,0,0.072463,0,0,0,0,0
36,235,1,50.306,3135.1,0.25148,0,0,0,0,0,0,0,0,0,0.12844,0,0,0,0,10.816
36,235,1,50.306,3135.1,0.12612,0,0.008333,0,0.00014,0,0,0,0,0,7.3168,0,0,0,0,0.7546
36,235,1,50.306,3135.1,0,0,0,0.016666,0,0,0,0,0,0,0.072463,0,0,0,0,2.2638
36,235,1,50.306,3135.1,0.008333,0,0,0.017136,0,0,0,0,0,0,0.072463,0,0,0,0,1.7607
36,235,1,50.306,3135.1,2.3573,0,0,0,0,0,0.59876,0,0,0,12.052,0,0,0,0,0
36,235,1,50.306,3135.1,0.011562,0,0,0.8725,0,0,0,0,0,0,31.829,0,0,0,0,1.7607
36,235,1,50.306,3135.1,0,0,0,0,0,0.008336,0,0,0,0,0.072463,0,0,0,0,2.2638
36,235,1,50.306,3135.1,0,0,0,0,0,0,0,0,0,0,2.7374,0,0,0,0,2.2638
36,235,1,50.306,3135.1,0.00524,0,0,0.023383,0,0,0,0,0,0,0.072463,0,0,0,0,0.7546
36,235,1,50.306,3135.1,0,0,0,0,0,0.0014495,0,0,0,0,2.1586,0,0,0,0,1.7607
36,235,1,50.306,3135.1,1.1461,0,0,0,0,0,0,0,0,0,1.7918,0,0,0,0,1.7607
36,235,1,50.306,3135.1,0,0,0,12.423,0,0,0,0,0,0,0.89874,0,0,0,0,6.2883
36,235,1,50.306,3135.1,0.18288,0,0,8.532,0,1.7919,0,0,0,0,0.072463,0,0,0,0,1.7607
36,235,1,50.306,3135.1,0.000234,0,0,0,0,0,38.55,0,0,0,0.072463,0,0,0,0,3.773
36,235,1,50.306,3135.1,1.3609,0,0,0,0,0,0,0,0,0,0.072463,0,0,0,0,0
36,235,1,50.306,3135.1,2.2981,0,0,0.0084665,0,0.008333,0,0,0,0,11.144,0,0,0,0,1.7607
36,235,1,50.306,3135.1,0,0,0,1.1263,0,0,0,0,0,0,0.072463,0,0,0,0,1.7607
36,235,1,50.306,3135.1,0,0,0.011243,0,0,0,0,0,0,0,9.2374,0,0,0,0,7.7975
36,235,1,50.306,3135.1,0.86244,0,0,0,0,0,0,0,0,0,0.072463,0,0,0,0,47.791
36,235,1,50.306,3135.1,0,0,0,5.4197,0,0,0,0,0,0,3.4936,0,0,0,0,1.2577
36,235,1,50.306,3135.1,0.043397,0,0,0,0,0.5031,28.663,0,0,0,0.072463,0,0,0,0,1.2577
36,235,1,50.306,3135.1,0,0,0,9.9289,0,0,0,0,0,0,0.13348,0,0,0,0,1.7607
36,235,1,50.306,3135.1,0,0,0,0,0,0,0,0,0,0,0.072463,0,0,0,0,1.7607
36,235,1,50.306,3135.1,0.008335,0,0,0,0,0,23.901,0,0,0,0.072463,0,0,0,0,2.2638
36,235,1,50.306,3135.1,9.3082,0,1.3395,0,0,0,0.13028,0,0,0,12.052,0,0,0,0,1.2577
36,235,1,50.306,3135.1,15.547,0,0,0,2.2049,0,0,0,0,0,2.0951,0,0,0,0,2.7669
36,235,1,50.306,3135.1,0,0,3.527,0,0,0,0,0,0,0,0.072463,0,0,0,0,0
36,235,1,50.306,3135.1,0,0,0,0,0,0.000254,0,0,0,0,1.4049,0,0,0,0,0.7546
36,235,1,50.306,3135.1,0.003173,0,0,0,0,0,0.13028,0,0,0,0.072463,0,0,0,0,47.791
36,235,1,50.306,3135.1,12.451,0,0,0.002011,0,0,0,0.008333,0,0,4.3421,0,0,0,0,0
36,235,1,50.306,3135.1,0,0,0,0,0,0,0.10863,0,0,0,0.072463,0,0,0,0,0.12577
36,235,1,50.306,3135.1,0.26973,0,0,0,0,0,0,0,0,0,14.703,0,0,0,0,0
36,235,1,50.306,3135.1,7.1037,0,0,3.4476,0,0,0,0,0,0,5.101,0,0,0,0,1.7607
36,235,1,50.306,3135.1,4.6706,0,0.041588,0,0,0,0,0,0,0,5.101,0,0,0,0,9.3067
36,235,1,50.306,3135.1,0.73941,0,11.48,0,0,0,0.40452,0,0,0,0.072463,0,0,0,0,0.12577
36,235,1,50.306,3135.1,0.088516,0,0,0,0,0,0,0,0,0,0.88914,0,0,0,0,1.2577
36,235,1,50.306,3135.1,0.32593,0,0,0,0,0,0.093171,0,0,0.14685,0.13302,0,0,0,0,0.7546
36,235,1,50.306,3135.1,0.00676,0,0,0,0,0,0,0,0,0,0.072463,0,0,0,0,1.2577
36,235,1,50.306,3135.1,0.000133,0,0,0,0.013567,0,36.426,0,0,0,0.072463,0,0,0,0,3.773
36,235,1,50.306,3135.1,6.8951,0,0,0.003538,0,0,0,0,0,0,15.494,0,0,0,0,2.2638
36,235,1,50.306,3135.1,0.51259,0,0,0,0,0,0,0,0,0,0.072463,0,0,0,0,0
36,235,1,50.306,3135.1,0.007221,0,0,0,0,0,2.859,0,0,0,0.086791,0,0,0,0,1.7607
36,235,1,50.306,3135.1,7.95e-05,0,0,0,0,0,0,0,0,0,0.12977,0,0,0,0,0
36,235,1,50.306,3135.1,0.00052,0,0,35.16,0,0,0.13028,0,0,0,0.072463,0,0,0,0,3.3957
36,235,1,50.306,3135.1,0.51259,0,0,0,0,0,0.13028,0,0,10.481,0.072463,0,0,0,0,1.2577
36,235,1,50.306,3135.1,0.008335,0,0,0,0,0,0,0.43671,0,0,2.6337,0,0,0,0,1.7607
36,235,1,50.306,3135.1,5.4973,0,0,0.82887,0,0,0,0,0,0,0.072463,0,0,0,0,0
36,235,1,50.306,3135.1,0,0,0,0,0,0,0,0,0,0,0.072463,0,0,0,0,0
36,235,1,50.306,3135.1,0.010953,0,0,0.40674,0,0.91214,0.13028,0,0,0,0.072463,0,0,0,0,0.7546
36,235,1,50.306,3135.1,0.007102,0,0,0.020219,0,0,0,0,0,0,0.83183,0,0,0,0,4.276
36,235,1,50.306,3135.1,0.007102,0,0,0,0,0.008333,23.901,0,0,0,0.072463,0,0,0,0,0
36,235,1,50.306,3135.1,0,0,0,1.632,5.101,0,0,0,0,0,5.0181,0,0,0,0,0.7546
36,235,1,50.306,3135.1,0.010953,0,0,0,0,0,0.40452,0,0,0,2.6841,0,0,0,0,0.12577
36,235,1,50.306,3135.1,0.001463,0,0,0,0,0,0.059897,0,0,0,0.072463,0,0,0,0,1.2577
36,235,1,50.306,3135.1,0.22101,0,0,0,0,0,0,0,0,0,0.072463,0,0,0,0,2.7669
36,235,1,50.306,3135.1,0.024958,0,0,0,0,0,0,0,0,0,0.072463,0,0,0,0,1.2577
36,235,1,50.306,3135.1,0,0,0,0,0,0,0,0,0,0,1.4049,0,0,0,0,1.2577
36,235,1,50.306,3135.1,0,0,0,0.41957,0,0,0.13028,0,0,0,0.072463,0,0,0,0,1.2577
36,235,1,50.306,3135.1,0.005714,0,0,17.791,0,0.00644,0,0,0,0,0.072463,0,0,0,0,0.7546
36,235,1,50.306,3135.1,0.024628,0,0.008333,0,0,0,0,0,0,0,0.35299,0,0,0,0,1.2577
36,235,1,50.306,3135.1,0.15723,0,0,0,0,0,0,0,0,0,0.072463,0,0,0,0,3.773
36,235,1,50.306,3135.1,0.30203,0,0,0,0,0,0,0,0,0,0.94482,0,0,0,0,3.773
36,235,1,50.306,3135.1,0.008333,0,0,0,0,0,0,0,0,1.0834,5.2622,0,0,0,0,1.2577
36,235,1,50.306,3135.1,2.9279,0,0,0,0,0.020937,0.10863,0,0,0,29.357,0,0,0,0,1.2577
36,235,1,50.306,3135.1,1.161,0,0,0,6.3e-05,0.00052,0,0,0,0,1.0543,0,0,0,0,0
36,235,1,50.306,3135.1,0.12216,0,0,0,0,0,0.40452,0,0,0,5.1874,0,0,0,0,2.7669
36,235,1,50.306,3135.1,0.021908,0,0,0,0.1673,0,21.229,0,0,0,0.7142,0,0,0,0,5.2822
36,235,1,50.306,3135.1,0,0,0,0.005239,0,0,20.859,0,0,0,0.43066,0,0,0,0,0
36,235,1,50.306,3135.1,0.008333,0,0,0.21246,0,6.1953,0,0,0,0,0.83183,0,0,0,0,2.2638
36,235,1,50.306,3135.1,0,0,0,0,0,0,0,0,0,0,0.072463,0,0,0,0,0
36,235,1,50.306,3135.1,0,0,0,0,0,0,0,0,0,0,0.12893,0,0,0,0,1.7607
36,235,1,50.306,3135.1,0.86917,0,0,0,0.042948,0,0,0,0,0,0.31337,0,0,0,0,2.7669
36,235,1,50.306,3135.1,3.9918,0,0.000275,0,0,0.024999,0.59876,0,0,0,0.3625,0,0,0,0,0.12577
36,235,1,50.306,3135.1,5.0782,0,0.02413,0,0,0.0067819,21.176,0.95896,0,0,0.072463,0,0,0,0,0.7546
36,235,1,50.306,3135.1,0.31737,0,0,0.00524,0,0,0.093171,0,0,0,5.537,0,0,0,0,1.7607
36,235,1,50.306,3135.1,1.6861,0,9.6005,0.80712,0,0,0.059897,0,0,0,1.1039,0,0,0,0,0
36,235,1,50.306,3135.1,0,0,0,22.843,0,3.171,0,0,0,0,1.1244,0,0,0,0,0.7546
36,235,1,50.306,3135.1,0.40888,0,0,0.063622,0.008333,0.001292,0.059897,0,0,0,6.4921,0,0,0,0,1.2577
36,235,1,50.306,3135.1,0.86935,0,0,0,0,0.008333,0,0,0,0,0.072463,0,0,0,0,9.3067
36,235,1,50.306,3135.1,0.90055,0,0,0,0,0,21.262,0,0,0,0.072463,0,0,0,0,1.2577
36,235,1,50.306,3135.1,0,0,0,10.076,0,0.003355,0,0,0,0,0.13302,0,0,0,0,5.7852
36,235,1,50.306,3135.1,0.008335,0,0,0.061589,0,0,0,0,0,0,2.9953,0,0,0,0,3.3957
36,235,1,50.306,3135.1,0.066266,0,0,0,0,0,0,0,0,0,0.12949,0,0,0,0,2.2638
36,235,1,50.306,3135.1,0.008333,0,0,0,0,0,0,0,0,0,0.11545,0,0,0,0,0
36,235,1,50.306,3135.1,0.0077391,0,0,0.37819,0,0,0.13028,1.3999,0,0,0.072463,0,0,0,0,2.7669
36,235,1,50.306,3135.1,0.023413,0,0,0,0,0,0,0,0,0,0.402,0,0,0,0,0.7546
36,235,1,50.306,3135.1,2.0662,0,0.023416,0,0,0,0,0,0,0,0.17149,0,0,0,0,10.816
36,235,1,50.306,3135.1,0,0,0,0,0,0,19.738,0,0,0,0.072463,0,0,0,0,0
36,235,1,50.306,3135.1,0.098957,0,0,0.0076281,0,0.027174,0,0,0,0,6.4637,0,0,0,0,1.2577
36,235,1,50.306,3135.1,2.2492,0,0,0,0,0,0,0,0,0,0.072463,0,0,0,0,1.2577
36,235,1,50.306,3135.1,4.5096,0,0,0,0,0,0,0,0,0,0.072463,0,0,0,0,10.816
36,235,1,50.306,3135.1,0.16847,0,0,0,0,0,0,0,0,0,35.005,0,0,0,0,1.2577
36,235,1,50.306,3135.1,2.4901,0,0,0,0,0,0,0,0,0,2.5972,0,0,0,0,0
36,235,1,50.306,3135.1,0.00824,0,0,0,0,0,0,0,0,0,1.4024,0,0,0,0,0
36,235,1,50.306,3135.1,0.010677,0,0,10.375,0,0,0,0,0,0,16.977,0,0,0,0,2.2638
36,235,1,50.306,3135.1,0.001205,0,0,0,0,0,0.60778,0,0,0,0.35299,0,0,0,0,5.7852
36,235,1,50.306,3135.1,0,0,0,0.000739,0,0,0,0,0,0,0.072463,0,0,0,0,0
36,235,1,50.306,3135.1,0.23321,0,0,0,0,0.001326,0,0,0,21.917,3.4936,0,0,0,0,0
36,235,1,50.306,3135.1,6.9629,0,0,0,0,0,0,0,0,0,0.14411,0,0,0,0,0.7546
36,235,1,50.306,3135.1,0.006701,0,0.0059107,35.16,0,0,0,0,0,0,9.2784,0,0,0,0,0
36,235,1,50.306,3135.1,0.008333,0,0,0.003416,0,0,0.87994,0,0,0,0.63867,0,0,0,0,1.7607
36,235,1,50.306,3135.1,0,0,0,0,0.00524,0,0,0,0,0,14.135,0,0,0,0,2.2638
36,235,1,50.306,3135.1,0.077038,0,0,0,0.3438,0,0,0,0,0,0.13146,0,0,0,0,0
36,235,1,50.306,3135.1,1.0599,0,0,0,0,0,0,0,0,0,2.1206,0,0,0,0,2.7669
36,235,1,50.306,3135.1,0.000716,0,0,0,0,0,0,0,0,0,0.13854,0,0,0,0,1.2577
36,235,1,50.306,3135.1,0,0,0,0,0,0,0,0,0,0,0.33796,0,0,0,0,0.7546
36,235,1,50.306,3135.1,0.46388,0,0,0,0,0,0,0,0,0,0.13615,0,0,0,0,6.2883
36,235,1,50.306,3135.1,0.035363,0,0,0.016666,9.4114,0,0,0,0,0,6.0336,0,0,0,0,4.276
36,235,1,50.306,3135.1,0,0,0,0,0,0,4.9534,0,0,1.5079,9.6608,0,0,0,0,5.2822
36,235,1,50.306,3135.1,0.008335,0,0,0,0,0,0,0,0,0,0.5281,0,0,0,0,4.276
36,235,1,50.306,3135.1,0.0098758,0,0,0,0,0.003355,0,0,0,0,0.20357,0,0,0,0,2.7669
36,235,1,50.306,3135.1,0.20751,0,0,0,0,0,29.773,0,0,0,0.072463,0,0,0,0,6.7914
36,235,1,50.306,3135.1,7.7973,0,0,0,0,0,0,0,0,10.481,1.6541,0,0,0,0,1.2577
36,235,1,50.306,3135.1,0,0,0,0,0,0,0,0,0,0,0.072463,0,0,0,0,47.791
36,235,1,50.306,3135.1,0.0082878,0,0,0,3.2998,0,0.021726,0,0,0,1.8634,0,0,0,0,0.12577
36,235,1,50.306,3135.1,0.0035385,0,0,0,0,0,0,0,0,0,6.2907,0,0,0,0,0
36,235,1,50.306,3135.1,0,0,0,4.2857,0,0,12.259,0,0,0,0.072463,0,0,0,0,2.2638
36,235,1,50.306,3135.1,0.00021,0,0,0,3.5175,0,0,0,0,0,0.41633,0,0,0,0,3.3957
36,235,1,50.306,3135.1,0.11699,0,0,0,0,0,0,0,0,0,0.75174,0,0,0,0,2.2638
36,235,1,50.306,3135.1,0.002998,0,0,0,0,1.0092,0,0,0,0,0.24539,0,0,0,0,0
36,235,1,50.306,3135.1,0,0,0.008333,0,0,0,1.8779,0,0,0,0.072463,0,0,0,0,9.3067
36,235,1,50.306,3135.1,0,0,0,0,0,0,0,0,0,0,6.8752,0,0,0,0,1.7607
36,235,1,50.306,3135.1,0,0,0,11.145,0,0.008333,0,0,0,0,3.4411,0,0,0,0,0
36,235,1,50.306,3135.1,0.0085065,0,0,0,0,0,0.60778,0,0,0,1.0076,0,0,0,0,1.2577
36,235,1,50.306,3135.1,0.77402,0,0.0001885,0,0,0,0,0,0,0,2.4056,0,0,0,0,1.2577
36,235,1,50.306,3135.1,9.3082,0,0,0,0,0,0,0,0,0,0.13225,0,0,0,0,1.2577
36,235,1,50.306,3135.1,0.008333,0,0,1.4317,0,0,0,0,0,0,0.13782,0,0,0,0,0.7546
36,235,1,50.306,3135.1,0.053596,0,0,10.308,0,0,0,0,0,0,0.072463,0,0,0,0,0.12577
37,236,1,83.903,5228.8,0,0,0,0,0,0,0,0,0,3.4087,6.1561,0,0,0,0,0
39,238,1.41,121.47,7570,0.021904,0,0,0,0,0.008333,0,0,0,0,0.072463,0,0,0,0,0
39,238,1.41,121.47,7570,0,0,0,0,0,0,0,0,0,0,0.072463,0,0,0,0,0
39,238,1.41,121.47,7570,2.5786,0,0,0,0,0,0.13028,0,0,1.0167,1.8818,0,0,0,0,0
39,238,1.41,121.47,7570,0.002784,0,0.14045,0.005239,0.92178,0.0067819,0,0,0,0,0.67805,0,0,0,0,1.8221
39,238,1.41,121.47,7570,0.46914,0,0,0,0,0,0,0,0,0,14.703,0,0,0,0,0
39,238,1.41,121.47,7570,0.061753,0,0,1.1423,0,0,0,0,0,0,0.072463,0,0,0,0,1.8221
39,238,1.41,121.47,7570,1.9656,0,0,0,0,0,36.426,0,0,0,0.13056,0,0,0,0,0
39,238,1.41,121.47,7570,0.0071766,0,0,0,0,0,0,0,0,0,0.072463,0,0,0,0,1.8221
39,238,1.41,121.47,7570,6.4993,0,0,0,0,0,0,0,0,0,9.3997,0,0,0,0,0
39,238,1.41,121.47,7570,0.008332,0,0,0,0,0,34.997,0,0,0,0.15166,0,0,0,0,0
39,238,1.41,121.47,7570,12.451,0,0,0,0,0,0,0,0,0,16.683,0,0,0,0,0.30368
39,238,1.41,121.47,7570,0.021552,0,0,0,0,0,0,0,0,0,0.37335,0,0,0,0,0
39,238,1.41,121.47,7570,0.008333,0,0,0.15555,0,0,0,0,0,0,0.1484,0,0,0,0,0
39,238,1.41,121.47,7570,0.00644,0,0,0,0.008333,0,0,0,0,0,0.072463,0,0,0,0,0
39,238,1.41,121.47,7570,0,0,0,0,0,0,0,0,0,0,0.072463,0,0,0,0,0
39,238,1.41,121.47,7570,0.87416,0,0,0.80606,0.12789,0,0,0,0,0,4.2848,0,0,0,0,0
39,238,1.41,121.47,7570,0.022949,0,0,0.14931,0,0,0,0,0,0,35.005,0,0,0,0,0
39,238,1.41,121.47,7570,0,0,0,0.011443,0,2.302,0,0,0,0,14.75,0,0,0,0,0
39,238,1.41,121.47,7570,0,0,0,0,0,0,21.229,0,0,0,0.072463,0,0,0,0,0
39,238,1.41,121.47,7570,0.13313,0,0.044379,0,0,0.029374,0,0,0,0,0.072463,0,0,0,0,0
39,238,1.41,121.47,7570,0.003821,0,0,0.00062,0,0,0,0,0,0,0.072463,0,0,0,0,0
39,238,1.41,121.47,7570,3.0979,0,0,0.006701,0,0,0,0,0,0,1.7269,0,0,0,0,0
39,238,1.41,121.47,7570,0,0,0,0,0,0,0,0,0,0,0.072463,0,0,0,0,0
39,238,1.41,121.47,7570,0.000254,0,0,0.14419,0,0.019973,0,0,0,0,5.2662,0,0,0,0,0
39,238,1.41,121.47,7570,16.463,9.4962,0,0,0,0.000254,0,0,0,1.9819,8.2588,0,0,0,0,0
39,238,1.41,121.47,7570,7.7973,0,0,0,0.84904,0,17.129,0,0,0,0.072463,0,0,0,0,0
39,238,1.41,121.47,7570,0,0,0.0083255,0.98655,0,0,0,0,0,0,0.15166,0,0,0,0,0
39,238,1.41,121.47,7570,0.054793,0,0,0,0,0,0,0,0,0,13.171,0,0,0,0,0
39,238,1.41,121.47,7570,33.057,0,0,0,0,0,0,0,0,0,0.072463,0,0,0,0,0
39,238,1.41,121.47,7570,0.32107,0,0,0,0.021906,0,0,0,0,0,20.534,0,0,0,0,0
39,238,1.41,121.47,7570,0.003416,0,0.008333,0,0,0.027174,0,0,0,0,0.072463,0,0,0,0,0.30368
39,238,1.41,121.47,7570,0.058812,0,0,1.0004,0,0.0062156,0,0,0,0,0.072463,0,0,0,0,0
39,238,1.41,121.47,7570,0.69927,0,0,0,0,0,0,0,0,0,0.15843,0,0,0,0,0.30368
39,238,1.41,121.47,7570,74.929,0,0,0,0,0,35.129,0,0,0,8.28,0,0,0,0,0
39,238,1.41,121.47,7570,0.60493,0,0,0,0,0,0,0,0,0,0.12949,0,0,0,0,0
39,238,1.41,121.47,7570,0,0,0,0,0,0,0,0,0,0,0.072463,0,0,0,0,0
39,238,1.41,121.47,7570,0,0,0.008332,0,0.0075693,0,0,0,0,0,0.44683,0,0,0,0,0
39,238,1.41,121.47,7570,0.014921,0,0,0,0,0,0,0,0,0,2.2044,0,0,0,0,0
39,238,1.41,121.47,7570,0.056259,0,0,15.233,0,0.005202,0,0,0,0,2.8119,0,0,0,0,0
39,238,1.41,121.47,7570,0.011416,0,0,0,0,0,0,0,0,0,0.13302,0,0,0,0,5.4662
39,238,1.41,121.47,7570,0,0,0,0.091132,0,0,5.7069,0,0,0,0.072463,0,0,0,0,0
39,238,1.41,121.47,7570,0.00062,0,0,0,0,0,0,0,0,0,4.6719,0,0,0,0,0
39,238,1.41,121.47,7570,0,0,0.001436,0,0,0,0,0,0,0,4.3915,0,0,0,0,1.8221
39,238,1.41,121.47,7570,4.8827,0,0,0.008341,0,0.52518,0,0,0,0,0.33796,0,0,0,0,0
39,238,1.41,121.47,7570,0,0,2.014,0,0,0,61.211,0,0,0,0.37335,0,0,0,0,4.2515
39,238,1.41,121.47,7570,15.547,0,0,0,0,0,0,0,0,0,2.4191,0,0,0,0,0
39,238,1.41,121.47,7570,7.7973,0,0,0.28274,0,0,0,0,0,0,5.955,0,0,0,0,4.2515
39,238,1.41,121.47,7570,8.8359,0,0,4.2857,0,0,25.244,0,0,0,0.072463,0,0,0,0,22.472
39,238,1.41,121.47,7570,2.2492,0,0,4.4772,0,0,0,0,0,0,0.072463,0,0,0,0,0
39,238,1.41,121.47,7570,0,0,0,0,0,0.003932,28.632,0,0,0,0.072463,0,0,0,0,0
39,238,1.41,121.47,7570,0,0,0,0,0,0,0,0,0,0,0.072463,0,0,0,0,0
39,238,1.41,121.47,7570,0,0,0,0,0,0,0,0,0,0,0.072463,0,0,0,0,0
39,238,1.41,121.47,7570,3.3972,0,0,0,0,0,0,0,0,0,8.6612,0,0,0,0,0
39,238,1.41,121.47,7570,0,0,0,0,0,0,0,0,0,0,5.1452,0,0,0,0,0.30368
39,238,1.41,121.47,7570,47.065,0,0,11.145,0,0,4.44,0,0,0,0.13348,0,0,0,0,0
39,238,1.41,121.47,7570,0,0,0,0,0,0,0,0,0,0,4.9652,0,0,0,0,0
39,238,1.41,121.47,7570,0,0,0,0,0,2.7056,7.8874,0,0,0,20.278,0,0,0,0,0
39,238,1.41,121.47,7570,0.008333,0,0,0,0,0,0,0,0,9.1622,0.072463,0,0,0,0,0
39,238,1.41,121.47,7570,0,0,0,5.3714,0,0,30.531,0,0,0,19.884,0,0,0,0,0
39,238,1.41,121.47,7570,1.3476,0,0,0,0,0.0089463,0,0,0,0,2.2044,0,0,0,0,0
39,238,1.41,121.47,7570,3.2815,0,0,0.016668,0,0,2.5567,0,0,0,0.072463,0,0,0,0,0
39,238,1.41,121.47,7570,2.3031,0,0,0,0,19.909,0.008333,0,0,0,2.3219,0,0,0,0,5.4662
39,238,1.41,121.47,7570,1.1917,0,0,0.63687,0,0,0,0,0,0,0.072463,0,0,0,0,3.0368
39,238,1.41,121.47,7570,0.5485,0,0,0,0,0,0,0,0,1.0167,12.207,0,0,0,0,0
39,238,1.41,121.47,7570,3.8455,0,0,0,0.11471,0.004588,0,0,0,0,0.072463,0,0,0,0,0
39,238,1.41,121.47,7570,7.7973,0,0,0,0,0.00644,0,0,0,0,53.47,0,0,0,0,0
39,238,1.41,121.47,7570,0,0,0,0,0,0,0,0,0,0,0.33796,0,0,0,0,0
39,238,1.41,121.47,7570,0.0068538,0,0,0,0,0,0.008333,0,0,0,0.072463,0,0,0,0,0
39,238,1.41,121.47,7570,0.00524,0,0,0,0,0,1.7875,2.3467,0,0,4.6719,0,0,0,0,0
39,238,1.41,121.47,7570,0.008333,0,0,0.81046,0,0,0,0,0,0,0.072463,0,0,0,0,0
39,238,1.41,121.47,7570,2.6445,0,0,0,0.12789,0,0.13028,0,0,0,2.4949,0,0,0,0,5.4662
39,238,1.41,121.47,7570,0.0094073,0,0,0,0,0,0,0,0,0,39.253,0,0,0,0,0
39,238,1.41,121.47,7570,0.12216,0,0,0,0,0,0,0,0,13.788,0.072463,0,0,0,0,0
39,238,1.41,121.47,7570,0,0,0,0,0,0,0.76915,0,0,0,3.6687,0,0,0,0,0
39,238,1.41,121.47,7570,0,0,0,0,0,0.024999,0,0,0,0.18355,0.13394,0,0,0,0,9.1104
39,238,1.41,121.47,7570,0.78748,0,0,0,0,0,0,0,0,0.27721,2.457,0,0,0,0,0
39,238,1.41,121.47,7570,2.3211,0,0,0,0,0.008333,0,0,0,0,2.4073,0,0,0,0,3.0368
39,238,1.41,121.47,7570,0,0,0,0,7.7369,0,0,0,0,13.788,2.3459,0,0,0,0,0
39,238,1.41,121.47,7570,3.7991,0,0,0,0,0,0,0,0,0,0.88914,0,0,0,0,0
39,238,1.41,121.47,7570,0.008124,0,25.624,0,0,0,0,0,0,1.5859,2.453,0,0,0,0,0
39,238,1.41,121.47,7570,0.008333,0,0,0,0,0.027174,0,0,0,9.1622,31.829,0,0,0,0,0
39,238,1.41,121.47,7570,0.010953,0,0,0,0,0,0,0,0,0,0.072463,0,0,0,0,1.8221
39,238,1.41,121.47,7570,0.042187,0,0,0,0,0,0,0,0,0,13.16,0,0,0,0,0
39,238,1.41,121.47,7570,0.87466,0,0,0,0,0,0,0,0,0,0.12893,0,0,0,0,10.325
39,238,1.41,121.47,7570,0,0,0,0.84321,0,0,0,0,0,0,0.086791,0,0,0,0,12.755
39,238,1.41,121.47,7570,18.873,0,0,0,0,0,0,0,0,0,0.13615,0,0,0,0,0
39,238,1.41,121.47,7570,0.13895,0,0,0,0,0,0,0,0,0,4.643,0,0,0,0,0
39,238,1.41,121.47,7570,0.86244,0,0,0,0,0,0.60778,0,0,0,0.072463,0,0,0,0,0
39,238,1.41,121.47,7570,0.029409,0,0,0,0,0,0,0,0,0,1.2644,0,0,0,0,0
39,238,1.41,121.47,7570,0,0,0,0,0,0,0,0,0,0,0.23007,0,0,0,0,115.4
39,238,1.41,121.47,7570,0.24349,0,0,0,0,0,14.298,0,0,0,2.0031,0,0,0,0,0
39,238,1.41,121.47,7570,0.008333,0,0,0,0,0,28.632,0,0,0,0.072463,0,0,0,0,0
39,238,1.41,121.47,7570,0.00644,0,0,0,0,0,0.10863,0,0,0,18.985,0,0,0,0,0
39,238,1.41,121.47,7570,0.042187,0,0.0083909,6.0399,0,0,0,0,0,0,1.4169,0,0,0,0,0
39,238,1.41,121.47,7570,0,0,0,0,0,0,0,0,0,0,0.072463,0,0,0,0,0
39,238,1.41,121.47,7570,16.183,0,0,0,0,0,0,0,0,0,0.072463,0,0,0,0,0
39,238,1.41,121.47,7570,0,0,0,0,0,0,0,0,0,0,0.072463,0,0,0,0,0
39,238,1.41,121.47,7570,0.017367,0,0,0.10545,0.00676,0,0,0.97884,0,0,18.985,0,0,0,0,8.1994
39,238,1.41,121.47,7570,0.008333,0,0,0,0,0,0,0,0,0.18355,2.8119,0,0,0,0,5.4662
39,238,1.41,121.47,7570,0.003295,0,10.424,0.091132,0,0,0,0,0,0,4.0083,0,0,0,0,0
39,238,1.41,121.47,7570,0.67149,0,0,0,0,0,0,0,0,0,0.13782,0,0,0,0,0
39,238,1.41,121.47,7570,2.4696,0,0,0,0,0.008333,0,0,0,0,0.072463,0,0,0,0,0
39,238,1.41,121.47,7570,0,0,0,0.000654,0,0,0,0,0,0,0.072463,0,0,0,0,0
39,238,1.41,121.47,7570,1.161,0,0,0,0,0,0,0,0,0,0.072463,0,0,0,0,0
39,238,1.41,121.47,7570,0.095736,0,0,0,0,0,0,0,0,0,9.3601,0,0,0,0,0
39,238,1.41,121.47,7570,0.0011005,0,0,0,0,0,0,0,0,0,0.072463,0,0,0,0,5.4662
39,238,1.41,121.47,7570,0,0,0,0.008333,0,0,0,0,0,0,0.072463,0,0,0,0,6.681
39,238,1.41,121.47,7570,0.008333,0,0,0.006701,0,0,0,0,0,0,0.072463,0,0,0,0,0
39,238,1.41,121.47,7570,0,0,0,0,0,0,0,0,0,0,0.072463,0,0,0,0,0
39,238,1.41,121.47,7570,0,0,0,0,0,0,0,0,0,0,0.072463,0,0,0,0,0
39,238,1.41,121.47,7570,0.008333,0,7.2077,0,0,0,0,0,0,0,2.3166,0,0,0,0,0
39,238,1.41,121.47,7570,0.12028,0,0,0,0,0,0,0,0,3.8737,0.072463,0,0,0,0,0
39,238,1.41,121.47,7570,6.5674,0,0,0,0,0,0,0,0,0,0.086791,0,0,0,0,0
39,238,1.41,121.47,7570,18.142,0,0,0,0,0.0089463,0,0,0,0,0.15843,0,0,0,0,6.681
39,238,1.41,121.47,7570,0,0,0,0,0.00043,0,0,0,0,0,0.56072,0,0,0,0,0
39,238,1.41,121.47,7570,0.048094,0,0,1.632,1.2877,1.5806,0,0,0,0,1.8541,0,0,0,0,0
39,238,1.41,121.47,7570,0.82505,0,0,0,0,0,11.181,0,0,0,8.755,0,0,0,0,0
39,238,1.41,121.47,7570,2.6941,0,0,0,0,0,0.13028,0,0,0,6.2907,0,0,0,0,0
39,238,1.41,121.47,7570,0.91889,0,0,0,0,0,0,0,0,0,0.072463,0,0,0,0,0
39,238,1.41,121.47,7570,1.6861,0,0,0,0,0,0.59876,0,0,2.6253,0.072463,0,0,0,0,0
39,238,1.41,121.47,7570,0.86415,0,0,0,0,0,0.13028,0,0,0,1.8634,0,0,0,0,0
39,238,1.41,121.47,7570,0,0,0.008333,0,0,0,0.13028,0,0,0,0.072463,0,0,0,0,0
39,238,1.41,121.47,7570,0.0055919,0,0,0,0,0,0,0,0,0,0.75174,0,0,0,0,4.2515
39,238,1.41,121.47,7570,3.6191,0,0,0,0,0,0,0,0,0,6.3875,0,0,0,0,0
39,238,1.41,121.47,7570,0.008333,0,0,3.1537,0,0,0,0,0,0,0.072463,0,0,0,0,0
39,238,1.41,121.47,7570,0.020638,0,0,0.82514,0.008333,0,5.6062,0,0,0,7.5422,0,0,0,0,0
39,238,1.41,121.47,7570,0,0,0,0,0,0,0.42744,0,0,0,0.094364,0,0,0,0,0
39,238,1.41,121.47,7570,0.0059107,0,0,0,0,2.5558,0,0,0,0,0.072463,0,0,0,0,0
39,238,1.41,121.47,7570,0,0,0,0,0.11471,0,0,0,0,0.55196,0.072463,0,0,0,0,0
39,238,1.41,121.47,7570,0.22882,0,0,0,0,0,0,0,0,0,6.4921,0,0,0,0,0
39,238,1.41,121.47,7570,0.86549,0,0,0,0,0,0,0,0,0,1.5411,0,0,0,0,0
39,238,1.41,121.47,7570,0,0,0,0,0,0,0,0,0,0,0.072463,0,0,0,0,3.0368
39,238,1.41,121.47,7570,2.6806,0,0,0,0,0,0.021726,0,0,0,10.466,0,0,0,0,0
39,238,1.41,121.47,7570,0,0,0,0,0,0,0.13028,0,0,0,5.2552,0,0,0,0,0
39,238,1.41,121.47,7570,1.0984,0,0,6.6282,0,0,0,0.014329,0,0,7.6006,0,0,0,0,0
39,238,1.41,121.47,7570,0,0,2.014,0.00644,0,0,0,0,0,0,12.207,0,0,0,0,0
39,238,1.41,121.47,7570,0,0,0,0,0,0,0.008333,0,0,0,0.12949,0,0,0,0,4.2515
39,238,1.41,121.47,7570,7.3283,0,0,0.12942,0,0.0035115,30.195,0,0,0,13.755,0,0,0,0,0
39,238,1.41,121.47,7570,0.00644,0,0,1.1423,0,0,0,0,0,0,1.5411,0,0,0,0,0
39,238,1.41,121.47,7570,0.38778,0,0,7.3544,0,0,0,0,0,0,0.072463,0,0,0,0,0.30368
39,238,1.41,121.47,7570,0,0,0,0,0,0,9.3756,0,0,0,0.33796,0,0,0,0,0
39,238,1.41,121.47,7570,0,0,0.00714,0,0,0,0,0,0,0,0.072463,0,0,0,0,0
39,238,1.41,121.47,7570,0.10639,0,0,0,0,0.005202,35.129,0,0,0,12.122,0,0,0,0,0
39,238,1.41,121.47,7570,0.008333,0,0,0,0,0,11.83,0,0,0,1.4169,0,0,0,0,0
39,238,1.41,121.47,7570,0.009072,0,0,0.007984,0,0,0,0.011526,0,0,2.2044,0,0,0,0,1.8221
39,238,1.41,121.47,7570,0,0,0,0,0,0,0,0,0,0,13.16,0,0,0,0,0
39,238,1.41,121.47,7570,2.3211,0,0,0,0,0,0.13028,0,0,0,0.13039,0,0,0,0,4.2515
39,238,1.41,121.47,7570,0,0,0,0.37543,0,0,0,0,0,0,0.51741,0,0,0,0,5.4662
39,238,1.41,121.47,7570,0.00247,0,0,0,0,0,0,0,0,0,0.10112,0,0,0,0,0
39,238,1.41,121.47,7570,0,0,0.10973,0,0,0,0,0,0,0,24.623,0,0,0,0,0
39,238,1.41,121.47,7570,0.17916,0,0,0,0.010701,0,0,0,0,0,0.13302,0,0,0,0,0
39,238,1.41,121.47,7570,3.6191,0,0,0,0,0,0,0,0,0,0.072463,0,0,0,0,0.30368
39,238,1.41,121.47,7570,0.054793,0,0,0,0,0,0,0,0,0,0.072463,0,0,0,0,5.4662
39,238,1.41,121.47,7570,0.00524,0,0,0,0.19996,0,0,0,0,0,0.12844,0,0,0,0,0
39,238,1.41,121.47,7570,0.026013,0,0,0,0,0,0,0,0,0,0.072463,0,0,0,0,3.0368
39,238,1.41,121.47,7570,0.030732,0,0,0,0,0,36.426,0,0,0,0.75032,0,0,0,0,1.8221
39,238,1.41,121.47,7570,0,0,0,0.17714,0.00524,0,0,0,0,0,5.1452,0,0,0,0,0
39,238,1.41,121.47,7570,0.46914,0,0,0,0,0,0,0,0,0,0.072463,0,0,0,0,115.4
39,238,1.41,121.47,7570,0.017738,0,0,12.096,0,0.008336,0,0,0,0,0.13056,0,0,0,0,0
39,238,1.41,121.47,7570,1.6334,0,0,0,0,0.008333,0,0,0,2.6253,0.072463,0,0,0,0,0
39,238,1.41,121.47,7570,0.043397,0,0,0,19.187,0,0,0,0,0,72.134,0,0,0,0,0
39,238,1.41,121.47,7570,0,0,0,0.022754,0,0,0,0,0,0,1.4169,0,0,0,0,0
39,238,1.41,121.47,7570,0.1013,0,0,0,0,0,61.399,0,0,16.378,0.83183,0,0,0,0,0
39,238,1.41,121.47,7570,0.71482,0,0,0,0,0,0,0,0,18.081,4.5804,0,0,0,0,0
39,238,1.41,121.47,7570,0.023969,0,0,0.0076281,0,0,0,0,0,0,2.3252,0,0,0,0,0
39,238,1.41,121.47,7570,0.040561,0,0,0,0,0,0,0,0,0,41.799,0,0,0,0,0
39,238,1.41,121.47,7570,1.8992,0,0.008333,0,0.008335,0,12.271,0,0,0,0.072463,0,0,0,0,0
39,238,1.41,121.47,7570,0.008332,0,0,0,1.1768,0.035249,0,0,0,0,0.072463,0,0,0,0,0
39,238,1.41,121.47,7570,0.008333,0,0,1.2559,0,0,0,0,0,0,0.17149,0,0,0,0,5.4662
39,238,1.41,121.47,7570,0,0,0,0.00043,0,0,0,0,0,0,30.131,0,0,0,0,0
39,238,1.41,121.47,7570,0.0021839,0,0,0,0.45662,1.4537,21.262,1.2967,0,0,0.072463,0,0,0,0,0
39,238,1.41,121.47,7570,2.0662,0,0,0.008332,0,0,0,0,0,0,0.072463,0,0,0,0,0.30368
39,238,1.41,121.47,7570,0.009774,0,0.29642,0,0,0,0,0,0,0,0.072463,0,0,0,0,0
39,238,1.41,121.47,7570,24.426,0,0,0,0,0,0,0,0,0,0.072463,0,0,0,0,0
39,238,1.41,121.47,7570,24.426,0,0,0,0,0,4.0714,0,0,0,0.14865,0,0,0,0,0
39,238,1.41,121.47,7570,0.00644,0,0,49.709,0,0.6675,0,0,0,0,2.6155,0,0,0,0,0
39,238,1.41,121.47,7570,0,0,0,0,0,0,0,0,0,0,0.086791,0,0,0,0,0
39,238,1.41,121.47,7570,18.142,0,0,0,0.008333,0,53.128,0,0,0,0.70364,0,0,0,0,0
39,238,1.41,121.47,7570,7.1973,0,0.008336,0,0,0.005411,0,0,0,0,0.072463,0,0,0,0,0
39,238,1.41,121.47,7570,0.000126,0,0,0,0,0.033266,0,0,0,0,2.9188,0,0,0,0,0
39,238,1.41,121.47,7570,0.003416,0,0,0,0,0,23.901,0,0,0,0.072463,0,0,0,0,1.8221
39,238,1.41,121.47,7570,0,0,0,0,0,0,16.337,0,0,0,3.4986,0,0,0,0,6.681
39,238,1.41,121.47,7570,0,0,0,0,0,52.76,0,0,0,0,2.3459,0,0,0,0,0
39,238,1.41,121.47,7570,3.7991,0,0,0,0,0.0011005,0,0,0,0,0.072463,0,0,0,0,5.4662
39,238,1.41,121.47,7570,0.18288,0,0,0,3.6687,0,0,0,0,0,0.072463,0,0,0,0,0
39,238,1.41,121.47,7570,0,0,0,0,0,0,0,0,0,0,6.7334,0,0,0,0,0
39,238,1.41,121.47,7570,1.2826,0,0,0.000234,0,0,0,0,0,0,0.82163,0,0,0,0,0
39,238,1.41,121.47,7570,0.31737,0,0,0.016666,0,0,0,0,0,0,18.985,0,0,0,0,1.8221
39,238,1.41,121.47,7570,2.4323,0,0,0.80519,0,0,0,0,0,0,0.072463,0,0,0,0,0
39,238,1.41,121.47,7570,1.4927,0,0.001436,0,0,0,0,0,0,0,0.072463,0,0,0,0,0
39,238,1.41,121.47,7570,0.010677,0,0,0,0,0,35.225,0,0,0,0.78678,0,0,0,0,0
39,238,1.41,121.47,7570,0,0,0,0.007148,0,0,0,0,0,0,0.072463,0,0,0,0,0
39,238,1.41,121.47,7570,0.18288,0,0,0,0,0,0,0,0,0,0.072463,0,0,0,0,4.2515
39,238,1.41,121.47,7570,0.020638,0,0,0.00524,0,0.0023945,0,0,0,0,0.072463,0,0,0,0,0
39,238,1.41,121.47,7570,5.1799,0,0,0,0,0.001292,0,0,0,0,0.072463,0,0,0,0,18.828
39,238,1.41,121.47,7570,0,0,0,0,0,0.00644,0,0,0,0,15.494,0,0,0,0,0
39,238,1.41,121.47,7570,0.000254,0,0,0,0,0,0,0,0,0,0.072463,0,0,0,0,0
39,238,1.41,121.47,7570,1.9656,0,0,17.328,0,0,0,0,0,0,0.34495,0,0,0,0,0
39,238,1.41,121.47,7570,9.9717,0,0,0,0,0,0.40452,0,0,0,0.72803,0,0,0,0,0
39,238,1.41,121.47,7570,0,0,0,0,0,0.042212,0,0,0,0,3.3687,0,0,0,0,0
39,238,1.41,121.47,7570,0.022876,0,0,0.19762,0,0,0,0,0,0,0.13101,0,0,0,0,9.1104
39,238,1.41,121.47,7570,0.008333,0,0,5.4197,0,0.008333,0,0,0,0.18086,0.072463,0,0,0,0,0
39,238,1.41,121.47,7570,0.030732,0,0,0.81626,0,0,0.021726,0,0,0,0.072463,0,0,0,0,0
39,238,1.41,121.47,7570,1.2536,0,0,5.8761,0,0,0,0,0,0,1.7632,0,0,0,0,11.54
39,238,1.41,121.47,7570,0.005302,0,0,0,0,0,44.482,0,0,0,0.072463,0,0,0,0,26.117
39,238,1.41,121.47,7570,0.008333,0,0,0,0,0,0.093171,0,0,0,17.634,0,0,0,0,1.8221
39,238,1.41,121.47,7570,0,0,0,0,0,0,0,4.5345,0,0,0.56095,0,0,0,0,0
39,238,1.41,121.47,7570,6.3393,0,0,0.81046,0,0.008333,0,0,0,1.057,0.33796,0,0,0,0,0
39,238,1.41,121.47,7570,3.3592,0,0,0,0,0,0,0,0,0,25.166,0,0,0,0,0
39,238,1.41,121.47,7570,0.51259,0,0,0,0,0,102.85,0,0,0,4.0083,0,0,0,0,0
39,238,1.41,121.47,7570,0.00021,0,0,0,0,0,0,0,0,0,0.072463,0,0,0,0,4.2515
39,238,1.41,121.47,7570,2.9279,0,0,0.007148,0,0,0,0,0,0,0.072463,0,0,0,0,10.325
39,238,1.41,121.47,7570,0,0,0,0,0,0,0,0,0,0,0.072463,0,0,0,0,0
39,238,1.41,121.47,7570,0.00247,0,0,0,0,0,0.13028,0,0,0,0.072463,0,0,0,0,0
39,238,1.41,121.47,7570,0.0055384,0,0,0,0,0,0,0,0,0,6.0336,0,0,0,0,6.681
39,238,1.41,121.47,7570,0.17916,0,0,0.68661,0,0,0.87994,0,0,0,0.072463,0,0,0,0,0
39,238,1.41,121.47,7570,0.043397,0,0,0,0,0,0,0,0,0,0.13348,0,0,0,0,0
39,238,1.41,121.47,7570,0.001463,0,0,0.66511,0,0.008333,0,0,0,0,0.072463,0,0,0,0,0
39,238,1.41,121.47,7570,0.058812,0,0,0,0,0,0,0,0,0,0.072463,0,0,0,0,0
39,238,1.41,121.47,7570,0.00824,0,0,0.008815,0,0,0,0,0,0,0.13786,0,0,0,0,0
39,238,1.41,121.47,7570,3.4434,0,0,6.3e-05,0,0,5.6062,0,0,0,0.16445,0,0,0,0,0
39,238,1.41,121.47,7570,0,0,0,0,0,0,0.40452,0,0,0,2.457,0,0,0,0,1.8221
39,238,1.41,121.47,7570,0.8691,0,0.42018,0,0,0.008333,0,0,0,0,0.072463,0,0,0,0,0
39,238,1.41,121.47,7570,0.082061,0,0,0,0,0,0,0,0,0,3.2514,0,0,0,0,0
39,238,1.41,121.47,7570,0,0,0,0,0,0,0,0,0,1.164,2.3252,0,0,0,0,0
39,238,1.41,121.47,7570,0,0,0,1.5678,0.0065058,0,0,0,0,0,5.537,0,0,0,0,0
39,238,1.41,121.47,7570,0.0073941,0,0,0,12.293,0,0,0,0,1.1034,0.48881,0,0,0,0,0
39,238,1.41,121.47,7570,7.2319,0,0,3.6525,0,0,0.002308,0,0,0,0.13649,0,0,0,0,0
39,238,1.41,121.47,7570,0.13244,0,0,0.011891,0.3438,0,0,0,0,6.8425,0.50614,0,0,0,0,0
39,238,1.41,121.47,7570,0,0,0,1.1023,0,0,0,0.97573,0,0,9.2374,0,0,0,0,0
39,238,1.41,121.47,7570,0.47535,0,0,0.9511,0,0,0,0,0,0,2.7374,0,0,0,0,0
39,238,1.41,121.47,7570,0.00524,0,0,0,0,0,0,0,0,0,0.072463,0,0,0,0,0
39,238,1.41,121.47,7570,2.6806,0,0,1.0073,0,0,0,0,0,0,13.16,0,0,0,0,0
39,238,1.41,121.47,7570,2.8901,0,0,0,0,0,0,0,0,7.6506,0.072463,0,0,0,0,8.1994
39,238,1.41,121.47,7570,0.008336,0,0,4.5945,0,0,0,0,0,1.808,7.9623,0,0,0,0,0
39,238,1.41,121.47,7570,0.001192,0,0,0.002868,0,0.081066,0,0,0,0,1.9064,0,0,0,0,0
39,238,1.41,121.47,7570,0.003465,0,0,0.0067551,0,0,0,0,0,0,0.44683,0,0,0,0,0
39,238,1.41,121.47,7570,0.008333,0,0,0,0,0,0,0,0,0,0.072463,0,0,0,0,0
39,238,1.41,121.47,7570,0,0,0,0,0,0,5.7069,0,0,0,1.0897,0,0,0,0,0
39,238,1.41,121.47,7570,36.494,0,0.008333,0,3.4256,0,0,0,0,0,6.7491,0,0,0,0,0
39,238,1.41,121.47,7570,10.449,0,0,0,0,0.008333,0,0,0,0,11.144,0,0,0,0,1.8221
39,238,1.41,121.47,7570,0.003173,0,0,0,0,0,0,0,0,0,0.072463,0,0,0,0,0
39,238,1.41,121.47,7570,5.951,0,0,0.008333,0,0,0,0,0,0,0.072463,0,0,0,0,0
39,238,1.41,121.47,7570,0.35372,0,0,0,0,0,0,0,0,0,6.2907,0,0,0,0,0
39,238,1.41,121.47,7570,0,0,0,0,0.15299,0.22953,12.183,0,0,0,16.594,0,0,0,0,0
39,238,1.41,121.47,7570,0.088516,0,0,0,0,0,0.13028,0,0,1.0167,2.4056,0,0,0,0,0
39,238,1.41,121.47,7570,0,0,0,0,0,0,0,3.002,0,0,0.88276,0,0,0,0,0
39,238,1.41,121.47,7570,1.161,0,0,0,0,0,1.7875,0,0,0,14.75,0,0,0,0,0
39,238,1.41,121.47,7570,0,0,0,0,0,0,0.002308,0,0,0,3.6257,0,0,0,0,0
39,238,1.41,121.47,7570,0.005714,0,0,0,0,0,0,0,0,0,3.2514,0,0,0,0,0
39,238,1.41,121.47,7570,110.33,0,0,0,0,0,0,0,0,1.0139,8.2822,0,0,0,0,0
39,238,1.41,121.47,7570,18.873,0,0,0,0,0,4.0714,0,0,0,0.13348,0,0,0,0,1.8221
39,238,1.41,121.47,7570,0.023969,0,0,0,0,0,0,0,0,0,0.13146,0,0,0,0,0
39,238,1.41,121.47,7570,44.575,0,0,0,0,0,28.632,0,0,0,31.837,0,0,0,0,0
39,238,1.41,121.47,7570,9.9717,0,0,0,0,0.0023945,0,0,0,0,0.072463,0,0,0,0,3.0368
39,238,1.41,121.47,7570,0,0,0,0,0,0,0,0,0,0,4.0845,0,0,0,0,18.828
39,238,1.41,121.47,7570,11.508,0,0,0,0.00833,0,0,1.1605,0,0,0.33796,0,0,0,0,0
39,238,1.41,121.47,7570,0.040561,0,0,0,0,0.01101,0,0,0,0,0.072463,0,0,0,0,0
39,238,1.41,121.47,7570,33.057,0,0,0,0,0,0.13028,0,0,0,0.072463,0,0,0,0,0
39,238,1.41,121.47,7570,0,0,0,0.19414,0,0,0,0,0,0,0.97511,0,0,0,0,0
39,238,1.41,121.47,7570,6.8951,0,0,0,0,0,16.672,0,0,0,0.072463,0,0,0,0,0
39,238,1.41,121.47,7570,0.0073941,0,0,0,0,0,0,0,0,0,5.1015,0,0,0,0,115.4
39,238,1.41,121.47,7570,0.16847,0,0,0,0,0,0,0,0,0,1.2954,0,0,0,0,0
39,238,1.41,121.47,7570,0.008333,0,0,0,0,0,0,0,0,0,0.072463,0,0,0,0,0
39,238,1.41,121.47,7570,0.008333,0,0,0,0,0,0,0,0,0,3.7404,0,0,0,0,0
39,238,1.41,121.47,7570,2.7189,0,0,0,0,0,0,0,0,0,0.13663,0,0,0,0,6.681
39,238,1.41,121.47,7570,10.296,0,0,0,0,0,0.13028,0,0,0,16.626,0,0,0,0,0
39,238,1.41,121.47,7570,0.008333,0,0.014477,0,0,0,0,0,0,0,2.6337,0,0,0,0,0
39,238,1.41,121.47,7570,0.003127,0,0.00052,0,0,0,0,0,0,0,3.2514,0,0,0,0,0
39,238,1.41,121.47,7570,0.008333,0,0,0,0,0,0,0,0,0,18.985,0,0,0,0,0
39,238,1.41,121.47,7570,0.46203,0,0,0,0.039429,0.0067709,0,0,0,0,0.134,0,0,0,0,1.8221
39,238,1.41,121.47,7570,1.0737,0,0,0,0,0,0.13028,0,0,0,33.814,0,0,0,0,26.117
39,238,1.41,121.47,7570,0.000126,0,0,0,0,0.008333,0,0,0,0.4212,0.82163,0,0,0,0,0
39,238,1.41,121.47,7570,0.0040195,0,0,0,0,0,0.40452,0,0,0,18.395,0,0,0,0,0
39,238,1.41,121.47,7570,0,0,0,0,0,0.008333,0,0,0,0,0.072463,0,0,0,0,6.681
39,238,1.41,121.47,7570,7.2891,0,0,0.35408,0,0,0,0,0,0,7.1646,0,0,0,0,4.2515
39,238,1.41,121.47,7570,0.00062,0,0,0,0,0,0,0,0,0,0.072463,0,0,0,0,0
39,238,1.41,121.47,7570,1.8682,0,0.005239,0.017136,0,0,0,0,0,0,1.059,0,0,0,0,0
39,238,1.41,121.47,7570,0,0,0,0,0,0,0,0,0,0,0.78678,0,0,0,0,0
39,238,1.41,121.47,7570,0.59569,0,0,0,0,0,76.371,0,0,10.481,0.072463,0,0,0,0,8.1994
39,238,1.41,121.47,7570,0,0,0,0,0,0,0,0,0,0,0.81487,0,0,0,0,26.117
39,238,1.41,121.47,7570,1.8682,0,0,0,0,0,0,0,0,0,6.6447,0,0,0,0,0
39,238,1.41,121.47,7570,0.048094,0,0,0,0,0,0,0,0,0,19.922,0,0,0,0,0
39,238,1.41,121.47,7570,0.012954,0,0,0,0,0,0,0,0,0,0.37335,0,0,0,0,0
39,238,1.41,121.47,7570,2.4323,0,0,0,0.008333,0,0,0,0,6.8425,0.13054,0,0,0,0,0
39,238,1.41,121.47,7570,0.00676,0,0,0,0,0,0,0,0,0,2.4191,0,0,0,0,0
39,238,1.41,121.47,7570,0.005202,0,0.055963,0,0.01111,0,0,0,0,0,0.17677,0,0,0,0,0
39,238,1.41,121.47,7570,0,0,61.289,0,0,0,0,0,0,1.5859,4.2705,0,0,0,0,0
39,238,1.41,121.47,7570,0,0,0,0,0,0,0,0,0,0,0.13854,0,0,0,0,0
39,238,1.41,121.47,7570,0.6386,0,0,0.010018,0,0,0,0,0,0,0.072463,0,0,0,0,8.1994
39,238,1.41,121.47,7570,1.5315,0,0,0,0,0,0,0,0,0,0.072463,0,0,0,0,0
39,238,1.41,121.47,7570,0.003127,0,0,0,0,0,0,0,0,0,1.4024,0,0,0,0,0
39,238,1.41,121.47,7570,4.2172,0,0,0,0,0,0,0,0,0,3.0465,0,0,0,0,0
39,238,1.41,121.47,7570,1.3025,0,0,0,0,0,0,0,0,0,0.12844,0,0,0,0,5.4662
39,238,1.41,121.47,7570,23.281,0,0,0,0,0,0.13028,0,0,0,0.072463,0,0,0,0,0
39,238,1.41,121.47,7570,0,0,0,0,0,0.005239,0,0,0,0,0.072463,0,0,0,0,4.2515
39,238,1.41,121.47,7570,0,0,0,0.81536,0,0,0,0,0,0,0.086791,0,0,0,0,0
39,238,1.41,121.47,7570,0.030074,0,0,0,0,0.010504,0,0,0,0,0.14411,0,0,0,0,0
39,238,1.41,121.47,7570,1.4927,0,0,0.084243,0,0,0,0,0,0,0.21272,0,0,0,0,0
39,238,1.41,121.47,7570,2.3989,0,0,0.068755,0,0,3.8394,0,0,5.7231,0.072463,0,0,0,0,0
39,238,1.41,121.47,7570,0.023806,0,0,0,0,0,29.929,0,0,0,3.8048,0,0,0,0,4.2515
39,238,1.41,121.47,7570,0.003821,0,0,0,0,0,0,0,0,0,9.002,0,0,0,0,0
39,238,1.41,121.47,7570,3.7359,0,0,0,0,0,0,0,0,0.27721,6.937,0,0,0,0,4.2515
39,238,1.41,121.47,7570,21.535,0,0,0.086646,0,0,0,0,0,0,12.415,0,0,0,0,0
39,238,1.41,121.47,7570,0,0,0,0,0,0,0,0,0,0,0.072463,0,0,0,0,0
39,238,1.41,121.47,7570,0,0,0,0,0,0.050064,0,0,0,0,0.072463,0,0,0,0,0.30368
39,238,1.41,121.47,7570,0,0,0,0.000124,0,0,0,0,0,0,0.072463,0,0,0,0,0
39,238,1.41,121.47,7570,0.008334,0,0,0.011891,0,0,0.13028,0,0,0,13.171,0,0,0,0,0
39,238,1.41,121.47,7570,0.867,0,0,0,0,0.0055384,0,0,0,0,0.24115,0,0,0,0,0
39,238,1.41,121.47,7570,21.908,0,0,0.008341,0,0.008335,0,0,0,0,13.437,0,0,0,0,1.8221
39,238,1.41,121.47,7570,0.00714,0,0,0,0,0,0,0,0,0,31.837,0,0,0,0,0
39,238,1.41,121.47,7570,0.00062,0,0,0,0,0,29.211,0,0,0,1.7395,0,0,0,0,0
39,238,1.41,121.47,7570,0,0,0,0,0,4.2586,4.0714,0,0,0,0.072463,0,0,0,0,0
39,238,1.41,121.47,7570,0,0,0,2.6778,0,0,0,0.008333,0,0,0.072463,0,0,0,0,0
39,238,1.41,121.47,7570,0.008336,0,0.12069,6.7823,0.008333,0,0,0,0,0,0.75066,0,0,0,0,0
39,238,1.41,121.47,7570,8.0139,0,0,0.011443,0,0,0,0,0,9.1202,12.205,0,0,0,0,0.30368
39,238,1.41,121.47,7570,0.008333,0,0,0,0,1.0092,0,0,0,9.1202,0.072463,0,0,0,0,0
39,238,1.41,121.47,7570,24.426,0,0.008333,0,0,0,0,0,0,0,6.0336,0,0,0,0,0
39,238,1.41,121.47,7570,0.864,0,0.78783,0,0,0,0.10863,0,0,0,0.072463,0,0,0,0,0
39,238,1.41,121.47,7570,1.3209,0,0,0,0,0.91214,0,0,0,0,0.072463,0,0,0,0,0
39,238,1.41,121.47,7570,0.87217,0,0,0,0,0,0,0,0,0,7.5496,0,0,0,0,11.54
39,238,1.41,121.47,7570,0,0,0,0.21471,0,7.2276,0,0,0,0,0.072463,0,0,0,0,0
39,238,1.41,121.47,7570,0.022451,0,0,0,0,0,0,0,0,0,0.072463,0,0,0,0,0
39,238,1.41,121.47,7570,0,0,0,0,0,0,0.59876,0,0,0,0.072463,0,0,0,0,0
39,238,1.41,121.47,7570,1.2266,0,0,0.00062,0,0,69.539,0,0,0,0.11545,0,0,0,0,0
39,238,1.41,121.47,7570,0.87011,0,0.047562,0,0,0.013193,0,0,0,0,0.072463,0,0,0,0,0
39,238,1.41,121.47,7570,0.71482,0,0,0,0,0,0,0,0,0,5.7426,0,0,0,0,0
39,238,1.41,121.47,7570,0.046516,0,0,0.21246,0.53956,0,0.13028,0,0,0,0.072463,0,0,0,0,0
39,238,1.41,121.47,7570,47.309,0,0,0,0,0,26.911,0,0,0,0.072463,0,0,0,0,0
39,238,1.41,121.47,7570,0.24349,0,0,0,0,0,0.59876,0,0,0,4.1559,0,0,0,0,0
39,238,1.41,121.47,7570,0.0088426,0,0,0,0,0.024284,0.059897,0,0,0,0.072463,0,0,0,0,0
39,238,1.41,121.47,7570,0,0,0,0,0,0,0,0,0,0,0.072463,0,0,0,0,5.4662
39,238,1.41,121.47,7570,0.08936,0,0,0,0,0.686,0,0,0,0,0.072463,0,0,0,0,0
39,238,1.41,121.47,7570,4.1455,0,0,0,0,16.14,0,0,0,0,1.5411,0,0,0,0,0
39,238,1.41,121.47,7570,0.034449,0,0,0.0001025,0,0,0,0,0,0,0.072463,0,0,0,0,0
39,238,1.41,121.47,7570,0,0,0,0,0,2.7056,0,0,0,0,0.086791,0,0,0,0,0
39,238,1.41,121.47,7570,2.4696,0,0.00833,0.00524,0.71992,0,0.13028,0,0,0.76777,31.416,0,0,0,0,1.8221
39,238,1.41,121.47,7570,2.3031,0,0,0,0,0,0,0,0,0,59.09,0,0,0,0,0
39,238,1.41,121.47,7570,2.7551,0,0,0,0,0,0.13028,0,0,10.481,0.072463,0,0,0,0,0
39,238,1.41,121.47,7570,4.0286,0,0,0,0,0,0,0,0,0,0.52366,0,0,0,0,3.0368
39,238,1.41,121.47,7570,0,0,0,3.8517,0,0,83.464,0,0,0,0.072463,0,0,0,0,0
39,238,1.41,121.47,7570,0.009056,0,0,0,0,0,3.3223,0,0,0,0.072463,0,0,0,0,0
39,238,1.41,121.47,7570,3.6682,0,0,0,0,0,0,0,0,0,3.4936,0,0,0,0,0
39,238,1.41,121.47,7570,0,0,0,2.5,0,0,0,0,0,0,7.1639,0,0,0,0,0
39,238,1.41,121.47,7570,0,0,0,0,0,0,25.077,0,0,0,0.072463,0,0,0,0,0.30368
39,238,1.41,121.47,7570,0.002021,0,0,0.58126,0,0,0,0,0,0,0.072463,0,0,0,0,0
39,238,1.41,121.47,7570,0,0,0,0,0,0,0,0,0,0.76342,1.0076,0,0,0,0,0
39,238,1.41,121.47,7570,20.262,0,0,0,0.008333,0,0,0,0,0,0.072463,0,0,0,0,0
39,238,1.41,121.47,7570,0.00021,0,0,0,0,0,0,0,0,0,0.13731,0,0,0,0,18.828
39,238,1.41,121.47,7570,0.20346,0,0,0.11899,0,0.091669,27.275,0,0,0,3.6491,0,0,0,0,0
39,238,1.41,121.47,7570,0,0,0,0,0,0,0,0,0,0,0.072463,0,0,0,0,0
39,238,1.41,121.47,7570,0.89463,0,0,0,0,0,15.412,0,0,0,0.072463,0,0,0,0,0
39,238,1.41,121.47,7570,0.005006,0,0,0,0,0,0,0,0,0,0.072463,0,0,0,0,1.8221
39,238,1.41,121.47,7570,0.22882,0,0,0,0.00524,0,0,0,0,0,12.122,0,0,0,0,0
39,238,1.41,121.47,7570,29.932,0,0,0,5.7755,0.52518,0,0,0,0,21.937,0,0,0,0,3.0368
39,238,1.41,121.47,7570,0.82505,0,0,1.6943,0.021925,0,29.215,0,0,0,0.072463,0,0,0,0,0
39,238,1.41,121.47,7570,2.0662,0,2.7718,0,0,0,0,0,0,0,0.072463,0,0,0,0,0
39,238,1.41,121.47,7570,0.008333,0,0,0,0,0,2.859,0,0,0,2.4386,0,0,0,0,4.2515
39,238,1.41,121.47,7570,0.008333,0,0,2.0133,0,0,38.038,0,0,0,0.51662,0,0,0,0,0
39,238,1.41,121.47,7570,8.0139,0,0,0.81948,0,0,0,0,0,0,0.072463,0,0,0,0,0
39,238,1.41,121.47,7570,0.023662,0,0,0,0,0,0,0,0,0,4.2991,0,0,0,0,0
39,238,1.41,121.47,7570,0,0,0,0,0,0,0,0,0,2.6253,4.729,0,0,0,0,0
39,238,1.41,121.47,7570,0,0,0.0052205,0,0,0.10057,0,0,0,0,0.072463,0,0,0,0,0
39,238,1.41,121.47,7570,0.0099823,0,0,0,0,0,0,0,0,0,5.1015,0,0,0,0,0
39,238,1.41,121.47,7570,0,0,0,0,0,0.00524,0,0,0,0,2.7374,0,0,0,0,0
39,238,1.41,121.47,7570,0,0,1.2968,0.023383,0,0,0,0,0,0,0.5281,0,0,0,0,0
39,238,1.41,121.47,7570,23.932,0,0,0,0,0.008333,0.13028,0,0,0,8.2822,0,0,0,0,3.0368
39,238,1.41,121.47,7570,0.063326,0,0,0,0,0.008333,0.002308,0,0,0,2.5972,0,0,0,0,0
39,238,1.41,121.47,7570,0.867,0,0,0,0.009056,0.035249,0,0,0,0,0.072463,0,0,0,0,0
39,238,1.41,121.47,7570,0.004588,0,0,0,0,0,0,0,0,0,0.072463,0,0,0,0,0.30368
39,238,1.41,121.47,7570,0.13313,0,0.37922,0.016666,0,0,0,1.1728,0,0,0.072463,0,0,0,0,0
39,238,1.41,121.47,7570,0.98352,0,0,0,0,0,0,0,0,0,0.14833,0,0,0,0,0
39,238,1.41,121.47,7570,0.030074,0,0.00052,0,0,0,15.435,0,0,0,0.072463,0,0,0,0,0
39,238,1.41,121.47,7570,0.008333,0,0,0,0.008333,0,0,0,0,0,14.386,0,0,0,0,0
39,238,1.41,121.47,7570,0,0,0,0,0.00014,0.024284,0,0,0,0,31.522,0,0,0,0,0
39,238,1.41,121.47,7570,1.3476,0,0,0,0,0,0,0,0,0,0.072463,0,0,0,0,0
39,238,1.41,121.47,7570,0.092503,0,0,0.007697,0,0,0,0,0,0,0.072463,0,0,0,0,115.4
39,238,1.41,121.47,7570,2.1709,0,0,0,0,0,0,0,0,0,3.4936,0,0,0,0,0
39,238,1.41,121.47,7570,2.5491,0,0.0083255,0,0,0,0,0,0,0,7.7869,0,0,0,0,0
39,238,1.41,121.47,7570,0,0,0,0,0,0,14.298,0,0,0,0.072463,0,0,0,0,0
39,238,1.41,121.47,7570,0,0,0,1.0073,0,0.81221,0,0,0,0,0.44804,0,0,0,0,0
39,238,1.41,121.47,7570,2.3989,0,0,0,0,0,0,0,0,0,0.17149,0,0,0,0,0
39,238,1.41,121.47,7570,0.13678,0,0,0,0,0,0,0,0,0,0.072463,0,0,0,0,0
39,238,1.41,121.47,7570,0.030074,0,0,6.4365,0,0,10.615,0,0,0,0.33796,0,0,0,0,0
39,238,1.41,121.47,7570,0.60493,0,0,3.6726,0,0,0,0,0,0,0.072463,0,0,0,0,0.30368
39,238,1.41,121.47,7570,14.068,0,0,0.49458,0,0,0,0,0,0,9.1705,0,0,0,0,0
39,238,1.41,121.47,7570,0.00524,0,0,0,0,0,0,0,0,0,58.962,0,0,0,0,0
39,238,1.41,121.47,7570,0.11034,0,0,0.023383,0,0,0,0,0,0.18086,2.8119,0,0,0,0,0
39,238,1.41,121.47,7570,0.87678,0,0,0,0,0,0,0,0,0,7.7869,0,0,0,0,0
39,238,1.41,121.47,7570,5.8444,0,0,3.7111,0.008333,0,0,0,0,0,22.603,0,0,0,0,0
39,238,1.41,121.47,7570,3.7359,0,0,0,0,0,0,0,0,0,71.252,0,0,0,0,5.4662
39,238,1.41,121.47,7570,0.8691,0,0,0,14.221,7.2276,0,0,0,0,31.837,0,0,0,0,0
39,238,1.41,121.47,7570,0.00062,0,0,0,0,0,78.355,0,0,0,0.13039,0,0,0,0,0
39,238,1.41,121.47,7570,0.87264,0,0,0.000125,0,0,0,0,0,0,0.8268,0,0,0,0,0
39,238,1.41,121.47,7570,0.010066,0,0,0,0,0,0,0,0,0,0.072463,0,0,0,0,0
39,238,1.41,121.47,7570,0.87416,0,0,0,6.7091,0,0,0,0,0.27721,0.13302,0,0,0,0,0
39,238,1.41,121.47,7570,0,0,0.030268,0.57901,0,0,0,0,0,0,0.37729,0,0,0,0,0
39,238,1.41,121.47,7570,0.008763,0,0,0,0,0,0,0,0,1.4449,0.072463,0,0,0,0,0
39,238,1.41,121.47,7570,6.793,0,0,0,0,0,0,0,0,0,0.13854,0,0,0,0,0
39,238,1.41,121.47,7570,0,0,0,0,0,0,0,0,0,0,0.072463,0,0,0,0,3.0368
39,238,1.41,121.47,7570,0.24349,0,0.008333,0,0,57.315,0,0,0,0,0.14411,0,0,0,0,0
39,238,1.41,121.47,7570,0.0055919,0,0,0,0,0.0071766,0,0,0,0,0.072463,0,0,0,0,0
39,238,1.41,121.47,7570,0,0,0,0,0,0,0,0,0,0,0.072463,0,0,0,0,4.2515
39,238,1.41,121.47,7570,1.0318,0,0,0,0,0,0,0,0,0,0.072463,0,0,0,0,1.8221
39,238,1.41,121.47,7570,0.003127,0,0,10.076,0,0,0,0,0,0,3.4411,0,0,0,0,0
39,238,1.41,121.47,7570,0.008763,0,0,0,0,0,0,0,0,0.21027,5.2088,0,0,0,0,10.325
39,238,1.41,121.47,7570,0.86935,0,0,0,0.056149,0.002139,0.13028,0,0,0,0.072463,0,0,0,0,0
39,238,1.41,121.47,7570,1.3736,0,0,0,0,0,0,0,0,0,0.44683,0,0,0,0,0
39,238,1.41,121.47,7570,0,0,0,0,0,4.5782,0.002308,0.011565,0,0,0.072463,0,0,0,0,0
39,238,1.41,121.47,7570,0.23321,0,0,0,0,0,0,0,0,0,0.56095,0,0,0,0,0
39,238,1.41,121.47,7570,1.0881,0,0,0,0,0,0,0,0,0,0.072463,0,0,0,0,4.2515
39,238,1.41,121.47,7570,0.003416,0,0,0,0,0,0,0,0,0,2.7638,0,0,0,0,0
39,238,1.41,121.47,7570,0,0,0,0.010671,0,0,0,0,0,0,7.9623,0,0,0,0,0
39,238,1.41,121.47,7570,0.20751,0,0,0.00524,5.1821,0,28.663,0,0,0,1.9852,0,0,0,0,0
39,238,1.41,121.47,7570,0,0,0,0,0,0,0,0,0,0,0.072463,0,0,0,0,0
39,238,1.41,121.47,7570,0.0071766,0,0,0,0,0,0,0,0,0,4.0083,0,0,0,0,15.184
39,238,1.41,121.47,7570,0.8078,0,0,0,0,0,29.773,0,0,0,8.9877,0,0,0,0,6.681
39,238,1.41,121.47,7570,0,0,0,0,0,0,0,0,0,0,0.072463,0,0,0,0,0
39,238,1.41,121.47,7570,0.001436,0,0,0,2.4608,0,0,0,0,0,0.072463,0,0,0,0,115.4
39,238,1.41,121.47,7570,0.009072,0,0,2.9698,0,0,0,0,0,0,5.2094,0,0,0,0,0
39,238,1.41,121.47,7570,0.0067502,0,0,0.019875,0,0.0094226,0,0,0,0,6.1454,0,0,0,0,0.30368
39,238,1.41,121.47,7570,0.008333,0,0,0,0,0,0,0,0,0,27.424,0,0,0,0,0
39,238,1.41,121.47,7570,0.003539,0,0,0,0,0,0,0,0,0,0.072463,0,0,0,0,0
39,238,1.41,121.47,7570,0,0,0,0,0,0,0,0,0,1.808,0.13348,0,0,0,0,0
39,238,1.41,121.47,7570,0.0062323,0,0,0,0,0.005202,0,0,0,0,0.072463,0,0,0,0,0
39,238,1.41,121.47,7570,0.14834,0,0,0.002485,0,0,0,0,0,0,0.13055,0,0,0,0,0
39,238,1.41,121.47,7570,2.4696,0,0,0,0,13.947,0,0,0,0,20.478,0,0,0,0,0
39,238,1.41,121.47,7570,0,0,0,0,0,0,0,0,0,0,13.397,0,0,0,0,0
39,238,1.41,121.47,7570,0.000739,0,0,0,0,0,0,0,0,0,0.072463,0,0,0,0,0
39,238,1.41,121.47,7570,0.008333,0,0,0,0.009056,0.000234,0,0,0,0,5.2622,0,0,0,0,0
39,238,1.41,121.47,7570,19.242,0,0,0,0,0,0,0,0,0,0.072463,0,0,0,0,0
39,238,1.41,121.47,7570,0.0094769,0,0,0,0.008333,52.76,0,0,0,5.7231,3.3683,0,0,0,0,0
39,238,1.41,121.47,7570,0.010066,0,0,90.415,0,0.008333,0,0,0,0,0.072463,0,0,0,0,3.0368
39,238,1.41,121.47,7570,6.1884,0,0,0.00524,0,0,0,0,0,0,4.0902,0,0,0,0,0
39,238,1.41,121.47,7570,0.86124,0,0,0,0,0,0,0,0,0,0.072463,0,0,0,0,0
39,238,1.41,121.47,7570,0.005714,0,0,1.1023,0,0,0,0,0,0,0.072463,0,0,0,0,6.681
39,238,1.41,121.47,7570,0.00387,0,0,0.004204,0,0,0,0,0,0,5.1015,0,0,0,0,0
39,238,1.41,121.47,7570,10.869,0,0,0,0,0,0,0,0,0,37.282,0,0,0,0,0
39,238,1.41,121.47,7570,0.008335,0,0.008335,0.00644,0,0,0,0,0,0,0.13615,0,0,0,0,0
39,238,1.41,121.47,7570,0.008333,0,0,0,0,0,0,0,0,0,8.2822,0,0,0,0,0
39,238,1.41,121.47,7570,0.0073941,0,0,0,0,0,0,0,0,0,0.072463,0,0,0,0,0.30368
39,238,1.41,121.47,7570,0,0,0,10.01,0,0,0,0,0,0,0.43066,0,0,0,0,0
39,238,1.41,121.47,7570,0,0,0,8.8555,0,0,0.13028,0,0,0,0.81487,0,0,0,0,0
39,238,1.41,121.47,7570,0,0,0,0,0,0,0,0,0,0,0.072463,0,0,0,0,0
39,238,1.41,121.47,7570,2.2046,0.00052,0,0,0,0,0,0,0,0,31.522,0,0,0,0,0
39,238,1.41,121.47,7570,0.35719,0,0,0,0,0.024999,0,0,0,0,0.072463,0,0,0,0,0.30368
39,238,1.41,121.47,7570,0,0,0,0,0,0,0,0,0,0,3.2514,0,0,0,0,0
39,238,1.41,121.47,7570,0.012378,0,0,0,0,0,0,0,0,0,0.072463,0,0,0,0,0
39,238,1.41,121.47,7570,0.031141,0,0,0,0,0.008333,0,0,0,0,8.2332,0,0,0,0,0
39,238,1.41,121.47,7570,0.00644,0,0,0,0,0,0.002308,0,0,0,0.33663,0,0,0,0,0
39,238,1.41,121.47,7570,0.078773,0,0,0,0,0,0,0,0,0,3.7338,0,0,0,0,0
39,238,1.41,121.47,7570,2.6202,0,38.64,0.80423,0,0,0,0,0,0,6.4637,0,0,0,0,1.8221
39,238,1.41,121.47,7570,1.7028,0,0,0,0,0.0067502,0,0,0,0,0.072463,0,0,0,0,5.4662
39,238,1.41,121.47,7570,19.242,0,0,6.3457,0,0,76.126,0,0,0,0.14026,0,0,0,0,3.0368
39,238,1.41,121.47,7570,0,0,0,0,0.008333,0,0,0,0,0,0.072463,0,0,0,0,0
39,238,1.41,121.47,7570,0,0,0,0,0,0.004588,0,0,0,0,0.072463,0,0,0,0,0
39,238,1.41,121.47,7570,0.18125,0,0,9.1127,0,0,0,0,0,0,4.6416,0,0,0,0,0
39,238,1.41,121.47,7570,0.074955,0,0,0,0,0,0,0,0,0,1.1244,0,0,0,0,0
39,238,1.41,121.47,7570,0,0,0,8.1916,0,0,0,0,0,0,0.13039,0,0,0,0,0
39,238,1.41,121.47,7570,0.00644,0,0,0,0,0,98.664,0,0,0,9.3997,0,0,0,0,0
39,238,1.41,121.47,7570,1.4278,0,0,0.10545,0,0.000765,0.13028,0,0,0,0.072463,0,0,0,0,0
39,238,1.41,121.47,7570,0,0,0,0,0,0,0,0,0,0,0.072463,0,0,0,0,1.8221
39,238,1.41,121.47,7570,0.14982,0,0,0.016667,0,0,0,0,0,3.8737,45.506,0,0,0,0,4.2515
39,238,1.41,121.47,7570,0.008333,0,0,0,0,0,0,0,0,0,0.26171,0,0,0,0,0
39,238,1.41,121.47,7570,0.010201,0,0,10.926,0,0,0,0,0,1.0139,2.0951,0,0,0,0,0
39,238,1.41,121.47,7570,0,0,0.086549,1.367,0,0,0,0,0,1.7327,0.072463,0,0,0,0,1.8221
39,238,1.41,121.47,7570,0,0,0,0.0090585,0,0,102.85,0,0,0,0.13302,0,0,0,0,0
39,238,1.41,121.47,7570,0,0,0,0,0,0,0,0,0,0,0.072463,0,0,0,0,0
39,238,1.41,121.47,7570,0.34854,0,0,0,0.8899,0,0,0,0,0,0.072463,0,0,0,0,1.8221
39,238,1.41,121.47,7570,0.47616,0,0,0,0.008333,0,0,0,0,0,0.82163,0,0,0,0,1.8221
39,238,1.41,121.47,7570,0,0,0,0,0,0,0,0,0,0,0.072463,0,0,0,0,0
39,238,1.41,121.47,7570,0.086262,0,0,0,0,0,0,0,0,0,2.9142,0,0,0,0,0
39,238,1.41,121.47,7570,0.86178,0,0,0,0,0,0,0,0,0,0.072463,0,0,0,0,0
39,238,1.41,121.47,7570,4.8827,0,0,0,0,0,0,0,0,0,0.37335,0,0,0,0,1.8221
39,238,1.41,121.47,7570,0,0,0,0,0,0,0,0,0,0,0.49027,0,0,0,0,3.0368
39,238,1.41,121.47,7570,0,0,0,2.6466,0,0,0,0,0,0,0.14411,0,0,0,0,15.184
39,238,1.41,121.47,7570,3.8455,0,0,0,0,0,0.13028,0,0,0,18.07,0,0,0,0,0
39,238,1.41,121.47,7570,0,0,0,0,0,0,0,0,0,0,2.6944,0,0,0,0,0
39,238,1.41,121.47,7570,1.9656,0,0,0.000716,0,10.899,0,0,0,0,0.072463,0,0,0,0,0
39,238,1.41,121.47,7570,0.008335,0,0,0,0,0.008333,0,0,0,0,0.7142,0,0,0,0,0
39,238,1.41,121.47,7570,0.1008,0,0.003822,6.1822,0,0,0.13028,0,0,0,0.072463,0,0,0,0,0
39,238,1.41,121.47,7570,3.8455,0,0.009342,3.6726,0,0.008333,0.67053,0,0,0,0.072463,0,0,0,0,0
39,238,1.41,121.47,7570,12.451,0,0,0,0,0,0,0,0,6.8425,4.3421,0,0,0,0,0
39,238,1.41,121.47,7570,0,0,0.71882,0.000124,0,0,62.658,0,0,0,0.81487,0,0,0,0,4.2515
39,238,1.41,121.47,7570,2.5786,0,0,0,0,0,18.189,0,0,0,0.072463,0,0,0,0,0
39,238,1.41,121.47,7570,0.2446,0,0,0,0,0.029374,0.40452,0,0,0,0.83183,0,0,0,0,1.8221
39,238,1.41,121.47,7570,0.00247,0,0,0,34.696,0,0.67845,0,0,0.44682,0.072463,0,0,0,0,4.2515
39,238,1.41,121.47,7570,0.078773,0,0,10.308,0,0,0,0,0,0,7.8571,0,0,0,0,0
39,238,1.41,121.47,7570,0,0,0,0,0,0,0,0,0,0,1.1451,0,0,0,0,3.0368
39,238,1.41,121.47,7570,0.008333,0,0,8.8555,0,0,0.60778,0,0,0,5.0082,0,0,0,0,0
39,238,1.41,121.47,7570,1.5722,0,0,0,0,0,0,0,0,0,0.072463,0,0,0,0,0
39,238,1.41,121.47,7570,0,0,0,0,0,0,0,0,0,1.1822,0.37335,0,0,0,0,4.2515
39,238,1.41,121.47,7570,0.0082878,0,3.2585,0,0,0.003468,0,0,0,0,0.072463,0,0,0,0,0
39,238,1.41,121.47,7570,0,0,0,0.58903,6.3935,0,11.181,0,0,0,0.072463,0,0,0,0,11.54
39,238,1.41,121.47,7570,0.08936,0,0.001192,0,0,0,0.13028,0,0,0,57.82,0,0,0,0,0
39,238,1.41,121.47,7570,4.5628,0,0,0.29554,0.002102,0,0,0,0,0,0.94482,0,0,0,0,3.0368
39,238,1.41,121.47,7570,0.0094769,0,0.005239,0,0,0,0,0,0,0,0.072463,0,0,0,0,0
39,238,1.41,121.47,7570,0,0,0,0,0,13.947,31.35,0,0,0,0.83183,0,0,0,0,0
39,238,1.41,121.47,7570,0.87594,0,0,0,0,0,0,0,0,0,26.814,0,0,0,0,6.681
39,238,1.41,121.47,7570,26,0,0,0,0.008321,0,0,0,0,0,0.072463,0,0,0,0,0
40,239,1,279.98,17448,0.0088426,0,0.02042,0,0,0,0,0,0,1.0834,20.478,0,0,0,0,0
42,241,2.432,235.01,14646,0.8691,0,0,0,0,0,0.67053,0,0,0,4.2705,0,0,0,0,0
42,241,2.432,235.01,14646,0.86244,0,0,0,0,0,0,0,0,0,0.072463,0,0,0,0,0
42,241,2.432,235.01,14646,0.023662,0,0,0,0,0.050064,0,0,0,0,0.072463,0,0,0,0,0
42,241,2.432,235.01,14646,0.8753,0,0,0,0,0,0,0,0,0,10.802,0,0,0,0,3.5251
42,241,2.432,235.01,14646,0.87552,0,0,0,0,0,0,0,0,0,3.9028,0,0,0,0,3.5251
42,241,2.432,235.01,14646,0,0,0,0.58903,0,0,0,0,0,0,24.623,0,0,0,0,0
42,241,2.432,235.01,14646,0.007984,0,0,0,0,0,0,0,0,1.057,2.7638,0,0,0,0,17.626
42,241,2.432,235.01,14646,6.3e-05,0,0,0,0,0,0,0,0,0,24.623,0,0,0,0,0
42,241,2.432,235.01,14646,0.28433,0,0,0,0,0,0,0,0,0,0.072463,0,0,0,0,0
42,241,2.432,235.01,14646,0.008333,0,0,0,0,0,31.35,0,0,0,14.187,0,0,0,0,0
42,241,2.432,235.01,14646,0.63403,0,0,0,0,0,0.59876,0,0,0,0.072463,0,0,0,0,0
42,241,2.432,235.01,14646,0,0,0,0,5.2287,0,0,0,0,0,5.7504,0,0,0,0,0
42,241,2.432,235.01,14646,0,0,0,5.5914,0,0,0.021726,0,0,5.7231,0.072463,0,0,0,0,8.2253
42,241,2.432,235.01,14646,10.449,0,0,0,0,0.008333,0,0,0,0,0.072463,0,0,0,0,8.2253
42,241,2.432,235.01,14646,0.008333,0,0,0,0,0,0,0,0,0,0.13786,0,0,0,0,8.2253
42,241,2.432,235.01,14646,0,0,0,0,0,1.1678,0,0,0,0,0.072463,0,0,0,0,0
42,241,2.432,235.01,14646,0.0021839,0,0,0.37819,0,0,0.10863,0,0,0,0.13054,0,0,0,0,3.5251
42,241,2.432,235.01,14646,52.503,0,0,0,0,0,0,0,0,0,5.6128,0,0,0,0,24.676
42,241,2.432,235.01,14646,0,0,0,0.000172,0,0,0,0,0,0,1.059,0,0,0,0,0
42,241,2.432,235.01,14646,0.13678,0,0,3.0248,0,0,0,0,0,0,0.13394,0,0,0,0,0
42,241,2.432,235.01,14646,0,0,0,0,6.0056,0,0,0,0,0,0.072463,0,0,0,0,0
42,241,2.432,235.01,14646,19.283,0,0,58.671,43.16,0,0.60778,0,0,0,0.072463,0,0,0,0,0
42,241,2.432,235.01,14646,0.005202,0,0,5.5106,0,0.00644,0,0,0,0,6.8752,0,0,0,0,0
42,241,2.432,235.01,14646,0.008333,0,0,0.81358,0,0,0,0,0,0,3.4411,0,0,0,0,0
42,241,2.432,235.01,14646,0.004588,0,0,0.000739,0,0,0,0,0,0,39.746,0,0,0,0,0
42,241,2.432,235.01,14646,19.242,0,0,0,0,0,0,0,0,1.7327,0.086791,0,0,0,0,0
42,241,2.432,235.01,14646,0,0,0,0.000739,0,0.00315,0.13028,0,0,0,0.072463,0,0,0,0,0
42,241,2.432,235.01,14646,0,0,0,0,0,0,0,0,0,0,10.052,0,0,0,0,0
42,241,2.432,235.01,14646,4.5628,0,0,0,0,0,0,0,0,0,0.61154,0,0,0,0,12.926
42,241,2.432,235.01,14646,0.8911,0,0,0,0,0,0.59876,0,0,0,1.8818,0,0,0,0,223.26
42,241,2.432,235.01,14646,56.451,0,50.173,0,0,0.00524,0,0,0,0,9.4141,0,0,0,0,0
42,241,2.432,235.01,14646,10.572,0,0,0,0,0,0,0,0,0.76342,6.8752,0,0,0,0,0
42,241,2.432,235.01,14646,3.2815,0,0,0,0,0,0.60778,0,0,0,1.7395,0,0,0,0,0
42,241,2.432,235.01,14646,0.1013,0,0,0,0,0,0,0,0,0,1.5788,0,0,0,0,0
42,241,2.432,235.01,14646,17.426,0,0,1.4052,0,0,0.60778,0,0,0,17.634,0,0,0,0,0
42,241,2.432,235.01,14646,0,0,0,0,0,0,0.059897,0,0,1.261,0.072463,0,0,0,0,0
42,241,2.432,235.01,14646,2.2046,0,0,0,0,0,0,0,0,0,0.77377,0,0,0,0,0
42,241,2.432,235.01,14646,0.008333,0,0,0,0,0,35.225,0.011526,0,0,1.2482,0,0,0,0,0
42,241,2.432,235.01,14646,0,0,0,0,0,0,0,0,0,0,0.61154,0,0,0,0,0
42,241,2.432,235.01,14646,0.12917,0,0,0,0,0,0.13028,0,0,0,0.072463,0,0,0,0,5.8752
42,241,2.432,235.01,14646,0.8753,0,0,0,0,5.6344,0,0,0,7.6506,1.2647,0,0,0,0,0
42,241,2.432,235.01,14646,0.15893,0,0,0.80423,0,0,0,0,0,0,0.072463,0,0,0,0,0
42,241,2.432,235.01,14646,0.16323,0,0,34.186,19.187,16.14,0,0,0,0,16.977,0,0,0,0,0
42,241,2.432,235.01,14646,13.312,0,0.00328,0,0,0,0,0,0,0,41.799,0,0,0,0,8.2253
42,241,2.432,235.01,14646,0.86935,0,0,0,0,0,0,0,0,0,0.072463,0,0,0,0,0
42,241,2.432,235.01,14646,0.008333,0,0,0,0,0,0,0,0,0,6.6447,0,0,0,0,12.926
42,241,2.432,235.01,14646,0.10307,0.14569,0,1.7682,0,0,0.13028,0,0,0.18086,0.1323,0,0,0,0,0.58752
42,241,2.432,235.01,14646,3.0979,0,0,0,0,0,0,0,0,1.4449,0.072463,0,0,0,0,0
42,241,2.432,235.01,14646,0.15893,0,0,0,0,0,0.13028,0,0,1.7327,27.424,0,0,0,0,8.2253
42,241,2.432,235.01,14646,1.5722,0,0,0,0,0,0.059897,0,0,0,5.5313,0,0,0,0,0
42,241,2.432,235.01,14646,5.9048,0,0,0,0,0,0,0,0,0,0.072463,0,0,0,0,0
42,241,2.432,235.01,14646,0.010201,0,0,0,0,0,0,0,0,0,2.1592,0,0,0,0,0
42,241,2.432,235.01,14646,0,0,0,0.016666,0,0,0,0,0,0,0.072463,0,0,0,0,0
42,241,2.432,235.01,14646,0.008335,0,0,0,0,0,0.87994,0,0,0,1.9852,0,0,0,0,0
42,241,2.432,235.01,14646,0.032932,0,0,0,0,0.47515,0,0,0,0,17.634,0,0,0,0,0.58752
42,241,2.432,235.01,14646,0.002068,0,0,0,0,0,0,0,0,0,0.18601,0,0,0,0,0
42,241,2.432,235.01,14646,29.932,0,0,0,0,3.4183,0,0,0,0,8.2077,0,0,0,0,0
42,241,2.432,235.01,14646,0.023106,0,0,0.81835,0,0,0,0,0,0,0.49027,0,0,0,0,0
42,241,2.432,235.01,14646,0.008333,0,0,0.37543,0,0,0.059897,0,0,0,0.072463,0,0,0,0,0
42,241,2.432,235.01,14646,0.78748,0,0,0,0,0,0,0,0,0,6.937,0,0,0,0,0
42,241,2.432,235.01,14646,0.003485,0,0,0,0,16.14,0,0,0,0,0.93212,0,0,0,0,0
42,241,2.432,235.01,14646,0,0,0,2.9407,0,0,0,0,0,0,0.072463,0,0,0,0,0
42,241,2.432,235.01,14646,48.626,0,0,0,0,0,0.093171,0,0,0.056957,6.8926,0,0,0,0,0
42,241,2.432,235.01,14646,22.186,0,0,0,0.48515,0,0,0,0,0,27.424,0,0,0,0,0
42,241,2.432,235.01,14646,0.090576,0,0,0,0,0.003932,0,0,0,0,21.937,0,0,0,0,0
42,241,2.432,235.01,14646,0,0,0,0,0,0,21.229,0,0,0,72.134,0,0,0,0,0
42,241,2.432,235.01,14646,0.008333,0,0,0,0,0,0,0,0,0,0.072463,0,0,0,0,0
42,241,2.432,235.01,14646,0.022258,0,0,0.005239,0,1.3289,0,0,0,0,0.27752,0,0,0,0,0
42,241,2.432,235.01,14646,0.028282,0,0,0,0,0,0,0,0,0,0.61154,0,0,0,0,0
42,241,2.432,235.01,14646,16.463,0,0,0,0,0,0,0,0,0,2.6155,0,0,0,0,8.2253
42,241,2.432,235.01,14646,21.908,0,0,0,0,0.008333,0,0,0,0,0.072463,0,0,0,0,0
42,241,2.432,235.01,14646,0,0,0,0.0046195,0,0,0,0,0,0,9.002,0,0,0,0,0
42,241,2.432,235.01,14646,4.8827,0,0,0,0,0,0,0,0,0.27721,0.072463,0,0,0,0,0
42,241,2.432,235.01,14646,0,0,0,0,0,0,0.40452,0,0,0,0.072463,0,0,0,0,3.5251
42,241,2.432,235.01,14646,0.029409,0,0,0,0,0.013193,95.863,0,0,0,0.52366,0,0,0,0,0
42,241,2.432,235.01,14646,0,0,0,0.80154,0,0,0.67053,0,0,0,15.494,0,0,0,0,0
42,241,2.432,235.01,14646,2.6202,0,0,0,0,0,0,0,0,0,2.3252,0,0,0,0,0
42,241,2.432,235.01,14646,0,0,0,0,0,0,7.0358,3.2972,0,0,0.55863,0,0,0,0,0
42,241,2.432,235.01,14646,0,0,0,0,0,0,0,0,0,0,1.7269,0,0,0,0,0
42,241,2.432,235.01,14646,2.7947,0,0,0,0,0.5031,0,0,0,0,0.072463,0,0,0,0,0
42,241,2.432,235.01,14646,0.068683,0,0,0,0,0,27.275,0,0,0,0.97511,0,0,0,0,0
42,241,2.432,235.01,14646,0.030732,0,0,0,0,0,0.13028,0,0,0,22.138,0,0,0,0,0
42,241,2.432,235.01,14646,5.7936,0,0,0,0,0.003822,0,0,0,0,12.415,0,0,0,0,0
42,241,2.432,235.01,14646,0.011786,0,0,0,0,0.019973,0,0,0,0,0.072463,0,0,0,0,0
42,241,2.432,235.01,14646,0.008333,0,0,0,0,0,0,0,0,0,0.17023,0,0,0,0,0
42,241,2.432,235.01,14646,0,0,0,48.953,0,0,1.8779,0,0,0,0.072463,0,0,0,0,0
42,241,2.432,235.01,14646,0.23321,0,0,0,0,0,0,0,0,0,20.478,0,0,0,0,0
42,241,2.432,235.01,14646,0,0,0.025002,0.91497,0,0,0,0,0,0,27.869,0,0,0,0,0
42,241,2.432,235.01,14646,0,0,0,0,0,0,0,0,0,0,4.6401,0,0,0,0,0
42,241,2.432,235.01,14646,0.26973,0,0,0,0,0,0,0,0,0,0.21574,0,0,0,0,0.58752
42,241,2.432,235.01,14646,0,0,0,0,0,0.20459,14,0,0,0,71.252,0,0,0,0,0
42,241,2.432,235.01,14646,0.008333,0,0,0,0,0,0,0,0,0,13.171,0,0,0,0,3.5251
42,241,2.432,235.01,14646,0.38778,0,0,0.57901,0,0,28.381,0.25423,0,0,0.072463,0,0,0,0,0
42,241,2.432,235.01,14646,0,0,0,0,0.002868,0,0.13028,0,0,0,11.706,0,0,0,0,0
42,241,2.432,235.01,14646,0.001192,0,0,0,0,0,0,0,0,0,1.9351,0,0,0,0,5.8752
42,241,2.432,235.01,14646,0,0,0,0,0,0,0.13028,0,0,0,0.15843,0,0,0,0,0
42,241,2.432,235.01,14646,6.4993,0,0,0,0,0.017177,0,0,0,0,0.072463,0,0,0,0,0
42,241,2.432,235.01,14646,16.183,0,0,0,0,0,7.8874,0,0,0,2.3252,0,0,0,0,0
42,241,2.432,235.01,14646,0.004345,0,0,0,0,0.00829,25.723,0,0,0,0.072463,0,0,0,0,0
42,241,2.432,235.01,14646,0.024958,0,0,0,0,0.031993,0,0,0,0,0.072463,0,0,0,0,0
42,241,2.432,235.01,14646,2.4696,0,0,0,0,0.003416,0,0,0,8.5959,0.072463,0,0,0,0,0
42,241,2.432,235.01,14646,18.142,0,0,0.005239,0,0,0,0,0,0,0.17023,0,0,0,0,12.926
42,241,2.432,235.01,14646,0.0082878,0,0,0,0,0,0,50.88,0,1.7864,0.072463,0,0,0,0,0
42,241,2.432,235.01,14646,0.008335,0,0,0,0,0,0,0,0,0,41.799,0,0,0,0,0
42,241,2.432,235.01,14646,0.000133,0,0,0,0,0,0,0,0,0,0.072463,0,0,0,0,0
42,241,2.432,235.01,14646,0,0,0,0,0,0,0.13028,0,0,0,0.072463,0,0,0,0,0
42,241,2.432,235.01,14646,0.38778,0,0,0,0,0,0.60778,0,0,0,0.072463,0,0,0,0,0
42,241,2.432,235.01,14646,153.69,0,0,0,0,0,0,0,0,1.0167,5.2094,0,0,0,0,8.2253
42,241,2.432,235.01,14646,0,0,0,0,0,0,0.008333,0,0,1.164,3.4535,0,0,0,0,0
42,241,2.432,235.01,14646,0,0,0,0,0,0,0,0,0,0,0.13056,0,0,0,0,0
42,241,2.432,235.01,14646,7.3283,0,0,0,0,0,0,0,0,0,2.9142,0,0,0,0,0
42,241,2.432,235.01,14646,1.8048,0,0,0,0,0,0,0,0,0.8932,0.15166,0,0,0,0,27.026
42,241,2.432,235.01,14646,8.9388,0,0,0,0.008335,0,0,0,0,0,2.3219,0,0,0,0,0
42,241,2.432,235.01,14646,0.001236,0,0,6.3e-05,0,0.91214,0.13028,0,0,0,0.24115,0,0,0,0,0
42,241,2.432,235.01,14646,0.000133,0,0,0,21.172,0,0,0,0,0,0.13055,0,0,0,0,0
42,241,2.432,235.01,14646,0,0,0,0.001236,0,0,0,0,0,0,0.072463,0,0,0,0,43.477
42,241,2.432,235.01,14646,0.91889,0,0,1.7682,0,7.8e-05,0,0,0,1.5859,0.072463,0,0,0,0,0
42,241,2.432,235.01,14646,0.86799,0,0,0,6.1771,0,6.8486,0,0,0,0.072463,0,0,0,0,0
42,241,2.432,235.01,14646,0,0,0.00062,0.002011,0,0,0,0,0,0,0.072463,0,0,0,0,0
42,241,2.432,235.01,14646,0,0,0,0,38.274,0,0.002308,0,0,0,0.072463,0,0,0,0,0
42,241,2.432,235.01,14646,0.013843,0,0,0.46427,0,0,0,0,0,0,1.9064,0,0,0,0,0
42,241,2.432,235.01,14646,2.9934,0,0.83371,0,0,0,0,0,0,0,0.072463,0,0,0,0,0
42,241,2.432,235.01,14646,0.0076281,0,0,0,0,57.315,0,0,0,0,4.8911,0,0,0,0,0
42,241,2.432,235.01,14646,0.22492,0,0,0,0,0,0.67845,0,0,0,0.20249,0,0,0,0,0.58752
42,241,2.432,235.01,14646,0,0,0.008335,2.83,0,0,0,0,0,0,0.072463,0,0,0,0,5.8752
42,241,2.432,235.01,14646,4.3969,0,0,49.709,0,0,0.13028,0,0,0,0.43066,0,0,0,0,0
42,241,2.432,235.01,14646,0.091687,7.2575,0,0,0,0,0,0,0,0,7.1639,0,0,0,0,0
42,241,2.432,235.01,14646,10.296,0,0,0,0,0,0,0,0,0,4.148,0,0,0,0,0
42,241,2.432,235.01,14646,0,0,0,0.007102,0,0.0066034,0,0,0,0,0.072463,0,0,0,0,0
42,241,2.432,235.01,14646,0.49471,0,0,0,2.1375,0,0,0,0,0,0.072463,0,0,0,0,0
42,241,2.432,235.01,14646,18.873,0,0,0,0,0,0,0,0,0,0.11545,0,0,0,0,0
42,241,2.432,235.01,14646,0.51259,0,0,0,0,0.064736,0,0,0,0,1.0556,0,0,0,0,0
42,241,2.432,235.01,14646,0.008335,0,0,0,0,0,1.1738,0,0,0,1.3204,0,0,0,0,50.527
42,241,2.432,235.01,14646,0,0,0,0,0,0,0,0.24704,0,0,2.286,0,0,0,0,0
42,241,2.432,235.01,14646,0,0,0,0.36399,0,0,0,0,0,0,0.086791,0,0,0,0,0
42,241,2.432,235.01,14646,3.2815,0,0,0.0076281,0,0,0,0,0,0,15.494,0,0,0,0,3.5251
42,241,2.432,235.01,14646,0.008333,0,0,0,0,0,0,0,0,0,13.2,0,0,0,0,24.676
42,241,2.432,235.01,14646,0.008333,0,0,0,0,0,14.058,0,0,0,0.072463,0,0,0,0,0
42,241,2.432,235.01,14646,2.4696,0,0,0,0,0.10057,0,0,0,0,0.44804,0,0,0,0,0
42,241,2.432,235.01,14646,56.451,0,6.0893,0,0,0,0,0,0,0.056957,0.072463,0,0,0,0,0
42,241,2.432,235.01,14646,0.009734,0,0,0,0,0,0,0,0,0,0.072463,0,0,0,0,0
42,241,2.432,235.01,14646,0.87594,0,0,0.010671,0,0,11.811,0,0,0,1.8818,0,0,0,0,0
42,241,2.432,235.01,14646,0.008333,0,0,0,0,0,0.13028,0,0,0,1.7918,0,0,0,0,0
42,241,2.432,235.01,14646,0,0,0,0.81626,0,0,0,0.90078,0,0,3.4986,0,0,0,0,8.2253
42,241,2.432,235.01,14646,1.1111,0,0,0,0,0,0,0,0,0,0.072463,0,0,0,0,0
42,241,2.432,235.01,14646,0.008333,0,0,0,0,0,0,0,0,0,0.072463,0,0,0,0,0
42,241,2.432,235.01,14646,0.0083909,0,0,0,0,12.912,0,0,0,0,1.3043,0,0,0,0,0
42,241,2.432,235.01,14646,1.0599,0,0,0,0,0,0,0,0,0,4.729,0,0,0,0,0
42,241,2.432,235.01,14646,0.34854,0,0,0,0,0,0,0,0,0,0.25674,0,0,0,0,0
42,241,2.432,235.01,14646,1.207,0,0,0,2.3489,0,0,0,0,0,6.0336,0,0,0,0,0
42,241,2.432,235.01,14646,2.3242,0,0,0,0,0,0,0,0,0,12.415,0,0,0,0,0
42,241,2.432,235.01,14646,0,0,0,0,0,0,0,0,0,0,7.1646,0,0,0,0,0
42,241,2.432,235.01,14646,11.109,0,0,0,0,0,0,0,0,0,2.286,0,0,0,0,0
42,241,2.432,235.01,14646,2.5491,0,0,0,0,0,0.13028,0,0,8.0476,0.072463,0,0,0,0,0
42,241,2.432,235.01,14646,19.242,0,0,0,0,0,0,0,0,0,1.2711,0,0,0,0,0
42,241,2.432,235.01,14646,0.0098758,0,0,0,0,0,0,0,0,0,1.86,0,0,0,0,0
42,241,2.432,235.01,14646,0.0060235,0,0,0,0,0,0,0,0,0,37.719,0,0,0,0,0
42,241,2.432,235.01,14646,0,0,0,0,0,0,0,0,0,0,0.072463,0,0,0,0,0
42,241,2.432,235.01,14646,0.011562,0,0,0,0,0,0,0,0,0,0.56339,0,0,0,0,15.863
42,241,2.432,235.01,14646,0.023707,0,0,0.37819,0,0,0,0,0,0,4.9652,0,0,0,0,0
42,241,2.432,235.01,14646,0.039499,0,0,0,0,0.48988,0,0,0,0,14.187,0,0,0,0,17.626
42,241,2.432,235.01,14646,8.1e-05,0,0,0.002868,0,0,0,0,0,0,0.93212,0,0,0,0,0
42,241,2.432,235.01,14646,2.8658,0,0,0,0,12.912,14.172,0,0,0,0.13302,0,0,0,0,0
42,241,2.432,235.01,14646,0.48091,0,0,0,0,0,0,0,0,0,1.7329,0,0,0,0,0
42,241,2.432,235.01,14646,0,0,0,0.14535,0,0,0,0,0,0,31.522,0,0,0,0,0
42,241,2.432,235.01,14646,0.86632,0,0.0073651,0,0,0,0,0,0,21.917,0.072463,0,0,0,0,0
42,241,2.432,235.01,14646,0.023106,0,0,0,0,0,0,0,0,0,3.6687,0,0,0,0,0
42,241,2.432,235.01,14646,0.012549,0,0,0.0084255,0,0,49.932,0,0,0,0.072463,0,0,0,0,0
42,241,2.432,235.01,14646,0.21532,0,0,0,0.62725,0,18.495,0,0,0.39237,41.799,0,0,0,0,0
42,241,2.432,235.01,14646,0.00644,0,0,0,0,0,0,0,0,1.5079,0.072463,0,0,0,0,0
42,241,2.432,235.01,14646,0,0,0,0,0,0,0,0,0,5.7231,7.0787,0,0,0,0,5.8752
42,241,2.432,235.01,14646,9.1487,0,0,0.009488,0,0,0,0,0,13.788,0.13367,0,0,0,0,0
42,241,2.432,235.01,14646,19.915,0,0,0,0,0,4.9077,0,0,0,4.0802,0,0,0,0,0
42,241,2.432,235.01,14646,1.4112,0,0,0.018848,0,0.011048,0,0,0,0,4.8911,0,0,0,0,0
42,241,2.432,235.01,14646,0.000716,0,0,0,0,0,0,0,0,0,0.072463,0,0,0,0,0
42,241,2.432,235.01,14646,0,0,0,0,0,0,0,0,0,0,0.14008,0,0,0,0,0
42,241,2.432,235.01,14646,0.023662,0,0,0.65897,0,0,0,0,0,0,18.672,0,0,0,0,0
42,241,2.432,235.01,14646,1.0599,0,0,0,0,0,0,0,0,0,39.253,0,0,0,0,0
42,241,2.432,235.01,14646,0.011786,0,0,0,0.17751,0.38356,0,0,0,0,0.56339,0,0,0,0,5.8752
42,241,2.432,235.01,14646,5.0108,0,0,0.016666,0,0,0,0,0,0,0.072463,0,0,0,0,0
42,241,2.432,235.01,14646,2.0389,0,0,0,0,0,0,0,0,0,0.072463,0,0,0,0,0
42,241,2.432,235.01,14646,0,0,0,4.8836,0,0,0,0,0,0,1.7918,0,0,0,0,0
42,241,2.432,235.01,14646,6.9629,0,0,2.553,0,0,0,0,0,0,4.6,0,0,0,0,0
42,241,2.432,235.01,14646,0.048094,0,0,0.000739,0,0,0,0,0,0,2.4073,0,0,0,0,0
42,241,2.432,235.01,14646,47.753,0,1.1655,0.82767,0,0,0,0,0,0,1.0897,0,0,0,0,0
42,241,2.432,235.01,14646,0.22101,0,0,0,0,0,0,0,0,0.63421,18.07,0,0,0,0,0
42,241,2.432,235.01,14646,58.311,0,0,0,0,0,0,0,0,0,4.9652,0,0,0,0,0
42,241,2.432,235.01,14646,11.109,0,0,0,0,0,0,0,0,0,0.88605,0,0,0,0,0
42,241,2.432,235.01,14646,0.0085065,0,0,0,0,0,0,0,0,0,0.072463,0,0,0,0,8.2253
42,241,2.432,235.01,14646,74.929,0,0,0,0,0,0,0,0,0,0.086791,0,0,0,0,0
42,241,2.432,235.01,14646,3.8455,0,0,0,0,0,0,0,0,0,0.072463,0,0,0,0,3.5251
42,241,2.432,235.01,14646,0.010477,0,0,0,0,0,0,0,0,0,4.148,0,0,0,0,0
42,241,2.432,235.01,14646,0.008333,0,0,0,0,0.011754,0,0,0,0,0.072463,0,0,0,0,0
42,241,2.432,235.01,14646,0.13425,0,0,0,0,0.52518,0,0,0,0,11.144,0,0,0,0,0
42,241,2.432,235.01,14646,0.000133,0,0,0.090162,0,0,0.059897,0,0,0,0.072463,0,0,0,0,0
42,241,2.432,235.01,14646,6.5404,0,0,0.00835,0,0,0,0,0,0,0.072463,0,0,0,0,0
42,241,2.432,235.01,14646,0.0067817,0,0,12.611,0,0,0,0,0,0,0.072463,0,0,0,0,0
42,241,2.432,235.01,14646,0.001205,0,0,0,0,0,0,0,0,0,7.9623,0,0,0,0,0
42,241,2.432,235.01,14646,0.008333,0,0,0.81948,0,0,0.13028,0,0,0,13.437,0,0,0,0,0
42,241,2.432,235.01,14646,0,0,0,0,0,0,0,0,0,0,0.072463,0,0,0,0,0
42,241,2.432,235.01,14646,0,0,0.77735,4.2288,0,0,0.13028,0,0,1.2479,0.072463,0,0,0,0,5.8752
42,241,2.432,235.01,14646,0.0098758,0,0,0,0,0,0,0,0,0,3.2549,0,0,0,0,0
42,241,2.432,235.01,14646,0.003932,0,0,0.00888,0,0,0,0,0,0,9.3601,0,0,0,0,0
42,241,2.432,235.01,14646,3.5759,0,0,0,0,0,0,0.016668,0,0,94.85,0,0,0,0,5.8752
42,241,2.432,235.01,14646,0.008333,0,0,0.00524,0,0,0,0,0,10.481,8.9877,0,0,0,0,0
42,241,2.432,235.01,14646,0,0,1.2968,2.2146,0,0,0,0,0,0,2.4222,0,0,0,0,0
42,241,2.432,235.01,14646,0.16618,0,0,0,0,0,0,0,0,0,0.78303,0,0,0,0,0
42,241,2.432,235.01,14646,110.33,0,0,0.80154,0,0,0,0,0,0,0.072463,0,0,0,0,0
42,241,2.432,235.01,14646,0.022451,0,0,0,0,26.894,0.67053,0,0,0.4212,0.24539,0,0,0,0,0
42,241,2.432,235.01,14646,0.008333,0,0,0.00328,0,0,0,0,0,0,0.072463,0,0,0,0,0
42,241,2.432,235.01,14646,2.4901,0,0,50.121,0,0,0,0,0,0,0.13302,0,0,0,0,0
42,241,2.432,235.01,14646,2.3989,0,0,0,0,0,0,0,0,0,0.13922,0,0,0,0,0
42,241,2.432,235.01,14646,9.1994,0,0,0,0,2.8714,26.911,0,0,1.0834,1.5788,0,0,0,0,15.863
42,241,2.432,235.01,14646,0.008333,0,0,0.10545,0,0,0,0,0,0,0.072463,0,0,0,0,5.8752
42,241,2.432,235.01,14646,0.022876,0,0,0,0,0.003346,21.91,0,0,0,5.5792,0,0,0,0,0
42,241,2.432,235.01,14646,0.008333,0,0,0,0,0,0,0,0,0,0.52131,0,0,0,0,0
42,241,2.432,235.01,14646,0.007984,0,0,0,0,0,0,0,0,0,0.13054,0,0,0,0,0
42,241,2.432,235.01,14646,0.63403,0,0,0,0,0,0,0,0,0,0.072463,0,0,0,0,10.575
42,241,2.432,235.01,14646,0.6386,0,0,0.00524,0,0.027174,0,0,0,0,0.072463,0,0,0,0,0
42,241,2.432,235.01,14646,0.25148,0,0,0,0,0,0,0,0,1.1822,4.0802,0,0,0,0,8.2253
42,241,2.432,235.01,14646,0.002021,0,0,0,0.003465,0,0,0,0,0,3.5581,0,0,0,0,0
42,241,2.432,235.01,14646,0,0,0,0,0,0,0,0,0,0,0.14008,0,0,0,0,0
42,241,2.432,235.01,14646,0.002741,0,0,0,16.632,0,0,0,0,0,0.63867,0,0,0,0,0
42,241,2.432,235.01,14646,0.082061,0,0,0,0,0,0,0,0,0,5.7349,0,0,0,0,0
42,241,2.432,235.01,14646,0.039499,0,0,0,0,0,0,0,0,1.0834,8.755,0,0,0,0,5.8752
42,241,2.432,235.01,14646,0,0,0,0,0,4.0313,0,0,0,0,0.072463,0,0,0,0,0
42,241,2.432,235.01,14646,0.008333,0,0,0,0,0.015347,0,0,0,0,0.78678,0,0,0,0,3.5251
42,241,2.432,235.01,14646,0,0,4.6438,0,0,0,52.068,0,0,0,9.6608,0,0,0,0,0
42,241,2.432,235.01,14646,9.1994,0,0,0.80337,0,0,0,0,0,0,0.072463,0,0,0,0,0
42,241,2.432,235.01,14646,1.8751,0,0,11.362,0,0,0,0,0,0,0.072463,0,0,0,0,0
42,241,2.432,235.01,14646,0.60493,0,0,0.0081579,0,0,0.13028,0,0,0,0.072463,0,0,0,0,0
42,241,2.432,235.01,14646,0.17013,0,0,0,0.01575,0,0,0,0,0,5.101,0,0,0,0,0
42,241,2.432,235.01,14646,0.39761,0,0,0.050371,0,0,0,0,0,0,0.072463,0,0,0,0,0
42,241,2.432,235.01,14646,9.1994,0,0,0,0,0,0,0,0,0,1.3227,0,0,0,0,3.5251
42,241,2.432,235.01,14646,0.0065058,0,0,0,0,0,0,0,0,0,0.27222,0,0,0,0,0
42,241,2.432,235.01,14646,0,0,0,0,0,0,0,0,0,0,28.485,0,0,0,0,0
42,241,2.432,235.01,14646,0.004588,0,0,0,0,0,0.67845,7.5648,0,0,13.397,0,0,0,0,0
42,241,2.432,235.01,14646,1.8048,0,0,0,0,0,0,0,0,0,6.6447,0,0,0,0,0
42,241,2.432,235.01,14646,12.451,0,9.6005,0,0,0,0,0,0,0,12.207,0,0,0,0,0
42,241,2.432,235.01,14646,0,2.5744,0,0.00387,0,0,0,0,0,0,0.072463,0,0,0,0,12.926
42,241,2.432,235.01,14646,1.6487,0,0,0.008332,0,0,0,0,0,0,0.072463,0,0,0,0,0
42,241,2.432,235.01,14646,7.2891,0,0,0,0,0,0,0,0,0,1.0543,0,0,0,0,0
42,241,2.432,235.01,14646,0.022949,0,0,0,0.008333,0,0,0,0,0,12.122,0,0,0,0,0
42,241,2.432,235.01,14646,0.003355,0,0,0,0,0,0,0,0,0,2.2216,0,0,0,0,0
42,241,2.432,235.01,14646,0.13313,0,0,21.859,0,0,0.67053,0,0,0,0.56339,0,0,0,0,0
42,241,2.432,235.01,14646,0.87217,0,0,0,0,0,0,0,0,0,0.072463,0,0,0,0,8.2253
42,241,2.432,235.01,14646,0.11177,0,0,0,0,0,0,0,0,0,11.144,0,0,0,0,0
42,241,2.432,235.01,14646,0,0,0,0,0.63175,0,0,0,0,0,0.072463,0,0,0,0,0
42,241,2.432,235.01,14646,0,0,0,0,0,0,0,0,0,0,0.13679,0,0,0,0,0
42,241,2.432,235.01,14646,0.008333,0,0.17233,0,0.049843,0,0,0,0,0,14.135,0,0,0,0,0
42,241,2.432,235.01,14646,0.008333,0,0,0,0,0,0,0,0,0,7.5496,0,0,0,0,0
42,241,2.432,235.01,14646,1.0984,0,0,0,0,1.904,0,0,0,0,0.072463,0,0,0,0,0
42,241,2.432,235.01,14646,24.203,0,0.74347,0.0084665,0,0,0,0,0,0,0.072463,0,0,0,0,0
42,241,2.432,235.01,14646,0.059589,0,0,1.0323,0,0,0.60778,0,0,0,2.1586,0,0,0,0,0
42,241,2.432,235.01,14646,2.9214,0,0,3.2894,0,0,0,0,0,0,0.072463,0,0,0,0,0
42,241,2.432,235.01,14646,0.1008,0,0,0,0,0,0,0,0,8.4961,0.072463,0,0,0,0,0
42,241,2.432,235.01,14646,1.6334,0,0,38.12,0,0,0,0,0,0,0.13873,0,0,0,0,0
42,241,2.432,235.01,14646,0,0,0,0.010018,0,0,0,0,0,0,8.2588,0,0,0,0,0
42,241,2.432,235.01,14646,0,0,0,0,0,0,0,0,0,1.0167,0.072463,0,0,0,0,0
42,241,2.432,235.01,14646,0.73941,0,0,29.879,0,0,0,0,0,1.4449,0.072463,0,0,0,0,0
42,241,2.432,235.01,14646,0.35719,0,0,0,0.008333,0,0.059897,0,0,0,0.48881,0,0,0,0,3.5251
42,241,2.432,235.01,14646,0,0,0,0,0,0.008333,0.13028,0,0,0,3.9983,0,0,0,0,0
42,241,2.432,235.01,14646,0.26,0,0,0.58903,0,0,0,0,0,0,0.072463,0,0,0,0,0
42,241,2.432,235.01,14646,0.008333,0,0,0,0,0.007328,27.37,0,0,0,0.61154,0,0,0,0,0
42,241,2.432,235.01,14646,4.282,0,0,0,0,0,0,0,0,0,0.18601,0,0,0,0,0
42,241,2.432,235.01,14646,0.004588,0,0.003485,0,7.5878,0.008333,0,0,0,0.91947,0.072463,0,0,0,0,0
42,241,2.432,235.01,14646,4.2172,0,0,0,0,0.00824,0,0,0,1.0076,0.072463,0,0,0,0,0
42,241,2.432,235.01,14646,0,0,0,0,0,0,0.40452,0,0,0,0.072463,0,0,0,0,0
42,241,2.432,235.01,14646,0,0,0,0,0,1.4537,0,0,0,0,31.522,0,0,0,0,0
42,241,2.432,235.01,14646,0.000234,0,0,0,0,0,0,0,0,0,6.9122,0,0,0,0,29.376
42,241,2.432,235.01,14646,0.00062,0,0,0,0,0,0,0,0,0,0.072463,0,0,0,0,0
42,241,2.432,235.01,14646,1.0599,0,0,5.4197,0,0,0,0,0,0,2.1563,0,0,0,0,0
42,241,2.432,235.01,14646,0.023466,0,0,0,0,0,0,0,0,0,0.072463,0,0,0,0,0
42,241,2.432,235.01,14646,1.3736,0,0,0,0,0,0,0,0,0,4.3915,0,0,0,0,0
42,241,2.432,235.01,14646,0,0,0.009056,0.00644,0,0,0.13028,0,0,0,31.837,0,0,0,0,0
42,241,2.432,235.01,14646,1.5315,0,0,0,0,12.912,0,0,0,0,0.5196,0,0,0,0,0
42,241,2.432,235.01,14646,0.16847,0,0,0,0,0,0,0,0,0,0.072463,0,0,0,0,0
42,241,2.432,235.01,14646,1.8155,0,0,0.005239,0,0,0.42744,0,0,0,12.205,0,0,0,0,5.8752
42,241,2.432,235.01,14646,0.008333,0,0,0,0,0,0,0,0,0,0.072463,0,0,0,0,0
42,241,2.432,235.01,14646,0,0,0,0,0,0,0,0,0,0,5.1015,0,0,0,0,0
42,241,2.432,235.01,14646,1.5047,0,0,0,5.101,0,0,0,0,0,0.072463,0,0,0,0,0
42,241,2.432,235.01,14646,0.11955,0,0,5.9291,0,0,0,0,0,0,0.072463,0,0,0,0,8.2253
42,241,2.432,235.01,14646,0,0,0,0,0,0,11.181,0,0,0,0.072463,0,0,0,0,0
42,241,2.432,235.01,14646,0.92769,0,0,0.002068,0,0.000234,0,0,0,0,3.0821,0,0,0,0,0
42,241,2.432,235.01,14646,0,0,0,0,0,0,0,0,0,0,5.1452,0,0,0,0,0
42,241,2.432,235.01,14646,0,0,0,22.843,0,0,65.907,0,0,2.6253,2.1206,0,0,0,0,0
42,241,2.432,235.01,14646,0.010066,0,0,0,0,0,0,0,0,0,0.072463,0,0,0,0,0
42,241,2.432,235.01,14646,71.447,0,0,0,0,0,0,0,0,0,0.072463,0,0,0,0,0
42,241,2.432,235.01,14646,0,0,0,0.007984,0,0,0,0,0,0,0.072463,0,0,0,0,10.575
42,241,2.432,235.01,14646,0.87416,0,0,0,0,0,0,0,0,0,0.072463,0,0,0,0,0
42,241,2.432,235.01,14646,2.9214,0,0,0,0,0.070877,0,0,0,6.8425,0.12844,0,0,0,0,0
42,241,2.432,235.01,14646,0.01589,0,0,0,0.008333,0,0,0,0,0,10.466,0,0,0,0,0
42,241,2.432,235.01,14646,0.005202,0,0,0,0,0.13945,0,0,0,0,0.072463,0,0,0,0,0
42,241,2.432,235.01,14646,2.704,0,0,0,0,19.909,0.059897,0,0,0,10.052,0,0,0,0,0
42,241,2.432,235.01,14646,0,0,0,0,0,0,0,0,0,0,0.072463,0,0,0,0,0
42,241,2.432,235.01,14646,1.7792,0,0,0,0,0,0,0,0,0,0.072463,0,0,0,0,0.58752
42,241,2.432,235.01,14646,0,0,0,0,16.632,0,0,0,0,0,0.072463,0,0,0,0,0
42,241,2.432,235.01,14646,6.5404,0,0,0,0,0,0,0,0,0,2.4569,0,0,0,0,0
42,241,2.432,235.01,14646,0.005769,0,0,0,0,0,0,0,0,0,0.072463,0,0,0,0,0.58752
42,241,2.432,235.01,14646,12.169,0,0,0,0,0.027174,0,0,0,0.21027,0.072463,0,0,0,0,0
42,241,2.432,235.01,14646,16.345,0,0,0,0,0,0.13028,0,0,0,0.072463,0,0,0,0,0
42,241,2.432,235.01,14646,0,0,0,0,0,0,0.13028,0,0,0,0.072463,0,0,0,0,0
42,241,2.432,235.01,14646,0,0,0,0,0,0,0.008333,0,0,0,7.5422,0,0,0,0,8.2253
42,241,2.432,235.01,14646,0,0,0,0,2.0083,0,0,0,0,0,0.072463,0,0,0,0,0
42,241,2.432,235.01,14646,0,0,0,0,0,0.010107,44.482,0,0,0,2.9989,0,0,0,0,3.5251
42,241,2.432,235.01,14646,0.23491,0,0,0,0,0,0.10863,0,0,13.788,0.88914,0,0,0,0,10.575
42,241,2.432,235.01,14646,0,0,0,0.56872,0,0,0,0,0,0,0.072463,0,0,0,0,3.5251
42,241,2.432,235.01,14646,0.98352,0,0,0,0,0,0,50.88,0,0,0.086791,0,0,0,0,0
42,241,2.432,235.01,14646,0.12917,0,0,0,0,0,0.13028,0,0,0,59.62,0,0,0,0,0
42,241,2.432,235.01,14646,0.35962,0,0,0,0.82104,0.008333,0,0,0,0,9.3997,0,0,0,0,0
42,241,2.432,235.01,14646,0.1013,0,0,0.002344,0,4.8314,0,0,0,0,0.072463,0,0,0,0,0
42,241,2.432,235.01,14646,2.6806,0,0,0,0,0,0.002308,0,0,0,14.386,0,0,0,0,0
42,241,2.432,235.01,14646,0,0,0,0,0,0,0,0,0,0,6.1183,0,0,0,0,0.58752
42,241,2.432,235.01,14646,0.14191,0,0,0.00524,0,0,0.13028,0,0,0,0.11545,0,0,0,0,0
42,241,2.432,235.01,14646,0.0067502,0,0,0,0,0,0,0,0,0,0.97511,0,0,0,0,0
42,241,2.432,235.01,14646,2.6642,0,0,0,0,0,0,6.8037,0,0.21027,0.072463,0,0,0,0,0
42,241,2.432,235.01,14646,0,0,0,0,0,0,0,0,0,0,0.77377,0,0,0,0,0
42,241,2.432,235.01,14646,0,0,0,0,0,0,0,0,0,0,0.072463,0,0,0,0,0
42,241,2.432,235.01,14646,0.33816,0,0,0,30.457,0,16.762,0.11246,0,0,14.703,0,0,0,0,0
42,241,2.432,235.01,14646,0.38778,0,0,0.016669,0,0.008333,0,0,0,0,0.43625,0,0,0,0,0
42,241,2.432,235.01,14646,0.0067256,0,0,0,0.00524,0,0,0,0,0,1.7425,0,0,0,0,10.575
42,241,2.432,235.01,14646,0,0,0,0.00524,0,0,0,0,0,0,0.072463,0,0,0,0,0
42,241,2.432,235.01,14646,0,0,0,0,0,0,0,0,0,0,0.63695,0,0,0,0,0
42,241,2.432,235.01,14646,0.13425,0,0,0,0,0,8.5769,0,0,0,0.072463,0,0,0,0,0
42,241,2.432,235.01,14646,0.029409,0,0,0.00714,0,0,10.007,0,0,2.6253,27.424,0,0,0,0,0
42,241,2.432,235.01,14646,1.3876,0,0.002344,1.621,0,0,0.059897,0,0,0,0.072463,0,0,0,0,0
42,241,2.432,235.01,14646,0,0,0,0,0,0,0.67845,0,0,0,0.072463,0,0,0,0,0
42,241,2.432,235.01,14646,5.1262,0,0,0.18161,0,0.004588,0,0,0,0,0.77392,0,0,0,0,0
42,241,2.432,235.01,14646,9.7171,0,0,0,0,0,0,0,0,0,0.13649,0,0,0,0,5.8752
42,241,2.432,235.01,14646,0,0,0,0.002868,0,0,0,0,0,0,16.594,0,0,0,0,0
42,241,2.432,235.01,14646,0,0,0,0,0.2991,0,0.60778,0,0,0,11.987,0,0,0,0,0
42,241,2.432,235.01,14646,0.008335,0,0,0,0,0,0,0,0,0,1.4024,0,0,0,0,0
42,241,2.432,235.01,14646,8.5103,0,0,0,0,4.8314,0,0,0,0,0.072463,0,0,0,0,17.626
42,241,2.432,235.01,14646,0.015298,0,0,0,0,0,0,0,0,0,2.4191,0,0,0,0,0
42,241,2.432,235.01,14646,0.000716,0,0,0,0,0,2.6361,0,0,0,45.506,0,0,0,0,0
42,241,2.432,235.01,14646,21.908,0,0,0,0,0,0,0,0,0.40678,0.11545,0,0,0,0,0
42,241,2.432,235.01,14646,0.32107,0,0,0.15901,0,0,0,0,0,0,0.072463,0,0,0,0,0
42,241,2.432,235.01,14646,0,0,0,0,0,0,0,0,0,0,0.52131,0,0,0,0,0
42,241,2.432,235.01,14646,0.34854,0,0,0,0,0,6.0541,0,0,0,0.072463,0,0,0,0,0
42,241,2.432,235.01,14646,0,0,0,1.4052,19.726,0,0.13028,0,0,0,21.937,0,0,0,0,5.8752
42,241,2.432,235.01,14646,0,0,0,0,0,0,0,0,0,0,0.072463,0,0,0,0,0
42,241,2.432,235.01,14646,47.309,0,0,0.059141,0,0,8.7007,0,0,0,39.746,0,0,0,0,0
42,241,2.432,235.01,14646,0.051012,0,0,0,0.008333,0,0,0,0,0,0.072463,0,0,0,0,0
42,241,2.432,235.01,14646,0.0098758,0,0,0,0,0,0,0,0,0,33.814,0,0,0,0,38.777
42,241,2.432,235.01,14646,0,0,0,0,0,0,0.59876,0,0,0,7.7869,0,0,0,0,0
42,241,2.432,235.01,14646,11.025,0,0,0,0,0,0,0,0,0,0.33594,0,0,0,0,0
42,241,2.432,235.01,14646,0.6386,0,0,0.010671,0,0,70.564,0,0,0,0.38768,0,0,0,0,0.58752
42,241,2.432,235.01,14646,4.6396,0,0,0.17714,0,0,56.551,0,0,0,14.703,0,0,0,0,5.8752
42,241,2.432,235.01,14646,9.3082,0,0,0.001192,0,0,0,0,0,0,2.2216,0,0,0,0,12.926
42,241,2.432,235.01,14646,0.008333,0,0,0,0,1.5806,0.849,0,0,0.76342,1.0611,0,0,0,0,0
42,241,2.432,235.01,14646,2.5786,0,0,0,0,0,0.13028,0,0,0,0.072463,0,0,0,0,0
42,241,2.432,235.01,14646,0,0,0,10.8,0,0,0,0,0,0,2.4949,0,0,0,0,0
42,241,2.432,235.01,14646,2.4323,0,0,0.001436,0,0,0,0,0,0,2.139,0,0,0,0,0
42,241,2.432,235.01,14646,0.94437,0,0,0,0,0,0,0,0,0,2.8119,0,0,0,0,0
42,241,2.432,235.01,14646,0.008333,0,0,0,0,0,0.13028,0,0,0,4.3915,0,0,0,0,0
42,241,2.432,235.01,14646,11.956,0,0,0.054909,0,0,0,0,0,0,0.072463,0,0,0,0,0
42,241,2.432,235.01,14646,13.312,0,0,0,0,0,0,0,0,0,1.8617,0,0,0,0,0
42,241,2.432,235.01,14646,0.008333,0,0,3.8517,0,0,0.008333,0,0,0,0.13306,0,0,0,0,0
42,241,2.432,235.01,14646,0.8911,0.008335,0,0,0,0,0,0,0,0,0.13101,0,0,0,0,0
42,241,2.432,235.01,14646,0,0,0,0.013735,0,0,0,0,0,0,2.7374,0,0,0,0,3.5251
42,241,2.432,235.01,14646,2.8251,0,0.093085,0,0,52.76,0,0,0,0,3.896,0,0,0,0,0
42,241,2.432,235.01,14646,0.94437,0,0,0,0,5.0867,0.13028,0,0,0.4212,1.2647,0,0,0,0,0
42,241,2.432,235.01,14646,0.001669,0,0,0,0,0,0,0,0,0,0.072463,0,0,0,0,8.2253
42,241,2.432,235.01,14646,0.7905,0,0,0,0,0,3.8394,0,0,0,0.34469,0,0,0,0,0
42,241,2.432,235.01,14646,0.008333,0,0,0,0,0.15796,0,0,0,0.44575,0.072463,0,0,0,0,38.777
42,241,2.432,235.01,14646,7.4608,0,0,0.052701,0,0,0,0,0,0,5.8934,0,0,0,0,0
42,241,2.432,235.01,14646,0,0,0,4.5202,0.77402,0,0,0,0,0,3.8048,0,0,0,0,0
42,241,2.432,235.01,14646,0,0,0,0,0,0,0.67053,0,0,0,9.4141,0,0,0,0,0
42,241,2.432,235.01,14646,0,0,0,0,0,0,0,0,0,0,0.18601,0,0,0,0,0
42,241,2.432,235.01,14646,1.9656,0,0,0,0,0,0,0,0,0,9.0272,0,0,0,0,0
42,241,2.432,235.01,14646,3.1609,0,0,0,0,0,0,0,0,0,2.4191,0,0,0,0,0
42,241,2.432,235.01,14646,0,0,0,0,0,0,2.5567,0,0,0,2.3252,0,0,0,0,0.58752
42,241,2.432,235.01,14646,2.8901,0,0,0,0.0075693,0,34.997,0,0,0,2.1592,0,0,0,0,0
42,241,2.432,235.01,14646,3.8455,0,0,0.90354,0,0,0,34.561,0,0,1.3204,0,0,0,0,0
42,241,2.432,235.01,14646,0,0,0,0.0062156,0,0,0,0,0,0,0.44683,0,0,0,0,0
42,241,2.432,235.01,14646,0.48793,0,0,0,0,0,0.13028,0,0,0,13.16,0,0,0,0,17.626
42,241,2.432,235.01,14646,0.008333,0,0,0.016666,0,0,0,0,0,0,0.71652,0,0,0,0,0
42,241,2.432,235.01,14646,0,0,0.016178,0,0,0,0,0,0,0,3.2549,0,0,0,0,0
42,241,2.432,235.01,14646,0.57453,0,0,0,0,0,0.60778,0,0,0,2.9171,0,0,0,0,0
42,241,2.432,235.01,14646,3.9092,0,0,0.075413,0.000765,0.6675,0.13028,0,0,0,0.63867,0,0,0,0,0
42,241,2.432,235.01,14646,0.0088426,0,0,0.33154,0,0,15.435,0,0,0,0.1317,0,0,0,0,12.926
42,241,2.432,235.01,14646,0.11034,0,0,0.19414,0,0.0262,0,0,0,0,31.837,0,0,0,0,0
42,241,2.432,235.01,14646,1.8048,0,0,0,0,0,0,0,0,0,5.2552,0,0,0,0,0
42,241,2.432,235.01,14646,0.86917,0,0,0,0.0062156,0,0,0,0,0,2.4073,0,0,0,0,0
42,241,2.432,235.01,14646,0.000739,0,0,0,0,0,0,0,0,0,0.98417,0,0,0,0,0
42,241,2.432,235.01,14646,0.8911,0,0,0.000654,0,0,0,0,0,0.4212,0.24539,0,0,0,0,0
42,241,2.432,235.01,14646,0.034449,0,0,14.444,0,0.45657,0,0,0,0,0.072463,0,0,0,0,0.58752
42,241,2.432,235.01,14646,0,0,0,0,0,0,0,0,0,0,0.62815,0,0,0,0,5.8752
42,241,2.432,235.01,14646,3.5379,0,0,0,0,0,0,0,0,0,0.072463,0,0,0,0,0
42,241,2.432,235.01,14646,0.095736,0,0,0,0,0,0,0,0,0,0.44804,0,0,0,0,0
42,241,2.432,235.01,14646,3.0427,0,0,0,0,0,53.128,0,0,0,0.072463,0,0,0,0,0
42,241,2.432,235.01,14646,8.0139,0,0,0,0,0,0.13028,0,0,0,13.755,0,0,0,0,0
42,241,2.432,235.01,14646,0,0,0,0.60816,6.5176,0,0,0,0,0,0.072463,0,0,0,0,0
42,241,2.432,235.01,14646,0,0,0,76.088,0,26.894,0,0,0,0,0.77392,0,0,0,0,0
42,241,2.432,235.01,14646,0.000126,0,0,0.008341,0,0,0,0,0,1.1034,25.166,0,0,0,0,0
42,241,2.432,235.01,14646,2.6806,0,0,0,0,0,0.13028,0,0,0,0.072463,0,0,0,0,0
42,241,2.432,235.01,14646,6.4889,0,0,0,0,0.050064,0,0,0,0,0.072463,0,0,0,0,12.926
42,241,2.432,235.01,14646,0.57453,0,0,0.007148,0,0,0,0,0,0,0.072463,0,0,0,0,0
42,241,2.432,235.01,14646,0,0,0,0,0,0,0,0,0,0,0.35299,0,0,0,0,5.8752
42,241,2.432,235.01,14646,0.010625,0,0,0,0,0,0,0,0,0,21.808,0,0,0,0,0
42,241,2.432,235.01,14646,0,0,0,0,0,16.14,0,0,0,0,0.072463,0,0,0,0,0
42,241,2.432,235.01,14646,1.3209,0,0,0,0,0,0,0,0,0,4.3915,0,0,0,0,0
42,241,2.432,235.01,14646,0.18877,0,0,0,0,0,0,0,0,0,0.13158,0,0,0,0,0
42,241,2.432,235.01,14646,0.0071766,0,0,2.3327,0,0,4.9077,0,0,0,0.072463,0,0,0,0,3.5251
42,241,2.432,235.01,14646,0.021904,0,0,0,0,0,0,0.94079,0,0,0.072463,0,0,0,0,19.976
42,241,2.432,235.01,14646,0,0,0,0,0,0.11168,0,0,0,0,1.9064,0,0,0,0,15.863
42,241,2.432,235.01,14646,0.20346,0,0,0,0,0,0,0,0,0,0.48889,0,0,0,0,0
42,241,2.432,235.01,14646,0,0,0,0,0,0,0,0,0,0,5.2552,0,0,0,0,3.5251
42,241,2.432,235.01,14646,0.2446,0,0,0,0,0.008333,15.64,0,0,0.27721,0.35902,0,0,0,0,0
42,241,2.432,235.01,14646,3.238,0,0,0.00644,0,0,0,0,0,0,12.205,0,0,0,0,0
42,241,2.432,235.01,14646,1.567,0,0,0.050371,2.7356,0.31205,0.10863,0,0,0,0.5196,0,0,0,0,0
42,241,2.432,235.01,14646,0.008333,0,0,0,0,0.0035115,0,0,0,0,0.61154,0,0,0,0,0
42,241,2.432,235.01,14646,0.008333,0,0,0,0,0,0,0,0,0,0.072463,0,0,0,0,0
42,241,2.432,235.01,14646,0.46388,0,0,82.818,0,0,0,0,0,0,0.33796,0,0,0,0,0
42,241,2.432,235.01,14646,0.008333,0,0,0,0,1.0944,0.021726,0,0,0.39237,1.1456,0,0,0,0,3.5251
42,241,2.432,235.01,14646,0,0,0,2.956,0,0.008333,0,0,0,0,7.2936,0,0,0,0,34.076
42,241,2.432,235.01,14646,0.86632,0,0,0,0,0,0,0,0,0,0.072463,0,0,0,0,0
42,241,2.432,235.01,14646,0.032932,0,0,0,0,0,0,0,0,0,0.072463,0,0,0,0,0
42,241,2.432,235.01,14646,0.011786,0,0,17.791,0,0,0,0,0,0,0.37335,0,0,0,0,0
42,241,2.432,235.01,14646,0.87552,0,0,0,0,0,0,0,0,0,8.2332,0,0,0,0,0
42,241,2.432,235.01,14646,0.004588,0,0,0,0,0,0,0,0,0,6.8926,0,0,0,0,0
42,241,2.432,235.01,14646,2.3671,0,0,0,0,0,0,0,0,0,0.072463,0,0,0,0,0
42,241,2.432,235.01,14646,0.022451,0,0,0,0,0,0,0,0,0,1.2711,0,0,0,0,0
42,241,2.432,235.01,14646,0.010201,0,0,16.409,0,0,0,0,0,0,0.072463,0,0,0,0,0
42,241,2.432,235.01,14646,0.80876,0,0,0.41957,0,0,0,0,0,0,0.072463,0,0,0,0,0
42,241,2.432,235.01,14646,0.11699,0,1.1158,0,0,0,0.13028,0,0,0,41.799,0,0,0,0,0
42,241,2.432,235.01,14646,0.88581,0,0,0,0,0,0,0,0,0,0.43625,0,0,0,0,0
42,241,2.432,235.01,14646,0.000234,0,0,1.5483,0,0,16.762,0,0,0,0.78678,0,0,0,0,0
42,241,2.432,235.01,14646,0.038753,0,7.2077,0,0,0.033266,0,0,0,36.785,0.96078,0,0,0,0,0
42,241,2.432,235.01,14646,0,0,0,0,0,0,0,0,0,0,0.13615,0,0,0,0,0
42,241,2.432,235.01,14646,0.000234,0,0,9.6527,0,0,0,0,0,0.39237,0.88605,0,0,0,0,0
42,241,2.432,235.01,14646,0.14834,0,0,2.7429,0.14134,0,0,0,0,0,16.977,0,0,0,0,5.8752
42,241,2.432,235.01,14646,0.0082878,0,0,0.41346,0,0,0,0,0,0,0.49027,0,0,0,0,0
42,241,2.432,235.01,14646,0.87594,0,0.009056,0,0,0,0.13028,0,0,0,0.072463,0,0,0,0,0
42,241,2.432,235.01,14646,6.3e-05,0,0,0,4.3564,0.0098678,0,0,0,0,3.4411,0,0,0,0,0
42,241,2.432,235.01,14646,0,0,0,0,0,0,0,0,0,1.1034,5.955,0,0,0,0,0
42,241,2.432,235.01,14646,0,0,0,0,0,0,0,0,0,0,0.072463,0,0,0,0,12.926
42,241,2.432,235.01,14646,0,0,0,0.0046195,0,0,0,0,3.5555,0,4.2705,0,0,0,0,3.5251
42,241,2.432,235.01,14646,0.48793,0,0,0.040531,0,0,0,0,0,0,4.8911,0,0,0,0,0
42,241,2.432,235.01,14646,2.5786,0,37.669,0,0,0,0,0,0,0,0.072463,0,0,0,0,5.8752
42,241,2.432,235.01,14646,0.69405,0,0,0,0,0,0,0,0,0,0.072463,0,0,0,0,0
42,241,2.432,235.01,14646,0.005239,0,0,0,0,0.0060235,0,0,0,0,0.14411,0,0,0,0,0
42,241,2.432,235.01,14646,110.33,0,0.20118,0,0.008333,0,0,0,0,0,0.072463,0,0,0,0,0
42,241,2.432,235.01,14646,0.008333,0,0,0.48691,0,0,53.128,0,0,21.917,0.78303,0,0,0,0,0
42,241,2.432,235.01,14646,0.21532,0,0,0,0,0,0,0,0,0,0.072463,0,0,0,0,0
42,241,2.432,235.01,14646,2.3211,0,0,0.81948,0,0.0014155,0,0,0,0,0.072463,0,0,0,0,0
42,241,2.432,235.01,14646,0.0094073,0,0,7.1451,6.8758,0,0,0,0,0,0.072463,0,0,0,0,0
42,241,2.432,235.01,14646,0,0,0,0,0,0,0.60778,0,0,0,3.2514,0,0,0,0,0
42,241,2.432,235.01,14646,0,0,0,0.5226,0,0,0,0,0,0,0.94042,0,0,0,0,0
42,241,2.432,235.01,14646,52.503,0,0,0.000654,0,0,0,0,0,0,5.8934,0,0,0,0,0
42,241,2.432,235.01,14646,0.000234,0,0,0.00524,0,0,0.13028,0,0,0,0.1331,0,0,0,0,0
42,241,2.432,235.01,14646,0.024958,0,0,0,0,0,25.567,0,0,0,0.072463,0,0,0,0,0
42,241,2.432,235.01,14646,0.21532,0,0,5.2485,0.000739,0,0,0,0,0,0.072463,0,0,0,0,0
42,241,2.432,235.01,14646,37.308,0,0,0.003309,0,0.59282,0,0,0,0,0.072463,0,0,0,0,0
42,241,2.432,235.01,14646,0.0067817,0,0,0,0,0.0062716,0,0,0,0,1.2482,0,0,0,0,0
42,241,2.432,235.01,14646,0.009774,0,0.003932,0.030827,0.016527,0,0,0,0,0,1.0611,0,0,0,0,5.8752
42,241,2.432,235.01,14646,0.008333,0,0,0,0.009701,0,0,0,0,0,0.072463,0,0,0,0,0
42,241,2.432,235.01,14646,0,0,0,0,0,0,0,0,0,0,5.5926,0,0,0,0,0
42,241,2.432,235.01,14646,5.4973,0,0,0,0,0,0,0,0,0,0.072463,0,0,0,0,0
42,241,2.432,235.01,14646,0,0,0,0,0,0,0,3.5017,0,0,0.072463,0,0,0,0,0
42,241,2.432,235.01,14646,0,0,0,0,0,0,0,0,0,0,2.1563,0,0,0,0,0
42,241,2.432,235.01,14646,58.311,0,0,0,0,0,0,1.7837,0,0,5.3297,0,0,0,0,0
42,241,2.432,235.01,14646,0.009774,0,0,0,0,0,0,0,0,0,0.072463,0,0,0,0,0
42,241,2.432,235.01,14646,0,0,0,0,0,0,0,0,0,0,0.072463,0,0,0,0,0
42,241,2.432,235.01,14646,0.0083909,0,0,4.2857,0,0.12321,0,0,0,0,2.0425,0,0,0,0,0
42,241,2.432,235.01,14646,8.0139,0,0,0,0,0,0.10863,0,0,0,0.56339,0,0,0,0,0
42,241,2.432,235.01,14646,1.8048,0,0,0,0,0,0,0,0,0,0.21272,0,0,0,0,17.626
42,241,2.432,235.01,14646,0.11533,0,0,0,1.0295,0,0.13028,0.025062,0,0,1.2836,0,0,0,0,0
42,241,2.432,235.01,14646,4.5496,0,0,0,0,0,130.32,0,0,0.18086,0.35299,0,0,0,0,0
42,241,2.432,235.01,14646,0.63403,0,0,0,0,0,0,0,0,0,4.6719,0,0,0,0,0.58752
42,241,2.432,235.01,14646,1.4473,0,0,0.21471,0.059545,0,0,0,0,0,0.072463,0,0,0,0,0
42,241,2.432,235.01,14646,0,0,0,0,0,0,0,0,0,0,0.13302,0,0,0,0,0
42,241,2.432,235.01,14646,5.6876,0,0,0,0,0,0,0,0,0,0.072463,0,0,0,0,0
42,241,2.432,235.01,14646,0.008333,0,0.009056,0,0,0,0,0,0,0,0.072463,0,0,0,0,24.676
42,241,2.432,235.01,14646,0.30203,0,0,0,0,0.00052,0,0,0,0,9.3997,0,0,0,0,0
42,241,2.432,235.01,14646,0.22492,0,0,0.008321,0,0,13.371,0,0,0,16.495,0,0,0,0,0.58752
42,241,2.432,235.01,14646,10.449,0,0,0,0,0,0,0,0,0,0.072463,0,0,0,0,5.8752
42,241,2.432,235.01,14646,0.000234,0,0,0,0,0,0,0,0,0,3.4411,0,0,0,0,0
42,241,2.432,235.01,14646,0,0,0,0,6.2382,0,0,0,0,0,0.23007,0,0,0,0,0
42,241,2.432,235.01,14646,0.22343,0,0.003173,10.01,0,0,0,0,0,0,0.13863,0,0,0,0,0
42,241,2.432,235.01,14646,0.00247,0,0,0,0,0.008333,52.068,0,0,0,6.4637,0,0,0,0,0
42,241,2.432,235.01,14646,0.018174,0,0,0,0,0,0,0,0,0,6.1348,0,0,0,0,0
42,241,2.432,235.01,14646,1.8491,0,0,0,0,0,0,0,0,0,0.072463,0,0,0,0,0
42,241,2.432,235.01,14646,0.008333,0,0,0.021881,0,0,0.86518,0,0,0,0.94482,0,0,0,0,0
42,241,2.432,235.01,14646,8.9388,0,0,0.34375,0,0,0.13028,0,0,0,0.086791,0,0,0,0,19.976
42,241,2.432,235.01,14646,0,0,0,0,0,0,27.146,0,0,0,0.13615,0,0,0,0,0
42,241,2.432,235.01,14646,0.32107,0,0.008332,0,0,0,0,0,0,0,1.1327,0,0,0,0,0
42,241,2.432,235.01,14646,0.008333,0,2.6293,0,0,0,0,0,0,0,0.15843,0,0,0,0,0
42,241,2.432,235.01,14646,0.000716,0,0,0,0,0,0,0,0,0,0.072463,0,0,0,0,0
42,241,2.432,235.01,14646,0.005202,0,0,0,0,0,0,0,0,0,0.13649,0,0,0,0,0
42,241,2.432,235.01,14646,0.6386,0,0,0.89655,0,0,0,0,0,0,0.13056,0,0,0,0,8.2253
42,241,2.432,235.01,14646,0,0,0,0.00397,0,0,0,0,0,0,3.0356,0,0,0,0,0
42,241,2.432,235.01,14646,0.00524,0,0,0.003821,0,0,0,0,0,0.76777,1.1196,0,0,0,0,0
42,241,2.432,235.01,14646,13.312,0,0,0.00387,0,0.00644,0,0,0,0,0.88276,0,0,0,0,0
42,241,2.432,235.01,14646,0,0,0,0,0,0,134.47,0,0,0,4.3421,0,0,0,0,5.8752
42,241,2.432,235.01,14646,0,0,0,0,10.662,0,0,0,0,0,0.072463,0,0,0,0,0
42,241,2.432,235.01,14646,0.008333,0,0,0,0,0,0,0,0,0,1.6629,0,0,0,0,0
42,241,2.432,235.01,14646,0.48091,0,0,0,0,0,0,0,0,0,0.072463,0,0,0,0,0
42,241,2.432,235.01,14646,3.3972,0,0,0.016666,21.172,0.0085488,0.40452,0,0,0,7.1639,0,0,0,0,0
42,241,2.432,235.01,14646,0.023969,0,0,0,0,0,0,0,0,0,0.086791,0,0,0,0,0
43,242,1,632.7,39430,3.2644,0,0,0,0,0,0,0,0,0,0.27752,0,0,0,0,0
45,244,2.582,500.22,31173,11.956,0,0,0,0,0,0,0,0,0,59.09,0,0,0,0,0
45,244,2.582,500.22,31173,0.0088426,0,0,10.076,0,0.042212,0,0,0,0,0.072463,0,0,0,0,0
45,244,2.582,500.22,31173,0.013574,0,0,0,0.17357,0,0,0,0,0,2.4191,0,0,0,0,17.508
45,244,2.582,500.22,31173,0,0,0,0,0,1.4537,130.32,0,0,1.0834,0.072463,0,0,0,0,0
45,244,2.582,500.22,31173,0.008333,0,0,0,0.39943,4.0313,0,0,0,0,5.3297,0,0,0,0,12.505
45,244,2.582,500.22,31173,0.003295,0,0,0,0,0,0,0,0,0,0.13615,0,0,0,0,0
45,244,2.582,500.22,31173,0.008333,0,0,0,0,0,0,0,0,0,1.1327,0,0,0,0,7.5033
45,244,2.582,500.22,31173,0.16847,0,0,0,0,0,0,0,0,0,0.072463,0,0,0,0,1.2505
45,244,2.582,500.22,31173,3.9092,0,0,3.7111,0,0,0,0,0,0,0.13367,0,0,0,0,0
45,244,2.582,500.22,31173,2.7457,0,0,1.7639,0,0,0,0,0,0.056957,0.072463,0,0,0,0,0
45,244,2.582,500.22,31173,0.060639,0,0,2.1238,0,0,0,0,0,0,13.397,0,0,0,0,27.512
45,244,2.582,500.22,31173,0.003465,0,0,0,0.13394,0,34.997,0,0,0,2.9188,0,0,0,0,0
45,244,2.582,500.22,31173,0.73941,0,0,0,0,0,44.97,0,0,0,0.13302,0,0,0,0,0
45,244,2.582,500.22,31173,0,0,0,1.2559,0,0,0,0,0,0,0.072463,0,0,0,0,0
45,244,2.582,500.22,31173,0,0,0.0067256,0,0,0,0,0,0,0,3.3687,0,0,0,0,0
45,244,2.582,500.22,31173,0.008335,0,0,0,0,0,0,0,0,0,3.0821,0,0,0,0,0
45,244,2.582,500.22,31173,3.6191,0,0,0,0,0,13.042,0,0,0,0.072463,0,0,0,0,0
45,244,2.582,500.22,31173,0.012549,0,0,0,0,0,0,0,0,3.8254,18.395,0,0,0,0,0
45,244,2.582,500.22,31173,0.01467,0,0,5.2119,0,0,0,0,0,55.455,0.086791,0,0,0,0,0
45,244,2.582,500.22,31173,2.1028,0,0,0.008332,0,0,0,0,0,0,1.2644,0,0,0,0,12.505
45,244,2.582,500.22,31173,0.008333,0,0,0,0,0.008332,0,0,0,6.8425,4.2991,0,0,0,0,27.512
45,244,2.582,500.22,31173,53.739,0,0,0.78941,0,0,0,0,0,0,0.072463,0,0,0,0,0
45,244,2.582,500.22,31173,0.046516,0,0,0.013588,0,0.030964,0.59876,0,0,0,4.6401,0,0,0,0,0
45,244,2.582,500.22,31173,0,0,0,0,0,0,0,0,0,0.63421,1.1524,0,0,0,0,0
45,244,2.582,500.22,31173,0.008333,0,0,0,0,0,0.13028,0,0,0,1.2836,0,0,0,0,0
45,244,2.582,500.22,31173,0.008333,0,0,0,0,0,0,0,0,0,5.7349,0,0,0,0,0
45,244,2.582,500.22,31173,0.17916,0,177.14,0,0,0,11.811,0,0,0,0.402,0,0,0,0,0
45,244,2.582,500.22,31173,0.0082878,0,0,0.00524,0,0,0,5.3756,0,0,11.144,0,0,0,0,0
45,244,2.582,500.22,31173,0,0,0,0,0.11281,0,0,0,0,0,0.37335,0,0,0,0,1.2505
45,244,2.582,500.22,31173,0.0035385,0,0,0.084243,0,0.003932,0,0,0,0,9.3997,0,0,0,0,7.5033
45,244,2.582,500.22,31173,0.008333,0,0,0,0,0,0,0,0,0,0.37335,0,0,0,0,12.505
45,244,2.582,500.22,31173,0.034449,0,0,0,0,2.8714,0,0,0,0,0.072463,0,0,0,0,0
45,244,2.582,500.22,31173,10.572,0,0,0,0,0,0.60778,0,0,0,0.13225,0,0,0,0,0
45,244,2.582,500.22,31173,0.0011005,0,0,0,0,0,0,0,0,0,0.13394,0,0,0,0,17.508
45,244,2.582,500.22,31173,0,0,0,3.4476,0,0,0,0,0,0,2.1163,0,0,0,0,1.2505
45,244,2.582,500.22,31173,0,0,0.008333,1.7682,0,0,0,0,0,0,1.5788,0,0,0,0,0
45,244,2.582,500.22,31173,75.047,0,0,0,0,0,0,0,0,0,13.437,0,0,0,0,0
45,244,2.582,500.22,31173,0.012549,0,0,0,0,0,0.13028,0,0,0,0.072463,0,0,0,0,22.51
45,244,2.582,500.22,31173,0.0035385,0,0,0,0,0,0,0,0,0,0.072463,0,0,0,0,0
45,244,2.582,500.22,31173,4.9225,0,0,0,0,0,0,0,0,0,0.072463,0,0,0,0,0
45,244,2.582,500.22,31173,0.008333,0,0,1.2559,0,0,0,0,0,0,0.48889,0,0,0,0,0
45,244,2.582,500.22,31173,0,0,0,0,0,0,7.8874,0,0,0,0.78303,0,0,0,0,0
45,244,2.582,500.22,31173,0.43773,0,0,0,0,0.008333,0,0,0,1.0167,0.13615,0,0,0,0,0
45,244,2.582,500.22,31173,0,0,0,0,0,0,0,0,0,0,0.072463,0,0,0,0,0
45,244,2.582,500.22,31173,0.012549,0,0,0,0,0,0,0,0,0.68445,37.282,0,0,0,0,0
45,244,2.582,500.22,31173,10.183,0,0.079551,0,0,0,0,0,0,0,0.072463,0,0,0,0,0
45,244,2.582,500.22,31173,0.008333,0,0.000765,82.818,0,0,0,0,0,0,9.0272,0,0,0,0,47.521
45,244,2.582,500.22,31173,0.009734,0,0,0.003416,0,0,0,0,0,0.76777,0.072463,0,0,0,0,0
45,244,2.582,500.22,31173,7.4608,0,0,0,0,0,0,0,0,0,0.072463,0,0,0,0,0
45,244,2.582,500.22,31173,0,0,0,0,0,0,0,0,0,0,3.1286,0,0,0,0,0
45,244,2.582,500.22,31173,0,0,0,1.2666,0,0,0,0,0,0,0.072463,0,0,0,0,0
45,244,2.582,500.22,31173,2.8901,0,0,10.645,0,0,0,0,0,0,0.13056,0,0,0,0,0
45,244,2.582,500.22,31173,2.5786,0,0.37922,0,0,0,0,0,0,3.4087,0.086791,0,0,0,0,0
45,244,2.582,500.22,31173,0.32593,0,0,0,0,0,0.60778,0,0,0,8.9877,0,0,0,0,0
45,244,2.582,500.22,31173,0.87488,0,0,0,0,0,0,0,0,0,5.8591,0,0,0,0,0
45,244,2.582,500.22,31173,0.86602,0,0,0.023383,0,0,0,0,0,0,0.072463,0,0,0,0,0
45,244,2.582,500.22,31173,0,0,0,0,0,0,0,0,0,0,13.16,0,0,0,0,0
45,244,2.582,500.22,31173,0.004143,0,0,0.016666,0,0.011754,0,0,0,0,1.4024,0,0,0,0,0
45,244,2.582,500.22,31173,0.010477,0,0,0,0,0,0.13028,0,0,0,1.6706,0,0,0,0,0
45,244,2.582,500.22,31173,8.9388,0,0.008335,0,0,0,0,0,0,0,0.072463,0,0,0,0,0
45,244,2.582,500.22,31173,0.10639,0,0.079551,23.15,0,0,0,0,0,0,0.13367,0,0,0,0,0
45,244,2.582,500.22,31173,0.008333,0,0,0.002344,0,0,0,0,0,0,5.955,0,0,0,0,0
45,244,2.582,500.22,31173,11.703,0,0,0.18161,1.3537,0,0,0,0,0,0.072463,0,0,0,0,42.519
45,244,2.582,500.22,31173,0,0,0,0,0.008333,0,0.67053,0,0,0,0.072463,0,0,0,0,0
45,244,2.582,500.22,31173,10.449,0,0,0,0,0,0,0,0,1.2479,2.1586,0,0,0,0,0
45,244,2.582,500.22,31173,0.10918,0,0,0,0.00524,0,0,0,0,0,0.14008,0,0,0,0,17.508
45,244,2.582,500.22,31173,0.016278,0,0,0,0.021258,0,26.614,0,0,0,1.5078,0,0,0,0,0
45,244,2.582,500.22,31173,1.8992,0,0,0,0,0,0.13028,0,0,0,1.7918,0,0,0,0,0
45,244,2.582,500.22,31173,0,0,0,0,0,0,0,0,0,0,0.072463,0,0,0,0,0
45,244,2.582,500.22,31173,4.0286,0,0,0,0,0,0,0,0,0,0.072463,0,0,0,0,475.21
45,244,2.582,500.22,31173,0,0,0,0.34375,0,0,0,0,0,0.68445,0.072463,0,0,0,0,12.505
45,244,2.582,500.22,31173,0,0,0,0,0,0,0,0,0,0,10.802,0,0,0,0,0
45,244,2.582,500.22,31173,0.94437,0,0,0,0,0,0,0,0,0,0.072463,0,0,0,0,0
45,244,2.582,500.22,31173,0,0,0,0,0,0,0,0,0,0,2.0951,0,0,0,0,0
45,244,2.582,500.22,31173,4.3548,0,0,0,0,0.008333,0,0,0,0,13.397,0,0,0,0,0
45,244,2.582,500.22,31173,0.007102,0,0,0,0,0,0,0,0,1.0139,0.072463,0,0,0,0,0
45,244,2.582,500.22,31173,0,0,0,0,0,0,0,0,0,0,0.072463,0,0,0,0,0
45,244,2.582,500.22,31173,337.6,0,0,0,0,0.0081579,0,0,0,0,0.072463,0,0,0,0,0
45,244,2.582,500.22,31173,4.2437,0,0,1.0323,0,0,0.093171,0,0,0,0.12949,0,0,0,0,0
45,244,2.582,500.22,31173,3.3592,0,0,4.1126,0,0,0.13028,0,0,0,0.8268,0,0,0,0,0
45,244,2.582,500.22,31173,0.97362,0,0,0,0,0,20.859,0,0,0,0.72803,0,0,0,0,0
45,244,2.582,500.22,31173,0.003416,0,0,0,0,0,13.042,0,0,0,0.31809,0,0,0,0,0
45,244,2.582,500.22,31173,0,0,0,0,0,0.010558,454.11,0,0,0,0.35299,0,0,0,0,0
45,244,2.582,500.22,31173,0.026793,0,0,0,0,0.000172,0,0,0,0,20.824,0,0,0,0,7.5033
45,244,2.582,500.22,31173,8.2225,0,0,0.033498,0,0,0,0,0,0.27721,4.1702,0,0,0,0,0
45,244,2.582,500.22,31173,0.86948,0,0,0.36399,16.949,0,0,0,0,0,0.072463,0,0,0,0,22.51
45,244,2.582,500.22,31173,0,0,0,6.4365,0,0,0,0,0,0,2.457,0,0,0,0,12.505
45,244,2.582,500.22,31173,0,0,0,0.002784,0.008332,0,0,0,0,0,25.166,0,0,0,0,0
45,244,2.582,500.22,31173,0.90055,0,0,0,0.009701,0,0,0,0,0,0.086791,0,0,0,0,0
45,244,2.582,500.22,31173,0.023969,0,0,0,0,0,0,0,0,0,0.15843,0,0,0,0,0
45,244,2.582,500.22,31173,0,0,0,0,0,0,0,0,0,0,0.072463,0,0,0,0,0
45,244,2.582,500.22,31173,0,0,0,0,0,0,0,0,0,0,0.072463,0,0,0,0,0
45,244,2.582,500.22,31173,0.088516,0,0,0,0.00644,0,0,0,0,0,37.282,0,0,0,0,0
45,244,2.582,500.22,31173,0,0,0,0,0,0.686,0,0,0,0,0.94645,0,0,0,0,7.5033
45,244,2.582,500.22,31173,2.7457,0,0,0.00315,0,0.005202,0.13028,0,0,0,0.072463,0,0,0,0,0
45,244,2.582,500.22,31173,0.28433,0,0,0.10195,0,0,0,0,0,0,0.072463,0,0,0,0,0
45,244,2.582,500.22,31173,7.1037,0,0,0.016666,0.0024775,0,0.13028,0,0,0,4.3915,0,0,0,0,7.5033
45,244,2.582,500.22,31173,0.15723,0,0,0,0,0.000716,0.008333,0,0,0,0.072463,0,0,0,0,0
45,244,2.582,500.22,31173,0.49471,0,0,0,0,0.003355,0,0,0,0,3.6491,0,0,0,0,0
45,244,2.582,500.22,31173,0.068683,0,0,0,0,0,0,0,0,0,0.072463,0,0,0,0,12.505
45,244,2.582,500.22,31173,0.008333,0,0,0,10.662,0,0,0,0,0,0.13394,0,0,0,0,27.512
45,244,2.582,500.22,31173,8.9388,0,0,0,0,0,0,0,0,3.8254,2.1563,0,0,0,0,0
45,244,2.582,500.22,31173,0.058812,0,0,8.8555,0,0.000654,0.68719,0,0,0,7.7869,0,0,0,0,0
45,244,2.582,500.22,31173,0.098957,0,0.22319,72.364,0,0,0,0,0,0,0.072463,0,0,0,0,0
45,244,2.582,500.22,31173,0,0,0,0,0,0,0,0,0,0,0.13146,0,0,0,0,12.505
45,244,2.582,500.22,31173,1.8682,0,0,0,0,0,0,0,0,0,24.623,0,0,0,0,0
45,244,2.582,500.22,31173,1.2266,0,0,0,0,4.5782,0,0,0,0,0.37335,0,0,0,0,0
45,244,2.582,500.22,31173,0,0,0,0.80208,0,0.015347,0,0,0,0,9.2639,0,0,0,0,22.51
45,244,2.582,500.22,31173,0.038753,0,0,0,0,0.008333,0.13028,0,0,0,25.166,0,0,0,0,0
45,244,2.582,500.22,31173,6.1884,0,0,0,0,0,0,0,0,0,1.9064,0,0,0,0,0
45,244,2.582,500.22,31173,0,0,0,0,0,0,0.008333,0,0,0,4.9522,0,0,0,0,0
45,244,2.582,500.22,31173,0,0,0,0,0,0,0,0,0,0,0.072463,0,0,0,0,0
45,244,2.582,500.22,31173,0.008333,0,0,0,0,0,0,0,0,0,0.41633,0,0,0,0,0
45,244,2.582,500.22,31173,0,0,0,0,0,0,0,0,0,1.0139,0.48881,0,0,0,0,0
45,244,2.582,500.22,31173,0,0,0,0,0,47.995,0,0,0,0,2.1586,0,0,0,0,17.508
45,244,2.582,500.22,31173,2.6202,0,0,0,0,0,27.275,0,0,0,5.5039,0,0,0,0,0
45,244,2.582,500.22,31173,0.30651,0,0,0,0,0,0,0,0,0.18086,0.072463,0,0,0,0,7.5033
45,244,2.582,500.22,31173,0.0055384,0,0,0,0,0,0,0,0,0,6.1454,0,0,0,0,0
45,244,2.582,500.22,31173,0,0,8.3911,0,0,0,1.8139,0,0,0,0.086791,0,0,0,0,0
45,244,2.582,500.22,31173,3.0427,0,0,0,0,0,0,0,0,0,0.072463,0,0,0,0,0
45,244,2.582,500.22,31173,0.0055384,0,4.5982,0,0,0,0,0,0,0,0.072463,0,0,0,0,0
45,244,2.582,500.22,31173,1.3876,0,0,0,0,7.8e-05,1.8779,0,0,0,11.144,0,0,0,0,12.505
45,244,2.582,500.22,31173,4.3969,0,0,0,0,0,0,0,0,0,0.16445,0,0,0,0,0
45,244,2.582,500.22,31173,0,0,0,0,0,0.030964,0,0,0,0,32.545,0,0,0,0,0
45,244,2.582,500.22,31173,0.44117,0,0,0,0,12.912,32.495,0,0,0,24.623,0,0,0,0,0
45,244,2.582,500.22,31173,1.2278,0,0,0,0,0,0,0,0,0,2.3459,0,0,0,0,7.5033
45,244,2.582,500.22,31173,0,0,0,0,0,0,0.10863,0,0,0.63421,8.9418,0,0,0,0,33.765
45,244,2.582,500.22,31173,18.873,0,0,3.1277,0,0,0,0,0,0,0.072463,0,0,0,0,0
45,244,2.582,500.22,31173,3.9918,0,0,0,0,0,0,0,0,6.8425,6.937,0,0,0,0,0
45,244,2.582,500.22,31173,0.061753,0,0,0.084243,0,0,0,0,0,0,0.072463,0,0,0,0,12.505
45,244,2.582,500.22,31173,0.008335,0,0,1.5483,0,0,0.13028,0,0,0,0.072463,0,0,0,0,12.505
45,244,2.582,500.22,31173,1.0318,0,0,0,0,0,0,0,0,0,12.207,0,0,0,0,0
45,244,2.582,500.22,31173,13.312,0,0,0.075413,0,0,462.24,0,0,0,2.4191,0,0,0,0,0
45,244,2.582,500.22,31173,0,0,0,17.791,0,0,0,0,0,0,8.6117,0,0,0,0,7.5033
45,244,2.582,500.22,31173,0,0,0,26.976,0,0,0,0,0,0,0.072463,0,0,0,0,0
45,244,2.582,500.22,31173,0.008333,0,0,0,0,0.008333,0,0,0,0,3.1286,0,0,0,0,0
45,244,2.582,500.22,31173,0.86602,0,0,0,0,0,20.859,0,0,1.1034,0.072463,0,0,0,0,0
45,244,2.582,500.22,31173,0.1013,0,0,0,0,0,0,0,0,0,0.072463,0,0,0,0,1.2505
45,244,2.582,500.22,31173,0.47535,0,0,0.8436,0,0,0.849,0,0,0,11.144,0,0,0,0,0
45,244,2.582,500.22,31173,0.059589,0,0,0,0,0,14.298,0,0,0,7.6506,0,0,0,0,0
45,244,2.582,500.22,31173,0,0,0,0,0,0,0,0,0,0,0.37335,0,0,0,0,0
45,244,2.582,500.22,31173,4.5096,0,0,0,0,0,0,0,0,0,9.9728,0,0,0,0,0
45,244,2.582,500.22,31173,0,0,0,0.013282,0,0,0,0,0,0,0.13348,0,0,0,0,0
45,244,2.582,500.22,31173,0,0,0,0,0,9.5972,0,0,0,0,0.072463,0,0,0,0,0
45,244,2.582,500.22,31173,7.2891,0,0,0,0,0,0,0.01986,0,0,20.534,0,0,0,0,17.508
45,244,2.582,500.22,31173,2.6941,0,0.11585,0,0,0,0,0,0,0,0.072463,0,0,0,0,0
45,244,2.582,500.22,31173,0,0,0,0,0,0,0,0,0,0,0.13394,0,0,0,0,17.508
45,244,2.582,500.22,31173,17.426,0,0,0,0,0,0,0,0,0,0.072463,0,0,0,0,27.512
45,244,2.582,500.22,31173,0.12216,0,0,0,0,0.18948,0,0,0,1.5079,1.5788,0,0,0,0,0
45,244,2.582,500.22,31173,0.003127,0,0,0.004588,0,0,0,0,0,0,5.2094,0,0,0,0,0
45,244,2.582,500.22,31173,0.00524,0,0,0,0,0,0,0,0,0,0.13679,0,0,0,0,27.512
45,244,2.582,500.22,31173,0.001669,0,0,0,0,0.039519,0,0,0,0.4212,0.14833,0,0,0,0,17.508
45,244,2.582,500.22,31173,0.060639,0,0,0,0,0,0,0,0,0,0.072463,0,0,0,0,12.505
45,244,2.582,500.22,31173,0.33816,0,0,0,0,0,0.67053,0,0,0,0.78303,0,0,0,0,0
45,244,2.582,500.22,31173,0.74447,0,4.7678,0,0,0,0,0,0,0,4.0845,0,0,0,0,0
45,244,2.582,500.22,31173,0,0,0,0,0,0,0,0,0,127.87,0.33796,0,0,0,0,7.5033
45,244,2.582,500.22,31173,0.00644,0,0,0.001493,0,0,0,0,0,0,1.1456,0,0,0,0,0
45,244,2.582,500.22,31173,0.063326,0,0,0,0,0,0,0,0,0,0.072463,0,0,0,0,0
45,244,2.582,500.22,31173,0,0,0,0,0,0,0,0,0,0,3.1383,0,0,0,0,0
45,244,2.582,500.22,31173,2.3671,0,0,0,0,0,0,0,0,0,2.1592,0,0,0,0,0
45,244,2.582,500.22,31173,9.9717,0,0,0,0,0.0071766,0.42744,0,0,0,0.7142,0,0,0,0,0
45,244,2.582,500.22,31173,0.007148,0,0,0,0,0,0,0,0,0.76342,7.6506,0,0,0,0,0
45,244,2.582,500.22,31173,0.008333,0,0,0,0,0,0,0,0,0,0.072463,0,0,0,0,0
45,244,2.582,500.22,31173,0.008335,0,0,49.709,0,0,0.13028,0,0,0,20.534,0,0,0,0,0
45,244,2.582,500.22,31173,10.296,0,0,0,0,0.0011005,0,0,0,0,0.094364,0,0,0,0,0
45,244,2.582,500.22,31173,0.017738,0,0,6.8381,0,0,0,0,0,0,25.046,0,0,0,0,7.5033
45,244,2.582,500.22,31173,0.0094769,0,0,0.34375,0,0,0.002308,0,0,0,0.072463,0,0,0,0,7.5033
45,244,2.582,500.22,31173,0.73941,0,0,2.8748,0,0,0,0,0,0,0.1484,0,0,0,0,0
45,244,2.582,500.22,31173,23.281,0,0,0,0,0,0,0,0,0,17.634,0,0,0,0,0
45,244,2.582,500.22,31173,0,0,0,0,0,0,0.002308,0,0,0,0.072463,0,0,0,0,0
45,244,2.582,500.22,31173,9.3082,0,0,0,0,35.399,0,0,0,0,4.729,0,0,0,0,0
45,244,2.582,500.22,31173,0.009056,0,0,0,0,0.014592,14.298,0,0,0,0.50614,0,0,0,0,0
45,244,2.582,500.22,31173,2.1709,0,0,0,0,0,0,0,0,0,0.072463,0,0,0,0,0
45,244,2.582,500.22,31173,2.6959,0,0,0,0,0,0,0,0,0,0.13056,0,0,0,0,0
45,244,2.582,500.22,31173,1.0412,0,0,3.7631,0,0,0,0,0,1.5859,0.23007,0,0,0,0,0
45,244,2.582,500.22,31173,0.056827,0,0,0,0,0.010107,0,0,0,0,1.3204,0,0,0,0,0
45,244,2.582,500.22,31173,0.010477,0,0,0,0,0,0,0,0,0,0.12977,0,0,0,0,0
45,244,2.582,500.22,31173,0.022995,0,0,0,0,0,0.13028,0,0,5.6716,0.072463,0,0,0,0,0
45,244,2.582,500.22,31173,0,0,0,0,0,0,0.67845,0,0,0,0.26171,0,0,0,0,0
45,244,2.582,500.22,31173,0.12117,0,0,0,0,0,0.13028,0,0,0,0.072463,0,0,0,0,0
45,244,2.582,500.22,31173,0.008333,0,0,0.000172,0,0,0,0,0,0,0.072463,0,0,0,0,7.5033
45,244,2.582,500.22,31173,1.0599,0,0,0,0,0,0,0,0,0,0.072463,0,0,0,0,0
45,244,2.582,500.22,31173,0,0,0,0,0,0.012009,0,0,0,0,2.3252,0,0,0,0,1.2505
45,244,2.582,500.22,31173,0.31737,0,0,0,0,0,0.40452,0,0,0,1.2711,0,0,0,0,0
45,244,2.582,500.22,31173,0.005769,0,0,0,0,0,0,22.419,0,0,0.072463,0,0,0,0,0
45,244,2.582,500.22,31173,0.91889,0,0,0,0,0,0,0,0,0,2.4073,0,0,0,0,0
45,244,2.582,500.22,31173,0.0085065,0,0,0,0,0,0,0,0,0,20.948,0,0,0,0,0
45,244,2.582,500.22,31173,0.008333,0,0,0,0,0,0,0,0,0,0.072463,0,0,0,0,0
45,244,2.582,500.22,31173,0.059589,0,0,0,0,0,0,0,0,0,6.3875,0,0,0,0,0
45,244,2.582,500.22,31173,0.44828,0,0,0,0,0,0,0,0,0,5.3297,0,0,0,0,0
45,244,2.582,500.22,31173,0,0,0,0,0,0,0,0,0,0,21.593,0,0,0,0,0
45,244,2.582,500.22,31173,0,0,0,0,0,0,0,0,0,0,1.0181,0,0,0,0,0
45,244,2.582,500.22,31173,0,0,0,0.002508,0,0.005239,0,0,0,0,1.9064,0,0,0,0,0
45,244,2.582,500.22,31173,0.008333,0,0,0,0,0,0,0,0,0,0.44804,0,0,0,0,7.5033
45,244,2.582,500.22,31173,0,0,0,0,0,0.91214,0,0,0,0,2.7374,0,0,0,0,0
45,244,2.582,500.22,31173,2.8251,0,0,0,0,0,0,0.27809,0,0,7.9623,0,0,0,0,7.5033
45,244,2.582,500.22,31173,11.703,0,0,17.024,0,0,30.195,0,0,0,0.072463,0,0,0,0,0
45,244,2.582,500.22,31173,0.00644,0,0.010239,0.96361,0,0.073594,0.13028,0,0,16.378,0.086791,0,0,0,0,0
45,244,2.582,500.22,31173,2.2981,0,0,0,0,0,0,0,0,0,5.2662,0,0,0,0,0
45,244,2.582,500.22,31173,0.0083909,0,0,0,0,0,0.002308,0,0,0,0.13854,0,0,0,0,12.505
45,244,2.582,500.22,31173,0.008333,0,0,0.81046,0,0,0,0,0,0,0.14865,0,0,0,0,0
45,244,2.582,500.22,31173,0.87552,0,0,0,0,4.0313,0,0,0,0.44682,5.955,0,0,0,0,0
45,244,2.582,500.22,31173,0.003468,0,0,0,0,0,0,0,0,0,0.072463,0,0,0,0,0
45,244,2.582,500.22,31173,0,0,0,0.007984,0,0,0.059897,0,0,0,14.02,0,0,0,0,0
45,244,2.582,500.22,31173,0.39761,0,0,0,0,2.5558,0,1.1235,0,0,0.14833,0,0,0,0,0
45,244,2.582,500.22,31173,0.22492,0,0,101.54,0,0.6675,0,0,0,0,28.754,0,0,0,0,0
45,244,2.582,500.22,31173,0.0094769,0,0,0,0.11471,0,0,0,0,0,20.278,0,0,0,0,0
45,244,2.582,500.22,31173,0.003416,0,0,0,0,0.59282,0,0,0,0,1.9064,0,0,0,0,0
45,244,2.582,500.22,31173,0.86415,0,0,0,0,0,0,0,0,0,2.4241,0,0,0,0,0
45,244,2.582,500.22,31173,0,0,0.008333,8.532,0,0,0,0,0,0,0.072463,0,0,0,0,17.508
45,244,2.582,500.22,31173,0.030732,0,0,0,0,0,0,0,0,0,0.1331,0,0,0,0,12.505
45,244,2.582,500.22,31173,0,0,0,0.13345,0,0.0068538,0,0,0,0,1.5501,0,0,0,0,12.505
45,244,2.582,500.22,31173,0.8078,0,0,0,0,0,0,0,0,0,0.13101,0,0,0,0,107.55
45,244,2.582,500.22,31173,7.7973,0,0,2.2514,0,0.008333,0,0,0,0,0.072463,0,0,0,0,0
45,244,2.582,500.22,31173,1.1917,0,0,0.65897,0,0,0,0,0,0,0.072463,0,0,0,0,0
45,244,2.582,500.22,31173,0,0,0,0,0,0,0.13028,0,0,0,0.072463,0,0,0,0,0
45,244,2.582,500.22,31173,0,0,0,0,0,0,0,17.349,0,0,0.072463,0,0,0,0,0
45,244,2.582,500.22,31173,0.008333,0,0,0,0,0,0,0,0,0,1.7269,0,0,0,0,12.505
45,244,2.582,500.22,31173,0,0,0,0,0,0.003932,0,0,0,0,0.072463,0,0,0,0,0
45,244,2.582,500.22,31173,0,0,0,0,0,0,0,0,0,0,0.1323,0,0,0,0,0
45,244,2.582,500.22,31173,2.6642,0,0,0,0,0,0,0,0,0,0.13054,0,0,0,0,12.505
45,244,2.582,500.22,31173,0.024628,0,0,0,0,0,0,0,0,0,0.31809,0,0,0,0,0
45,244,2.582,500.22,31173,0,0,0,0,7.7369,0.37405,4.8659,0,0,0,0.13863,0,0,0,0,0
45,244,2.582,500.22,31173,0.0065058,0,0,0,0.008333,0.0094226,0,0,0,0,0.072463,0,0,0,0,0
45,244,2.582,500.22,31173,0.022624,0,0,0.82027,16.997,0,0,0,0,0,13.16,0,0,0,0,12.505
45,244,2.582,500.22,31173,4.282,0,0,0,0,0,0,0,0,0,3.896,0,0,0,0,12.505
45,244,2.582,500.22,31173,2.2882,0,0.008333,0,0,0.00524,0.13028,0,0,0.73557,2.9142,0,0,0,0,0
45,244,2.582,500.22,31173,0,0,0,0,0,0,0,0,0,0,0.072463,0,0,0,0,27.512
45,244,2.582,500.22,31173,0.039499,0,0,0,0,0,0.13028,0,0,0.18355,0.072463,0,0,0,0,0
45,244,2.582,500.22,31173,0.77402,0,0,0,0,0,0.87994,0,0,0,0.072463,0,0,0,0,0
45,244,2.582,500.22,31173,0.86178,0,0,0,0,1.3289,0,0,0,0,94.85,0,0,0,0,0
45,244,2.582,500.22,31173,0,0,0,0.80519,0,0,0.13028,0,0,0,2.4241,0,0,0,0,22.51
45,244,2.582,500.22,31173,0.014422,0,0,0,0,0,0.86518,0,0,4.212,0.14411,0,0,0,0,0
45,244,2.582,500.22,31173,0.003822,0,0,0,0,0.0055799,0,0,0,0,0.75174,0,0,0,0,0
45,244,2.582,500.22,31173,16.463,0,0,4.2857,0,0,0,0,0,18.081,0.43066,0,0,0,0,0
45,244,2.582,500.22,31173,10.869,0,0,0.80606,0,0,0,0,0,0,16.683,0,0,0,0,0
45,244,2.582,500.22,31173,3.2092,0,0,0,0,0,0,0,0,0,10.802,0,0,0,0,0
45,244,2.582,500.22,31173,9.6445,0,0,0,0,0.012009,0,0,0,0,1.1524,0,0,0,0,0
45,244,2.582,500.22,31173,0,0,0,0,0,0,0.87994,0,0,0,0.072463,0,0,0,0,37.516
45,244,2.582,500.22,31173,3.8455,0,10.013,0.016669,0,0,0,0,0,0,51.294,0,0,0,0,0
45,244,2.582,500.22,31173,0,0,0,0,0,0,0,0,0,0,0.072463,0,0,0,0,0
45,244,2.582,500.22,31173,0.86948,0,0,0,0,0,2.5567,0,0,1.0167,0.072463,0,0,0,0,12.505
45,244,2.582,500.22,31173,2.1028,0,0,0,0,0,0.13028,0,0,0,0.13054,0,0,0,0,0
45,244,2.582,500.22,31173,3.2092,0,0,0.0055919,0,0,0.60778,0,0,0,31.837,0,0,0,0,0
45,244,2.582,500.22,31173,2.6806,0,0,0.12372,0,0.0077439,0,0,0,0,0.072463,0,0,0,0,7.5033
45,244,2.582,500.22,31173,10.823,0,0,0,0,0,21.229,0,0,0,0.072463,0,0,0,0,0
45,244,2.582,500.22,31173,0.867,0,0,0,0,0.001326,0,0,0,0,3.3678,0,0,0,0,0
45,244,2.582,500.22,31173,0.90902,0,0,0,0,0,0,0,0,0,0.52366,0,0,0,0,0
45,244,2.582,500.22,31173,5.8444,0,0,0,0,0,0.13028,0,0,0,0.072463,0,0,0,0,7.5033
45,244,2.582,500.22,31173,1.3609,0,0,0,0,0,0,0,0,0,1.5411,0,0,0,0,0
45,244,2.582,500.22,31173,0.86917,0,0.062634,0.00524,0,0,0,0,0,0,0.072463,0,0,0,0,12.505
45,244,2.582,500.22,31173,0.94437,0,0.008411,0.0076281,0,13.947,0,0,0,0,8.2822,0,0,0,0,7.5033
45,244,2.582,500.22,31173,51.165,0,0,29.879,0,0,0.13028,0,0,0.63421,0.072463,0,0,0,0,0
45,244,2.582,500.22,31173,0.010066,0,38.64,0,0,0.62964,0,0,0,0,0.16445,0,0,0,0,0
45,244,2.582,500.22,31173,3.7359,0,0,0,0,0,0,0,0,0,0.21272,0,0,0,0,0
45,244,2.582,500.22,31173,0.028282,0,0,0,0,0,0,0,0,0,0.072463,0,0,0,0,0
45,244,2.582,500.22,31173,0,0,0,0,0,0,0,0,0,0,5.2662,0,0,0,0,0
45,244,2.582,500.22,31173,0.89463,0,0,0.013573,0,0,0,0,0,0,0.78303,0,0,0,0,0
45,244,2.582,500.22,31173,0.87552,0,0,0,0,0,0.13028,0,0,0,2.9142,0,0,0,0,0
45,244,2.582,500.22,31173,13.867,0,0,3.1277,0,0,0,0,0,0,0.072463,0,0,0,0,1.2505
45,244,2.582,500.22,31173,2.9778,0,0,0,1.6381,0,0,0,0,1.0167,0.37729,0,0,0,0,0
45,244,2.582,500.22,31173,1.2826,0,1.4871,3.6726,0,0,0,0,0,0,0.072463,0,0,0,0,0
45,244,2.582,500.22,31173,0,0,0,0.57901,0,0,0,0,0,0,0.56339,0,0,0,0,0
45,244,2.582,500.22,31173,0.025,0,0.010395,1.1861,0,0,0,0,0,0,7.6506,0,0,0,0,0
45,244,2.582,500.22,31173,6.0782,0,0,0,0,0,0,0,0,0,3.7338,0,0,0,0,0
45,244,2.582,500.22,31173,0.008333,0,0,0,0,0.045413,0.13028,0,0,0,4.0083,0,0,0,0,0
45,244,2.582,500.22,31173,0.007984,0,0,0.17262,0,0,0,0,0,0,0.52131,0,0,0,0,12.505
45,244,2.582,500.22,31173,27.28,0,0,0,0,0,2.859,0,0,0,1.3204,0,0,0,0,0
45,244,2.582,500.22,31173,0.0034665,0,0.0078303,0,0,0,0,0,0,0,0.072463,0,0,0,0,7.5033
45,244,2.582,500.22,31173,0,0,0,0,0,0,0,0,0,0,1.0611,0,0,0,0,0
45,244,2.582,500.22,31173,0,0,0.013123,0,0,0,0.13028,0,0,0,0.072463,0,0,0,0,0
45,244,2.582,500.22,31173,0.00644,0,0,5.5512,0.0060235,0,0,0,0,0,3.6687,0,0,0,0,12.505
45,244,2.582,500.22,31173,0,0,0,0,0,0.008333,0.13028,0,0,0,0.072463,0,0,0,0,0
45,244,2.582,500.22,31173,0.12216,0,0,0.008333,0,0,0,0,0,0,16.683,0,0,0,0,0
45,244,2.582,500.22,31173,0.036583,0,0,10.01,0,0,0.13028,0,0,0,0.072463,0,0,0,0,0
45,244,2.582,500.22,31173,2.6642,0,0,0.009913,0.008333,0,0,0,0,0,1.7918,0,0,0,0,0
45,244,2.582,500.22,31173,0.00676,0,0,0,0,0,0,0,0,0,10.804,0,0,0,0,12.505
45,244,2.582,500.22,31173,0.008332,0,0,0,0,0,0,0,0,0,1.4363,0,0,0,0,22.51
45,244,2.582,500.22,31173,0.008333,0,0,0,0,0.0014155,0,0,0,0,0.17276,0,0,0,0,0
45,244,2.582,500.22,31173,0.008333,0,0,0.13005,0,0,47.845,0,0,0,0.48881,0,0,0,0,0
45,244,2.582,500.22,31173,0,0,0,0,1.0295,0,0,0,0,0,0.072463,0,0,0,0,0
45,244,2.582,500.22,31173,10.572,0,0,0.27214,0,13.947,0,0,0,0,5.2094,0,0,0,0,0
45,244,2.582,500.22,31173,0.008333,0,0,0,0,0,0,0,0,0,0.9086,0,0,0,0,0
45,244,2.582,500.22,31173,4.3548,0,0,0,3.7723,0,0,0,0,0,0.61154,0,0,0,0,0
45,244,2.582,500.22,31173,0.19588,0,0,0,0,0,0.67053,0,0,19.403,2.4191,0,0,0,0,0
45,244,2.582,500.22,31173,1.3476,0,0,0,0,0,0,0,0,0,12.415,0,0,0,0,0
45,244,2.582,500.22,31173,0.12499,0,0,0,0,0,0.13028,0,0,0,0.072463,0,0,0,0,0
45,244,2.582,500.22,31173,0.008335,0,0,0.58903,0,0,0,0,0,0,0.072463,0,0,0,0,0
45,244,2.582,500.22,31173,0.023806,0,0,0,0,0,0,0,0,0,2.6944,0,0,0,0,0
45,244,2.582,500.22,31173,11.348,0,0,0,0,0,0,0,0,0,5.1015,0,0,0,0,0
45,244,2.582,500.22,31173,0.008333,0,0,0,0,0,0,0,0,0.44575,1.1524,0,0,0,0,0
45,244,2.582,500.22,31173,1.2674,0,0,0.82682,0,0.0094226,4.9534,0,0,0,0.56095,0,0,0,0,0
45,244,2.582,500.22,31173,3.5379,0,0,0,0,0,0,0,0,0,31.416,0,0,0,0,0
45,244,2.582,500.22,31173,0.008333,0,0,0,0.007984,0.0083909,0,0,0,0,26.307,0,0,0,0,0
45,244,2.582,500.22,31173,0.57453,0,0,101.54,0,0,76.371,0,0,0,71.252,0,0,0,0,0
45,244,2.582,500.22,31173,0.58786,0,0,0,0,0,0,0,0,0,0.072463,0,0,0,0,0
45,244,2.582,500.22,31173,12.169,0,0,0,0,0,0,0,0,0,0.072463,0,0,0,0,0
45,244,2.582,500.22,31173,0.023707,0,0,0,0,0,0,0,0,0,0.072463,0,0,0,0,0
45,244,2.582,500.22,31173,3.6191,0,0,0.65897,0,0,0.093171,0,0,0,7.2936,0,0,0,0,0
45,244,2.582,500.22,31173,0.008334,0,0,0,0,0,0,0,0,0,9.0272,0,0,0,0,12.505
45,244,2.582,500.22,31173,0.49471,0,0,2.7521,0,0,0,0,0,0,2.4222,0,0,0,0,7.5033
45,244,2.582,500.22,31173,2.6642,0,0,0.046665,0,47.995,0,0,0,0,3.4535,0,0,0,0,0
45,244,2.582,500.22,31173,4.9793,0,0,0.008513,0.056149,0,0,0,0,0,0.44804,0,0,0,0,0
45,244,2.582,500.22,31173,2.2492,0,0.15606,0,0,0,0,0,0,0,0.11545,0,0,0,0,12.505
45,244,2.582,500.22,31173,0.86917,0,0,0,0,0,44.97,0,0,0,0.072463,0,0,0,0,0
45,244,2.582,500.22,31173,0,0,0,0,0,0,0,0,0,0,3.2514,0,0,0,0,1.2505
45,244,2.582,500.22,31173,6.3616,0,0,0,0,0.0011005,0,0,0,0,0.072463,0,0,0,0,0
45,244,2.582,500.22,31173,0.16494,0,0,0,0,0,0,0,0,0,0.086791,0,0,0,0,0
45,244,2.582,500.22,31173,0,0,0,0,0,0,0.42744,0,0,0,5.5926,0,0,0,0,0
45,244,2.582,500.22,31173,0.15723,0,0,0,0.003821,0,0,0,0,0,1.7632,0,0,0,0,0
45,244,2.582,500.22,31173,0.13244,0,0,0,0,0,0,0,0,0,0.072463,0,0,0,0,0
45,244,2.582,500.22,31173,0.008333,0,0,5.5512,0,8.1e-05,0.40452,0,0,0,2.9953,0,0,0,0,0
45,244,2.582,500.22,31173,131.49,0,0,0.7657,0,0,0,0,0,0,0.15166,0,0,0,0,0
45,244,2.582,500.22,31173,8.8359,0,0,1.6652,0,0.0076281,0,0,0,0,0.072463,0,0,0,0,0
45,244,2.582,500.22,31173,0.14834,0,0,0,0,0,0,0,0,0,0.072463,0,0,0,0,0
45,244,2.582,500.22,31173,0.092503,0,0,0,0,0,0,0,0,0,15.494,0,0,0,0,0
45,244,2.582,500.22,31173,0.00676,0,0,1.1023,0.0071798,0,0,0,0,0,0.072463,0,0,0,0,0
45,244,2.582,500.22,31173,0,0,4.2233,0,0,0,0.002308,0,0,0,0.31337,0,0,0,0,0
45,244,2.582,500.22,31173,0.000234,0,0,0,0,0,21.229,0,0,0,0.13302,0,0,0,0,0
45,244,2.582,500.22,31173,1.0204,0,0.01006,0,0,0.00021,0,0,0,0,0.13054,0,0,0,0,0
45,244,2.582,500.22,31173,0.003821,0,0,0.005239,0,0,0,0,0,0,0.072463,0,0,0,0,0
45,244,2.582,500.22,31173,0,0,0,0,0.036991,0,0,0,0,0,0.072463,0,0,0,0,0
45,244,2.582,500.22,31173,0.86415,0,0,0.021881,0,0,0,0,0,0,0.50614,0,0,0,0,0
45,244,2.582,500.22,31173,0.0083055,0,0,3.6726,0,0,0,0,0,0.73557,3.6257,0,0,0,0,0
45,244,2.582,500.22,31173,0.021734,0,0,0.0087005,0,0,0,0,0,0,4.2848,0,0,0,0,0
45,244,2.582,500.22,31173,0.7041,0,0,0.00524,0,0,0,0,0,0,0.072463,0,0,0,0,0
45,244,2.582,500.22,31173,0.008333,0,0,0.90354,0,0,0,0,0,0,0.072463,0,0,0,0,7.5033
45,244,2.582,500.22,31173,0.46914,0,0,0,0,0,0,0,0,0,0.072463,0,0,0,0,0
45,244,2.582,500.22,31173,0.0085065,0,0,0,0,0,0,0,0,0.27721,0.5196,0,0,0,0,0
45,244,2.582,500.22,31173,0.22882,0,0,0.83339,0,0.024284,0,0,0,0,0.072463,0,0,0,0,0
45,244,2.582,500.22,31173,0.000739,0,0,4.3212,0,3.1344,0,0,0,0,0.072463,0,0,0,0,0
45,244,2.582,500.22,31173,20.262,0,0,0.19414,11.641,0,0,0,0,1.1034,0.072463,0,0,0,0,0
45,244,2.582,500.22,31173,0,0,0,0,0,0.008333,0,0,0,0,0.13039,0,0,0,0,0
45,244,2.582,500.22,31173,0,0,0,0,0,0,0,0,0,0,0.14411,0,0,0,0,0
45,244,2.582,500.22,31173,0.008333,0,0,0,0,0,0,0,0,0,11.921,0,0,0,0,0
45,244,2.582,500.22,31173,0.30203,0,0,0,0,0,5.9157,0,0,0,5.3297,0,0,0,0,0
45,244,2.582,500.22,31173,71.447,0,0,0,0,0.0083909,0.002308,0,0,0,1.3204,0,0,0,0,7.5033
45,244,2.582,500.22,31173,5.7936,0,0,0,0,0,0,0,0,0,0.13854,0,0,0,0,0
45,244,2.582,500.22,31173,2.5786,0,0,0,0,0,0,0,0,0,0.072463,0,0,0,0,0
45,244,2.582,500.22,31173,2.9279,0,0,0.005239,0,0,0,0,0,0,3.4466,0,0,0,0,0
45,244,2.582,500.22,31173,0.41085,0,0.016178,0,0.00524,0,0,0,0,0,0.16445,0,0,0,0,22.51
45,244,2.582,500.22,31173,0.005202,0,0,0.016666,0,0,0.021726,0,0,0,0.072463,0,0,0,0,0
45,244,2.582,500.22,31173,0.001205,0,0,0,0,0.002139,0,0,0,0,0.14008,0,0,0,0,0
45,244,2.582,500.22,31173,0,0,0,0,0,0.008333,0.849,0,0,0,1.0663,0,0,0,0,0
45,244,2.582,500.22,31173,0,0,3.8292,6.8381,0,0.008333,0,0,0,0,0.78303,0,0,0,0,0
45,244,2.582,500.22,31173,0.003127,0,0,0,0.068946,0,0.13028,0,0,0,0.072463,0,0,0,0,1.2505
45,244,2.582,500.22,31173,0.012378,0,0,0,0,0,0,0,0,0,9.1705,0,0,0,0,0
45,244,2.582,500.22,31173,0.008333,0,0,0,89.157,0,0,0,0,0,0.51741,0,0,0,0,17.508
45,244,2.582,500.22,31173,0,0,0,0,0,0,0.008333,0,0,0,8.6117,0,0,0,0,0
45,244,2.582,500.22,31173,1.1461,0,0,13.859,0,0,0,0,0,0,0.072463,0,0,0,0,12.505
45,244,2.582,500.22,31173,0.035363,0,0,0,0,0.003416,0,0,0,0,2.0951,0,0,0,0,0
45,244,2.582,500.22,31173,0.19777,0,0,0,0,0,155.04,1.0477,0,0,4.5076,0,0,0,0,7.5033
45,244,2.582,500.22,31173,0.021904,0,0,0,0,0.26953,0,0,0,0,11.144,0,0,0,0,475.21
45,244,2.582,500.22,31173,0.004345,0,0,0,0,0,0,0,0,0,16.626,0,0,0,0,0
45,244,2.582,500.22,31173,0,0,0,0,0,0,0,0,0,0,0.072463,0,0,0,0,0
45,244,2.582,500.22,31173,2.4696,0,0.001267,0,0,0.011754,47.395,0,0,0,0.072463,0,0,0,0,0
45,244,2.582,500.22,31173,0.86302,0,0,0,0,0,0,0,0,0,0.072463,0,0,0,0,0
45,244,2.582,500.22,31173,0,0,0,9.4149,0,0,0,0,0,0,4.643,0,0,0,0,0
45,244,2.582,500.22,31173,0.008335,0,0,0,0.021741,0,0,0,0,0,16.495,0,0,0,0,0
45,244,2.582,500.22,31173,0,0,0,21.295,0,0,0,0,0,36.785,0.072463,0,0,0,0,0
45,244,2.582,500.22,31173,13.867,0,0,0,0,0,0,0,0,0,0.16445,0,0,0,0,0
45,244,2.582,500.22,31173,0.021802,0,96.853,0,0,0,0,0,0,0,0.072463,0,0,0,0,0
45,244,2.582,500.22,31173,5.1799,0,0,0,0,0,0,0,0,0,0.44804,0,0,0,0,0
45,244,2.582,500.22,31173,0,0,0,0,0,0,0.849,45.689,0,0,3.4936,0,0,0,0,33.765
45,244,2.582,500.22,31173,4.9225,0,0,0,0,0,0,0,0,0,27.424,0,0,0,0,0
45,244,2.582,500.22,31173,4.9225,0,0.025625,0.000654,0,2.771,0.059897,0,0,0,0.88914,0,0,0,0,67.53
45,244,2.582,500.22,31173,2.4323,0,0,0,0,0,0,0,0,0.18086,14.386,0,0,0,0,22.51
45,244,2.582,500.22,31173,0.008333,0,0,0.000716,0,0,0,0,0,0,0.072463,0,0,0,0,0
45,244,2.582,500.22,31173,0.15893,0,0.011856,38.12,0,0,0,0,0,0.44682,32.545,0,0,0,0,0
45,244,2.582,500.22,31173,0.38778,0,0,0,0,0,0,0,0,0,9.2784,0,0,0,0,0
45,244,2.582,500.22,31173,0,0,0,0,0,121.19,0,0,0,0,0.072463,0,0,0,0,0
45,244,2.582,500.22,31173,0,0,0,0,0,0,0,0,0,0,0.31337,0,0,0,0,0
45,244,2.582,500.22,31173,0.46203,0,0,0,0,0,0,0,0,0,9.3997,0,0,0,0,0
45,244,2.582,500.22,31173,0.0060235,0,0.0055799,0,0,0,0,0,0,0,2.9953,0,0,0,0,0
45,244,2.582,500.22,31173,0,0,0,0,0,0,0,0,0,0,0.072463,0,0,0,0,0
45,244,2.582,500.22,31173,8.5103,0,0,0,0,0,0,0,0,0,14.75,0,0,0,0,0
45,244,2.582,500.22,31173,9.6445,0,0,0.8436,0,0,0,0,0,0,4.6416,0,0,0,0,0
45,244,2.582,500.22,31173,0.026793,0,0,4.5945,8.6664,0,0,0,0,0,1.7269,0,0,0,0,0
45,244,2.582,500.22,31173,0.078773,0,0,0,0,0,0,0,0,0,0.81487,0,0,0,0,0
45,244,2.582,500.22,31173,1.2319,0,0,0,0,0,0,0,0,0,0.086791,0,0,0,0,0
45,244,2.582,500.22,31173,140.97,0,0,0,0,0,0,0,0,0,0.15843,0,0,0,0,0
45,244,2.582,500.22,31173,0.17916,0,0,0,0,0.8497,0,1.5485,0,0,0.072463,0,0,0,0,0
45,244,2.582,500.22,31173,0,0,0.31819,0,0,0,0,0,0,0,0.072463,0,0,0,0,22.51
45,244,2.582,500.22,31173,0,0,0,0,0,0,0,0,0,0,0.072463,0,0,0,0,62.527
45,244,2.582,500.22,31173,0.003822,0,1.9417,0.75222,0,0,0,0,0,1.9819,1.8541,0,0,0,0,0
45,244,2.582,500.22,31173,1.3876,0,0,0,0,0,0,0,0,0,0.072463,0,0,0,0,0
45,244,2.582,500.22,31173,2.4696,0,0,0,0.32482,0,0,0,0,0,0.072463,0,0,0,0,0
45,244,2.582,500.22,31173,47.753,0,0,0,0,0,0,0,0,0,0.072463,0,0,0,0,0
45,244,2.582,500.22,31173,0.005714,0,0,0,0,0,0,0,0,0,0.13302,0,0,0,0,0
45,244,2.582,500.22,31173,0.6386,0,0,0,0,0,0,0,0,1.7864,0.35299,0,0,0,0,0
45,244,2.582,500.22,31173,0,0,0,0,0,0.11168,0,0,0,0,1.4024,0,0,0,0,57.525
45,244,2.582,500.22,31173,0,0,0,50.121,0,0,0,0,0,0,0.072463,0,0,0,0,22.51
45,244,2.582,500.22,31173,0,0,0,0,149.41,0,0,1.0477,0,3.4087,0.8268,0,0,0,0,7.5033
45,244,2.582,500.22,31173,19.283,0,0,0,0,0,0,0,0,0,1.2836,0,0,0,0,0
45,244,2.582,500.22,31173,0,0,0.32465,0,0.10293,0,0,0,5.4183,0,2.453,0,0,0,0,0
45,244,2.582,500.22,31173,1.0599,0,0,0.89655,0,0,0.13028,0,0,0,0.072463,0,0,0,0,0
45,244,2.582,500.22,31173,0,0,0,10.926,0,0,0,0,0,0,3.3678,0,0,0,0,0
45,244,2.582,500.22,31173,2.3031,0,0,0,0,0,207.8,0,0,0,0.072463,0,0,0,0,0
45,244,2.582,500.22,31173,0.008333,0,0,0.015772,0,0,0,0,0,0,30.131,0,0,0,0,0
45,244,2.582,500.22,31173,0.19588,0,0.003822,0,2.657,0,0,0,0,0,21.049,0,0,0,0,0
45,244,2.582,500.22,31173,140.11,0,0,0,0,0,0,0,0,0,0.072463,0,0,0,0,0
45,244,2.582,500.22,31173,0,0,0,0,0,0,0,0,0,0,0.072463,0,0,0,0,27.512
45,244,2.582,500.22,31173,0,0,0,0.008513,0,0,0,0,0,0,10.847,0,0,0,0,0
45,244,2.582,500.22,31173,0.008333,0,0,0,0,0,0,0,0,0,13.437,0,0,0,0,0
45,244,2.582,500.22,31173,0.73941,0,0,0,0,0,0,0,0,0,13.426,0,0,0,0,0
45,244,2.582,500.22,31173,0.0099823,0,0,0,0,0.070877,0,0,0,0,10.804,0,0,0,0,0
45,244,2.582,500.22,31173,1.8682,0,0,0,0,0,0,0,0,0,0.072463,0,0,0,0,0
45,244,2.582,500.22,31173,1.0412,0,0.008333,0.18161,0,0,0,0,0,0,18.985,0,0,0,0,0
45,244,2.582,500.22,31173,6.5674,0,0,1.9902,1.6888,0,0,0,0,0,0.12977,0,0,0,0,17.508
45,244,2.582,500.22,31173,0.59569,0,0,0,0,0,0.002308,0,0,0,9.9728,0,0,0,0,0
45,244,2.582,500.22,31173,0,0,0,0.000125,0,0,0,0.008333,0,0,16.594,0,0,0,0,12.505
45,244,2.582,500.22,31173,0,0,0,0,0,0,0,0,0,0,0.21272,0,0,0,0,0
45,244,2.582,500.22,31173,0.67894,0,0,0,0,0,0,0,0,0,0.072463,0,0,0,0,0
45,244,2.582,500.22,31173,0.0094073,0,0,0,0,0.00829,0,0,0,0,0.77377,0,0,0,0,0
45,244,2.582,500.22,31173,2.8658,0,0,0.00524,0,0,0,0,0,0,13.171,0,0,0,0,7.5033
45,244,2.582,500.22,31173,153.69,0,52.58,0,0,0.38356,0,0,0,0,0.072463,0,0,0,0,0
45,244,2.582,500.22,31173,24.426,0,0,2.6249,0,0,0,0,0,0,1.3204,0,0,0,0,0
45,244,2.582,500.22,31173,12.966,0,0,0.067989,0,0,0,0,0,0,0.13101,0,0,0,0,0
45,244,2.582,500.22,31173,0,0,0,0,0,0,0,0,0,0,1.1456,0,0,0,0,1.2505
45,244,2.582,500.22,31173,0.000254,0,0,0,0,0,0.87994,0,0,0,0.072463,0,0,0,0,22.51
45,244,2.582,500.22,31173,0,0,0,0,0,0,0.13028,0,0,0,11.262,0,0,0,0,475.21
45,244,2.582,500.22,31173,34.934,0,0,0,0,0,0.10863,1.1457,0,0,0.17677,0,0,0,0,0
45,244,2.582,500.22,31173,0.022876,0,0,0.14931,0.0086963,0,25.113,0,0,0,1.2711,0,0,0,0,0
45,244,2.582,500.22,31173,0,0,0,0,0,0.070877,1.8139,0,0,0,0.072463,0,0,0,0,0
45,244,2.582,500.22,31173,0.022949,0,0,5.8761,0,0,7.73,0,0,0,0.32655,0,0,0,0,0
45,244,2.582,500.22,31173,4.3548,0,0,0,0,0,52.068,0,0,0,2.3459,0,0,0,0,0
45,244,2.582,500.22,31173,25.129,0,0,1.4947,0,0,0.13028,0,0,0,0.48881,0,0,0,0,0
45,244,2.582,500.22,31173,0,0,0,26.976,0,0,0,0,0,0,1.6654,0,0,0,0,0
45,244,2.582,500.22,31173,0.003295,0,0,0.60816,0,0,0.021726,0,0,0,0.13364,0,0,0,0,0
45,244,2.582,500.22,31173,0,0,0,0.016663,0,0,0,0,0,0,0.35902,0,0,0,0,0
45,244,2.582,500.22,31173,0.16847,0,0.008333,0,0,0,0.13028,0,0,0,0.072463,0,0,0,0,27.512
45,244,2.582,500.22,31173,4.9793,0,0,0,0,0,0,0,0,0,0.072463,0,0,0,0,0
45,244,2.582,500.22,31173,14.628,0,0,0,0,0,0,0,0,0,2.4191,0,0,0,0,0
45,244,2.582,500.22,31173,6.5838,0,0,2.83,0,0,0.10863,0,0,0,7.0787,0,0,0,0,0
45,244,2.582,500.22,31173,0.008333,0,0,0,0,0,0,0,0,0,0.072463,0,0,0,0,0
45,244,2.582,500.22,31173,0.021552,0,0,0,0,0.0067819,0.13028,0,0,0,3.6491,0,0,0,0,1.2505
45,244,2.582,500.22,31173,0.008333,0,0,0,0,0,0,0,0,0,14.135,0,0,0,0,33.765
45,244,2.582,500.22,31173,0.51708,0,0,0,0,0,0,0,0,0,0.072463,0,0,0,0,0
45,244,2.582,500.22,31173,10.823,0,0,0.30383,0,0.003932,0,0,0,0,5.6128,0,0,0,0,0
45,244,2.582,500.22,31173,0,0,0,0,0,0,0.40452,0,0,0,31.522,0,0,0,0,0
45,244,2.582,500.22,31173,0,0,0,0,0,0,0,0,0,0,0.072463,0,0,0,0,0
45,244,2.582,500.22,31173,0.001205,0,0,0,0.0033205,0,0.13028,0,0,0,7.6006,0,0,0,0,0
45,244,2.582,500.22,31173,21.535,0,0,0,0,0,24.831,0,0,0,57.82,0,0,0,0,0
45,244,2.582,500.22,31173,0.87781,0,0,152.02,0.0067502,0.061297,0,0,0,9.1202,0.35299,0,0,0,0,0
45,244,2.582,500.22,31173,0,0,0,3.1537,0,0,0,0,0,0,2.1586,0,0,0,0,0
45,244,2.582,500.22,31173,0.47616,0,0,0,0,0,0,0,0,0,0.24539,0,0,0,0,0
45,244,2.582,500.22,31173,2.1028,0,0,0,0,0,0,0,0,0,0.37729,0,0,0,0,0
45,244,2.582,500.22,31173,0.5485,0,0,0,2.0827,0,0,0,0,0,0.072463,0,0,0,0,475.21
45,244,2.582,500.22,31173,0.026793,0,0,0,0,0,0,0,0,0,0.78885,0,0,0,0,22.51
45,244,2.582,500.22,31173,0,0,0,0.018848,0,0,25.244,0,0,0,0.072463,0,0,0,0,0
45,244,2.582,500.22,31173,0.059589,0,0,0,0,0,0,0,0,0,0.072463,0,0,0,0,17.508
45,244,2.582,500.22,31173,0.0076281,0,0,0,0,0,0,0,0,0,0.072463,0,0,0,0,1.2505
45,244,2.582,500.22,31173,0.007984,0,0,2.4033,0,0,0,0,0,0.44575,0.072463,0,0,0,0,0
45,244,2.582,500.22,31173,1.2266,0,0,0.001436,0,0.10057,0,0,0,0,0.14026,0,0,0,0,17.508
45,244,2.582,500.22,31173,153.69,0,0.000234,0,0,0,0,0,0,0,5.5039,0,0,0,0,0
45,244,2.582,500.22,31173,2.6536,0,0,35.16,0,0.003346,11.83,0,0,0,0.072463,0,0,0,0,0
45,244,2.582,500.22,31173,0.60493,0,0,0,0.000124,0,0,0,0,0,0.072463,0,0,0,0,0
45,244,2.582,500.22,31173,0.012954,0,0,0,0.16162,0,27.146,0,0,0,0.072463,0,0,0,0,0
45,244,2.582,500.22,31173,0,0,0,0,0,35.399,4.0714,0,0,0,1.4169,0,0,0,0,0
45,244,2.582,500.22,31173,0.008333,0,0.00021,0,0.50676,0,0,0,0,0.63421,0.13302,0,0,0,0,0
45,244,2.582,500.22,31173,0,0,0,0,0,0,7.73,0,0,0,0.13615,0,0,0,0,0
45,244,2.582,500.22,31173,29.932,0,0,5.5512,0,0,0,0,0,0,4.0083,0,0,0,0,12.505
45,244,2.582,500.22,31173,0.49471,0,0,0,0.008321,0,0,0,0,1.5079,0.13679,0,0,0,0,0
45,244,2.582,500.22,31173,0.18125,0,0,0,0,0,0,0,0,0.76342,0.072463,0,0,0,0,7.5033
45,244,2.582,500.22,31173,0,0,0,0,0,0,53.128,0,0,0,0.072463,0,0,0,0,0
45,244,2.582,500.22,31173,0.000716,0,0,0.008332,0,0.010122,13.042,0,0,0,10.466,0,0,0,0,22.51
45,244,2.582,500.22,31173,0.008333,0,0,0,0,0,0,0,0,0,0.52131,0,0,0,0,77.534
45,244,2.582,500.22,31173,2.6941,0,0,0,0,0,0,0,0,0,0.072463,0,0,0,0,0
45,244,2.582,500.22,31173,71.447,0,0,0,0,0,0.13028,0,0,0,0.13302,0,0,0,0,0
45,244,2.582,500.22,31173,0.0067502,0,0,0,0,0,0,0,0,0,0.072463,0,0,0,0,0
45,244,2.582,500.22,31173,1.8682,0,0,0,10.45,0,0,0,0,0,0.37335,0,0,0,0,7.5033
45,244,2.582,500.22,31173,0.062346,0,0,0,0,0,0,0,0,0,21.808,0,0,0,0,1.2505
45,244,2.582,500.22,31173,0,0,0,0,0,0,0,0,0,0,1.4169,0,0,0,0,0
45,244,2.582,500.22,31173,0.16847,0,0,0,3.6271,0.008333,0,0,0,0,0.13302,0,0,0,0,0
45,244,2.582,500.22,31173,0.46914,0,0,0,0,0,0,0,0,0,0.072463,0,0,0,0,0
45,244,2.582,500.22,31173,1.2266,0,0,0.063622,0,0.0083909,0,0,0,0,0.78678,0,0,0,0,0
45,244,2.582,500.22,31173,1.3025,0,0.17609,0.008339,0,52.76,0,0,0,21.917,2.0425,0,0,0,0,0
45,244,2.582,500.22,31173,0.00062,0,0,0.10545,0,0,0,0,0,0,5.0181,0,0,0,0,72.532
45,244,2.582,500.22,31173,0,0,0,0.21471,0,0.003932,0,0,0,0,31.522,0,0,0,0,1.2505
45,244,2.582,500.22,31173,0.2446,0,0,0,0,0,13.371,0,0,0,6.1183,0,0,0,0,0
45,244,2.582,500.22,31173,0.008335,0,0,0,0,0,0,0,0,0,0.072463,0,0,0,0,22.51
45,244,2.582,500.22,31173,0.095736,0,0,49.709,0,0.008333,0,0,0,10.481,0.072463,0,0,0,0,0
45,244,2.582,500.22,31173,0.87011,0,0,0,0,0,0,0,0,0,0.072463,0,0,0,0,0
45,244,2.582,500.22,31173,0.00524,0,0.008336,2.6466,0,0,0,0,0,1.1034,0.13056,0,0,0,0,0
45,244,2.582,500.22,31173,0.008333,0,0,0,0,0,0,0,0,0,0.072463,0,0,0,0,17.508
45,244,2.582,500.22,31173,0,0,0,0,0,0,0,0,0,0,4.2705,0,0,0,0,0
45,244,2.582,500.22,31173,0.008333,0,0,0,0,0.006456,0,0,0,0,9.3601,0,0,0,0,0
45,244,2.582,500.22,31173,8.5759,0,0,0,0,35.399,0.40452,0,0,0,0.072463,0,0,0,0,0
45,244,2.582,500.22,31173,0,0,0,0,0,0,0,0,0,0,0.072463,0,0,0,0,0
45,244,2.582,500.22,31173,0.00824,0,0,0.00524,0,0,0,7.9296,9.5509,0,9.3997,0,0,0,0,22.51
45,244,2.582,500.22,31173,0.88791,0,0,0.005239,0,0,0,0,0,0,1.1244,0,0,0,0,0
45,244,2.582,500.22,31173,0.10918,0,0,0,0,0,0,0,0,0,0.072463,0,0,0,0,0
45,244,2.582,500.22,31173,9.7171,0,2.1565,0.81046,0,0,0,0,0,0,0.072463,0,0,0,0,0
45,244,2.582,500.22,31173,0.01467,0,0,0,0,0,0,0,0,0,0.072463,0,0,0,0,0
45,244,2.582,500.22,31173,0,0,0,0.0001025,0,0,0.59876,0,0,0,0.27222,0,0,0,0,0
45,244,2.582,500.22,31173,0,0,0,0,0,0,0,0,0,0,2.9142,0,0,0,0,0
45,244,2.582,500.22,31173,0.10307,0,1.5219,1.6943,0.00824,0,0,0,0,0,0.77377,0,0,0,0,0
45,244,2.582,500.22,31173,0.014921,0,0,0.16423,0,0,0,0,0,0,0.11545,0,0,0,0,0
45,244,2.582,500.22,31173,0.008333,0,0,0.005239,0,0.003465,0.002308,0,0,0,1.5411,0,0,0,0,27.512
45,244,2.582,500.22,31173,0.011562,0,0,0,0,0,0,0,0,0,0.16445,0,0,0,0,0
46,245,1,633,39448,0.36186,0,0,0,0,0,0,0,0,0,0.13782,0,0,0,0,0
48,247,1.152,1121.7,69902,18.873,0,0,0,0,0,0,0,0,0,1.3204,0,0,0,0,0
48,247,1.152,1121.7,69902,0,0,0,0,3.5763,0,0,0,0,0,0.072463,0,0,0,0,0
48,247,1.152,1121.7,69902,0.008331,0,0,0,0,0,0,0,0,0.68445,59.09,0,0,0,0,0
48,247,1.152,1121.7,69902,6.9629,0,0,0,0,0,0,0,0,0,4.6416,0,0,0,0,0
48,247,1.152,1121.7,69902,0.00062,0,17.425,0,0,0,0,0,0,0,1.9775,0,0,0,0,0
48,247,1.152,1121.7,69902,0.090576,0,0,0,0,0,0,0,0,0,0.13782,0,0,0,0,28.042
48,247,1.152,1121.7,69902,0.021802,0,0.001463,1.4206,0,0,0,0,0,0,0.072463,0,0,0,0,0
48,247,1.152,1121.7,69902,0.008333,0,0,0.36399,0,0,0.68719,0,0,0,0.072463,0,0,0,0,39.259
48,247,1.152,1121.7,69902,16.345,0,0,0,0,0,0.13028,0,0,0,6.11,0,0,0,0,39.259
48,247,1.152,1121.7,69902,0,0,0,0,0,4.4283,0.059897,0,0,0,7.7869,0,0,0,0,106.56
48,247,1.152,1121.7,69902,0.009734,0,0,0,0,9.5972,0.13028,0,0,0,1.0181,0,0,0,0,0
48,247,1.152,1121.7,69902,12.966,0,0,0,0.005239,0,0,0,0,0,0.072463,0,0,0,0,0
48,247,1.152,1121.7,69902,0.008333,0,0,0,0,0,0,0,0,0,0.13226,0,0,0,0,0
48,247,1.152,1121.7,69902,4.9793,0,0,0,0,0,0.67053,0,0,0,0.072463,0,0,0,0,0
48,247,1.152,1121.7,69902,0.008333,0,0.039387,2.797,0,0,0,0,0,0,0.072463,0,0,0,0,1065.6
48,247,1.152,1121.7,69902,0.000254,0,0,0,0,0,0,0,0,0,85.278,0,0,0,0,0
48,247,1.152,1121.7,69902,0,0,0,0,0,0,0,0,0,0,1.2482,0,0,0,0,2.8042
48,247,1.152,1121.7,69902,52.503,0,0,0.20389,0,0,0,0,0,0,0.13348,0,0,0,0,0
48,247,1.152,1121.7,69902,0.021802,0,0,0,0,0,0,0,0,0,31.416,0,0,0,0,0
48,247,1.152,1121.7,69902,0,0,0,0,0,0,0,0,0,0,0.072463,0,0,0,0,0
48,247,1.152,1121.7,69902,0.0035385,0,0,0,0,0,0,0,0,0,21.937,0,0,0,0,0
48,247,1.152,1121.7,69902,0,0,3.527,0,0,0,3.5422,0,0,1.808,1.0181,0,0,0,0,0
48,247,1.152,1121.7,69902,0.01589,0,0,0.008321,0,0,0,0,0,0,1.1196,0,0,0,0,16.825
48,247,1.152,1121.7,69902,0.38778,0,0,3.8517,0,0.1663,29.211,0,0,0,0.072463,0,0,0,0,0
48,247,1.152,1121.7,69902,0,0,0,0,0.41055,0.24028,0,0,0,0,37.282,0,0,0,0,0
48,247,1.152,1121.7,69902,0,0,0,0,2.0827,0,0,0,0,0,0.96078,0,0,0,0,0
48,247,1.152,1121.7,69902,0.46914,0,0,0,0,0,0,0,0,0,0.072463,0,0,0,0,0
48,247,1.152,1121.7,69902,6.2454,0,0,0.61777,0,0.029652,0,0,0,0,0.3625,0,0,0,0,28.042
48,247,1.152,1121.7,69902,56.451,0,0,0.0065058,0,0.0094226,0,0,0,0,12.052,0,0,0,0,0
48,247,1.152,1121.7,69902,0,0,0,0,0,0,0,0,0,0,3.2549,0,0,0,0,0
48,247,1.152,1121.7,69902,0.82505,0,0,0,0,0,0,0,0,0,0.94645,0,0,0,0,2.8042
48,247,1.152,1121.7,69902,22.186,0,0,0,0.0083909,0,0,0,0,0,0.072463,0,0,0,0,0
48,247,1.152,1121.7,69902,0.008333,0,0,0,0,0,0,0,0,0,0.13226,0,0,0,0,0
48,247,1.152,1121.7,69902,0.008124,0,0,0,0,0,47.845,0,0,18.081,6.937,0,0,0,0,0
48,247,1.152,1121.7,69902,0,0,0.086549,0,0,0,0,0,0,0,2.6944,0,0,0,0,0
48,247,1.152,1121.7,69902,6.793,0,0,0,0,0,0,0,0,0,0.072463,0,0,0,0,16.825
48,247,1.152,1121.7,69902,0.066266,0,0,0,4.166,0,0,0,0,0,8.9759,0,0,0,0,0
48,247,1.152,1121.7,69902,0,0,0,0,0,0,0,0,0,0,2.2044,0,0,0,0,1065.6
48,247,1.152,1121.7,69902,0.88244,0,0,0,0,0,0,0,0,0,16.626,0,0,0,0,0
48,247,1.152,1121.7,69902,0,0,0,0,0,0,0,0,0,0,6.0336,0,0,0,0,0
48,247,1.152,1121.7,69902,0.003416,0,0,11.525,0,0,0,0,0,0,0.072463,0,0,0,0,0
48,247,1.152,1121.7,69902,0.091687,0,0,0,0,0,0,0,0,3.4087,3.6687,0,0,0,0,0
48,247,1.152,1121.7,69902,2.2492,0,0.008333,8.1052,0,0,0.021726,0,0,0,16.683,0,0,0,0,0
48,247,1.152,1121.7,69902,0.11533,0,0,0,0,0,0,0,0,0.14685,1.2644,0,0,0,0,0
48,247,1.152,1121.7,69902,0.000234,0,0,0,0,0,0,0.93932,0,0,0.13302,0,0,0,0,0
48,247,1.152,1121.7,69902,2.3242,0,0,0,0,0,0,0,0,1.0076,21.049,0,0,0,0,0
48,247,1.152,1121.7,69902,0,0,0,0,0,0,0,0,0,0,0.35299,0,0,0,0,0
48,247,1.152,1121.7,69902,0,0,0,0,0,0,0,0,0,0,0.072463,0,0,0,0,28.042
48,247,1.152,1121.7,69902,0.16323,0,0,0,0.011287,0,0,0,0,0,5.0181,0,0,0,0,16.825
48,247,1.152,1121.7,69902,1.5964,0,0,0,0,0,0,0,0,0,0.072463,0,0,0,0,16.825
48,247,1.152,1121.7,69902,0.18877,0,0,0,0,0,0,0,0,3.8254,0.1331,0,0,0,0,140.21
48,247,1.152,1121.7,69902,0,0,0,52.432,0,0,0,0,0,0,0.072463,0,0,0,0,0
48,247,1.152,1121.7,69902,0.37523,0,0,0,21.101,0,0,0,0,21.917,6.7334,0,0,0,0,117.78
48,247,1.152,1121.7,69902,0,0,0,0,0,0,0,0,0,0,0.072463,0,0,0,0,0
48,247,1.152,1121.7,69902,0.31737,0,0,7.6271,0,0,0,0,0,0,2.4569,0,0,0,0,84.126
48,247,1.152,1121.7,69902,0.003416,0,0,0,0,0,0,0,0,0,2.2044,0,0,0,0,2.8042
48,247,1.152,1121.7,69902,0.00644,0,0,0,0,0.14899,0,0,0,0,1.1327,0,0,0,0,75.713
48,247,1.152,1121.7,69902,0,0,0,0.56872,0,0,0,0,0,0,0.13649,0,0,0,0,28.042
48,247,1.152,1121.7,69902,14.068,0,0,0.016666,0,0,0.67053,0,0,0,2.7374,0,0,0,0,0
48,247,1.152,1121.7,69902,0.10918,0,35.134,0,0,0,15.524,0,0,0,3.2549,0,0,0,0,0
48,247,1.152,1121.7,69902,0.003485,0,7.8e-05,0,0,0,0,0,0,1.164,0.072463,0,0,0,0,0
48,247,1.152,1121.7,69902,0,0,0,0.34375,0.008333,0.008335,0,0,0,0,4.6401,0,0,0,0,0
48,247,1.152,1121.7,69902,0,0,0,0,0,0.033266,0,0,0,0,0.88605,0,0,0,0,0
48,247,1.152,1121.7,69902,0,0,6.4085,0,0,0.00824,0.021726,0,0,16.378,0.072463,0,0,0,0,0
48,247,1.152,1121.7,69902,0.002741,0,0,0,0,0,0,0,0,1.7864,0.072463,0,0,0,0,0
48,247,1.152,1121.7,69902,0.867,0,0,0,0,0,0,0,0,0,0.13348,0,0,0,0,28.042
48,247,1.152,1121.7,69902,21.908,0,0,0,0,0,168.81,0,0,0,0.072463,0,0,0,0,0
48,247,1.152,1121.7,69902,0.063326,0,0,0,0,0,0,0,0,0,28.485,0,0,0,0,0
48,247,1.152,1121.7,69902,0,0,0,0,0,0,69.539,0,0,0.76777,0.16445,0,0,0,0,0
48,247,1.152,1121.7,69902,0.011169,0,0,0,0,0,4.9534,0,0,0,27.424,0,0,0,0,106.56
48,247,1.152,1121.7,69902,0.088516,0,0,0,0,0,0,0,0,0,2.7374,0,0,0,0,0
48,247,1.152,1121.7,69902,0,0,0,0,0,0,16.762,0,0,0.18086,1.4169,0,0,0,0,0
48,247,1.152,1121.7,69902,0,0,0,0.8087,0,0,0.60778,0,0,0,0.072463,0,0,0,0,0
48,247,1.152,1121.7,69902,0,0,0,0,0,0,0,0,0,0.55196,0.33671,0,0,0,0,0
48,247,1.152,1121.7,69902,0.051012,0,0,0,0,0.002139,0,0,0,0,16.495,0,0,0,0,0
48,247,1.152,1121.7,69902,0.00665,0,0,0,0,0,0,0,0,0,0.13782,0,0,0,0,0
48,247,1.152,1121.7,69902,0.023707,0,0,0.002344,0,0,0.021726,0,0,0,3.5398,0,0,0,0,28.042
48,247,1.152,1121.7,69902,0,0,0,0,0,0.029652,0,0,0,0,0.58253,0,0,0,0,2.8042
48,247,1.152,1121.7,69902,0.008333,0,4.2233,0,0,0,0.13028,0,0,0,0.086791,0,0,0,0,75.713
48,247,1.152,1121.7,69902,12.169,0,0,0.003416,0,0,0,0,0,0,0.072463,0,0,0,0,39.259
48,247,1.152,1121.7,69902,0.86178,0,0,0.002485,0,0,0,0,0,0,6.937,0,0,0,0,0
48,247,1.152,1121.7,69902,1.2319,0,0,0,0.092795,0,0,0,0,1.5851,22.138,0,0,0,0,0
48,247,1.152,1121.7,69902,0.0067256,0,0,0,0,0,0.021726,0,0,0,0.13649,0,0,0,0,0
48,247,1.152,1121.7,69902,0.030732,0,0,0,0,0,439.12,0,0,0,6.1183,0,0,0,0,0
48,247,1.152,1121.7,69902,0.00247,0,0,1.7189,0,0,0,0,0,3.4087,0.072463,0,0,0,0,0
48,247,1.152,1121.7,69902,0.008333,0,0,0,0,0.008333,0,0,0,0.44575,0.33767,0,0,0,0,16.825
48,247,1.152,1121.7,69902,0.068683,0,0,0,0,0,0,0,0,0,0.5281,0,0,0,0,0
48,247,1.152,1121.7,69902,0.87416,0,0,0.0068531,0,9.5972,0,0,0,0,6.9105,0,0,0,0,0
48,247,1.152,1121.7,69902,0.46914,0,0,5.5914,0,0,0,0,0,0,0.072463,0,0,0,0,2.8042
48,247,1.152,1121.7,69902,0.00524,0,0,0.80154,0,0,0.10863,0,0,0,0.072463,0,0,0,0,0
48,247,1.152,1121.7,69902,0.42165,0,0,0,0,0,0,0,0,0,0.072463,0,0,0,0,0
48,247,1.152,1121.7,69902,0,0,0,0.8087,0,0,0.13028,0,0,0,0.13382,0,0,0,0,0
48,247,1.152,1121.7,69902,0.13678,0,0,0.00833,0,0,0,0,0,0,17.924,0,0,0,0,0
48,247,1.152,1121.7,69902,0.91889,0,0.09582,0,2.5035,0,0.1009,2.8797,0,0,0.072463,0,0,0,0,0
48,247,1.152,1121.7,69902,0.043397,0,0,0.00397,0,0,0,0,0,0,5.1015,0,0,0,0,0
48,247,1.152,1121.7,69902,0.0059348,0,0,1.04,0,0.008335,0,0,0,18.081,0.072463,0,0,0,0,128.99
48,247,1.152,1121.7,69902,8.5103,0,0,0,0,0,0,0,0,0,2.9953,0,0,0,0,0
48,247,1.152,1121.7,69902,10.869,0,0,0,0.089546,0,0,0,0,0,19.922,0,0,0,0,0
48,247,1.152,1121.7,69902,0,0,0,1.367,0.008333,0,0,0,0,0,12.205,0,0,0,0,0
48,247,1.152,1121.7,69902,2.9279,0,0,2.2995,0,0,0.13028,0,0,0,0.072463,0,0,0,0,28.042
48,247,1.152,1121.7,69902,0.025,0,0,0,0,0,0.059897,0,0,0.68445,0.072463,0,0,0,0,0
48,247,1.152,1121.7,69902,0.0062716,0,0,0,0,0.0085488,0,0,0,0,0.086791,0,0,0,0,0
48,247,1.152,1121.7,69902,0,0,0,4.5945,0,0,27.37,0,0,1.0076,0.072463,0,0,0,0,50.475
48,247,1.152,1121.7,69902,0.30203,0,0,0,0,0,0,0,0,0,0.61154,0,0,0,0,0
48,247,1.152,1121.7,69902,0.008333,0,0,0,0,0,0,0,0,5.7231,0.13226,0,0,0,0,61.692
48,247,1.152,1121.7,69902,16.593,0,0,0,0,0,0,0,0,0,0.1337,0,0,0,0,0
48,247,1.152,1121.7,69902,0.51708,0,0,0.016666,7.5878,0,0.60778,0,0,0,0.072463,0,0,0,0,0
48,247,1.152,1121.7,69902,56.451,0,0,7.6271,0,0,0,0,0,0,0.072463,0,0,0,0,0
48,247,1.152,1121.7,69902,0,0,0,0,0,0,2.4695,0,0,0,0.81487,0,0,0,0,1065.6
48,247,1.152,1121.7,69902,1.2674,0,0,0,0,0,293.03,0,0,0,0.072463,0,0,0,0,0
48,247,1.152,1121.7,69902,3.9092,0,4.0657,0.000172,0,0,53.128,0,0,0,10.847,0,0,0,0,151.43
48,247,1.152,1121.7,69902,56.451,0,0,0,0,0,0,0,0,0,0.37335,0,0,0,0,2.8042
48,247,1.152,1121.7,69902,0.023106,0,0,0,0,0,0,0,0,0,9.3997,0,0,0,0,0
48,247,1.152,1121.7,69902,0.0099823,0,0,0,0,1.7919,13.042,0,0,0,0.072463,0,0,0,0,16.825
48,247,1.152,1121.7,69902,0.008333,0,0,0,0,0.008333,0,0,0,0,0.072463,0,0,0,0,28.042
48,247,1.152,1121.7,69902,0.008333,0,0,0,0,0,7.0358,0,0,0,7.7869,0,0,0,0,0
48,247,1.152,1121.7,69902,0.004588,0,0,12.423,0,0,0,0,0,0.91947,0.072463,0,0,0,0,1065.6
48,247,1.152,1121.7,69902,0.12117,0,0,0.0084255,0,0,0,0,0,0,0.072463,0,0,0,0,0
48,247,1.152,1121.7,69902,0.7905,0,0,0,0,0,7.73,0,0,16.378,0.072463,0,0,0,0,0
48,247,1.152,1121.7,69902,1.8491,0,0,0,0,0,0,0,0,0,1.1327,0,0,0,0,16.825
48,247,1.152,1121.7,69902,4.8827,0,0,0,15.346,0,0,0,0,0,1.0611,0,0,0,0,0
48,247,1.152,1121.7,69902,0,0,0,0,0,0,0,0,0,0,6.4637,0,0,0,0,39.259
48,247,1.152,1121.7,69902,2.0662,0,0,0,0,0.008333,0,0,0,0,2.1592,0,0,0,0,0
48,247,1.152,1121.7,69902,19.915,0,0,0,0,0,0.60778,0,0,0,0.13302,0,0,0,0,0
48,247,1.152,1121.7,69902,2.9778,0,48.123,0,0.63175,0,0,0,0,0,0.072463,0,0,0,0,0
48,247,1.152,1121.7,69902,2.6202,0,0,0,0,0,95.863,0,0,2.6253,0.072463,0,0,0,0,0
48,247,1.152,1121.7,69902,8.9388,0,0,0.023383,0,0,3.8394,0,0,1.808,3.8048,0,0,0,0,39.259
48,247,1.152,1121.7,69902,0.006877,0,0,0.001493,0,0,0,0,0,0,0.072463,0,0,0,0,0
48,247,1.152,1121.7,69902,0.023172,0,0,0,0,0,0,0,0,0,53.47,0,0,0,0,0
48,247,1.152,1121.7,69902,0,0,0,0.016666,0,0,0,0,0,0,0.072463,0,0,0,0,0
48,247,1.152,1121.7,69902,2.704,0,0,0,0,0.007328,0.13028,0,0,0,57.82,0,0,0,0,140.21
48,247,1.152,1121.7,69902,0.005006,0,0,0,0,0,0,0,0,0,0.072463,0,0,0,0,0
48,247,1.152,1121.7,69902,0.32593,0,0,0,0,0,0,0,0,0.67128,6.6447,0,0,0,0,0
48,247,1.152,1121.7,69902,0.0088426,0,0,0,0,0,0,0,0,0,59.09,0,0,0,0,0
48,247,1.152,1121.7,69902,0.87217,0,0,0.00524,0,0.012009,0,0,0,0,0.072463,0,0,0,0,0
48,247,1.152,1121.7,69902,74.929,0,0,0,0,0,0,0,0,0,0.072463,0,0,0,0,0
48,247,1.152,1121.7,69902,0.022624,0,0,0.96361,0,0,0.13028,0,0,0,12.205,0,0,0,0,0
48,247,1.152,1121.7,69902,0.022451,0,0,0.82887,0,0,0,0,0,0,0.13054,0,0,0,0,0
48,247,1.152,1121.7,69902,0.00387,0,0,0,0,0,65.907,0,0,6.8425,0.072463,0,0,0,0,0
48,247,1.152,1121.7,69902,2.5786,0,0.17233,0,0.007102,0.008333,0,0,0,0,0.072463,0,0,0,0,0
48,247,1.152,1121.7,69902,0.17013,0,0,0,0,0,218.25,0,0,0,4.9652,0,0,0,0,0
48,247,1.152,1121.7,69902,0.008335,0,0,0,0,0,0.67053,0,0,0,0.086791,0,0,0,0,0
48,247,1.152,1121.7,69902,0.021734,0,0,0,0,0,0,0,0,0,1.9064,0,0,0,0,2.8042
48,247,1.152,1121.7,69902,0.00665,0,0,0.80219,0,0,12.183,0,0,0,6.0336,0,0,0,0,16.825
48,247,1.152,1121.7,69902,0,0,0,0.003485,0,0,0,0,0,0,0.7142,0,0,0,0,0
48,247,1.152,1121.7,69902,0.042187,0,0,0.00524,0,0,0,0,0,0,0.086791,0,0,0,0,0
48,247,1.152,1121.7,69902,0.8881,0,0,1.4317,0,0,0,0,0,0,1.7329,0,0,0,0,0
48,247,1.152,1121.7,69902,0,0,0,0,0,0,0,0,0,0,22.603,0,0,0,0,0
48,247,1.152,1121.7,69902,0.020405,0,0,0.002868,0,0,0,0,0,0,0.13782,0,0,0,0,0
48,247,1.152,1121.7,69902,1.725,0,0,6.3e-05,0,0,0,0,0,0,1.2711,0,0,0,0,0
48,247,1.152,1121.7,69902,0.021734,0,0,0,0,0,0,0,0,0,0.072463,0,0,0,0,0
48,247,1.152,1121.7,69902,0.17648,0,0,0,0,0,0,0,0,0,8.9877,0,0,0,0,0
48,247,1.152,1121.7,69902,0.003932,0,0,0,0.008333,0.008333,0.13028,0,0,0,1.5501,0,0,0,0,0
48,247,1.152,1121.7,69902,0,0,0,0,0,0,0,0,0,0,0.072463,0,0,0,0,151.43
48,247,1.152,1121.7,69902,0,0,0,0,0,338.28,0,0,0,0,0.072463,0,0,0,0,0
48,247,1.152,1121.7,69902,0.008333,0,0,0.80423,0,0,6.0541,0,0,0,2.6841,0,0,0,0,241.16
48,247,1.152,1121.7,69902,0.008333,0,0,0.002784,0.007148,0,0,0,0,0,0.086791,0,0,0,0,0
48,247,1.152,1121.7,69902,0,0,0,0.63687,0,0,0,0,0,0,0.072463,0,0,0,0,2.8042
48,247,1.152,1121.7,69902,15.547,0,0,0,0,0,0,4.7916,0,1.1034,0.072463,0,0,0,0,0
48,247,1.152,1121.7,69902,0,0,0,0,0.13394,0,0,0,0,7.8617,0.6599,0,0,0,0,0
48,247,1.152,1121.7,69902,0,0,0,0,0,0,36.426,0,0,0,3.7338,0,0,0,0,0
48,247,1.152,1121.7,69902,0.000765,0,0,9.1127,0,0,0,0,0,0,0.072463,0,0,0,0,0
48,247,1.152,1121.7,69902,0.0094769,0,0,0.086646,0,0,0,0,0,0,16.626,0,0,0,0,0
48,247,1.152,1121.7,69902,0.14834,0,0,10.076,0,0,0,0,0,0,0.072463,0,0,0,0,0
48,247,1.152,1121.7,69902,0.47616,0,0,0,0,0,0,0,0,0,0.072463,0,0,0,0,0
48,247,1.152,1121.7,69902,0.69405,0,0,0.7299,0,0,0,0,0,0,0.072463,0,0,0,0,16.825
48,247,1.152,1121.7,69902,1.8491,0,0.0085885,2.797,0.030694,0,0,0,0,0,5.6128,0,0,0,0,2.8042
48,247,1.152,1121.7,69902,0.00644,0,0,0,0,0,0,0,0,0,0.072463,0,0,0,0,28.042
48,247,1.152,1121.7,69902,0,0,0,0,0,0,8.5769,0,0,0,9.6608,0,0,0,0,0
48,247,1.152,1121.7,69902,0,0,0,0,0,0,0,0,0,0,0.13679,0,0,0,0,0
48,247,1.152,1121.7,69902,1.5722,0,0,0,0.008333,0,0,0,0,1.5859,0.13302,0,0,0,0,0
48,247,1.152,1121.7,69902,0,0,0,4.8836,0,0,0,0,0,0,2.9142,0,0,0,0,0
48,247,1.152,1121.7,69902,0,0,0,0,0,0,0.002308,0,0,0,0.13146,0,0,0,0,0
48,247,1.152,1121.7,69902,6.1884,0,0,0,0,0.48988,231.76,0,0,0,1.2836,0,0,0,0,0
48,247,1.152,1121.7,69902,0.008124,0,0,0,0,0,0,0,0,0,13.16,0,0,0,0,16.825
48,247,1.152,1121.7,69902,0.0062323,0,0,61.313,0,0,0,0,0,0,0.072463,0,0,0,0,2.8042
48,247,1.152,1121.7,69902,0.008333,0,0,0,0,0,95.863,0,0,0,14.386,0,0,0,0,0
48,247,1.152,1121.7,69902,51.165,0,0,51.33,0,0.027174,0,0,0,0,0.14411,0,0,0,0,0
48,247,1.152,1121.7,69902,0.13678,0,5.5872,0,0,0,0,0,0,0,2.4949,0,0,0,0,0
48,247,1.152,1121.7,69902,11.703,0,0,0.016666,0,0,385.54,0,0,0,0.072463,0,0,0,0,0
48,247,1.152,1121.7,69902,3.7359,0,0,0,0,11.716,0,0,0,0,0.072463,0,0,0,0,50.475
48,247,1.152,1121.7,69902,0,0,0,1.8525,1.2607,0,0,0,0,0,4.2848,0,0,0,0,0
48,247,1.152,1121.7,69902,0.0083055,0,0,0,0.005411,0,0,0,0,0,0.072463,0,0,0,0,0
48,247,1.152,1121.7,69902,0.008333,0,24.086,0.016668,0,0,12.547,0,0,0,0.24539,0,0,0,0,28.042
48,247,1.152,1121.7,69902,0.0011005,0,0,0,0,0,44.482,0,0,0,0.9086,0,0,0,0,0
48,247,1.152,1121.7,69902,6.4993,0,0,0,6.3e-05,0,0,0,0,0.72035,0.1323,0,0,0,0,0
48,247,1.152,1121.7,69902,0.018174,0,0,0,0,0,0,0,0,0,0.072463,0,0,0,0,0
48,247,1.152,1121.7,69902,0.010477,0,0,0,0,0,0.42744,0,0,0,0.38768,0,0,0,0,16.825
48,247,1.152,1121.7,69902,4.7059,0,0,2.9407,0,0,19.738,0,0,0,0.17149,0,0,0,0,2.8042
48,247,1.152,1121.7,69902,0,0,0,0,0,0,0,0,0,0,13.2,0,0,0,0,0
48,247,1.152,1121.7,69902,0.7905,0,0,0,0.008336,0,0,0,0,0,5.101,0,0,0,0,0
48,247,1.152,1121.7,69902,3.0427,0,0,0,0,0,0,0,0,0,71.252,0,0,0,0,28.042
48,247,1.152,1121.7,69902,4.0286,0,0,0,0,0,0,0,0,0,0.83183,0,0,0,0,0
48,247,1.152,1121.7,69902,0.003173,0,0,0,0,0,0,0,0,0,0.13225,0,0,0,0,0
48,247,1.152,1121.7,69902,0,0,0,0,0,0,0,0,0,0,0.14411,0,0,0,0,61.692
48,247,1.152,1121.7,69902,0.69405,0,0,0,0,0.056592,0.021726,0,0,0,1.2836,0,0,0,0,0
48,247,1.152,1121.7,69902,0.008333,0,0,0,0.023451,0,20.859,0,0,0,4.1559,0,0,0,0,0
48,247,1.152,1121.7,69902,0,0,21.188,0,0,0,0,0,0,0,0.072463,0,0,0,0,2.8042
48,247,1.152,1121.7,69902,0,0,0,0,0,0.013193,0.67053,0,0,0,3.2514,0,0,0,0,0
48,247,1.152,1121.7,69902,1.0204,0,0,0,0,0,0.13028,17.137,0,0,0.13302,0,0,0,0,0
48,247,1.152,1121.7,69902,11.348,0,0,0.00052,0,0,0,0,0,0,0.072463,0,0,0,0,0
48,247,1.152,1121.7,69902,0.86124,0,0,0,0,0,0,0,0,0,14.637,0,0,0,0,0
48,247,1.152,1121.7,69902,11.956,0,46.831,0,0,0,130.32,0,0,0,2.192,0,0,0,0,0
48,247,1.152,1121.7,69902,0,0,0.003932,0,0,0,0,0,0,0,0.072463,0,0,0,0,0
48,247,1.152,1121.7,69902,0.042187,0,0,0,0,0.37405,0,0,0,0.14685,0.13873,0,0,0,0,0
48,247,1.152,1121.7,69902,0,0,0,0,0,0,0,0,0,0,0.072463,0,0,0,0,16.825
48,247,1.152,1121.7,69902,0,0,0,0,0,0,0,0,0,0,0.32655,0,0,0,0,0
48,247,1.152,1121.7,69902,0,0,0,0,0,0,0,0,0,0,0.072463,0,0,0,0,207.51
48,247,1.152,1121.7,69902,0.003295,0,0,0,0,0,0,0,0,0,1.9941,0,0,0,0,117.78
48,247,1.152,1121.7,69902,2.3031,0,0,0,0,0.008333,0,0,0,0,3.2549,0,0,0,0,0
48,247,1.152,1121.7,69902,0.00062,0,0,0,0,0,0,0,0,0,0.072463,0,0,0,0,50.475
48,247,1.152,1121.7,69902,0,0,0,0,0,0,0,0,0,0,1.3227,0,0,0,0,0
48,247,1.152,1121.7,69902,0,0,0,2.5948,0,0.79687,0,0,0,0,5.2094,0,0,0,0,61.692
48,247,1.152,1121.7,69902,0,0,0,0,0,0.008333,21.176,0,0,0,3.1286,0,0,0,0,0
48,247,1.152,1121.7,69902,0,0,0,0,0,0,0,0,0,0,0.072463,0,0,0,0,207.51
48,247,1.152,1121.7,69902,0.008333,0,0,0,0,0,0,0,0,0,8.2588,0,0,0,0,0
48,247,1.152,1121.7,69902,1.0792,0,0,0,0,0.003539,0,0,0,0,0.072463,0,0,0,0,0
48,247,1.152,1121.7,69902,0.47535,0,0,0,0,0,0,0,0,0,0.7142,0,0,0,0,1065.6
48,247,1.152,1121.7,69902,0.97362,0,0,0,0,0,0.13028,0,0,0,3.1264,0,0,0,0,0
48,247,1.152,1121.7,69902,0.7905,0,0,22.843,0,0,0,0,0,0,0.072463,0,0,0,0,0
48,247,1.152,1121.7,69902,0,0,0,0,0,0,0,0,0,0,0.73917,0,0,0,0,0
48,247,1.152,1121.7,69902,0.009056,0,0,0,0,4.5782,0,0,0,0,0.072463,0,0,0,0,0
48,247,1.152,1121.7,69902,0.021552,0,0,21.295,0,0.00644,0,0,0,0,72.134,0,0,0,0,95.342
48,247,1.152,1121.7,69902,5.1799,0,0,0,1.6381,0.0085488,0,0.49462,0,0,20.478,0,0,0,0,0
48,247,1.152,1121.7,69902,0.008335,0,7.4936,5.5914,0,0,0,0,0,0,0.072463,0,0,0,0,0
48,247,1.152,1121.7,69902,0.00644,0,0,0,0,0.002491,0.059897,0,0,0,4.2561,0,0,0,0,0
48,247,1.152,1121.7,69902,0.42165,0,0,0,0,0,0,0,0,0,1.5788,0,0,0,0,0
48,247,1.152,1121.7,69902,0,0,0,35.934,0,0.10347,0,0,0,0,0.26171,0,0,0,0,1065.6
48,247,1.152,1121.7,69902,0.0083909,0,0.19487,0,19.187,0.5031,0,0,0,0,0.55863,0,0,0,0,28.042
48,247,1.152,1121.7,69902,0.046516,0,0,0,0,0.020937,0,0,0,0,13.171,0,0,0,0,0
48,247,1.152,1121.7,69902,0.008333,0,0,0,0,0,0,0,0,1.0139,0.072463,0,0,0,0,0
48,247,1.152,1121.7,69902,0.068683,0,0,0.81848,0,0,0,0,0,0,0.072463,0,0,0,0,0
48,247,1.152,1121.7,69902,0,0,0,0,0,0,0.059897,0,0,0,0.44804,0,0,0,0,0
48,247,1.152,1121.7,69902,16.345,0,0,0,0.053237,0,0,0,0,0.63421,0.072463,0,0,0,0,0
48,247,1.152,1121.7,69902,0.71858,0,0,0,0,0,0,0,0,0,0.072463,0,0,0,0,0
48,247,1.152,1121.7,69902,24.921,0,0.008333,0,0,0.000765,0,0,0,0,13.16,0,0,0,0,16.825
48,247,1.152,1121.7,69902,0.021552,0,0,0,0.010701,0,0,0,0,0,0.49027,0,0,0,0,0
48,247,1.152,1121.7,69902,0,0,0,0,0.10293,0,0,0,0,0,0.91404,0,0,0,0,1065.6
48,247,1.152,1121.7,69902,0.24047,0,0,0,0.0002425,0,76.126,0,0,0,0.13158,0,0,0,0,0
48,247,1.152,1121.7,69902,19.915,0,0,34.71,0,0,0,0,0,0,17.634,0,0,0,0,0
48,247,1.152,1121.7,69902,0,0,0,0,0,0,0,0.00247,0,0,0.072463,0,0,0,0,0
48,247,1.152,1121.7,69902,0.042187,0,0,0,0,0,11.181,0,0,0,0.15843,0,0,0,0,0
48,247,1.152,1121.7,69902,2.9279,0,0,0,0,0.0014495,168.81,0.044237,0,0,5.7131,0,0,0,0,0
48,247,1.152,1121.7,69902,0,0,0,0.0059778,0,0,83.464,0,0,0,0.38768,0,0,0,0,0
48,247,1.152,1121.7,69902,1.8682,0,0,0,0,3.1344,0.13028,0,0,0,11.144,0,0,0,0,0
48,247,1.152,1121.7,69902,6.4023,0,0,0,0,0,141.74,0,0,0,6.1348,0,0,0,0,0
48,247,1.152,1121.7,69902,0.013843,0,0,0,0,0,0,0,0,0,0.072463,0,0,0,0,0
48,247,1.152,1121.7,69902,0.005239,0,0,0,0,0,0,0,0,0,7.2936,0,0,0,0,0
48,247,1.152,1121.7,69902,8.2225,0,0,0,0,0,0,0,0,0,0.13786,0,0,0,0,0
48,247,1.152,1121.7,69902,131.49,0,0,0.010671,0,0,0,0,0,0,0.77377,0,0,0,0,0
48,247,1.152,1121.7,69902,0.15893,0,0,0.83339,0,0,0.13028,0,0,0,0.13054,0,0,0,0,0
48,247,1.152,1121.7,69902,0.081023,0,0,0,0,0,0,0,0,0,1.3204,0,0,0,0,0
48,247,1.152,1121.7,69902,0.065401,0,0,0,0,0,0,0,0,0,22.868,0,0,0,0,0
48,247,1.152,1121.7,69902,0.028282,0,0,0,0,0,0,0,0,0,21.808,0,0,0,0,0
48,247,1.152,1121.7,69902,0.081023,0,0,0,0.0098589,0,0,0,0,0,1.2954,0,0,0,0,0
48,247,1.152,1121.7,69902,10.183,0,0,4.3212,0,0,16.672,0,0,0,7.9623,0,0,0,0,173.86
48,247,1.152,1121.7,69902,0.012954,0,0,0,0,0,0,0,0,0,0.56072,0,0,0,0,0
48,247,1.152,1121.7,69902,13.312,0,0,10.308,0.33236,0,0,0,0,0,0.88605,0,0,0,0,1065.6
48,247,1.152,1121.7,69902,0.000126,0,0,0,0,0,7.0358,0,0,0,35.008,0,0,0,0,0
48,247,1.152,1121.7,69902,0.092503,0,0,0.016666,0,0.017177,0.13028,0,0,0,0.072463,0,0,0,0,0
48,247,1.152,1121.7,69902,0.012954,0,0,0,0,0,0,0,0,0,0.072463,0,0,0,0,0
48,247,1.152,1121.7,69902,7.7973,0,0.0052205,0,0,0,0,0,0,0,2.2216,0,0,0,0,28.042
48,247,1.152,1121.7,69902,0,0,0,6.3e-05,0,0,0,0,0,0,4.1702,0,0,0,0,0
48,247,1.152,1121.7,69902,1.0412,0,0,0,0,0.73201,15.64,1.8324,0,0,0.49027,0,0,0,0,0
48,247,1.152,1121.7,69902,0,0,0,0.003346,0,0.008333,0,0,0,1.0834,25.046,0,0,0,0,0
48,247,1.152,1121.7,69902,0.7041,0,0,0,10.958,0,0,0,0,0,0.12949,0,0,0,0,0
48,247,1.152,1121.7,69902,0.003465,0,0,0,0,0,0,0,0,0,1.5078,0,0,0,0,28.042
48,247,1.152,1121.7,69902,6.5404,0,0,152.02,0,0,0,0,0,0,0.11545,0,0,0,0,0
48,247,1.152,1121.7,69902,0,0,0,2.0133,2.0281,0,115.6,0,0,0,37.282,0,0,0,0,0
48,247,1.152,1121.7,69902,0.010201,0,0,0,0,0,5.7688,0,0,0,38.156,0,0,0,0,0
48,247,1.152,1121.7,69902,0.00824,0,0,0,27.642,0,0,0,0,0,0.072463,0,0,0,0,0
48,247,1.152,1121.7,69902,0.090576,0,0,10.308,0,0,4.9077,0,0,0,0.072463,0,0,0,0,2.8042
48,247,1.152,1121.7,69902,0,0,0.035808,0,0,0,0,0,0,0,5.101,0,0,0,0,0
48,247,1.152,1121.7,69902,2.9934,0,0,0,0,0.00824,0,0,0,0,0.072463,0,0,0,0,0
48,247,1.152,1121.7,69902,0,0,0,0,0,0,12.183,8.6627,0,0,0.44683,0,0,0,0,0
48,247,1.152,1121.7,69902,1.7028,0,0,0,0,0,0.13028,0,0,0,37.719,0,0,0,0,0
48,247,1.152,1121.7,69902,0.18877,0,0,0,23.914,0,0.13028,0,0,0,1.9852,0,0,0,0,0
48,247,1.152,1121.7,69902,2.3671,0,0,0,0,0,0,0,0,0.18355,0.79939,0,0,0,0,0
48,247,1.152,1121.7,69902,5.4125,0,0,0,0,0,0,0,0,0,0.67931,0,0,0,0,0
48,247,1.152,1121.7,69902,0.88791,0,0,0.80154,0,0,0,0,0,0,0.63695,0,0,0,0,0
48,247,1.152,1121.7,69902,0.00665,0,0,0.48691,0,0,0.059897,0,0,0,14.637,0,0,0,0,28.042
48,247,1.152,1121.7,69902,0.91889,0,0,0,0,0,0.13028,0,0,1.0245,4.8911,0,0,0,0,2.8042
48,247,1.152,1121.7,69902,0,0,0,3.4476,0,0,0,0,0,0,25.166,0,0,0,0,16.825
48,247,1.152,1121.7,69902,0,0,7.7224,0.81317,0,0.017177,8.5769,0,0,0,0.072463,0,0,0,0,140.21
48,247,1.152,1121.7,69902,0.008333,0,0,0,0,0,0,0,0,0,7.1639,0,0,0,0,0
48,247,1.152,1121.7,69902,0.0082878,0,0,0,6.3935,0,0,0,0,0,1.7918,0,0,0,0,0
48,247,1.152,1121.7,69902,0.008953,0,0,0,0,0,8.9964,0,0,0,4.8911,0,0,0,0,28.042
48,247,1.152,1121.7,69902,0.068683,0,0,0,0,0,0,0,0,0,0.17677,0,0,0,0,50.475
48,247,1.152,1121.7,69902,2.1028,0,0,0,0,4.8314,0,0,0,0,0.17276,0,0,0,0,75.713
48,247,1.152,1121.7,69902,0.066266,0,0,0,0,0,0.13028,0,0,0,0.072463,0,0,0,0,0
48,247,1.152,1121.7,69902,0.59569,0,0.0097267,0,0,0.008336,0,0,0,0,1.5769,0,0,0,0,0
48,247,1.152,1121.7,69902,0,0,0,0.019875,0,0,0,0,0,0,0.24539,0,0,0,0,16.825
48,247,1.152,1121.7,69902,0.092503,0,0,0,2.0827,0,0,0,0,1.057,0.072463,0,0,0,0,0
48,247,1.152,1121.7,69902,0.12028,0,0,0,0,0,0,0,0,0,0.072463,0,0,0,0,0
48,247,1.152,1121.7,69902,0.19777,0,0,0,0,0,77.672,0,0,0,13.426,0,0,0,0,0
48,247,1.152,1121.7,69902,0.0073941,0,0,1.7466,0,0,6.8486,0,0,0,7.3168,0,0,0,0,0
48,247,1.152,1121.7,69902,8.9388,0,0,0,0,0,109.42,0,0,0,0.14008,0,0,0,0,0
48,247,1.152,1121.7,69902,20.262,0,0,0.012384,0,0,0,0,0,0,0.072463,0,0,0,0,0
48,247,1.152,1121.7,69902,5.1799,0,0,0.005714,0.00062,0,7.73,0,0,0,0.13873,0,0,0,0,0
48,247,1.152,1121.7,69902,2.0662,0,0,0.013573,0,0.019973,0.68719,0,0,0,0.13615,0,0,0,0,39.259
48,247,1.152,1121.7,69902,0,0,0,0,0,0,2.5567,0,0,0,0.13679,0,0,0,0,0
48,247,1.152,1121.7,69902,0.016278,0,0,0.81046,0.010256,0,0,0,0,0,0.072463,0,0,0,0,2.8042
48,247,1.152,1121.7,69902,0,0,0,0,0,0,19.738,0,0,0.67128,7.5422,0,0,0,0,0
48,247,1.152,1121.7,69902,0.11533,0,0,0,0,0,0,0,0,0,0.98417,0,0,0,0,0
48,247,1.152,1121.7,69902,0.004143,0,0,22.843,0,0,35.101,0,0,0,10.466,0,0,0,0,0
48,247,1.152,1121.7,69902,25.129,0,0,0,0,0,0,0,0,0,0.072463,0,0,0,0,0
48,247,1.152,1121.7,69902,0,0,0,0.9511,0,0,0,0,0,0,0.56922,0,0,0,0,0
48,247,1.152,1121.7,69902,3.3592,0,0,0.37543,0,0,0,0,0,0,0.16445,0,0,0,0,0
48,247,1.152,1121.7,69902,0.8753,0,0,0,0,0,0,0,0,0,0.072463,0,0,0,0,75.713
48,247,1.152,1121.7,69902,5.7614,0,0,1.2987,0,0.0055799,7.2376,0,0,0,0.12977,0,0,0,0,0
48,247,1.152,1121.7,69902,11.348,0,0,0,0,0,0,0,0,19.403,6.9122,0,0,0,0,0
48,247,1.152,1121.7,69902,0.008335,0,0,1.8525,0.037521,0,0.0053205,0,0,0,2.0951,0,0,0,0,140.21
48,247,1.152,1121.7,69902,0,0,0,0.002868,0,0,0,0,0,0,0.072463,0,0,0,0,0
48,247,1.152,1121.7,69902,0,0,0,0,0,0.008335,0,0,0,0,1.6541,0,0,0,0,0
48,247,1.152,1121.7,69902,0.90902,0,0,0.001493,0,0,28.236,0,0,0,0.24115,0,0,0,0,16.825
48,247,1.152,1121.7,69902,0.0065058,0,0,0,0,0,0.13028,0,0,0,0.072463,0,0,0,0,0
48,247,1.152,1121.7,69902,1.0524,0,0,0,0,0,0,0,0,0,0.072463,0,0,0,0,0
48,247,1.152,1121.7,69902,15.459,0,0,0,0,0,0.13028,2.6149,0,0,0.072463,0,0,0,0,2.8042
48,247,1.152,1121.7,69902,34.934,0,0,0,0,0,8.5769,0,0,1.4449,2.7374,0,0,0,0,0
48,247,1.152,1121.7,69902,0,0,0,0.18161,0,0,0,0,0,0,0.52131,0,0,0,0,0
48,247,1.152,1121.7,69902,0.86415,0,0,1.7781,0,0,0,0,0,1.5079,0.072463,0,0,0,0,0
48,247,1.152,1121.7,69902,0.021904,0,0,0,0,0,0,0,0,0,0.67805,0,0,0,0,0
48,247,1.152,1121.7,69902,2.3989,0,0,0.008333,0,0,0,0,0,0,0.402,0,0,0,0,2.8042
48,247,1.152,1121.7,69902,4.0286,0,0,0,0,0,10.156,0.022331,0,0,1.2836,0,0,0,0,0
48,247,1.152,1121.7,69902,0,0,0,0,0,0,0,0,0,0,0.13615,0,0,0,0,0
48,247,1.152,1121.7,69902,1.0204,0,0,0,0,0,0,0,0,0,0.072463,0,0,0,0,0
48,247,1.152,1121.7,69902,0,0,0,0,0,0,0,0,0,0,0.072463,0,0,0,0,0
48,247,1.152,1121.7,69902,2.7189,0,0,0,0,0,0,0,0,0,25.046,0,0,0,0,0
48,247,1.152,1121.7,69902,0.008333,0,0.008333,0,0,0,0,0,0,0,0.072463,0,0,0,0,0
48,247,1.152,1121.7,69902,0,0,0,0,0,0,0,0,0,0,0.072463,0,0,0,0,39.259
48,247,1.152,1121.7,69902,74.929,0,0,0,0,0,0,0,0,0,0.072463,0,0,0,0,0
48,247,1.152,1121.7,69902,0.003295,0,0,0,0,0.0055799,0.60778,0,0,0,0.072463,0,0,0,0,0
48,247,1.152,1121.7,69902,0.012086,0,0,0,0,0,0,0,0,0,0.13922,0,0,0,0,0
48,247,1.152,1121.7,69902,0.015298,0,0,2.3327,0,0,0,0,0,0,1.4049,0,0,0,0,0
48,247,1.152,1121.7,69902,0,0,6.5011,0,0,0,0,0,0,0,0.072463,0,0,0,0,39.259
48,247,1.152,1121.7,69902,0,0,0,0,0.008333,0,168.81,0,0,0,17.634,0,0,0,0,0
48,247,1.152,1121.7,69902,26,0,0,1.6943,0,0,0.13028,0,0,0,0.072463,0,0,0,0,39.259
48,247,1.152,1121.7,69902,1.1917,0,0,0.016666,0,19.909,0.13028,0,0,0,0.60909,0,0,0,0,39.259
48,247,1.152,1121.7,69902,0.43372,0,0,0,0,0,0,0,0,0,8.28,0,0,0,0,2.8042
48,247,1.152,1121.7,69902,0,0,0.030268,0,0,0,0,0,0,13.788,26.814,0,0,0,0,1065.6
48,247,1.152,1121.7,69902,0.074955,0,0,1.4791,0,0,0,0,0,0,7.6506,0,0,0,0,0
48,247,1.152,1121.7,69902,0.864,0,0,61.313,0,0,0,0,0,0,12.415,0,0,0,0,39.259
48,247,1.152,1121.7,69902,0,0,0.008335,0,0,0,0,0.044237,0,0,0.072463,0,0,0,0,39.259
48,247,1.152,1121.7,69902,0.86602,0,0,0,0,0,0.10863,0,0,0,1.059,0,0,0,0,0
48,247,1.152,1121.7,69902,0,0,0,0,0,0,0,0,0,0,0.072463,0,0,0,0,0
48,247,1.152,1121.7,69902,0.15893,0,0,1.2987,0,0,0,0,0,0,0.072463,0,0,0,0,0
48,247,1.152,1121.7,69902,0,0,0,0,0,0,0.60778,0,0,0,9.4141,0,0,0,0,0
48,247,1.152,1121.7,69902,0.003539,0,0,0,0,0,0,0,0,0,3.0821,0,0,0,0,0
48,247,1.152,1121.7,69902,0,0,0,0,0,0.00062,0,0,0,0,0.072463,0,0,0,0,0
48,247,1.152,1121.7,69902,0.008333,0,0,0,1.1964,0.45657,0,0,0,0,0.072463,0,0,0,0,0
48,247,1.152,1121.7,69902,0.00665,0,0,0,0,0,0,0,0,0,1.7425,0,0,0,0,0
48,247,1.152,1121.7,69902,0.072383,0,0,0,0,0.008333,0,0,0,9.1622,9.0272,0,0,0,0,0
48,247,1.152,1121.7,69902,74.929,0,0,0.007102,0,0,0,0,0,0,0.83183,0,0,0,0,16.825
48,247,1.152,1121.7,69902,0,0,4.6989,0,0,0,0.13028,0,0,0,0.072463,0,0,0,0,39.259
48,247,1.152,1121.7,69902,4.0286,0,0,0,0,1.6553,0,0,0,0,27.424,0,0,0,0,0
48,247,1.152,1121.7,69902,0.003932,0,7.4936,0.19762,0,0,95.863,0,0,0,3.2514,0,0,0,0,0
48,247,1.152,1121.7,69902,47.753,0,0.008333,0,0,0,0,0,0,0,0.18601,0,0,0,0,0
48,247,1.152,1121.7,69902,0.1013,0,0,0,0,0,25.077,0,0,0,0.3625,0,0,0,0,0
48,247,1.152,1121.7,69902,0.003821,0,0.003127,15.944,0,0,0,0,0,0,0.072463,0,0,0,0,61.692
48,247,1.152,1121.7,69902,0.0055919,0,0,0,0,0,0,0,0,0,0.13306,0,0,0,0,0
48,247,1.152,1121.7,69902,0,0,0,0,0,0,0,0,0,0,0.072463,0,0,0,0,0
48,247,1.152,1121.7,69902,0.39468,0,0,0.013735,0,0,0,0,0,0,11.921,0,0,0,0,16.825
48,247,1.152,1121.7,69902,0.010625,0,0,152.02,0,0,0,0,0,0,0.072463,0,0,0,0,0
48,247,1.152,1121.7,69902,8.5103,0,0,0,21.59,0,0,0,0,0,9.0272,0,0,0,0,0
48,247,1.152,1121.7,69902,0,0,0,0,0,0,24.186,0,0,0,1.208,0,0,0,0,0
48,247,1.152,1121.7,69902,0.008333,0,0,0.040531,0,0,77.672,0,0,0,12.207,0,0,0,0,0
48,247,1.152,1121.7,69902,0.008333,0,0,0,0,0,11.181,0,0,0,3.7404,0,0,0,0,0
48,247,1.152,1121.7,69902,0,0,0,0,7.7369,0,0,0,0,0,0.27752,0,0,0,0,75.713
48,247,1.152,1121.7,69902,0.040561,0,0,0,0,0,0,0.32003,0,0,9.1705,0,0,0,0,84.126
48,247,1.152,1121.7,69902,0.90902,0,0,0,0,0,4.9534,0,0,0,0.34469,0,0,0,0,0
48,247,1.152,1121.7,69902,0.86948,0,0,0,0.001267,0,0,0,0,0,21.937,0,0,0,0,50.475
48,247,1.152,1121.7,69902,0,0,0,0.005239,0,0,0.021726,0,0,0,6.11,0,0,0,0,0
48,247,1.152,1121.7,69902,1.9656,0,0,0.40674,0,2.5558,0,0,0,0,1.1244,0,0,0,0,0
48,247,1.152,1121.7,69902,0.039499,0,0,0,0,0,0,0,0,0,0.072463,0,0,0,0,0
48,247,1.152,1121.7,69902,0.00676,0,0,0,0,0,0,0,0,0.4212,72.134,0,0,0,0,0
48,247,1.152,1121.7,69902,0.008333,0,0,0.85386,3.7085,0,4.9077,0,0,0,0.072463,0,0,0,0,2.8042
48,247,1.152,1121.7,69902,0,0,0,3.9351,0,0.18948,0,0,0,0,2.4569,0,0,0,0,0
48,247,1.152,1121.7,69902,2.2492,0,0,0,0,0,0,0,0,0,20.948,0,0,0,0,84.126
48,247,1.152,1121.7,69902,0.22492,0,0,0.002508,0,0,0.13028,0,0,0,25.046,0,0,0,0,0
48,247,1.152,1121.7,69902,0.008333,0,0,0,0,0,0,0,0,0,0.072463,0,0,0,0,0
48,247,1.152,1121.7,69902,4.2437,0,0,0.0065058,0,0.003416,0.002308,0,0,0,0.072463,0,0,0,0,28.042
48,247,1.152,1121.7,69902,4.5096,0,0,0,0,0,0,0,0,0,0.094364,0,0,0,0,0
48,247,1.152,1121.7,69902,0,0,0,0,0,0.0067502,0,0,0,0.056957,1.4024,0,0,0,0,0
48,247,1.152,1121.7,69902,0.003416,0,0,0,0,0,0,0,0,0,6.7334,0,0,0,0,0
48,247,1.152,1121.7,69902,0,0,0,0,0,0,0,0,0,0,0.18601,0,0,0,0,0
48,247,1.152,1121.7,69902,0.0035385,0,0,0,0,6.1953,0,0,0,0,0.6599,0,0,0,0,0
48,247,1.152,1121.7,69902,0,0,0,0,65.195,0,0,0,0,0,1.3814,0,0,0,0,0
48,247,1.152,1121.7,69902,0.24323,0,0,0,0,0,0,0,0,0,22.603,0,0,0,0,39.259
48,247,1.152,1121.7,69902,67.875,0,0,0.81536,0,0,0,0,0,0,3.2962,0,0,0,0,0
48,247,1.152,1121.7,69902,0.59569,0,0,0,0.010038,0,0,0,0,0,0.072463,0,0,0,0,0
48,247,1.152,1121.7,69902,0,0,0,4.2857,0,0,0,0,0,0,0.63867,0,0,0,0,0
48,247,1.152,1121.7,69902,0,0,0,0.00714,0.002868,0,0.021726,0,0,0.76777,1.4024,0,0,0,0,61.692
48,247,1.152,1121.7,69902,1.8491,0,0,0,0,0.008333,0,0,0,0,1.4049,0,0,0,0,0
48,247,1.152,1121.7,69902,0.7905,0,0,0,0.008333,0.00328,0,0,0,0,7.2936,0,0,0,0,0
48,247,1.152,1121.7,69902,0.21532,0,0,0,0,0,0,0,0,0,0.072463,0,0,0,0,0
48,247,1.152,1121.7,69902,0.43773,0,0,0.011443,0,0,0,0,0,1.0139,0.072463,0,0,0,0,0
48,247,1.152,1121.7,69902,0,0,0,0,0,0,0,0,0,0,5.7426,0,0,0,0,0
48,247,1.152,1121.7,69902,13.867,0,0,0,3.6271,2.302,0,0,0,0,0.75066,0,0,0,0,50.475
48,247,1.152,1121.7,69902,0.22101,0,0,0.80541,0,0,6.0541,0,0,0,3.3678,0,0,0,0,0
48,247,1.152,1121.7,69902,0.003468,0,0,0,0,5.0867,0,0,0,0,0.072463,0,0,0,0,0
48,247,1.152,1121.7,69902,0.021904,0,0,0.081428,0,0,0,0,0,0,0.44804,0,0,0,0,16.825
48,247,1.152,1121.7,69902,1.3609,0,0,0,0,0,0,0,0,1.808,0.3717,0,0,0,0,0
48,247,1.152,1121.7,69902,0.023969,0,1.6906,0,0,0,0,0,0,0,6.1183,0,0,0,0,0
48,247,1.152,1121.7,69902,0,0,0,0,0,0,0.021726,0,0,0,0.9086,0,0,0,0,95.342
48,247,1.152,1121.7,69902,0.1008,0,0,0,0,0,0,0,0,0,1.7269,0,0,0,0,0
48,247,1.152,1121.7,69902,0.008333,0,0,0,0,0,0,0,0,0,0.072463,0,0,0,0,241.16
48,247,1.152,1121.7,69902,0.8078,0,0,0,0,0,0.13028,0,0,0,0.072463,0,0,0,0,0
48,247,1.152,1121.7,69902,16.463,0,0,0,0,0,0,0,0,0,0.072463,0,0,0,0,0
48,247,1.152,1121.7,69902,0.008333,0,0,0,0,0,0.60778,0,0,0,4.5609,0,0,0,0,1065.6
48,247,1.152,1121.7,69902,4.0286,0,0,0.011891,0,0,0,0,0,0.55196,9.1705,0,0,0,0,0
48,247,1.152,1121.7,69902,0.008333,0,0,0.019875,0,0,0,0,0,0,1.4363,0,0,0,0,0
48,247,1.152,1121.7,69902,0.012086,0,0,0.017564,0,0,0,0,0,0,0.51741,0,0,0,0,0
48,247,1.152,1121.7,69902,0.098957,0,0,24.895,0,0,0,0,0,0,0.072463,0,0,0,0,0
48,247,1.152,1121.7,69902,0,0,0,0,0,2.8714,0,0,0,16.378,0.072463,0,0,0,0,95.342
48,247,1.152,1121.7,69902,0.008333,0,0,0,0,0,12.547,0,0,0,9.2639,0,0,0,0,0
48,247,1.152,1121.7,69902,0,0,0,0,0,0,0.13028,0,0,0,0.15843,0,0,0,0,0
48,247,1.152,1121.7,69902,0.011786,0,0,0,0,0,0,0,0,0,0.072463,0,0,0,0,0
48,247,1.152,1121.7,69902,0.066266,0,0,0.018451,0,0,0,0,0,0,0.072463,0,0,0,0,0
48,247,1.152,1121.7,69902,0.59569,0,0,0,0,0,0,0,0,0,24.201,0,0,0,0,0
48,247,1.152,1121.7,69902,0.003127,0,0,0.80606,0,0.38356,0,0,0,0,39.253,0,0,0,0,0
48,247,1.152,1121.7,69902,4.6396,0,0,0,0,0.31205,0,0,0,0,0.13302,0,0,0,0,28.042
48,247,1.152,1121.7,69902,0.008333,0,0,0,0,0,0.13028,0,0,0,6.6447,0,0,0,0,0
48,247,1.152,1121.7,69902,0.009072,0,0,0,0.001669,0,0,0,0,0,4.5804,0,0,0,0,0
48,247,1.152,1121.7,69902,0.018174,0,0,0,0,0,0,0,0,0,0.35902,0,0,0,0,0
48,247,1.152,1121.7,69902,1.3025,0,0,0,0,0,0.13028,0,0,0,0.49027,0,0,0,0,0
48,247,1.152,1121.7,69902,0.74447,0,0,0.007148,0,0,0.13028,0,0,0,0.37335,0,0,0,0,39.259
48,247,1.152,1121.7,69902,0,0,0,0,0.00062,0.0067709,0,0,0,0,0.21272,0,0,0,0,0
48,247,1.152,1121.7,69902,0,0,0,0,0,0,0,0,0,0,0.1331,0,0,0,0,16.825
48,247,1.152,1121.7,69902,0.00676,0,0,0,0,0,130.32,0,0,0,3.6257,0,0,0,0,0
48,247,1.152,1121.7,69902,0.24047,0,0,0,0,0,0,0,0,0,2.6155,0,0,0,0,0
48,247,1.152,1121.7,69902,0,0,0,0,0,0,0,0,0,4.212,5.5428,0,0,0,0,2.8042
48,247,1.152,1121.7,69902,0.008333,0,0,0.84321,0,0.005239,0,0,0,0,0.1331,0,0,0,0,0
48,247,1.152,1121.7,69902,0.008333,0,0,0,0,0.008333,0,0,0,0,0.88605,0,0,0,0,50.475
48,247,1.152,1121.7,69902,0.004345,0,0,12.096,0,0,0,0,0,0,19.922,0,0,0,0,0
48,247,1.152,1121.7,69902,4.1455,0,0,0,0,0,0.13028,0,0,0,16.495,0,0,0,0,0
48,247,1.152,1121.7,69902,0.090576,0,0,0,0.007148,3.171,0.67053,0,0,0,0.52366,0,0,0,0,0
48,247,1.152,1121.7,69902,0.008333,0,0,0,0,0.11168,0,0,0,0,0.24539,0,0,0,0,0
48,247,1.152,1121.7,69902,24.426,0,0,0,0,0,51.235,0,0,0,0.072463,0,0,0,0,0
48,247,1.152,1121.7,69902,0.005006,0,0,0,0,0,0,0,0,0,1.2482,0,0,0,0,0
48,247,1.152,1121.7,69902,0,0,0,0,0,0,0,0,0,0,0.072463,0,0,0,0,0
48,247,1.152,1121.7,69902,5.6876,0,0,0,0,0,0,0,0,0,0.072463,0,0,0,0,0
48,247,1.152,1121.7,69902,0,0,0,0,0.00824,0,20.548,0,0,0,16.626,0,0,0,0,0
48,247,1.152,1121.7,69902,2.2981,0,0,0,0,0,22.72,0,0,0,5.3297,0,0,0,0,39.259
48,247,1.152,1121.7,69902,0.0082878,0,0,0.00524,0,0,0,0,0,0.14685,0.12949,0,0,0,0,0
48,247,1.152,1121.7,69902,0,0,0,0,0,0.0067819,0,0,0,0.76777,6.7491,0,0,0,0,0
48,247,1.152,1121.7,69902,0.060639,0,0,0.005239,0,0,0,0,0,1.1034,5.2088,0,0,0,0,50.475
48,247,1.152,1121.7,69902,0.008333,0,0,0.82459,0,0,0,0,0,0,4.2102,0,0,0,0,39.259
48,247,1.152,1121.7,69902,0.008333,0,0,0,0,0,0,0,0,0,13.437,0,0,0,0,39.259
48,247,1.152,1121.7,69902,0.008333,0,0.008333,0,0,0,0,0,0,0,0.072463,0,0,0,0,84.126
48,247,1.152,1121.7,69902,0.000133,0,0,0.16423,0,0,0,0,0,0,0.072463,0,0,0,0,0
48,247,1.152,1121.7,69902,0,0,0,0,0,0,0.13028,0,0,0,0.072463,0,0,0,0,0
48,247,1.152,1121.7,69902,0,0,0,0.81358,0,0,0,0,0,0,0.072463,0,0,0,0,0
48,247,1.152,1121.7,69902,5.9048,0,0,0.66511,0,0,0,0,0,0,0.072463,0,0,0,0,0
48,247,1.152,1121.7,69902,15.547,0,0,0,0,0,0,0,0,0,5.1015,0,0,0,0,39.259
48,247,1.152,1121.7,69902,0.008124,0,0,0.75222,0,0.073594,0,0,0,0,4.2705,0,0,0,0,0
48,247,1.152,1121.7,69902,0.008333,0,0.008333,0,0,0,0,0,0,1.1822,0.072463,0,0,0,0,0
48,247,1.152,1121.7,69902,2.7457,0,0,0,0,0,0.13028,0,0,0,0.1323,0,0,0,0,0
48,247,1.152,1121.7,69902,2.9934,0,0,0.003822,0,0,0,0,0,8.4961,4.2561,0,0,0,0,0
48,247,1.152,1121.7,69902,0.008333,0,0,2.5,0,0,0,0,0,0,0.33796,0,0,0,0,0
48,247,1.152,1121.7,69902,2.5491,0,0,0.80337,0,0.19925,0,0,0,0,0.33671,0,0,0,0,0
48,247,1.152,1121.7,69902,0.018715,0,0,0,0,0.8497,0,0,0,0,3.2514,0,0,0,0,2.8042
48,247,1.152,1121.7,69902,0.17648,0,0,0,0,0,0,0,0,0,0.072463,0,0,0,0,0
48,247,1.152,1121.7,69902,0.0076281,0,0,0.41957,0,0.001326,5.7069,0,0,0,0.072463,0,0,0,0,0
48,247,1.152,1121.7,69902,0.47616,0,0,0.13889,0,0.00021,0,0,0,0,0.072463,0,0,0,0,61.692
48,247,1.152,1121.7,69902,0.73941,0,0,0,0,0,0,0,0,0,0.44683,0,0,0,0,0
48,247,1.152,1121.7,69902,0,0,0,0,0,0,0,0,0,0,0.072463,0,0,0,0,0
48,247,1.152,1121.7,69902,0.005769,0,0,0,0,0,0,0,0,0,3.0465,0,0,0,0,0
48,247,1.152,1121.7,69902,0.003822,0,0,0.42887,0,0,0,0,0,0,0.072463,0,0,0,0,0
48,247,1.152,1121.7,69902,0.008333,0,0,0,0,0,0,0,0,0,1.9064,0,0,0,0,0
48,247,1.152,1121.7,69902,0.003821,0,0,0,0,0,13.042,0,0,0,8.755,0,0,0,0,61.692
48,247,1.152,1121.7,69902,0,0,0,0,1.5407,0,0,0,0,0,9.0272,0,0,0,0,106.56
48,247,1.152,1121.7,69902,0,0,0,0,0,0,0,0,0,0.76777,0.13056,0,0,0,0,0
48,247,1.152,1121.7,69902,27.28,0,0,0,0,0,0,0,0,0,0.086791,0,0,0,0,39.259
48,247,1.152,1121.7,69902,0.21532,0,0,0,0,0,0,0,0,0,0.11545,0,0,0,0,0
48,247,1.152,1121.7,69902,0.001436,0,0,0.0059778,0,0,0.0053205,0,0,0,1.1039,0,0,0,0,0
48,247,1.152,1121.7,69902,0.00665,0,0,0,0,0,0,0,0,0,0.75032,0,0,0,0,50.475
48,247,1.152,1121.7,69902,0,0,0,0,0,0,9.4834,0,0,0,0.67931,0,0,0,0,0
48,247,1.152,1121.7,69902,0,0,0,0,0.10293,0,0,0,0,0,1.9941,0,0,0,0,28.042
48,247,1.152,1121.7,69902,0.023413,0,0,0,0,0,0,0,0,0,2.4191,0,0,0,0,0
48,247,1.152,1121.7,69902,0,0,0,0,0,0,0.40452,0,0,0,0.072463,0,0,0,0,0
48,247,1.152,1121.7,69902,0.078773,0,0,0,0,0,4.9534,0,0,0,0.072463,0,0,0,0,0
48,247,1.152,1121.7,69902,6.8951,0,0,0,0,0,0,0,0,0,11.262,0,0,0,0,39.259
48,247,1.152,1121.7,69902,10.296,0,0,0,0,0,3.5422,0,0,0,0.21272,0,0,0,0,0
48,247,1.152,1121.7,69902,0.053596,0,0,0,0,0,0.13028,0,0,0,0.072463,0,0,0,0,84.126
48,247,1.152,1121.7,69902,0,0,0,2.5,0.036991,0,0,0,0,0,0.44804,0,0,0,0,0
48,247,1.152,1121.7,69902,0,0,0,0,0,0,0,0,0,0,0.072463,0,0,0,0,28.042
48,247,1.152,1121.7,69902,0,0,0,0,0,0,1.8779,0,0,0,0.072463,0,0,0,0,0
48,247,1.152,1121.7,69902,2.4323,0,0,0,0,0,0,0,0,0,0.072463,0,0,0,0,0
48,247,1.152,1121.7,69902,0.12917,0,0,0.37819,0,0,0,0,0,0,0.072463,0,0,0,0,0
48,247,1.152,1121.7,69902,0,0,0,5.5914,0,0,0.76915,0,0,0,0.072463,0,0,0,0,39.259
48,247,1.152,1121.7,69902,10.449,0,0,0.22723,0,0,20.334,0,0,0,0.072463,0,0,0,0,0
48,247,1.152,1121.7,69902,0,0,0,0.013735,0,0,0,0,0,0.40678,6.6447,0,0,0,0,16.825
48,247,1.152,1121.7,69902,0.17648,0,0,0,0,0,0,0,0,0,9.3601,0,0,0,0,0
48,247,1.152,1121.7,69902,0.88581,0,0,0,0,0,218.25,0,0,0,1.2954,0,0,0,0,28.042
48,247,1.152,1121.7,69902,0,0,0,15.233,0,0,0,0,0,0,0.13146,0,0,0,0,0
48,247,1.152,1121.7,69902,0.00524,0,0,0,0,0,17.129,0,0,0,0.072463,0,0,0,0,0
48,247,1.152,1121.7,69902,0.0091815,0,0,0,0,0,44.482,0,0,0,3.4411,0,0,0,0,0
48,247,1.152,1121.7,69902,0.39761,0,0,0,0,0,0,0,0,0,0.072463,0,0,0,0,0
48,247,1.152,1121.7,69902,4.8827,0,0,0.015362,0.00043,0,0,0,0,0,53.47,0,0,0,0,0
48,247,1.152,1121.7,69902,0.048094,0,0,0,0,0,0,0,0,0.18086,30.131,0,0,0,0,39.259
49,248,1,2025.2,1.2621e+05,0.008333,0,0,0.00714,0,0,8.7007,0,0,0.21027,0.072463,3.3711,0,0,0,0
51,250,1.266,3265.5,2.035e+05,0.69405,0,0,0.016665,0,0,0.13028,0,0,0,5.7349,0,0,0,0,0
51,250,1.266,3265.5,2.035e+05,0.002139,0,0,1.632,0,0,0.13028,0,0,0,33.814,0,0,0,0,81.638
51,250,1.266,3265.5,2.035e+05,0.36821,0,0,0,69.603,0,0.13028,0,0,0,0.072463,0,0,0,0,0
51,250,1.266,3265.5,2.035e+05,0.00247,0,0,0.00524,0,0,0.13028,0,0,0,0.56339,0,0,0,0,0
51,250,1.266,3265.5,2.035e+05,0.008333,0,0,66.508,0,0,0,0,0,7.6506,1.3204,0,0,0,0,0
51,250,1.266,3265.5,2.035e+05,6.6382,0,0,0,0,0,0.13028,0,0,0,0.78678,0,0,0,0,0
51,250,1.266,3265.5,2.035e+05,2.8658,0,0,0.82027,0,0,0.13028,0,0,0,0.072463,0,0,0,0,179.6
51,250,1.266,3265.5,2.035e+05,0.33816,0,0,0,0,0.029652,0,0,0,0,0.072463,0,0,0,0,0
51,250,1.266,3265.5,2.035e+05,0,0,0,0,0,0,0,0,0,0,6.8752,0,0,0,0,0
51,250,1.266,3265.5,2.035e+05,0.94437,0,0,4.1539,0,0.37405,0,0,0,0,31.837,0,0,0,0,0
51,250,1.266,3265.5,2.035e+05,0.008333,0,0,34.71,0,0,0,0,0,0,0.072463,0,0,0,0,0
51,250,1.266,3265.5,2.035e+05,0.97362,0,0,0,0,0,0,0,0,0,0.072463,0,0,0,0,0
51,250,1.266,3265.5,2.035e+05,0,0,0,0,0,0,0,0,0,0,2.9989,0,0,0,0,0
51,250,1.266,3265.5,2.035e+05,0.054793,0,0,20.543,0,0.029374,0.87994,0,0,0,0.63695,0,0,0,0,220.42
51,250,1.266,3265.5,2.035e+05,0.018174,0,0,0,0,0,0,0,0,0,71.252,0,0,0,0,0
51,250,1.266,3265.5,2.035e+05,0.12767,0,0,0,2.6872,0.48988,0,0,0,0,0.072463,0,0,0,0,0
51,250,1.266,3265.5,2.035e+05,5.3394,0,0,0,0,0.11168,0,0,0,0,0.072463,0,0,0,0,179.6
51,250,1.266,3265.5,2.035e+05,10.823,0,0,0,0,0,15.435,0,0,0,0.24539,0,0,0,0,0
51,250,1.266,3265.5,2.035e+05,0,0,0,0,0,0,0.021726,0,0,0,0.086791,0,0,0,0,0
51,250,1.266,3265.5,2.035e+05,5.7936,0,0,0,0,0,0,0,0,0,2.2044,0,0,0,0,0
51,250,1.266,3265.5,2.035e+05,1.0318,0,0,2.1098,0.00644,0,0.13028,0,0,0,0.072463,0,0,0,0,0
51,250,1.266,3265.5,2.035e+05,0.0067256,0,0,0,0,0,0,0,0,0,9.3997,0,0,0,0,0
51,250,1.266,3265.5,2.035e+05,0.008335,0,0,0.016304,0,0.59282,0,0,0,0,0.072463,0,0,0,0,0
51,250,1.266,3265.5,2.035e+05,15.728,0,0,0.021881,0,0,0,0,0,0,3.0356,0,0,0,0,0
51,250,1.266,3265.5,2.035e+05,1.0984,0,0.0078303,0,0,0,0,0,0,0,3.896,0,0,0,0,0
51,250,1.266,3265.5,2.035e+05,0.008333,0,0,0,0,0,0,0,0,1.808,4.1702,0,0,0,0,0
51,250,1.266,3265.5,2.035e+05,0.73941,0,0,21.859,0,0,0,0,0,0,0.072463,0,0,0,0,0
51,250,1.266,3265.5,2.035e+05,0.005239,0,0.21747,0,0.021737,0,0,0,0,0,0.072463,0,0,0,0,0
51,250,1.266,3265.5,2.035e+05,0.13244,0,0,0,0,0,0,0,0,0,0.33663,0,0,0,0,0
51,250,1.266,3265.5,2.035e+05,0,0,0,0.008642,0,0,0,0,0,0,0.072463,0,0,0,0,0
51,250,1.266,3265.5,2.035e+05,0,0,0,0,0,0,0.10863,0,0,0,0.072463,0,0,0,0,0
51,250,1.266,3265.5,2.035e+05,0.0083055,0,0,0,0,0,0.42744,0,0,0,0.072463,0,0,0,0,0
51,250,1.266,3265.5,2.035e+05,0.87488,0,0,0,1.1768,0,0,0,0,0,1.1327,0,0,0,0,244.91
51,250,1.266,3265.5,2.035e+05,0,0,0,0,0,0,0,0,0,0,0.49027,0,0,0,0,0
51,250,1.266,3265.5,2.035e+05,0.0040195,0,0.12069,0,0,0,0,0,0,0.39237,0.51662,0,0,0,0,0
51,250,1.266,3265.5,2.035e+05,6.4023,0,0,4.8836,38.274,0,0,0,0,0,10.89,0,0,0,0,114.29
51,250,1.266,3265.5,2.035e+05,47.753,0,0,0,0,0,0,0,0,0,0.072463,0,0,0,0,0
51,250,1.266,3265.5,2.035e+05,0.024856,0,0,0,0,0,0,0,0,0.63421,0.072463,0,0,0,0,0
51,250,1.266,3265.5,2.035e+05,0.021908,0,0,0,0,0,0,0,0,0,11.144,0,0,0,0,0
51,250,1.266,3265.5,2.035e+05,0,0,0,2.4665,0,0,0,0,0,36.785,5.0082,0,0,0,0,0
51,250,1.266,3265.5,2.035e+05,1.5722,0,0,0,0,0,0,0,0,0,2.8119,0,0,0,0,0
51,250,1.266,3265.5,2.035e+05,0,0,0,0,0,0,0,0,0,0,0.086791,0,0,0,0,81.638
51,250,1.266,3265.5,2.035e+05,4.9793,0,0,2.1238,0.62725,1.5806,0,0,0,1.9819,0.072463,0,0,0,0,0
51,250,1.266,3265.5,2.035e+05,0,0,0,0.015362,0,0,0,13.696,0,0.91947,2.0951,0,0,0,0,0
51,250,1.266,3265.5,2.035e+05,0.13313,0,0.039387,1.7639,0,0,0,0,0,0,0.072463,0,0,0,0,0
51,250,1.266,3265.5,2.035e+05,0,0,0,0,0,0,0,0,0,0,4.9652,0,0,0,0,0
51,250,1.266,3265.5,2.035e+05,47.309,0,0,2.7521,0,0,0,0,0,0,18.07,0,0,0,0,81.638
51,250,1.266,3265.5,2.035e+05,0,0,0,9.9289,0,0.00824,0,0,0,0,0.072463,0,0,0,0,0
51,250,1.266,3265.5,2.035e+05,0,0,3.7395,0.91497,0,0.008333,0,0,0,0,1.2647,0,0,0,0,538.81
51,250,1.266,3265.5,2.035e+05,0,0,0,0,0.008333,0,0,0,0,0,4.3915,0,0,0,0,8.1638
51,250,1.266,3265.5,2.035e+05,0,0,0,0,20.659,0,0.67053,0,0,0,0.61154,0,0,0,0,81.638
51,250,1.266,3265.5,2.035e+05,4.3969,0,0,0,0,0,0.13028,0,0,0,0.072463,0,0,0,0,48.983
51,250,1.266,3265.5,2.035e+05,0.006701,0,0,0.001267,0,0.27671,0,0,0,0,0.3717,0,0,0,0,0
51,250,1.266,3265.5,2.035e+05,0,0,0,0,0,0,0.021726,0,0,0,0.072463,0,0,0,0,702.09
51,250,1.266,3265.5,2.035e+05,0.008335,0,0,0,0,0,0,0,0,0,71.252,0,0,0,0,0
51,250,1.266,3265.5,2.035e+05,0,0,0,0,0,0.11168,0,0,0,0,0.81487,0,0,0,0,0
51,250,1.266,3265.5,2.035e+05,0.18125,0,0,72.364,0,0,0.13028,0,0,0,0.072463,0,0,0,0,0
51,250,1.266,3265.5,2.035e+05,0.010723,0,0,0.00524,0,0,0,0,0,0,0.072463,0,0,0,0,0
51,250,1.266,3265.5,2.035e+05,0.058812,0,0,0.33154,0,0,0,0,0,0,8.755,0,0,0,0,0
51,250,1.266,3265.5,2.035e+05,7.157,0,0,0,0,0,0,0,0,0,0.12844,0,0,0,0,0
51,250,1.266,3265.5,2.035e+05,0,0,0,0,0,0,47.395,0,0,0,2.6841,0,0,0,0,0
51,250,1.266,3265.5,2.035e+05,0,0,0,0,0,0,0,0,0,0,31.416,0,0,0,0,48.983
51,250,1.266,3265.5,2.035e+05,0.008335,0,0,0,0,0,0,0,0,0,9.2639,0,0,0,0,0
51,250,1.266,3265.5,2.035e+05,4.7059,0,0,0,0,0,83.464,0,0,0,31.522,0,0,0,0,0
51,250,1.266,3265.5,2.035e+05,53.739,0,0,2.1238,0,0,0,0,0,0,0.20249,0,0,0,0,0
51,250,1.266,3265.5,2.035e+05,0.0082878,0,0,0.8111,0,0,0.10863,0,0,0,0.072463,0,0,0,0,0
51,250,1.266,3265.5,2.035e+05,0.48091,0,0,0,0,0,44.97,0,0,0,3.2549,0,0,0,0,440.85
51,250,1.266,3265.5,2.035e+05,0.86244,0,0,11.936,0,0,0.13028,0,0,0,5.6128,0,0,0,0,114.29
51,250,1.266,3265.5,2.035e+05,0.44828,0,0,0,2.4188,1.904,0,0,0,7.6506,0.072463,0,0,0,0,146.95
51,250,1.266,3265.5,2.035e+05,0.008333,0,0,0,0,0,0,0,0,0,0.21574,0,0,0,0,0
51,250,1.266,3265.5,2.035e+05,0,0,0,0,0,0,0,0,0,0,0.072463,0,0,0,0,3102.2
51,250,1.266,3265.5,2.035e+05,5.4973,0,0,52.432,0,0,0,0,0,0,21.808,0,0,0,0,0
51,250,1.266,3265.5,2.035e+05,0.16618,0,0,1.1617,0,0.007328,0,0,0,0,14.75,0,0,0,0,0
51,250,1.266,3265.5,2.035e+05,47.753,0,0,0,0,0,0,0,0,0,2.2044,0,0,0,0,0
51,250,1.266,3265.5,2.035e+05,3.6682,0,0,0.001267,0,0,0,0,0,0,0.072463,0,0,0,0,0
51,250,1.266,3265.5,2.035e+05,0.008333,0,0,5.5512,0,0,0,0,0,13.788,0.13854,0,0,0,0,0
51,250,1.266,3265.5,2.035e+05,0.67149,0,0,0,0,0,0,0,0,0,0.072463,0,0,0,0,473.5
51,250,1.266,3265.5,2.035e+05,0,0,0,0,0,0,0,0,0,1.808,0.072463,0,0,0,0,8.1638
51,250,1.266,3265.5,2.035e+05,0.00714,0,0,22.843,0,0.0077439,1.7875,0,0,0,1.7269,0,0,0,0,81.638
51,250,1.266,3265.5,2.035e+05,8.5103,0,0,0.009374,0,0,0,0,0,0,0.072463,0,0,0,0,0
51,250,1.266,3265.5,2.035e+05,0.008953,0,0,0,0,0.008333,0,0,0,13.788,0.072463,0,0,0,0,0
51,250,1.266,3265.5,2.035e+05,0.00062,0,0,0,0,0,0,0,0,0,0.072463,0,0,0,0,0
51,250,1.266,3265.5,2.035e+05,0.0097027,0,0,0,0,0,0,0,0,1.0834,0.072463,0,0,0,0,146.95
51,250,1.266,3265.5,2.035e+05,6.0317,0,0,0,0,4.2586,0.67845,0,0,0,2.7638,0,0,0,0,0
51,250,1.266,3265.5,2.035e+05,0.8753,0,0,0,6.3935,19.909,0.13028,0,0,0,2.8119,0,0,0,0,0
51,250,1.266,3265.5,2.035e+05,0,0,0,0,0,0.0089463,0,0,0,0,85.278,0,0,0,0,0
51,250,1.266,3265.5,2.035e+05,1.9656,0,0,0,0,0,0,0.16754,0,0,6.8926,0,0,0,0,0
51,250,1.266,3265.5,2.035e+05,0.64875,0,0,4.0844,0,0,0,0,0,0,0.072463,0,0,0,0,0
51,250,1.266,3265.5,2.035e+05,0.005411,0,0,0,0,0,30.195,0,0,0,12.207,0,0,0,0,0
51,250,1.266,3265.5,2.035e+05,0,0,0.008333,0,0,0,0,0,0,0,0.072463,0,0,0,0,48.983
51,250,1.266,3265.5,2.035e+05,1.3736,0,0.0055799,0,0,0.73201,0,0,0,0,0.072463,0,0,0,0,8.1638
51,250,1.266,3265.5,2.035e+05,0.001436,0,0,0,0.008333,0,0,0.10086,0,0,0.072463,0,0,0,0,0
51,250,1.266,3265.5,2.035e+05,0,0,0,0,0,0,0,0,0,0,2.453,0,0,0,0,0
51,250,1.266,3265.5,2.035e+05,0.8911,0,0,0,0.011287,0,0,0,0,0,7.7869,0,0,0,0,0
51,250,1.266,3265.5,2.035e+05,0.8691,0,0,0,0,0,0,0,0,0,5.7131,0,0,0,0,8.1638
51,250,1.266,3265.5,2.035e+05,0.37523,0,0,0,0,0,15.524,0,0,0,6.937,0,0,0,0,0
51,250,1.266,3265.5,2.035e+05,0.69927,0,0,0,0,0.000376,0,0,0,0,6.3875,0,0,0,0,0
51,250,1.266,3265.5,2.035e+05,0.008333,0,0,0,0,0,0,0,0,0,6.11,0,0,0,0,0
51,250,1.266,3265.5,2.035e+05,0.0076281,0,0,6.3e-05,0,0,0,0,0,0,2.4386,0,0,0,0,8.1638
51,250,1.266,3265.5,2.035e+05,0.008335,0,0,0,0,0,0,0,0,0,4.2991,0,0,0,0,0
51,250,1.266,3265.5,2.035e+05,0,0,0,0,0,0.1274,0,0,0,0,0.13382,0,0,0,0,0
51,250,1.266,3265.5,2.035e+05,0,0,0,0,7.05e-05,0.26953,0,0,0,3.4087,37.719,0,0,0,0,48.983
51,250,1.266,3265.5,2.035e+05,0.012086,0,0,0,0,0,0,0.00524,0,0,0.69109,0,0,0,0,48.983
51,250,1.266,3265.5,2.035e+05,6.5838,0,0,0,0,0,0,0,0,0,3.2549,0,0,0,0,0
51,250,1.266,3265.5,2.035e+05,0,0,0,0.81358,0,0,3.3223,0,0,0,6.6447,0,0,0,0,48.983
51,250,1.266,3265.5,2.035e+05,0,0,0,0,0,0,0,0,0,0,0.72803,0,0,0,0,0
51,250,1.266,3265.5,2.035e+05,1.1917,0,0,0,0,0,23.716,0,0,0,0.81487,0,0,0,0,0
51,250,1.266,3265.5,2.035e+05,16.183,0,0,35.16,0,0,0.13028,0,0,0,0.13302,0,0,0,0,0
51,250,1.266,3265.5,2.035e+05,0,0,0,0,0,0,0,0,0,0,1.5411,0,0,0,0,48.983
51,250,1.266,3265.5,2.035e+05,5.0108,0,0,0,0,1.6553,0.13028,0,0,16.378,1.1196,0,0,0,0,114.29
51,250,1.266,3265.5,2.035e+05,4.0286,0,0,0,0,0,0,0,0,0,1.9775,0,0,0,0,0
51,250,1.266,3265.5,2.035e+05,0.80876,0,0,0,0,0,0,0,0,55.455,7.0787,0,0,0,0,0
51,250,1.266,3265.5,2.035e+05,19.915,0,0.00714,0,0.0093629,0,0.13028,0,0,0,4.3915,0,0,0,0,0
51,250,1.266,3265.5,2.035e+05,2.3211,0,0,0.03557,0,0,0,0,0,0,0.072463,0,0,0,0,0
51,250,1.266,3265.5,2.035e+05,0.031141,0,0,0,0,0.007984,0,0,0,0,7.2936,0,0,0,0,0
51,250,1.266,3265.5,2.035e+05,0.009056,0,0,0,0,0,0,0,0,0,0.43625,0,0,0,0,0
51,250,1.266,3265.5,2.035e+05,0,0,0,0.016666,0.002102,0,0,0,0,0,0.072463,0,0,0,0,0
51,250,1.266,3265.5,2.035e+05,0,0,0,0,0,0,0,0,0,5.7109,1.4049,0,0,0,0,0
51,250,1.266,3265.5,2.035e+05,0,0,0,0,0,0,0,0,0,0,4.5076,0,0,0,0,0
51,250,1.266,3265.5,2.035e+05,48.626,0,0,0,0,0.0067709,0,0,0,0,6.937,0,0,0,0,0
51,250,1.266,3265.5,2.035e+05,0.034449,0,0,0,0,0,0,0,0,0,3.896,0,0,0,0,0
51,250,1.266,3265.5,2.035e+05,5.7936,0,0.013123,0.48691,0,0,0,0,0,0,0.13873,0,0,0,0,0
51,250,1.266,3265.5,2.035e+05,0.00247,0,0,0.81948,0,47.995,0,0,0,0,14.386,0,0,0,0,114.29
51,250,1.266,3265.5,2.035e+05,3.6682,0,0,0,0,0,0.60778,0,0,0,0.072463,0,0,0,0,0
51,250,1.266,3265.5,2.035e+05,0.022949,0,0,0,0,0,0.13028,0,0,0,14.75,0,0,0,0,0
51,250,1.266,3265.5,2.035e+05,10.183,0,0,0,0,0,0,0,0,0,1.7918,0,0,0,0,0
51,250,1.266,3265.5,2.035e+05,0.87488,0,0,0,0,0,0,0,0,0,0.072463,0,0,0,0,0
51,250,1.266,3265.5,2.035e+05,0.008584,0,0,0.00835,0.15898,0,0,0,0,0,0.13615,0,0,0,0,8.1638
51,250,1.266,3265.5,2.035e+05,0.69927,0,0,0.0059107,0,0,0,0,0,0,0.13302,0,0,0,0,0
51,250,1.266,3265.5,2.035e+05,0.13895,0,0,0.012384,0,0.002139,0,0,0,0.18355,2.6155,0,0,0,0,0
51,250,1.266,3265.5,2.035e+05,0.066266,0,0,22.843,0,0,0,0,0,0,16.683,0,0,0,0,0
51,250,1.266,3265.5,2.035e+05,0,0,0,0.15555,0,0.6675,0,0,0,0,24.623,0,0,0,0,0
51,250,1.266,3265.5,2.035e+05,0,0,0,0,0,0,0,0,0,0.18086,0.072463,0,0,0,0,0
51,250,1.266,3265.5,2.035e+05,0.13895,0,0,1.7781,0,0,0,0,0,0,0.17677,0,0,0,0,0
51,250,1.266,3265.5,2.035e+05,0,0,0,0,0,0,0,0,0,0,1.3204,0,0,0,0,0
51,250,1.266,3265.5,2.035e+05,7.3283,0,0,0,0,0,0,0,0,0,1.4024,0,0,0,0,0
51,250,1.266,3265.5,2.035e+05,0.008333,0,0,0.010671,0,0,0.13028,15.602,0,0,14.703,0,0,0,0,179.6
51,250,1.266,3265.5,2.035e+05,3.0427,0,0,0.008332,0.000765,0,20.548,0,0,1.261,2.4191,0,0,0,0,0
51,250,1.266,3265.5,2.035e+05,0,0,0,0,0,0,0,0,0,0,4.3421,0,0,0,0,0
51,250,1.266,3265.5,2.035e+05,0.010953,0,0,0.80337,0,0.26953,4.9077,0,0,0,26.705,0,0,0,0,0
51,250,1.266,3265.5,2.035e+05,1.5315,0,0,0,14.003,0,0,0,0,0,0.50053,0,0,0,0,0
51,250,1.266,3265.5,2.035e+05,0.11177,0,0,0,0,0.024284,0,0,0,0,0.56095,0,0,0,0,114.29
51,250,1.266,3265.5,2.035e+05,0,0,0,0,0,0,0.13028,4.8998,0,0,0.7142,0,0,0,0,0
51,250,1.266,3265.5,2.035e+05,0,0,0,0,0,0,0,0,0,0,11.144,0,0,0,0,0
51,250,1.266,3265.5,2.035e+05,0,0,0,0.007148,0,0.070877,0,0,0,0.18355,0.27222,0,0,0,0,0
51,250,1.266,3265.5,2.035e+05,1.8992,0,0,0.7657,0,0,72.074,0,0,0,0.134,0,0,0,0,0
51,250,1.266,3265.5,2.035e+05,0,0,0.18962,0.0059107,0,0,0.002308,0,0,0,0.072463,0,0,0,0,0
51,250,1.266,3265.5,2.035e+05,0,0,0,0,0,0.0055919,0,0,0,0,3.6687,0,0,0,0,0
51,250,1.266,3265.5,2.035e+05,0.42165,0,0,0,0,0,0,0.003822,0,0,0.33663,0,0,0,0,0
51,250,1.266,3265.5,2.035e+05,0,0,0,0,0,0,0,0,0,0,0.41236,0,0,0,0,0
51,250,1.266,3265.5,2.035e+05,0.024628,0,0,0,0,0,0,0,0,0,0.072463,0,0,0,0,0
51,250,1.266,3265.5,2.035e+05,0.008333,0,0,0.001463,0,0,0.59876,0,0,0,0.82163,0,0,0,0,0
51,250,1.266,3265.5,2.035e+05,16.829,0,0,0,0.002868,0.75362,78.355,0,0,0,2.3219,0,0,0,0,0
51,250,1.266,3265.5,2.035e+05,7.4608,0,0.011562,0.016667,0,0,0,0,0,0,13.397,0,0,0,0,0
51,250,1.266,3265.5,2.035e+05,0.011786,0,0,0,0.39943,0,0,0,0,0,0.072463,0,0,0,0,0
51,250,1.266,3265.5,2.035e+05,1.4278,0,0,1.9902,0,0,0,0,0,0,0.072463,0,0,0,0,0
51,250,1.266,3265.5,2.035e+05,10.296,0,0,0,0,1.904,0,0,0,0,3.6687,0,0,0,0,0
51,250,1.266,3265.5,2.035e+05,3.238,0,0,0.8187,0,0,0,0,0,0,1.2458,0,0,0,0,0
51,250,1.266,3265.5,2.035e+05,0.7041,0,0,1.621,0,0,0,0,0,0,4.6,0,0,0,0,0
51,250,1.266,3265.5,2.035e+05,0.00524,0,0,0,0,0,0,0,0,0,0.072463,0,0,0,0,0
51,250,1.266,3265.5,2.035e+05,14.628,0,0,3.1277,0,0,0.13028,0,0,0,0.072463,0,0,0,0,277.57
51,250,1.266,3265.5,2.035e+05,0.87781,0,0,0.033498,0,0,0,0,0,1.5079,0.072463,0,0,0,0,0
51,250,1.266,3265.5,2.035e+05,0.077038,0,0,0,0,0,0,0,0,0,0.072463,0,0,0,0,48.983
51,250,1.266,3265.5,2.035e+05,0,0,0,0,0,0,0,0,0,0,2.6841,0,0,0,0,440.85
51,250,1.266,3265.5,2.035e+05,8.5759,0,0,0,0.064969,0,0,0,0,0,0.50053,0,0,0,0,0
51,250,1.266,3265.5,2.035e+05,0.022451,0,0,0,0.0062156,0,98.664,0,0,0,0.35902,0,0,0,0,81.638
51,250,1.266,3265.5,2.035e+05,0.7041,0,0.17684,0,0.008332,0,0,0,0,0,20.278,0,0,0,0,0
51,250,1.266,3265.5,2.035e+05,2.3989,0,0,1.8525,0,0,0,0,0,0,4.6719,0,0,0,0,0
51,250,1.266,3265.5,2.035e+05,16.463,0,0,0.0055384,0,0.019973,0,0,0,0,0.52131,0,0,0,0,0
51,250,1.266,3265.5,2.035e+05,0.016278,0,0,0,0,0,0,0,0,0,0.13394,0,0,0,0,0
51,250,1.266,3265.5,2.035e+05,0,0,0,0,0,0,0,0,0,0,0.14026,0,0,0,0,0
51,250,1.266,3265.5,2.035e+05,0.42165,0,0,0,0,0,0,0,0,0,7.9974,0,0,0,0,0
51,250,1.266,3265.5,2.035e+05,7.157,0,0,0,0,0,0.13028,0,0,0,0.072463,0,0,0,0,0
51,250,1.266,3265.5,2.035e+05,5.1799,0,0,0.0065058,0,0,0.13028,0,0,0,0.072463,0,0,0,0,48.983
51,250,1.266,3265.5,2.035e+05,0,0,0,0.48691,0,0,0,0,0,0,0.086791,0,0,0,0,0
51,250,1.266,3265.5,2.035e+05,0.028282,0,0,0,0,0,0,0,0,0,4.6401,0,0,0,0,0
51,250,1.266,3265.5,2.035e+05,0.35719,0.00062,7.7224,0,0,0,0,0,0,0,0.33663,0,0,0,0,0
51,250,1.266,3265.5,2.035e+05,0.011497,0,0,0,0,0,0,0,0,0,35.005,0,0,0,0,220.42
51,250,1.266,3265.5,2.035e+05,1.5964,0,0,0,0,0,0,0,0,0,1.059,0,0,0,0,81.638
51,250,1.266,3265.5,2.035e+05,0,0,0,0,0.008953,0,0,0,0,0,0.21272,0,0,0,0,0
51,250,1.266,3265.5,2.035e+05,0.011786,0,0,0.46427,0.005411,0,0,0,0,6.8425,3.4936,0,0,0,0,0
51,250,1.266,3265.5,2.035e+05,0.00824,0,0,0,0,0.0262,4.1671,0,0,0,3.6687,0,0,0,0,0
51,250,1.266,3265.5,2.035e+05,0.80876,0,0,0.13345,0,0,0,5.9832,0,0,0.11545,0,0,0,0,0
51,250,1.266,3265.5,2.035e+05,0.0099823,0,0,0.041394,0,0,0,0,0,0,9.3997,0,0,0,0,0
51,250,1.266,3265.5,2.035e+05,0.002784,0,0.008411,0,0,5.6344,0,0,0,0,0.072463,0,0,0,0,48.983
51,250,1.266,3265.5,2.035e+05,0,0,0.008333,0,0,0,14.058,0,0,3.8737,0.072463,0,0,0,0,0
51,250,1.266,3265.5,2.035e+05,0.008333,0,0,0,0,0,0,0,0,0,5.7349,0,0,0,0,114.29
51,250,1.266,3265.5,2.035e+05,0.008333,0,0,0,0,0,0,0,0,0,3.896,0,0,0,0,0
51,250,1.266,3265.5,2.035e+05,11.025,0,0,0,0.021741,0,0,0,0,0,0.072463,0,0,0,0,0
51,250,1.266,3265.5,2.035e+05,0.004345,0,0,2.6249,0,0,0.059897,0,0,0,14.703,0,0,0,0,0
51,250,1.266,3265.5,2.035e+05,0.022624,0,0,0.12372,0,0,0,0,0,0,0.3625,0,0,0,0,0
51,250,1.266,3265.5,2.035e+05,2.9214,0,0.47427,0.008815,0,0.27671,0.13028,0,0,0,4.6719,0,0,0,0,408.19
51,250,1.266,3265.5,2.035e+05,1.0881,0,0,7.3544,0,0,0.13028,0,0,4.212,0.17677,0,0,0,0,0
51,250,1.266,3265.5,2.035e+05,37.308,0,0,0,2.2341,0,0.60778,0,0,0,5.8934,0,0,0,0,604.12
51,250,1.266,3265.5,2.035e+05,0.6386,0,0,0,0,0,0,0,0,0,1.8541,0,0,0,0,0
51,250,1.266,3265.5,2.035e+05,3.2092,0,0,0,0,0,24.831,0,0,0,4.9652,0,0,0,0,0
51,250,1.266,3265.5,2.035e+05,0.51708,0,0,0,0,0,0,0,0,0,0.072463,0,0,0,0,0
51,250,1.266,3265.5,2.035e+05,0,0,0,0,0,0,0.13028,0,0,0,9.3997,0,0,0,0,0
51,250,1.266,3265.5,2.035e+05,3.0745,0,0,0,0,0,0,0,0,0,0.072463,0,0,0,0,0
51,250,1.266,3265.5,2.035e+05,0.77402,0,0,0.80154,0,0,0,0,0,0,1.5501,0,0,0,0,0
51,250,1.266,3265.5,2.035e+05,3.6191,0,0,3.6726,0,0,0.008333,0,0,0,0.35902,0,0,0,0,0
51,250,1.266,3265.5,2.035e+05,0.13895,0,0,0,0,0,207.8,0,0,0,0.14865,0,0,0,0,0
51,250,1.266,3265.5,2.035e+05,0.74447,0,0.093085,5.3714,0,0,0,24.7,0,0,5.2662,0,0,0,0,0
51,250,1.266,3265.5,2.035e+05,0,0,0,0,0,0,0,0,0,7.6506,0.072463,0,0,0,0,0
51,250,1.266,3265.5,2.035e+05,12.169,0,0,0,0,0,0,0,0,0,0.13615,0,0,0,0,0
51,250,1.266,3265.5,2.035e+05,0.091687,0,0,0,0,0,0,0,0,0,0.072463,0,0,0,0,0
51,250,1.266,3265.5,2.035e+05,3.3592,0,0,0,0,0,218.25,0,0,0,2.6155,0,0,0,0,0
51,250,1.266,3265.5,2.035e+05,1.5047,0,0,0,0,0,0,0,0,0,11.706,0,0,0,0,0
51,250,1.266,3265.5,2.035e+05,45.444,0,0,0,0,0,0,0,0,0,0.14833,0,0,0,0,0
51,250,1.266,3265.5,2.035e+05,4.5628,0,0,0,0.011773,0,0,0,0,0,0.78303,0,0,0,0,0
51,250,1.266,3265.5,2.035e+05,0,0,3.7695,0,0,0.73201,0,0,0,1.0076,0.7142,0,0,0,0,0
51,250,1.266,3265.5,2.035e+05,0.46388,0,0,0,0.7153,0,246.03,0,0,0,0.072463,0,0,0,0,0
51,250,1.266,3265.5,2.035e+05,0,0,0,0,0,0,0,0,0,0,31.416,0,0,0,0,0
51,250,1.266,3265.5,2.035e+05,7.2319,0,0,0,0,0.008335,0,0,0,9.1622,2.3337,0,0,0,0,0
51,250,1.266,3265.5,2.035e+05,9.7171,0,0.003173,0,20.659,0.011048,0,0,0,0,0.134,0,0,0,0,0
51,250,1.266,3265.5,2.035e+05,0,0,0,0,0,0,0,0,0,0,0.072463,0,0,0,0,8.1638
51,250,1.266,3265.5,2.035e+05,15.547,0,0,0,0.010038,0,0,0,0,0,0.12977,0,0,0,0,0
51,250,1.266,3265.5,2.035e+05,0,0,0,0,0,0.20459,0,0,0,0,0.13782,0,0,0,0,81.638
51,250,1.266,3265.5,2.035e+05,0,0,0,0,0,0,0.13028,0,0,0,0.56072,0,0,0,0,0
51,250,1.266,3265.5,2.035e+05,0,0,0,0.00062,0,0.011359,4.9077,0,0,0,0.7142,0,0,0,0,0
51,250,1.266,3265.5,2.035e+05,0,0,0,0,0,0,0,0,0,0,0.67931,0,0,0,0,0
51,250,1.266,3265.5,2.035e+05,0.035363,0,0,0,0,0,3.8394,0,0,0,4.5609,0,0,0,0,81.638
51,250,1.266,3265.5,2.035e+05,0,0,0,0.043623,0,0,0,0,0,0,8.755,0,0,0,0,0
51,250,1.266,3265.5,2.035e+05,0.63403,0,0,0,0,0,0,0,0,0,0.13382,0,0,0,0,0
51,250,1.266,3265.5,2.035e+05,0,0,0,0,0,0,51.235,0,0,0,0.94482,0,0,0,0,0
51,250,1.266,3265.5,2.035e+05,0,0,0,0,0,0,0,0,0,0,0.17276,0,0,0,0,0
51,250,1.266,3265.5,2.035e+05,0.00524,0,0,0.008513,0,0,0,0,0,0,2.1163,0,0,0,0,0
51,250,1.266,3265.5,2.035e+05,0.87264,0,0,0.091132,2.8209,0,0,0,0,0,0.086791,0,0,0,0,146.95
51,250,1.266,3265.5,2.035e+05,0.0067502,0,0.008333,0.14931,0,0,0,0,0,0,0.072463,0,0,0,0,0
51,250,1.266,3265.5,2.035e+05,3.2092,0,0,0,0,0,0,0,0,0,3.2549,0,0,0,0,0
51,250,1.266,3265.5,2.035e+05,0,0,0,0,0,0,0,0,0,0,0.12949,0,0,0,0,0
51,250,1.266,3265.5,2.035e+05,12.169,0,0,0,0.0062156,0,0.13028,0,0,0,0.15166,0,0,0,0,0
51,250,1.266,3265.5,2.035e+05,0.0084135,0,0,0,0,0,0,0,0,0,0.13394,0,0,0,0,0
51,250,1.266,3265.5,2.035e+05,7.1973,0,0,0.048829,0,11.716,0,0,0,0,0.072463,0,0,0,0,0
51,250,1.266,3265.5,2.035e+05,0.45502,0,0,0,0,0,0,0,0,0,0.072463,0,0,0,0,0
51,250,1.266,3265.5,2.035e+05,0.058812,0,0,0,0,0,0.008333,0,0,0,1.1327,0,0,0,0,277.57
51,250,1.266,3265.5,2.035e+05,0.056827,0,0,0,0.0094768,0,0,0,0,0,0.072463,0,0,0,0,0
51,250,1.266,3265.5,2.035e+05,0,0,0,0,0,0.008333,0,0,0,0,1.3204,0,0,0,0,81.638
51,250,1.266,3265.5,2.035e+05,0.012378,0,0,0,0,0,0.10863,0,0,0,0.072463,0,0,0,0,0
51,250,1.266,3265.5,2.035e+05,0,0,0,0,0,0,0,0,0,0,13.171,0,0,0,0,0
51,250,1.266,3265.5,2.035e+05,0,0,0,0,0.009056,0,0,0,0,0,1.0181,0,0,0,0,0
51,250,1.266,3265.5,2.035e+05,0.001236,0,0,49.709,0,0,0.13028,0,0,0,0.072463,0,0,0,0,0
51,250,1.266,3265.5,2.035e+05,0,0,0,0.008815,0,0,0,0,0,0.44575,0.10112,0,0,0,0,0
51,250,1.266,3265.5,2.035e+05,0.002784,0,0,0,0,0.00829,0.42744,0,0,0,0.134,0,0,0,0,0
51,250,1.266,3265.5,2.035e+05,0,0,0,0,0,0,0.59876,0,0,0,6.8752,0,0,0,0,0
51,250,1.266,3265.5,2.035e+05,0.028282,0,0,0,0,0,0,0,0,0,0.33594,0,0,0,0,81.638
51,250,1.266,3265.5,2.035e+05,0.71482,0,0,0,0,1.1678,0,0,0,0,0.55863,0,0,0,0,0
51,250,1.266,3265.5,2.035e+05,0.17648,0,0,0,0,0.002491,0,0,0,1.5859,0.49027,0,0,0,0,0
51,250,1.266,3265.5,2.035e+05,0.0034665,0,0,0,0,0,0,0,0,0,0.94042,0,0,0,0,0
51,250,1.266,3265.5,2.035e+05,1.1461,0,0,0,0,0.008333,0,0,0,0,0.072463,0,0,0,0,114.29
51,250,1.266,3265.5,2.035e+05,0.012378,0,0,0,0,0,0,0,0,19.403,0.17677,0,0,0,0,0
51,250,1.266,3265.5,2.035e+05,0,0,0,0,0,0,0,0,0,0,0.072463,0,0,0,0,0
51,250,1.266,3265.5,2.035e+05,0.078773,0,0,50.121,0,0,0,0,0,0,0.52131,0,0,0,0,0
51,250,1.266,3265.5,2.035e+05,3.0427,0,0,0,0,0,0,0,0,0,17.634,0,0,0,0,0
51,250,1.266,3265.5,2.035e+05,0,0,0,11.936,0,0,0,0,0,0,2.7638,0,0,0,0,0
51,250,1.266,3265.5,2.035e+05,0.008333,0,0,0,0,0,0,0,0,0,2.4949,0,0,0,0,81.638
51,250,1.266,3265.5,2.035e+05,3.9918,0,0,0,0.48515,0,0,0,0,0,0.55863,0,0,0,0,538.81
51,250,1.266,3265.5,2.035e+05,6.6382,0,0,0,0,0,0.13028,0,0,0,17.924,0,0,0,0,0
51,250,1.266,3265.5,2.035e+05,0,0,0,0,0,0,0.13028,0,0,0,0.8268,0,0,0,0,0
51,250,1.266,3265.5,2.035e+05,0.010066,0,0,0,0,11.716,0,0,0,0,3.5398,0,0,0,0,440.85
51,250,1.266,3265.5,2.035e+05,0.12216,0,0,0,14.221,0,0,0,0,0,0.072463,0,0,0,0,0
51,250,1.266,3265.5,2.035e+05,0,0,0,0,0,0,0,0,0,1.261,0.13615,0,0,0,0,48.983
51,250,1.266,3265.5,2.035e+05,55.121,0,0,0,0.008333,0,0.13028,0,0,0,0.072463,0,0,0,0,0
51,250,1.266,3265.5,2.035e+05,0.94437,0,0,0,19.726,0,0,0,0,0,0.11545,0,0,0,0,0
51,250,1.266,3265.5,2.035e+05,0.006701,0,0,0,0,0,0,0,0,0,0.072463,0,0,0,0,48.983
51,250,1.266,3265.5,2.035e+05,140.11,0,0,0,0,0,0.60778,0,0,0,0.13039,0,0,0,0,81.638
51,250,1.266,3265.5,2.035e+05,47.753,0,0,0,0,0,0,0,0,0,13.397,0,0,0,0,0
51,250,1.266,3265.5,2.035e+05,0.005006,0,0,0,0.3225,0,0,0,0,0,1.2836,0,0,0,0,0
51,250,1.266,3265.5,2.035e+05,0.008333,0,0,0,0,0,0,0,0,0,0.1337,0,0,0,0,0
51,250,1.266,3265.5,2.035e+05,0.88244,0,0,0,0,0,0,0,0,13.788,1.2954,0,0,0,0,0
51,250,1.266,3265.5,2.035e+05,3.2815,0,0.002998,0,0,3.171,0,0,0,0,0.27222,0,0,0,0,0
51,250,1.266,3265.5,2.035e+05,10.572,0,0,3.8517,0,0,0,0,0,0,6.3875,0,0,0,0,81.638
51,250,1.266,3265.5,2.035e+05,0.011416,0,0.00328,0,0,0.01101,0,0,0,0,0.43625,0,0,0,0,0
51,250,1.266,3265.5,2.035e+05,0.020638,0,0,3.9351,0,0,0.13028,0,0,0,0.072463,0,0,0,0,0
51,250,1.266,3265.5,2.035e+05,13.312,0,0,0,0,0,0,0,0,3.8737,0.086791,0,0,0,0,277.57
51,250,1.266,3265.5,2.035e+05,0.10918,0,0,0,0,0,25.077,0,0,0,1.9351,0,0,0,0,0
51,250,1.266,3265.5,2.035e+05,0.97362,0,0,0.8087,0.0093629,0,0,0,0,0,0.072463,0,0,0,0,342.88
51,250,1.266,3265.5,2.035e+05,6.8951,0,0,0,0,0.17467,115.6,0,0,0,0.072463,0,0,0,0,0
51,250,1.266,3265.5,2.035e+05,0.008333,0,0,2.0133,0,0,0,0,0,0,0.072463,0,0,0,0,408.19
51,250,1.266,3265.5,2.035e+05,0.26,0,0,0.81948,0,0,0,0,0,0,5.1015,0,0,0,0,8.1638
51,250,1.266,3265.5,2.035e+05,2.7947,0,0,0,0,0.004588,0,0,0,0,0.24539,0,0,0,0,0
51,250,1.266,3265.5,2.035e+05,0.003416,0,0,0,0,0,0,0,0,0.18355,2.3219,0,0,0,0,0
51,250,1.266,3265.5,2.035e+05,0.31737,0,0,0,0,0,0,0,0,0,0.072463,0,0,0,0,0
51,250,1.266,3265.5,2.035e+05,0,0,0,0,0,0,0,0,0,0,0.072463,0,0,0,0,48.983
51,250,1.266,3265.5,2.035e+05,3.2815,0,0,0,0.084587,0,0,0,0,0,5.8934,0,0,0,0,48.983
51,250,1.266,3265.5,2.035e+05,0.005302,0,0,0,0,0,0,0,0,0,0.072463,0,0,0,0,0
51,250,1.266,3265.5,2.035e+05,0,0,0,0.003821,0,0,0,0,0,0,0.15843,0,0,0,0,114.29
51,250,1.266,3265.5,2.035e+05,11.109,0,0,0,0,0,0,0,0,0,0.5196,0,0,0,0,0
51,250,1.266,3265.5,2.035e+05,13.694,0,0,0,0,0,0,0,0,0,0.13854,0,0,0,0,114.29
51,250,1.266,3265.5,2.035e+05,0.005302,0,0,0,0,0,0.40452,0,0,0,0.78885,0,0,0,0,0
51,250,1.266,3265.5,2.035e+05,6.8438,0,0,14.054,0.00644,0,0,0,0,0,0.072463,0,0,0,0,0
51,250,1.266,3265.5,2.035e+05,0,0,0,0,0,0,0,0,0,0,11.987,0,0,0,0,0
51,250,1.266,3265.5,2.035e+05,0.036583,0,0,0,0,0,0.13028,0,0,0,14.187,0,0,0,0,0
51,250,1.266,3265.5,2.035e+05,0.1008,0,0,0,0,0,0,0,0,0,7.5422,0,0,0,0,0
51,250,1.266,3265.5,2.035e+05,0.008333,0,0,51.33,0,0,0,0,0,0,1.1327,0,0,0,0,0
51,250,1.266,3265.5,2.035e+05,25.129,0,0,0,0,0.014592,0,0,0,0,85.278,0,0,0,0,0
51,250,1.266,3265.5,2.035e+05,0,0,0,0.60816,0,0,0,0,0,36.785,1.7918,0,0,0,0,0
51,250,1.266,3265.5,2.035e+05,1.8491,0,0.008333,0,0,0,8.2001,0,0,0,0.086791,0,0,0,0,0
51,250,1.266,3265.5,2.035e+05,1.8682,0,0.73177,0,0,0,27.146,0,0,0,0.11545,0,0,0,0,0
51,250,1.266,3265.5,2.035e+05,0.003295,0,0,0,0,0,0,0,0,0,0.072463,0,0,0,0,0
51,250,1.266,3265.5,2.035e+05,1.5964,0,0,0,0,0.008333,0,0,0,0,4.1702,0,0,0,0,0
51,250,1.266,3265.5,2.035e+05,0,0,0,10.01,0,1.0092,0,0,0,0,0.75174,0,0,0,0,0
51,250,1.266,3265.5,2.035e+05,0,0,0,0,0,0,0,0,0,0.8932,0.12844,0,0,0,0,0
51,250,1.266,3265.5,2.035e+05,0,0,0,0,0.19996,0,0,0,0,0,0.072463,0,0,0,0,0
51,250,1.266,3265.5,2.035e+05,0,0,0,0,0,0,0,0,0,0,2.0031,0,0,0,0,0
51,250,1.266,3265.5,2.035e+05,0.16618,0,0,0,0,0.62964,0,0,0,0,1.3204,0,0,0,0,0
51,250,1.266,3265.5,2.035e+05,0,0,0,14.054,0,0,0.13028,0,0,0,0.78303,0,0,0,0,0
51,250,1.266,3265.5,2.035e+05,0,0,0,0.00387,0.023204,0,0,0,0,0,2.1163,0,0,0,0,81.638
51,250,1.266,3265.5,2.035e+05,0.00524,0,0,9.4149,0,0,0,0,0,0,0.072463,0,0,0,0,0
51,250,1.266,3265.5,2.035e+05,0.0077391,0,0,0.82233,0,0,27.146,0,0,0,1.4169,0,0,0,0,0
51,250,1.266,3265.5,2.035e+05,0.008335,0,0,0.009718,0,0,0,0,0,0,0.60404,0,0,0,0,0
51,250,1.266,3265.5,2.035e+05,0.67244,0,0,3.5745,0,0,51.235,0,0,0,0.83183,0,0,0,0,0
51,250,1.266,3265.5,2.035e+05,0.008333,0,0,6.0399,0,0,0,0,0,0,0.072463,0,0,0,0,0
51,250,1.266,3265.5,2.035e+05,0,0,0,0,0,0,0,0,0,0,1.2711,0,0,0,0,0
51,250,1.266,3265.5,2.035e+05,1.8682,0,0,5.2485,0,0,0.13028,0,0,0,4.9522,0,0,0,0,0
51,250,1.266,3265.5,2.035e+05,3.8455,0,0,0,0,0,0,0,0,0,11.262,0,0,0,0,0
51,250,1.266,3265.5,2.035e+05,1.3126,0,0,0,0,1.1678,53.128,2.6149,0,0,0.072463,0,0,0,0,0
51,250,1.266,3265.5,2.035e+05,0,0,0,0.014258,0,0.00315,0,0,0,0,2.3252,0,0,0,0,0
51,250,1.266,3265.5,2.035e+05,2.7189,0,0,0.00644,0,0,0,0,0,1.164,0.072463,0,0,0,0,0
51,250,1.266,3265.5,2.035e+05,0.02573,0,0,0,0,0,0.13028,0,0,0,0.072463,0,0,0,0,604.12
51,250,1.266,3265.5,2.035e+05,0,0,0,0,0,0,0,0,0,0,0.072463,0,0,0,0,0
51,250,1.266,3265.5,2.035e+05,0.065401,0,0,0,11.395,8.1e-05,0,0,0,0,0.13054,0,0,0,0,220.42
51,250,1.266,3265.5,2.035e+05,0.038753,0,0,6.9832,0,0,0,0,0,0,0.072463,0,0,0,0,0
51,250,1.266,3265.5,2.035e+05,2.6806,0,0,0,0,0,0,0,0,0,0.072463,0,0,0,0,0
51,250,1.266,3265.5,2.035e+05,0.16323,0,0,0.80274,0,0,0.13028,0,0,0,0.072463,0,0,0,0,0
51,250,1.266,3265.5,2.035e+05,0,0,0,0,0,0,0,0,0,0,13.16,0,0,0,0,48.983
51,250,1.266,3265.5,2.035e+05,0,0,0,0,0,0,0.13028,0,0,9.1622,6.4921,0,0,0,0,0
51,250,1.266,3265.5,2.035e+05,0.000234,0,10.424,0,0,0,0,0,0,0,0.072463,0,0,0,0,0
51,250,1.266,3265.5,2.035e+05,0,0,0,0,0,0,0,0,0,0,1.8634,0,0,0,0,0
51,250,1.266,3265.5,2.035e+05,0.46388,0,0,0,0,0,0,0,0,0,0.24115,0,0,0,0,3102.2
51,250,1.266,3265.5,2.035e+05,0.003821,0,0.0060235,0,0,0,0,0,0,0,0.072463,0,0,0,0,0
51,250,1.266,3265.5,2.035e+05,0.003295,0,0,0.007697,0,0,0,0,0,0,0.072463,0,0,0,0,0
51,250,1.266,3265.5,2.035e+05,0.008335,0,0.0078303,0,0,6.1953,0,0.0084135,0,0,5.537,0,0,0,0,0
51,250,1.266,3265.5,2.035e+05,0,0,0,0,0,0,0.008333,0,0,0,5.5039,0,0,0,0,48.983
51,250,1.266,3265.5,2.035e+05,0,0,0,0,0,3.1344,0,0,0,0,0.35902,0,0,0,0,0
51,250,1.266,3265.5,2.035e+05,0.12499,0,0,0,0.003485,0,0,0,0,0,31.837,0,0,0,0,0
51,250,1.266,3265.5,2.035e+05,0.018174,0,0,0,0,0,0,0,0,0,3.9998,0,0,0,0,0
51,250,1.266,3265.5,2.035e+05,0.026793,0,0,0,0,0,0,0,0,0.27721,0.072463,0,0,0,0,0
51,250,1.266,3265.5,2.035e+05,0.90902,0,0,0.061589,0,0.00644,29.215,0,0,0,0.072463,0,0,0,0,0
51,250,1.266,3265.5,2.035e+05,0.86244,0,0,0,0,0.008333,0,0,0,0,0.072463,0,0,0,0,0
51,250,1.266,3265.5,2.035e+05,0.012549,0,0,0,0,0,0.13028,0,0,0,3.6687,0,0,0,0,0
51,250,1.266,3265.5,2.035e+05,2.3989,0,0.49563,0,0,0,0,0,0,0,0.072463,0,0,0,0,81.638
51,250,1.266,3265.5,2.035e+05,4.2437,0,0,0.89655,0,16.14,0,0,0,0,3.0356,0,0,0,0,8.1638
51,250,1.266,3265.5,2.035e+05,3.238,0,0,0,0,0.36368,0,0,0,0,31.837,0,0,0,0,0
51,250,1.266,3265.5,2.035e+05,0.056259,0,0,0.0053235,0.008333,0,0,0,0,0,8.755,0,0,0,0,0
51,250,1.266,3265.5,2.035e+05,0.87051,0,0,0,0,0,0,0,0,0,0.072463,0,0,0,0,0
51,250,1.266,3265.5,2.035e+05,0.008335,0,0,0.003465,0,0,0,0,0,0,2.4949,0,0,0,0,81.638
51,250,1.266,3265.5,2.035e+05,0.867,0,0,0,0,0.020937,0,0,0,0,0.072463,0,0,0,0,0
51,250,1.266,3265.5,2.035e+05,0,0,0,0,0.019305,0,0.67053,0,0,0,0.072463,0,0,0,0,0
51,250,1.266,3265.5,2.035e+05,0.002068,0,0,0,0,0,0,0,0,0,0.072463,0,0,0,0,0
51,250,1.266,3265.5,2.035e+05,11.025,0,0,0.061589,0,0,0,0,0,0,0.27222,0,0,0,0,0
51,250,1.266,3265.5,2.035e+05,0,0,0,0,0,0,0,0,0,0,0.072463,0,0,0,0,0
51,250,1.266,3265.5,2.035e+05,0.87488,0,0,0,0,0,0,0,0,0.76777,15.494,0,0,0,0,0
51,250,1.266,3265.5,2.035e+05,0.008953,0,0,0,0,5.0867,0.13028,0,0,0,27.424,0,0,0,0,146.95
51,250,1.266,3265.5,2.035e+05,1.3025,0,0,0,0,0.00315,0,0,0,0,0.072463,0,0,0,0,48.983
51,250,1.266,3265.5,2.035e+05,2.8251,0,0,0,0,0,0,0,0,0,0.13679,0,0,0,0,0
51,250,1.266,3265.5,2.035e+05,11.348,0,0,0,0,0.0262,0,0,0,0,0.072463,0,0,0,0,702.09
51,250,1.266,3265.5,2.035e+05,3.3972,0,0,0,0,0.19925,0,0,0,0,2.1592,0,0,0,0,0
51,250,1.266,3265.5,2.035e+05,0.86948,0,0,0,0,0,0,0,0,0,0.072463,0,0,0,0,0
51,250,1.266,3265.5,2.035e+05,0.000765,0,0,0,0,0,0,0,0,0,8.755,0,0,0,0,0
51,250,1.266,3265.5,2.035e+05,0,0,0,0,0,0,0,0,0,1.5851,0.1317,0,0,0,0,0
51,250,1.266,3265.5,2.035e+05,0.00644,0,0,0,0.0032045,0,0,3.8334,0,0,0.35299,0,0,0,0,48.983
51,250,1.266,3265.5,2.035e+05,0.008335,0,0,0.003468,0,0,0,0,0,0,21.937,0,0,0,0,0
51,250,1.266,3265.5,2.035e+05,0.87466,0,0,0,1.1964,0,38.038,0,0,0,0.072463,0,0,0,0,0
51,250,1.266,3265.5,2.035e+05,0,0,0,0,0,0,0,0,0,0,0.072463,0,0,0,0,0
51,250,1.266,3265.5,2.035e+05,0.32107,0,0,0,0,0.008335,0,0,0,0,0.072463,0,0,0,0,0
51,250,1.266,3265.5,2.035e+05,9.4817,0,0,0,0.001292,0,0,0,0,0,4.148,0,0,0,0,0
51,250,1.266,3265.5,2.035e+05,0.002741,0,0,0,0,0,0.13028,0,0,4.212,1.1524,0,0,0,0,8.1638
51,250,1.266,3265.5,2.035e+05,0.51708,0,0.008335,0,2.2986,0,0,0,0,0.76342,0.072463,0,0,0,0,0
51,250,1.266,3265.5,2.035e+05,0.005714,0,0,0,0,0,0.87994,0,0,0,0.072463,0,0,0,0,146.95
51,250,1.266,3265.5,2.035e+05,0,0,0,0,0.008335,0,0,0.044237,0,0,0.13364,0,0,0,0,0
51,250,1.266,3265.5,2.035e+05,0,0,0,0,0,0,0,0,0,0,0.27222,0,0,0,0,8.1638
51,250,1.266,3265.5,2.035e+05,3.2092,0,0,0.00714,0,0,0,0,0,0,2.9142,0,0,0,0,0
51,250,1.266,3265.5,2.035e+05,0,0,0,0,0,0.017177,0,0,0,0,1.9064,0,0,0,0,0
51,250,1.266,3265.5,2.035e+05,3.0427,0,0,0,0,0,0.59876,0,0,0,0.072463,0,0,0,0,0
51,250,1.266,3265.5,2.035e+05,6.3e-05,0,0,0.56872,0,0,0,0,0,0,0.94042,0,0,0,0,0
51,250,1.266,3265.5,2.035e+05,0,0,0,0.016666,0.000126,0,0,0,0,0,3.9998,0,0,0,0,0
51,250,1.266,3265.5,2.035e+05,0.011562,0,0,49.709,0.0088478,0,0,0,0,0,0.072463,0,0,0,0,0
51,250,1.266,3265.5,2.035e+05,0,0,0,0.80712,0,0,0,0,0,0,1.5501,0,0,0,0,702.09
51,250,1.266,3265.5,2.035e+05,7.1973,0,4.5212,0.001192,0,0,0,0,0,1.0139,0.072463,0,0,0,0,0
51,250,1.266,3265.5,2.035e+05,0,0,0,0.00524,0,0,8.9964,0,0,0,1.2647,0,0,0,0,277.57
51,250,1.266,3265.5,2.035e+05,0,0,0,0.085444,0,0,0.42744,0,0,1.164,0.17276,0,0,0,0,0
51,250,1.266,3265.5,2.035e+05,0.39468,0,0,0,0,0,0,0,0,0,1.0543,0,0,0,0,0
51,250,1.266,3265.5,2.035e+05,0.074955,0,0,0,0,26.894,0,0,0,0,0.072463,0,0,0,0,0
51,250,1.266,3265.5,2.035e+05,26,0,0,0.017564,0,0,0,0,0,0,0.10112,0,0,0,0,48.983
51,250,1.266,3265.5,2.035e+05,0.008333,0,0,0.00524,0.00328,0,0,0,0,0,9.9728,0,0,0,0,0
51,250,1.266,3265.5,2.035e+05,0.008333,0,0,0,0,0,0.13028,0,0,0,4.5609,0,0,0,0,0
51,250,1.266,3265.5,2.035e+05,0,0,0,0.8436,0.008333,0,0.13028,0,0,0,0.072463,0,0,0,0,0
51,250,1.266,3265.5,2.035e+05,0.003468,0,0,6.8381,0,0,0,0,0,0,5.2094,0,0,0,0,0
51,250,1.266,3265.5,2.035e+05,8.2225,0,0,3.9351,0,0,0,0,0,0,33.184,0,0,0,0,0
51,250,1.266,3265.5,2.035e+05,1.5722,0,0,0,0,5.0867,0,0,0,0,0.56072,0,0,0,0,0
51,250,1.266,3265.5,2.035e+05,0.003416,0,0,0,0,0,0.13028,0,0,0,13.171,0,0,0,0,0
51,250,1.266,3265.5,2.035e+05,0.0083909,0,0,0,0,0,0,0,0,0,0.072463,0,0,0,0,0
51,250,1.266,3265.5,2.035e+05,3.6191,0,0,0,0,0,0,0,0,0,0.24539,0,0,0,0,0
51,250,1.266,3265.5,2.035e+05,0.034449,0,0,0.013588,0,0.010504,0,0,0,0,0.072463,0,0,0,0,0
51,250,1.266,3265.5,2.035e+05,0,0,0,1.7781,0.0036245,0,0,0.003355,0,0,1.1196,0,0,0,0,0
51,250,1.266,3265.5,2.035e+05,0,0,0,0,0,0,0,0,0,0,2.4949,0,0,0,0,0
51,250,1.266,3265.5,2.035e+05,0.00062,0,0,7.8868,0,0,0,0,0,0,0.072463,0,0,0,0,0
51,250,1.266,3265.5,2.035e+05,0.00644,0,0,0,0,0,26.614,0,0,0,0.78303,0,0,0,0,0
51,250,1.266,3265.5,2.035e+05,0.86415,0,0,0,0,0,0,0.00014,0,0,0.63867,0,0,0,0,0
51,250,1.266,3265.5,2.035e+05,11.956,0,0,0,0,0,0,0,0,0,0.072463,0,0,0,0,0
51,250,1.266,3265.5,2.035e+05,0.024628,0,0,0,0,0,0,0,0,0,0.072463,0,0,0,0,48.983
51,250,1.266,3265.5,2.035e+05,0.48793,0,0,0.19414,0.008333,0.008333,0,0,0,1.1034,0.16445,0,0,0,0,0
51,250,1.266,3265.5,2.035e+05,0,0,0,0,0.23645,0.002491,0,0,0,0,6.4445,0,0,0,0,0
51,250,1.266,3265.5,2.035e+05,0.078773,0,0,0,0,0,0,0,0,0,3.6257,0,0,0,0,0
51,250,1.266,3265.5,2.035e+05,0.36821,0,1.3769,0,13.466,0,0,0,0,0,0.086791,0,0,0,0,0
51,250,1.266,3265.5,2.035e+05,4.5096,0,0,0,0,0,0,0,0,0,0.072463,0,0,0,0,0
51,250,1.266,3265.5,2.035e+05,1.1461,0,0,0,0,0,0,0,0,0,3.4986,0,0,0,0,0
51,250,1.266,3265.5,2.035e+05,0.044518,0,0,10.926,0,0,0,0,0,0,0.072463,0,0,0,0,0
51,250,1.266,3265.5,2.035e+05,0.025,0,0,0,0,0.045413,0,0,0,0,0.072463,0,0,0,0,277.57
51,250,1.266,3265.5,2.035e+05,0.009774,0,0,0,0,0,0,0,0,0,3.6257,0,0,0,0,0
51,250,1.266,3265.5,2.035e+05,0.082061,0,0,0,0,0,0,0,0,0,1.2954,0,0,0,0,0
51,250,1.266,3265.5,2.035e+05,0,0,0,0.80208,0,0,0,0,0,0,9.6608,0,0,0,0,538.81
51,250,1.266,3265.5,2.035e+05,0,0,0,0,20.659,0,0,0,0,0,0.072463,0,0,0,0,114.29
51,250,1.266,3265.5,2.035e+05,0.71858,0,0,0,0,0.031993,0,0,0,5.7109,0.072463,0,0,0,0,0
51,250,1.266,3265.5,2.035e+05,0.0084135,0,0,12.611,0,0,0,3.9282,0,0,0.072463,0,0,0,0,0
51,250,1.266,3265.5,2.035e+05,52.503,0,0,0,0,0,0,0,0,0.27721,0.072463,0,0,0,0,0
51,250,1.266,3265.5,2.035e+05,0.34854,0,0,6.3e-05,0,0,0,0,0,0,7.5422,0,0,0,0,0
51,250,1.266,3265.5,2.035e+05,0,0,0,0,0,0.030964,69.539,0,0,0,4.2705,0,0,0,0,0
51,250,1.266,3265.5,2.035e+05,0,0,0,0.077748,0,0,53.128,0,0,0,16.594,0,0,0,0,0
51,250,1.266,3265.5,2.035e+05,0.17916,0,0,0,0,0,0,0,0,0,1.4024,0,0,0,0,81.638
51,250,1.266,3265.5,2.035e+05,33.057,0,0,0.008333,0,0,0,0,0,0,5.5792,0,0,0,0,0
51,250,1.266,3265.5,2.035e+05,6.5838,0,0,0,0.92178,0.47515,0.42744,0,0,0,1.4024,0,0,0,0,0
51,250,1.266,3265.5,2.035e+05,0.033914,0,0,0,0,0,0,0,0,0,3.6257,0,0,0,0,0
51,250,1.266,3265.5,2.035e+05,6.6382,0,0,0,0,0,0,0,0,0,13.755,0,0,0,0,0
51,250,1.266,3265.5,2.035e+05,0,0,0.003485,0.016668,0,1.3945,0,0,0,1.4449,2.3459,0,0,0,0,0
51,250,1.266,3265.5,2.035e+05,0.021904,0,0,0,0.010701,0,24.471,0,0,0,0.072463,0,0,0,0,146.95
51,250,1.266,3265.5,2.035e+05,0.20751,0,0,0,0,4.8314,0,0,0,0,0.12913,0,0,0,0,81.638
51,250,1.266,3265.5,2.035e+05,0,0,0,0,0,0,0,0,0,0,4.1559,0,0,0,0,0
51,250,1.266,3265.5,2.035e+05,0.020638,0,0,0,0.1673,0,0,0,0,0,0.072463,0,0,0,0,0
51,250,1.266,3265.5,2.035e+05,0.63403,0,0,0,0,0,0,0,0,0,2.9142,0,0,0,0,0
51,250,1.266,3265.5,2.035e+05,8.0139,0,0,0,0.002868,0,0,0,0,0,0.072463,0,0,0,0,0
51,250,1.266,3265.5,2.035e+05,0.88791,0,0,0,0.008333,0,0.87994,0,0,0,0.072463,0,0,0,0,3102.2
51,250,1.266,3265.5,2.035e+05,5.4973,0,0,0,0,0,0.60778,0,0,0,22.868,0,0,0,0,0
51,250,1.266,3265.5,2.035e+05,0,0,0,0.001397,0,0,0,0,0,3.4087,0.072463,0,0,0,0,0
51,250,1.266,3265.5,2.035e+05,0.008333,0,0,0,0,0,0.67053,0,0,0,1.2647,0,0,0,0,146.95
51,250,1.266,3265.5,2.035e+05,0,0,0,0,0,0,27.146,0,0,0,1.7329,0,0,0,0,0
51,250,1.266,3265.5,2.035e+05,0.023466,0,0,0,0,0,0,0,0,0,0.8268,0,0,0,0,0
51,250,1.266,3265.5,2.035e+05,0,0,0,1.2666,0,0,0,0,0,9.1622,0.14411,0,0,0,0,0
51,250,1.266,3265.5,2.035e+05,0.53849,0,0,0,0,0,18.993,0,0,0,0.072463,0,0,0,0,0
51,250,1.266,3265.5,2.035e+05,0.005239,0,0,0,0,0,0,0,0,0,37.719,0,0,0,0,0
51,250,1.266,3265.5,2.035e+05,0,0,0,0,0.008333,0,0.008333,0,0,0,0.072463,0,0,0,0,0
51,250,1.266,3265.5,2.035e+05,0,0,0,0,0,0.035249,0,0,0,5.7231,0.13302,0,0,0,0,0
51,250,1.266,3265.5,2.035e+05,0.014422,0,0,0.018848,0,0,0,0,0,0,5.101,0,0,0,0,0
51,250,1.266,3265.5,2.035e+05,7.95e-05,0,0,0,0,0,0,0,0,0,0.77377,0,0,0,0,0
51,250,1.266,3265.5,2.035e+05,0,0,0,0,0.2991,0,0,0,0,0,0.56339,0,0,0,0,0
51,250,1.266,3265.5,2.035e+05,0.000739,0,0,0,0,0,0,0,0,0,1.1196,0,0,0,0,0
51,250,1.266,3265.5,2.035e+05,0.008333,0,0,0,0,0,25.113,0,0,0,31.837,0,0,0,0,0
51,250,1.266,3265.5,2.035e+05,0.60493,0,0,0,0.008457,0,0,0,0,0,53.47,0,0,0,0,0
51,250,1.266,3265.5,2.035e+05,0,0,0,0,0,0,0,0,0,0,0.48881,0,0,0,0,0
51,250,1.266,3265.5,2.035e+05,0,0,0,0.82233,6.3e-05,0,0,0,0,1.0167,0.13056,0,0,0,0,0
51,250,1.266,3265.5,2.035e+05,0,0,0,0,0,0,0,0,0,4.212,6.1348,0,0,0,0,0
51,250,1.266,3265.5,2.035e+05,8.3712,0,0,4.4772,0.011287,0,4.9077,0,0,19.403,0.072463,0,0,0,0,114.29
51,250,1.266,3265.5,2.035e+05,0,0,0,0.0053235,0,0.031993,0,0,0,0,1.0611,0,0,0,0,220.42
51,250,1.266,3265.5,2.035e+05,0.0094769,0,0,0,0,0,0,0,0,0,0.77377,0,0,0,0,0
51,250,1.266,3265.5,2.035e+05,0,0,0,0,0,0.0062156,0,0,0,0,1.2954,0,0,0,0,0
51,250,1.266,3265.5,2.035e+05,0.86178,0,0,0,0,0,0,0,0,0,1.0663,0,0,0,0,0
51,250,1.266,3265.5,2.035e+05,0.026793,0,0,0,0,0,0.059897,0,0,0,0.13354,0,0,0,0,0
51,250,1.266,3265.5,2.035e+05,0,0,0,0,0,0,0,0,0,0.056957,31.837,0,0,0,0,0
51,250,1.266,3265.5,2.035e+05,6.0317,0,0.010904,0,0.00644,0,0,0,0,1.0167,0.12949,0,0,0,0,0
51,250,1.266,3265.5,2.035e+05,0.17648,0,0,0,0,0,0,0,0,0,0.13679,0,0,0,0,0
51,250,1.266,3265.5,2.035e+05,0.090576,0,0,0.048829,0,0,0,0,0,0.63421,0.13364,0,0,0,0,506.16
51,250,1.266,3265.5,2.035e+05,0.16323,0,0,0,0,0,0,0,0,0,0.072463,0,0,0,0,0
51,250,1.266,3265.5,2.035e+05,0.063326,0,0,0,0,0,0.002308,0,0,0,0.072463,0,0,0,0,0
51,250,1.266,3265.5,2.035e+05,0.00247,0,0,0,0,0.00829,83.464,0,0,0,0.79939,0,0,0,0,146.95
51,250,1.266,3265.5,2.035e+05,1.725,0,0,0,0.66986,0.008333,0.86518,0,0,0.27721,18.395,0,0,0,0,0
51,250,1.266,3265.5,2.035e+05,0.008333,0,0,0,0,0,0,0,0,0,0.072463,0,0,0,0,0
51,250,1.266,3265.5,2.035e+05,0.008335,0,0,0,0,0,0,0,0,0,0.97511,0,0,0,0,0
51,250,1.266,3265.5,2.035e+05,0.18877,0,0,0,0,0,0.13028,0,0,0,0.13226,0,0,0,0,8.1638
51,250,1.266,3265.5,2.035e+05,0.16323,0,0,0,0,0,0.13028,0,0,0,1.2836,0,0,0,0,0
51,250,1.266,3265.5,2.035e+05,0,0,0,0,0,0,0,0,0,0,0.072463,0,0,0,0,0
51,250,1.266,3265.5,2.035e+05,19.283,0,0,0,0,0,0,0,0,0,2.3337,0,0,0,0,0
51,250,1.266,3265.5,2.035e+05,0.036583,0,0,0.0090585,0,0,0,0,0,0,35.008,0,0,0,0,244.91
51,250,1.266,3265.5,2.035e+05,2.5491,0,0,0,0,0.008333,0.13028,0,0,0,14.187,0,0,0,0,0
51,250,1.266,3265.5,2.035e+05,0.12917,0,0,14.054,0,0,0,0,0,0,0.1323,0,0,0,0,0
51,250,1.266,3265.5,2.035e+05,0.47616,0,0,0,0.84904,0,0,0,0,0,0.88276,0,0,0,0,114.29
51,250,1.266,3265.5,2.035e+05,0,0,0.00524,0,0,0,0,0,0,0,8.6117,0,0,0,0,0
51,250,1.266,3265.5,2.035e+05,6.8438,0,0,0,0,0.6082,0.60778,0,0,0,2.9989,0,0,0,0,0
51,250,1.266,3265.5,2.035e+05,0,0,2.8658,0,0,0,0,0,0,0,3.9983,0,0,0,0,0
51,250,1.266,3265.5,2.035e+05,0.002139,0,0.008333,0,0,0,0,0,0,0,0.13679,0,0,0,0,0
51,250,1.266,3265.5,2.035e+05,0.030074,0,0,0,0,0,0,0,0,0,0.60909,0,0,0,0,0
51,250,1.266,3265.5,2.035e+05,0.23321,0,0.020567,0,0.008332,0,0,0,0,0,0.072463,0,0,0,0,0
51,250,1.266,3265.5,2.035e+05,0,0,0,0,0,0,1.8139,0,0,0,16.626,0,0,0,0,0
51,250,1.266,3265.5,2.035e+05,0.001669,0,0,0.001493,0,0,8.5769,0,0,0,0.12913,0,0,0,0,114.29
51,250,1.266,3265.5,2.035e+05,0,0,0,0.19414,0,0,0,0,0,0,8.2822,0,0,0,0,179.6
51,250,1.266,3265.5,2.035e+05,0,0,0,6.4744,0,0.008333,0,0,0,1.261,0.072463,0,0,0,0,0
51,250,1.266,3265.5,2.035e+05,0.008333,0,0.00524,1.6077,0,0,0,0,0,0,3.7272,0,0,0,0,0
51,250,1.266,3265.5,2.035e+05,0.0059348,0,0,0,0,0,0,0,0,0,1.5411,0,0,0,0,114.29
51,250,1.266,3265.5,2.035e+05,0,0,0,0,0,0,0,0,0,0,0.072463,0,0,0,0,0
51,250,1.266,3265.5,2.035e+05,0.002741,0,0,0.011443,0,0,0,0,0,0,31.416,0,0,0,0,0
51,250,1.266,3265.5,2.035e+05,0.002784,0,0,0,0,0,0,0,0,0,2.4386,0,0,0,0,114.29
51,250,1.266,3265.5,2.035e+05,0.003485,0,0,0,0,0,0.13028,0,0,0,0.14865,0,0,0,0,0
51,250,1.266,3265.5,2.035e+05,0.008333,0,0,0.013588,0,0,0,0,0,0,6.4637,0,0,0,0,114.29
51,250,1.266,3265.5,2.035e+05,17.426,0,0,0,0,0,0,0,0,0,7.2936,0,0,0,0,48.983
51,250,1.266,3265.5,2.035e+05,1.5722,0,0,0,0,0,0,0,0,13.788,0.072463,0,0,0,0,0
51,250,1.266,3265.5,2.035e+05,0.00644,0,0,0,0,0,0,0,0,0,0.12949,0,0,0,0,0
51,250,1.266,3265.5,2.035e+05,0.86124,0,0,0,0,0.008333,0,0,0,0,0.072463,0,0,0,0,0
51,250,1.266,3265.5,2.035e+05,0.000234,0,0,0,10.662,0,0,0,0,0,0.072463,0,0,0,0,0
51,250,1.266,3265.5,2.035e+05,47.065,0,0,0,0,0,0,0,0,0,0.70364,0,0,0,0,0
51,250,1.266,3265.5,2.035e+05,0.003295,0,0,0,0,0,0,0,0,0,6.6447,0,0,0,0,0
54,253,1,11350,7.0732e+05,0,0,0,0.00043,0,0,0.40452,0,0,0,0.072463,0,0,0,0,0
54,253,1,11350,7.0732e+05,9.1994,0,0,0,0,0,0,0,0,0,2.9188,0,0,0,0,0
54,253,1,11350,7.0732e+05,0.14191,0,0,0,0,0,18.993,0,0,0,0.13873,0,0,0,0,0
54,253,1,11350,7.0732e+05,0.14191,0,0,0,0,0,0,0,0,0,0.072463,0,0,0,0,0
54,253,1,11350,7.0732e+05,0,0,0,0,0,0,0,0,0,0,6.8752,0,0,0,0,0
54,253,1,11350,7.0732e+05,0.28433,0,48.123,0,0.00644,0,0,0,0,0,0.072463,0,0,0,0,0
54,253,1,11350,7.0732e+05,19.712,0,0,0,0,0,20.643,0,0,0,6.8926,0,0,0,0,0
54,253,1,11350,7.0732e+05,0.092503,0,0,0.016563,0,0,0,0.90394,0,0,0.072463,0,0,0,0,0
54,253,1,11350,7.0732e+05,44.575,0,0,0,0,0,0,0,0,0,0.48881,0,0,0,0,0
54,253,1,11350,7.0732e+05,0.12917,0,0,0,21.101,0,0,0,0,0,33.814,0,0,0,0,0
54,253,1,11350,7.0732e+05,9.9717,0,0,0,0,0.11168,0,0,0,0,5.8934,0,0,0,0,0
54,253,1,11350,7.0732e+05,0.12216,0,0,0,0,0,56.551,0,0,0,0.072463,0,0,0,0,0
54,253,1,11350,7.0732e+05,0.53849,0,0,0,0,0,7.8874,0,0,1.5859,0.13505,0,0,0,0,0
54,253,1,11350,7.0732e+05,0.00062,0,0,0,0,0.686,0,0.90549,0,0,20.824,0,0,0,0,0
54,253,1,11350,7.0732e+05,0,0,0,0,0,0,0,0,0,9.1202,1.5769,0,0,0,0,0
54,253,1,11350,7.0732e+05,3.1609,0,0,66.508,0,0,0,0,0,0,0.75032,0,0,0,0,0
54,253,1,11350,7.0732e+05,0,0,0,0,0,0,0,0,0,0,6.1183,0,0,0,0,0
54,253,1,11350,7.0732e+05,5.9048,0,0,0,0.008333,0,0,0,0,0,0.086791,0,0,0,0,0
54,253,1,11350,7.0732e+05,1.725,0,0,0,0,0,0,0,0,55.455,45.506,0,0,0,0,0
54,253,1,11350,7.0732e+05,0,0,0,0,6.3e-05,0.25917,0,0,0,0,1.0076,0,0,0,0,283.75
54,253,1,11350,7.0732e+05,0,0,0,0,0,0,0.13028,0,0,0,0.072463,0,0,0,0,0
54,253,1,11350,7.0732e+05,0.20751,24.126,0,0,0,0,15.435,0,0,0,0.13056,0,0,0,0,0
54,253,1,11350,7.0732e+05,1.1402,0,0,0.001236,0,0,0,0.11246,0,0,33.184,0,0,0,0,0
54,253,1,11350,7.0732e+05,0.58786,0,0,0,0,0,0,0,0,0,0.31809,0,0,0,0,0
54,253,1,11350,7.0732e+05,0.00644,0,0,2.9698,0.051193,0,8.7007,0,0,0,0.072463,0,0,0,0,0
54,253,1,11350,7.0732e+05,0.017738,0,0,0.016666,0,0,30.531,0,0,0,17.634,0,0,0,0,397.25
54,253,1,11350,7.0732e+05,0.022097,0,0,10.645,0,0,0,0,0,0,8.2588,0,0,0,0,0
54,253,1,11350,7.0732e+05,0.44117,0,0,0,0,0,0.008333,674.05,0,0,18.672,0,0,0,0,283.75
54,253,1,11350,7.0732e+05,0.18125,0,0,0,0,0,0,0,0,0,2.4949,0,0,0,0,0
54,253,1,11350,7.0732e+05,0.57453,0,0,0,0,0,18.534,0,0,0,3.4466,0,0,0,0,0
54,253,1,11350,7.0732e+05,0,0,0,0,0,1.904,0,0,0,0,0.77377,0,0,0,0,0
54,253,1,11350,7.0732e+05,0.008333,0,0,0,0,0,0,0,0,0,26.814,0,0,0,0,0
54,253,1,11350,7.0732e+05,0.007102,0,0,0.016666,0,0,0,0.99088,0,0.27721,32.545,0,0,0,0,0
54,253,1,11350,7.0732e+05,5.1262,0,0,0,0,0,0,0,0,0.91947,0.072463,0,0,0,0,0
54,253,1,11350,7.0732e+05,10.869,0,0,0,0,0,0,0.0085665,0,0,2.457,0,0,0,0,0
54,253,1,11350,7.0732e+05,2.4323,0,0.0071623,0.82514,0,0,0,0,0,0,0.13146,0,0,0,0,0
54,253,1,11350,7.0732e+05,0.003539,0,0,0,0,0.29685,0,0,0,0,0.072463,0,0,0,0,0
54,253,1,11350,7.0732e+05,4.9793,0,0,0,0,0,0,0,0,0,0.072463,0,0,0,0,0
54,253,1,11350,7.0732e+05,0,0,0,0,0.023204,0,0,0,0,0,0.072463,0,0,0,0,0
54,253,1,11350,7.0732e+05,0.018174,0,0,0,0.032255,0,0,0,0,0,0.072463,0,0,0,0,0
54,253,1,11350,7.0732e+05,4.5628,0,0,0,0,0.0035115,78.355,0,0,0,2.4073,0,0,0,0,0
54,253,1,11350,7.0732e+05,44.575,0,10.424,1.4791,0,0.008333,0.13028,0,0,0,5.7504,0,0,0,0,0
54,253,1,11350,7.0732e+05,0.004588,0,0,0,0,0,0,0,0,0,4.9652,0,0,0,0,624.25
54,253,1,11350,7.0732e+05,0.011786,0,0,0,26.985,0,0.86518,0,0,0,4.0845,0,0,0,0,0
54,253,1,11350,7.0732e+05,0.29689,0,0,0.00714,0,0,0,0,0,0,20.478,0,0,0,0,0
54,253,1,11350,7.0732e+05,0,0,0,0,0,0.029374,0,0,0,0,7.5496,0,0,0,0,397.25
54,253,1,11350,7.0732e+05,6.0317,0,0.10447,0,0,0,0,0,0,19.403,6.4921,0,0,0,0,28.375
54,253,1,11350,7.0732e+05,0,0,0,0.016666,0,0,0,0,0,0,0.12844,0,0,0,0,0
54,253,1,11350,7.0732e+05,0.046004,0,0,0,0,0.47515,0,0,0,0,2.1541,0,0,0,0,0
54,253,1,11350,7.0732e+05,0,0,0,2.9698,0,0.008333,0,0,0,0,0.072463,0,0,0,0,0
54,253,1,11350,7.0732e+05,0.0071766,0,0,0.14535,0,0,0,0,0,0,0.44185,0,0,0,0,0
54,253,1,11350,7.0732e+05,0,0,0,0,0,0,0,0,0,0.27721,0.072463,0,0,0,0,0
54,253,1,11350,7.0732e+05,0,0,0,0,0,0,0.10863,0,0,0,1.7918,0,0,0,0,0
54,253,1,11350,7.0732e+05,0.08363,0,0,0,0.0013615,0.0066034,0,0,0,0,22.138,0,0,0,0,0
54,253,1,11350,7.0732e+05,5.0782,0,0,0,0,0,0.40452,0,0,0,0.93212,0,0,0,0,0
54,253,1,11350,7.0732e+05,0.023413,0,0,0,0,0,0,0,0,0,1.6272,0,0,0,0,0
54,253,1,11350,7.0732e+05,0,0,0,0,0,0,0,0,0,1.0167,1.6629,0,0,0,0,0
54,253,1,11350,7.0732e+05,6.5674,0,0,0,0,0,0,0,0,0,0.072463,0,0,0,0,0
54,253,1,11350,7.0732e+05,0.005302,0,1.7146,0.85386,0,0,0,0,0,0,53.47,0,0,0,0,0
54,253,1,11350,7.0732e+05,0.004345,0,0,0,0,0.73201,0,0,0,0,0.3625,0,0,0,0,0
54,253,1,11350,7.0732e+05,0,0,0,0.008341,0,0,0,0,0,0,1.0543,0,0,0,0,0
54,253,1,11350,7.0732e+05,0.022258,0,0,0.64709,0,0,0.10863,0,0,0,2.3459,0,0,0,0,0
54,253,1,11350,7.0732e+05,16.183,0,0,1.621,0,0,0,0,0,1.1822,0.072463,0,0,0,0,0
54,253,1,11350,7.0732e+05,0.008333,0,0,0,0,0,0,0,0,0,18.672,0,0,0,0,0
54,253,1,11350,7.0732e+05,0.48793,0,0,0.005239,1.1467,0,0,0,0,0,0.072463,0,0,0,0,0
54,253,1,11350,7.0732e+05,0.51708,0,0,0,0,0,0,0,0,0,0.17276,0,0,0,0,0
54,253,1,11350,7.0732e+05,2.3242,0,0,0.008332,0.049843,0,62.658,0,0,0,14.703,0,0,0,0,283.75
54,253,1,11350,7.0732e+05,2.9279,0,0,0,0,2.4119,0,0,0,0.76342,0.072463,0,0,0,0,0
54,253,1,11350,7.0732e+05,3.6191,0,0,0,0,0,0,0,0,0,13.171,0,0,0,0,0
54,253,1,11350,7.0732e+05,12.966,0,0,0,0,0,0.70468,0,0,0,1.86,0,0,0,0,0
54,253,1,11350,7.0732e+05,0.00524,0,0,0,0,0,0,0,0,0,1.5501,0,0,0,0,0
54,253,1,11350,7.0732e+05,0,0,0,0,0,0,0.13028,0,0,0,0.072463,0,0,0,0,0
54,253,1,11350,7.0732e+05,5.7614,0,0,0.007148,0.012413,0.061297,4.1671,0,0,0,0.086791,0,0,0,0,0
54,253,1,11350,7.0732e+05,1.4927,0,0,0.046665,5.1821,0,0,0,0,0,0.072463,0,0,0,0,0
54,253,1,11350,7.0732e+05,0.77402,0,0,0.091132,0,0.010107,0,0,0,0,1.4049,0,0,0,0,0
54,253,1,11350,7.0732e+05,12.451,0,0,0,0,0,0,0,0,0,6.6447,0,0,0,0,0
54,253,1,11350,7.0732e+05,18.566,0,0,1.7781,0,0,0,0,0,0,0.88605,0,0,0,0,0
54,253,1,11350,7.0732e+05,2.2046,0,0,0,0,0,0,0,0,0,7.9974,0,0,0,0,0
54,253,1,11350,7.0732e+05,16.463,0,0,0.014258,0,0,0,0,0,0,0.072463,0,0,0,0,0
54,253,1,11350,7.0732e+05,0.088516,0,0,0,0,0,0,0,0,0,1.4169,0,0,0,0,0
54,253,1,11350,7.0732e+05,1.725,0,0,0,0,0,0.13028,0,0,0,31.837,0,0,0,0,0
54,253,1,11350,7.0732e+05,0.12216,0,0,97.132,0.23645,0,28.236,0,0,0,3.3687,0,0,0,0,0
54,253,1,11350,7.0732e+05,0.008333,0,0,0,0,0,2.859,0,0,0,0.072463,0,0,0,0,0
54,253,1,11350,7.0732e+05,1.4473,0,0,0,0,0,0.13028,0,0,0,0.69109,0,0,0,0,0
54,253,1,11350,7.0732e+05,0.008335,0,0,0,0,0,0,0,0,0,4.1702,0,0,0,0,0
54,253,1,11350,7.0732e+05,2.704,0,0,0.011228,0.003821,0,0.059897,0,0,0,0.072463,0,0,0,0,0
54,253,1,11350,7.0732e+05,0.19588,0,0,0,0.5883,0,0,0,0,0,1.6629,0,0,0,0,0
54,253,1,11350,7.0732e+05,0,0,0,0,0,0,293.03,0,0,0,4.1559,0,0,0,0,0
54,253,1,11350,7.0732e+05,1.0318,0,0,0,0,0,0,0,0,0,5.101,0,0,0,0,0
54,253,1,11350,7.0732e+05,0,0,0,6.3e-05,5.3716,0,0,0,0,0,0.17677,0,0,0,0,0
54,253,1,11350,7.0732e+05,0.008333,0,0,6.9832,0,0.37405,0.059897,0,0,0,0.11545,0,0,0,0,0
54,253,1,11350,7.0732e+05,0,0,0,0,0,0.008335,0,0,0,0,0.072463,0,0,0,0,0
54,253,1,11350,7.0732e+05,4.7483,0,0,0.82514,0,0,0,0,0,0,13.437,0,0,0,0,0
54,253,1,11350,7.0732e+05,0,0,0,7.8868,0,0,0,0,0,0,12.122,0,0,0,0,0
54,253,1,11350,7.0732e+05,2.4323,0,0,0,0,3.8588,0,0,0,0,4.2561,0,0,0,0,0
54,253,1,11350,7.0732e+05,1.0792,0,0.004588,0,0,0,0.059897,0,0,0,0.89874,0,0,0,0,0
54,253,1,11350,7.0732e+05,1.8992,0,0,0,0,0,0,0,0,0,1.7269,0,0,0,0,0
54,253,1,11350,7.0732e+05,7.5965,0,0,0,0,0,0,0,0,0,5.2088,0,0,0,0,0
54,253,1,11350,7.0732e+05,7.157,0,0,0.80471,0,0.011754,6.8486,0,0,0,0.13302,0,0,0,0,0
54,253,1,11350,7.0732e+05,5.8444,0,0,0,0,0,0,0,0,0,6.4637,0,0,0,0,0
54,253,1,11350,7.0732e+05,0.056259,0,0,0.00833,0,0,0,0,0,0,0.072463,0,0,0,0,0
57,256,1,40483,2.5229e+06,2.6959,0,0,0.0076281,0,0,0,0,0,0,11.987,0,0,0,0,607.25
57,256,1,40483,2.5229e+06,0.14982,0,0,0,0,0,242.13,0,0,0,0.072463,0,0,0,0,0
57,256,1,40483,2.5229e+06,0.29689,0,0,0,0,0,0,0,0,0,22.138,0,0,0,0,0
57,256,1,40483,2.5229e+06,0.31144,0,0,0,0,2.302,0,0,0,0,5.5926,0,0,0,0,0
57,256,1,40483,2.5229e+06,0.008333,0,0,0,1.1467,0,0,0,0,0,5.8591,0,0,0,0,0
57,256,1,40483,2.5229e+06,5.6876,0,0,5.4197,0,0,97.067,0,0,0,0.56339,0,0,0,0,0
57,256,1,40483,2.5229e+06,0.8691,0,0,0,0,0,0,0,0,0,0.072463,0,0,0,0,0
57,256,1,40483,2.5229e+06,0.008124,0,0,0,0,0,0,0,0,0,0.55863,0,0,0,0,0
57,256,1,40483,2.5229e+06,0.008333,0,0,0,0,0.91214,0,0,0,0,3.3678,0,0,0,0,0
57,256,1,40483,2.5229e+06,6.0782,0,0,0.10545,0,0,0,0,0,1.0167,4.8911,0,0,0,0,0
57,256,1,40483,2.5229e+06,0,0,0,0,0,0,0,0,0,0,8.9759,0,0,0,0,0
57,256,1,40483,2.5229e+06,0.023969,0,0,0,0.002011,0,0,0,0,0,0.12913,0,0,0,0,0
57,256,1,40483,2.5229e+06,12.451,0,0,6.9832,0,0,0,0,0,0,2.2216,0,0,0,0,0
57,256,1,40483,2.5229e+06,0,0,0,0.098567,0,0,0,0,0,0,0.94645,0,0,0,0,0
57,256,1,40483,2.5229e+06,0,0,0,0,0,0,0,0,0,0,0.13394,0,0,0,0,0
57,256,1,40483,2.5229e+06,0,0,0,0,0,0,0,0,0,0,4.9522,0,0,0,0,0
57,256,1,40483,2.5229e+06,0.864,0,0,0,0,0,0,0,0,0,0.072463,0,0,0,0,0
57,256,1,40483,2.5229e+06,4.1455,0,0,0,0,5.6344,132.95,0,0,0,0.072463,0,0,0,0,0
57,256,1,40483,2.5229e+06,11.956,0,0,0.014258,0,0,0,0,0,0,0.072463,0,0,0,0,0
57,256,1,40483,2.5229e+06,0,0,0,0,0,0.008333,0,0,0,0,0.17149,0,0,0,0,0
57,256,1,40483,2.5229e+06,7.3283,0,0,0,0.001009,0,0,0,0,0,2.139,0,0,0,0,0
57,256,1,40483,2.5229e+06,0.008333,0,0,0.009718,0,0,0,0,0,0,0.086791,0,0,0,0,0
57,256,1,40483,2.5229e+06,0.0055799,0,0,0,0,0,69.539,0,0,0,0.94482,0,0,0,0,0
57,256,1,40483,2.5229e+06,0.008333,0,0.10447,0,0.00524,0,0,0,0,0,27.869,0,0,0,0,0
57,256,1,40483,2.5229e+06,0.88581,0,0,0,0,0,0,0,0,0,0.20249,0,0,0,0,0
57,256,1,40483,2.5229e+06,0,0,0,0,0,0,0,0,0,0,0.072463,0,0,0,0,1012.1
57,256,1,40483,2.5229e+06,0.008332,0,0,0.085444,0,0,0,0,0,0,0.35299,0,0,0,0,1416.9
57,256,1,40483,2.5229e+06,0.072383,0,0,0,0,0,0,0,0,0,0.18601,0,0,0,0,0
57,256,1,40483,2.5229e+06,0,0,0,0,0,0,0,0,0,0,1.2862,0,0,0,0,0
57,256,1,40483,2.5229e+06,0.036583,0,0,0.016666,29.206,0,0,0,0,0,8.9877,0,0,0,0,0
57,256,1,40483,2.5229e+06,3.5379,0,0,0,0,0,0,0,0,0,0.072463,0,0,0,0,0
57,256,1,40483,2.5229e+06,0,0,0,0,0,0,0,0,0,0,0.072463,0,0,0,0,2226.6
57,256,1,40483,2.5229e+06,0.008333,0,0,0,0,0,0.67053,0,0,0,3.041,0,0,0,0,0
57,256,1,40483,2.5229e+06,2.0389,0,0,0,0,0.18948,0,0,0,0,9.2639,0,0,0,0,0
57,256,1,40483,2.5229e+06,0,0,0,0,0.00062,0.020937,0,0,0,0,0.072463,0,0,0,0,0
57,256,1,40483,2.5229e+06,0,0,0,0,0,0,0,0,0,0,3.4466,0,0,0,0,0
57,256,1,40483,2.5229e+06,0,0,0,0,0,0,0,0,0,0,0.072463,0,0,0,0,0
57,256,1,40483,2.5229e+06,0,0,0,0,0,0,0,0,0,0,0.78678,0,0,0,0,0
57,256,1,40483,2.5229e+06,0,0,0,0,0,0,0,0,0,0,0.26171,0,0,0,0,0
57,256,1,40483,2.5229e+06,2.8251,0,0,0,0,0,34.997,0,0,0,0.072463,0,0,0,0,0
57,256,1,40483,2.5229e+06,0,0,0,0.25515,0,0,0,0,0,0,22.868,0,0,0,0,0
57,256,1,40483,2.5229e+06,0,0,0,0,0,0,0,0,0,0,3.4986,0,0,0,0,0
57,256,1,40483,2.5229e+06,0.24047,0,0,0,0,0,0.002308,0,0,0,0.33796,0,0,0,0,0
57,256,1,40483,2.5229e+06,0.00644,0,6.3e-05,0,3.3416,0,0.13028,0,0,0,7.6506,0,0,0,0,0
57,256,1,40483,2.5229e+06,0.014921,0,0,0,0.092795,0.0062716,0.13028,0,0,5.7231,0.072463,0,0,0,0,0
57,256,1,40483,2.5229e+06,0,0,0,0,0,0.0262,246.03,0,0,0,1.6706,0,0,0,0,0
57,256,1,40483,2.5229e+06,0.17174,0,0,0,0,0.0067502,4.44,0,0,0.65812,11.262,0,0,0,0,0
57,256,1,40483,2.5229e+06,0,0,0,0,0,0,0.42744,0,0,0,2.3337,0,0,0,0,0
57,256,1,40483,2.5229e+06,10.449,0,0,0.03557,0,0,9.4834,0,0,0,0.072463,0,0,0,0,0
57,256,1,40483,2.5229e+06,0.67149,0,0,0,0,0,0,0,0,0,0.072463,0,0,0,0,0
57,256,1,40483,2.5229e+06,9.1487,0,0,0,0,0.00524,385.54,0,0,0,12.205,0,0,0,0,0
57,256,1,40483,2.5229e+06,0.00062,0,0,0.39888,0,0.36368,0,0,0,0,2.139,0,0,0,0,0
57,256,1,40483,2.5229e+06,0.71858,0,0,0,0,0,13.371,0,0,0,0.072463,0,0,0,0,0
57,256,1,40483,2.5229e+06,0,0,0,0,0,0,0,0,0,21.917,0.072463,0,0,0,0,0
57,256,1,40483,2.5229e+06,0.00247,0,0,0,0,0,0,0,0,0,6.4921,0,0,0,0,0
57,256,1,40483,2.5229e+06,0,0,0,0,0,0,4.8659,0,0,0,0.60404,0,0,0,0,0
57,256,1,40483,2.5229e+06,0,0,0,25.827,0,0.000234,0,0,0,0,0.12893,0,0,0,0,0
57,256,1,40483,2.5229e+06,0.11533,0,0,0,0,0,0,0,0,0.44682,4.729,0,0,0,0,0
57,256,1,40483,2.5229e+06,1.1917,0,0,0,0,0,0.13028,0,0,0,0.97511,0,0,0,0,0
57,256,1,40483,2.5229e+06,0,0,0,0.24622,0,0,0,0,0,0,1.3227,0,0,0,0,0
57,256,1,40483,2.5229e+06,0.0055919,0,0,0,0,0,0,0,0,0.27721,0.072463,0,0,0,0,0
57,256,1,40483,2.5229e+06,1021.2,0,0.008333,0,0,0,53.128,0,0,0,6.0336,0,0,0,0,0
57,256,1,40483,2.5229e+06,1.1402,0,0,0,0,0,0,0,0,0,1.1244,0,0,0,0,0
57,256,1,40483,2.5229e+06,1.8048,0,15.528,0,0.0071798,0,0,0,0,0,0.34495,0,0,0,0,0
57,256,1,40483,2.5229e+06,0,0,0,0,0,0,0,0,0,36.785,0.072463,0,0,0,0,0
57,256,1,40483,2.5229e+06,0.0059826,0,0,0,0,0,0,0,0,0,53.47,0,0,0,0,0
57,256,1,40483,2.5229e+06,34.934,0,0,0,0,0.00052,10.156,0,0,0,0.72803,0,0,0,0,0
57,256,1,40483,2.5229e+06,0.59569,0,0,0,0.23537,0,0,0,0,0,0.17023,0,0,0,0,0
57,256,1,40483,2.5229e+06,4.2172,0,0,4.4221,0,0,0,0,0,0,0.072463,0,0,0,0,0
57,256,1,40483,2.5229e+06,0.005239,0,0,0.005239,0,0,0.059897,0,0,0,30.131,0,0,0,0,0
57,256,1,40483,2.5229e+06,0.024085,0,0,0,0,0,52.068,0,0,0,5.3297,0,0,0,0,0
57,256,1,40483,2.5229e+06,22.603,0,0,0,0,0,70.564,0.39195,0,0,0.78303,0,0,0,0,0
57,256,1,40483,2.5229e+06,0.26,0,0,0,0.000254,0,0,0,0,1.2479,0.072463,0,0,0,0,0
57,256,1,40483,2.5229e+06,1.6334,0,0,0,0,1.4537,0,0,0,0,0.072463,0,0,0,0,0
57,256,1,40483,2.5229e+06,7.5965,0,0,0,0,0,0,0.92123,0,0,0.086791,0,0,0,0,1012.1
57,256,1,40483,2.5229e+06,5.9048,0,0.022995,0,0,0,0.13028,0,0,0,45.506,0,0,0,0,0
57,256,1,40483,2.5229e+06,0.004143,0,0,0.008799,0,1.5806,0,0,0,0,0.16445,0,0,0,0,0
57,256,1,40483,2.5229e+06,0,0,0,0,0,0,28.663,0,0,0,1.1244,0,0,0,0,1012.1
57,256,1,40483,2.5229e+06,0.008763,0,0,0,0,0,0.59876,0,0,0,2.0425,0,0,0,0,0
57,256,1,40483,2.5229e+06,0,0,0,0,0,0.008333,0,0,0,0,1.4024,0,0,0,0,0
57,256,1,40483,2.5229e+06,0.021802,0,0,0.008542,0,0,0,0,0,0,5.1015,0,0,0,0,0
57,256,1,40483,2.5229e+06,0.0083055,0,0.64224,0.82767,0,0,0,0,0,0.63421,32.545,0,0,0,0,0
57,256,1,40483,2.5229e+06,0.33728,0,0,0,0,0,0,0,0,0,0.60909,0,0,0,0,0
57,256,1,40483,2.5229e+06,0,0,0,0,0.008333,0,9.4834,0,0,0,0.072463,0,0,0,0,0
57,256,1,40483,2.5229e+06,0,0,0,0.008333,0,0,0,0,0,0,31.837,0,0,0,0,0
57,256,1,40483,2.5229e+06,0,0,0,0,0,0,0.13028,0,0,0,9.3601,0,0,0,0,0
57,256,1,40483,2.5229e+06,0.024085,0,0,0,0,0,0.13028,0,0,0,1.1327,0,0,0,0,0
57,256,1,40483,2.5229e+06,0.008333,0,0,0,0,0,0,0,0,0,0.35299,0,0,0,0,0
57,256,1,40483,2.5229e+06,0,0,0,0,0,0.002491,0.13028,0,0,0,0.79939,0,0,0,0,0
57,256,1,40483,2.5229e+06,0.003173,0,0,0,0,0,0,0,0,0,1.7425,0,0,0,0,0
57,256,1,40483,2.5229e+06,0,0,0,0.80519,0,0,0,0,0,0,1.0556,0,0,0,0,0
57,256,1,40483,2.5229e+06,0.095736,0,0,0,38.274,0,0.021726,0,0,0,0.35902,0,0,0,0,0
57,256,1,40483,2.5229e+06,0.013843,0,0,0.85386,0,0,0,0,0,0,0.072463,0,0,0,0,0
57,256,1,40483,2.5229e+06,0.0021839,0,0,0,7.1607,0,0,0,0,0,0.072463,0,0,0,0,0
57,256,1,40483,2.5229e+06,0,0,0,0,0,0,14.058,0,0,0,0.072463,0,0,0,0,0
57,256,1,40483,2.5229e+06,0.31737,0,0,0,0.33236,0,0,0,0,0,0.33663,0,0,0,0,0
57,256,1,40483,2.5229e+06,0.0094073,0,0,0,0,0,0,0,0,0,0.072463,0,0,0,0,0
57,256,1,40483,2.5229e+06,0.49471,0,0,0,0,0,0.13028,0,0,0,2.4191,0,0,0,0,0
57,256,1,40483,2.5229e+06,0.22492,0,0,0,0,0.003465,0,0,0,0,2.4949,0,0,0,0,0
57,256,1,40483,2.5229e+06,0.38778,0,0.002344,0.80712,0,0,0,0,0,0,0.072463,0,0,0,0,0
57,256,1,40483,2.5229e+06,0,0,0,0.0090585,0,0,0,0,0,0,1.7425,0,0,0,0,0
57,256,1,40483,2.5229e+06,0.010953,0,0,2.9698,0,0,0,1.1235,0,0,0.072463,0,0,0,0,0
57,256,1,40483,2.5229e+06,0,0,0,0,0,0,0,0,0,1.7864,0.13367,0,0,0,0,0
57,256,1,40483,2.5229e+06,0,0,0.0055919,61.313,0,0,0,0,0,0,0.072463,0,0,0,0,0
57,256,1,40483,2.5229e+06,0,0,0,0,0,0.00166,0,0,0,0,20.478,0,0,0,0,0
57,256,1,40483,2.5229e+06,0.008333,0,0,0,0,0,0,0,0,0,0.072463,0,0,0,0,607.25
57,256,1,40483,2.5229e+06,0.008333,0,0,0,0,0,0,0,0,0,0.072463,0,0,0,0,0
57,256,1,40483,2.5229e+06,0.0091815,0,0.016728,0,0,0,0,0,0,0,12.415,0,0,0,128.03,1821.7
57,256,1,40483,2.5229e+06,0,0,0,0,0,0.010504,0,0,0,0,0.072463,0,0,0,0,0
57,256,1,40483,2.5229e+06,0.008333,0,1.1655,0,0,0.002491,21.176,0,0,0,0.13854,0,0,0,0,0
57,256,1,40483,2.5229e+06,0.11955,0,0,1.4317,0,0,0,0,0,0,0.63867,0,0,0,0,0
57,256,1,40483,2.5229e+06,0,0,0,0.81848,0,0,12.547,0,0,0,16.977,0,0,0,0,0
57,256,1,40483,2.5229e+06,0.088516,0,0,0,0,0,293.03,0,0,0,1.1196,0,0,0,0,0
57,256,1,40483,2.5229e+06,0,0,0,5.2119,0,0,0.13028,0,0,0,0.072463,0,0,0,0,0
57,256,1,40483,2.5229e+06,0,0,0,6.7195,0,0,19.738,0,0,0,4.5076,0,0,0,0,0
57,256,1,40483,2.5229e+06,0.008333,0,0,0,0,0,0,0,0,0,0.13615,0,0,0,0,0
57,256,1,40483,2.5229e+06,0,0,0,0,0,0,0,0,0,0,16.495,0,0,0,0,0
57,256,1,40483,2.5229e+06,0.005714,0,0,0,0,0,0,0,0,0,0.072463,0,0,0,0,0
57,256,1,40483,2.5229e+06,1.5315,0,0,0,0,2.5558,0,0,0,0.44682,2.286,0,0,0,0,0
57,256,1,40483,2.5229e+06,0.00021,0,0,1.1617,0,12.912,0,0,0,0,1.7329,0,0,0,0,0
57,256,1,40483,2.5229e+06,0.53849,0,0,0,0,0,0,0,0,0.73557,0.072463,0,0,0,0,0
57,256,1,40483,2.5229e+06,0,0,0,0.00524,0,0,0,0,0,0,2.2044,0,0,0,0,0
57,256,1,40483,2.5229e+06,2.1709,0,0,101.54,0,0,0,0,0,0,0.072463,0,0,0,0,0
57,256,1,40483,2.5229e+06,10.823,0,0,0,0,0.005769,0.13028,0,0,0,4.5804,0,0,0,0,0
57,256,1,40483,2.5229e+06,1.3025,0,0,0,0,0,0,0,0,0,0.072463,0,0,0,0,0
57,256,1,40483,2.5229e+06,0.008333,0,0,0,0,0,0,0,0,0,4.9522,0,0,0,0,0
57,256,1,40483,2.5229e+06,0.94437,0,0,0,0,0,0,0.055385,0,0,0.072463,0,0,0,0,0
57,256,1,40483,2.5229e+06,0.002139,0,0,0,0,0,0,0,0,0,0.41236,0,0,0,0,0
57,256,1,40483,2.5229e+06,0.01589,0,0,6.7195,0,0,0,0,0,0,13.755,0,0,0,0,0
57,256,1,40483,2.5229e+06,0,0,0,0.46427,0,0.0094226,0,0,0,0,6.7334,0,0,0,0,0
57,256,1,40483,2.5229e+06,0.008335,0,0.002344,2.3327,149.41,0,0,0,0,0,0.5281,0,0,0,0,0
57,256,1,40483,2.5229e+06,3.3972,0,0,0.048829,0,0,0,0,0,0,0.11545,0,0,0,0,2732.6
61,260,28.508,4.6492,352.94,0,0,0,0,0.024069,0,0,0,0,0,0.94482,0,0,0,0,0
61,260,28.508,4.6492,352.94,0,0,0,0,0,0.005202,0,0,0,1.5851,1.0181,0,0,0,0,0.99959
61,260,28.508,4.6492,352.94,0.070183,0,0,0,0,0.017703,0.13028,0,0,0,0.072463,0,0,0,0,0
61,260,28.508,4.6492,352.94,0,0,0,0,0,0,0.79397,0,0,0,0.35902,0,0,0,0,0
61,260,28.508,4.6492,352.94,0.001436,0,0,0,0,0.65866,0,0,0,0,0.20142,0,0,0,0,0
61,260,28.508,4.6492,352.94,0.026637,0,0,0,0,0,0,0,0,0,0.072463,0,0,0,0,0
61,260,28.508,4.6492,352.94,0.003539,0,0,0,0,0,0,0,0,0,0.072463,0,0,0,0,0
61,260,28.508,4.6492,352.94,0.007328,0,0,0,0,0,0.13028,0,0,0,2.9887,0,0,0,0,0
61,260,28.508,4.6492,352.94,0.98059,0,0,0,0.0306,0,0,0,0,0,0.072463,0,0,0,0,0
61,260,28.508,4.6492,352.94,0.008333,0,0,0,0,0.10968,0,0,0,0,4.0802,0,0,0,0,0.069739
61,260,28.508,4.6492,352.94,0.011131,0,0,0,0,0,0,0,0,0,1.0611,0,0,0,0,0
61,260,28.508,4.6492,352.94,0.080966,0,0.000123,0,0.23618,0,0,0,0,0,0.134,0,0,0,0,0
61,260,28.508,4.6492,352.94,0.0059258,0,0,0,0,0,0.40452,0,0,0,0.086791,0,0,0,0,3.7194
61,260,28.508,4.6492,352.94,0,0,0,0,0,0,0,0,0,0,0.33796,0,0,0,0,0
61,260,28.508,4.6492,352.94,0.003734,0,0,0.005239,0,0,0,0,0,0,0.13353,0,0,0,0,0
61,260,28.508,4.6492,352.94,0.01272,0,0,0,0,0.79321,0.59876,0,0,0,1.0569,0,0,0,0,0
61,260,28.508,4.6492,352.94,0.10141,0,0,0,0,0.00524,0.13028,0,0,0,0.072463,0,0,0,0,0
61,260,28.508,4.6492,352.94,0.008333,0,0,0,0,0,0,0,0,0,0.072463,0,0,0,0,0
61,260,28.508,4.6492,352.94,0.008333,0,0,0,0,0,0,0,0,1.7864,0.072463,0,0,0,0,0
61,260,28.508,4.6492,352.94,0,0,0,0.021906,0,0,0,0,0,0,2.6841,0,0,0,0,0
61,260,28.508,4.6492,352.94,0,0,0,0,0.14727,0,0,0,0,0,0.49973,0,0,0,0,0
61,260,28.508,4.6492,352.94,0,0,0,0,0,0,0,0,0,0,0.072463,0,0,0,0,0
61,260,28.508,4.6492,352.94,0.10792,0,0,0.003465,0,0,0,0,0,1.0245,0.072463,0,0,0,0,0
61,260,28.508,4.6492,352.94,0.88105,0,0,1.6118,0,0,0,0,0,0,0.11545,0,0,0,0,0
61,260,28.508,4.6492,352.94,0,0,0,0,0,0,0.13028,0,0,0,0.25674,0,0,0,0,0
61,260,28.508,4.6492,352.94,0,0,0,0,0,0,0.67053,0,0,0,0.072463,0,0,0,0,0.16272
61,260,28.508,4.6492,352.94,0.092063,0,0,0,0,0,0,0,0,0,1.1327,0,0,0,0,0
61,260,28.508,4.6492,352.94,0.32104,0,0,0,0,0,0,0,0,0,0.35299,0,0,0,0,0
61,260,28.508,4.6492,352.94,0.38302,0,0,0.10063,0,0,0,0,0,0,1.4363,0,0,0,0,0
61,260,28.508,4.6492,352.94,0.54667,0,0,0,0,0,0,0,0,0,0.072463,0,0,0,0,0
61,260,28.508,4.6492,352.94,0.11182,0,0,0.106,0,0,0,0,0,0,1.1524,0,0,0,0,0
61,260,28.508,4.6492,352.94,0.010235,0,0,0,0.008333,0,0,0,0,0,0.94042,0,0,0,0,0.011623
61,260,28.508,4.6492,352.94,0,0,0.13738,0,0,0.002438,0.67053,0,0,0,1.4363,0,0,0,0,0
61,260,28.508,4.6492,352.94,0,0,0,0,0,0.52156,0,0,0,0,0.072463,0,0,0,0,0
61,260,28.508,4.6492,352.94,0.015329,0,0,0,0,0,0,0,0,0,0.072463,0,0,0,0,0
61,260,28.508,4.6492,352.94,0.008333,0,0,0.002139,0,0,0.59876,0,0,0,0.072463,0,0,0,0,0
61,260,28.508,4.6492,352.94,0.002344,0,0,0.008597,0,0,0,0,0,0,0.072463,0,0,0,0,0
61,260,28.508,4.6492,352.94,0.00524,0,0,0,0,0,0,0,0,0,0.072463,0,0,0,0,0
61,260,28.508,4.6492,352.94,0,0,0,0.21131,0,0,0,0,0,0,0.58253,0,0,0,0,0
61,260,28.508,4.6492,352.94,0,0,0,2.4231,0,0,0,0,0,1.261,0.072463,0,0,0,0,0
61,260,28.508,4.6492,352.94,0.0055384,0,0,0,0,0,0,0,0,0,1.0569,0,0,0,0,0.25571
61,260,28.508,4.6492,352.94,0.87441,0,0,0.021739,0,0,0,0,0,0,0.072463,0,0,0,0,0.25571
61,260,28.508,4.6492,352.94,0.60166,0,0,0,0,0,0,0,0,0,0.072463,0,0,0,0,0
61,260,28.508,4.6492,352.94,0.001493,0,0,0,0.008332,0,0,0,0,0,0.086791,0,0,0,0,0.25571
61,260,28.508,4.6492,352.94,1.7076,0,0,0.014574,0,0,0.13028,0,0,0,0.072463,0,0,0,0,0
61,260,28.508,4.6492,352.94,0.71409,0,0,0,0,0,0,0,0,0,2.9171,0,0,0,0,0
61,260,28.508,4.6492,352.94,0.10094,0,0,0,0,0.79685,0,0,0,0,0.072463,0,0,0,0,0
61,260,28.508,4.6492,352.94,0,0,0,0,0,0.85832,0,0,0,0.68445,0.072463,0,0,0,0,0.20922
61,260,28.508,4.6492,352.94,0.16206,0,0,0,0.007697,0,0,0,0,0,0.64921,0,0,0,0,0.11623
61,260,28.508,4.6492,352.94,0.07157,0,0,0,0,0,0,0,0,0,0.072463,0,0,0,0,0
61,260,28.508,4.6492,352.94,1.0526,0,0,0,0,0,0,0,0,0,0.072463,0,0,0,0,0
61,260,28.508,4.6492,352.94,0,0,0,0,0.005769,0,0,0,0,0,0.13056,0,0,0,0,0
61,260,28.508,4.6492,352.94,0,0,0,0,0,0,0,0,0,0,4.0083,0,0,0,0,0
61,260,28.508,4.6492,352.94,0.017867,0,0,0,0,0,0,0,0,0,1.3204,0,0,0,0,0
61,260,28.508,4.6492,352.94,0.010699,0,0,0,0,0,0.13028,0,0,0,1.6541,0,0,0,0,0.34869
61,260,28.508,4.6492,352.94,0.27595,0,0.594,0,1.2303,0.52156,0,0,0,0,0.072463,0,0,0,0,0
61,260,28.508,4.6492,352.94,0.23042,0,0,0,0,0,0.13028,0,0,0,0.26171,0,0,0,0,0
61,260,28.508,4.6492,352.94,0.0071224,0,0,0,0,0,0,0,0,0,0.11545,0,0,0,0,0
61,260,28.508,4.6492,352.94,0.20793,0,0.040674,0,0,0,0.13028,0,0,0,0.072463,0,0,0,0,0
61,260,28.508,4.6492,352.94,0,0,0,0,0,0,0,0,0,0,0.072463,0,0,0,0,0
61,260,28.508,4.6492,352.94,0.25711,0,0,0,0.002139,0,0,0,0,0,4.2102,0,0,0,0,0
61,260,28.508,4.6492,352.94,0.003485,0,0,0,0,0,0,0,0,0,0.072463,0,0,0,0,0
61,260,28.508,4.6492,352.94,0.008333,0,0,0,0.46816,0,0,0,0,0,0.072463,0,0,0,0,0
61,260,28.508,4.6492,352.94,0.016238,0,0,0,0,0,0,0,0,0,0.1337,0,0,0,0,0
61,260,28.508,4.6492,352.94,0.085655,0,0,0,0,0,0,0,0,0,0.3228,0,0,0,0,0
61,260,28.508,4.6492,352.94,0,0,0,0,0,0,0.13028,0,0,0,4.1988,0,0,0,0,0
61,260,28.508,4.6492,352.94,3.228,0,0,0,0.005239,0,0,0,0,0,0.072463,0,0,0,0,0
61,260,28.508,4.6492,352.94,0,0,0,0.0032875,0,0.85659,0,0,0,0,0.56072,0,0,0,0,0.11623
61,260,28.508,4.6492,352.94,1.7076,0,0,0,0,0,0,0,0,0,0.11545,0,0,0,0,0
61,260,28.508,4.6492,352.94,4.1132,0,0,0,0,0,0,0,0,0,0.072463,0,0,0,0,0
61,260,28.508,4.6492,352.94,0.21233,0,0,0,0,0,0,0,0,0,1.7269,0,0,0,0,0
61,260,28.508,4.6492,352.94,0,0,0.099271,0,0,0,0,0,0,0,1.2836,0,0,0,0,0.76712
61,260,28.508,4.6492,352.94,1.3271,0,0,0.003538,0,0,0,0,0,0,1.5501,0,0,0,0,0
61,260,28.508,4.6492,352.94,0.23802,0,0,0,0,0,0,0,0,0,3.1286,0,0,0,0,0
61,260,28.508,4.6492,352.94,0,0,0,0,0,0,0,0,0,1.261,0.072463,0,0,0,0,0
61,260,28.508,4.6492,352.94,0,0,0,0,0.00524,0,0,0,0,0,1.6654,0,0,0,0,0
61,260,28.508,4.6492,352.94,0,0,0,0,0,0,0,0,0,0,0.13615,0,0,0,0,0
61,260,28.508,4.6492,352.94,0,0,0,0.001434,0,0,0,0,0,0,3.2531,0,0,0,0,0.11623
61,260,28.508,4.6492,352.94,0.050303,0,0,0,0,0,0,0,0,0,0.072463,0,0,0,0,0
61,260,28.508,4.6492,352.94,0.006456,0,0,0,0,0,0,0,0,0,0.13581,0,0,0,0,0
61,260,28.508,4.6492,352.94,0.00524,0,0,2.1765,0,0,0,0,0,0,0.072463,0,0,0,0,0.25571
61,260,28.508,4.6492,352.94,0.055763,0,0,0.33591,0,0,0.13028,0,0,0,0.17276,0,0,0,0,0
61,260,28.508,4.6492,352.94,1.7901,0,0,0,0.20313,0,0,0,0,0,0.072463,0,0,0,0,0
61,260,28.508,4.6492,352.94,0,0,0,0,0,0,0,0,0,0,0.72803,0,0,0,0,0
61,260,28.508,4.6492,352.94,0,0,0,0,1.0176,0,0,0,0,0,0.086791,0,0,0,0,0
61,260,28.508,4.6492,352.94,0,0,0,0,0,0,0,0,0,0,1.2482,0,0,0,0,0.11623
61,260,28.508,4.6492,352.94,0.00524,0,0,0,0,0,0,0,0,0,2.5972,0,0,0,0,0
61,260,28.508,4.6492,352.94,0,0,0,0,0,0,0,0,0,0,0.70288,0,0,0,0,0
61,260,28.508,4.6492,352.94,0,0,1.9625,0,0,0,0,0,0,0,0.072463,0,0,0,0,0
61,260,28.508,4.6492,352.94,0.013285,0,0,0,0,0,0.059897,0,0,0,0.16445,0,0,0,0,0.11623
61,260,28.508,4.6492,352.94,0.001397,0,0,0,0,0,0,0,0,0,3.1383,0,0,0,0,0
61,260,28.508,4.6492,352.94,1.4983,0,0,0,0.008333,0,0,0,0,0,0.56922,0,0,0,0,0
61,260,28.508,4.6492,352.94,0.035175,0,0,0,0,0,0,0,0,0,0.072463,0,0,0,0,0
61,260,28.508,4.6492,352.94,0,0,0,0.13217,0,0.81858,0,0,0,0,0.072463,0,0,0,0,0
61,260,28.508,4.6492,352.94,0.059062,0,0,0,0,0,0.093171,0,0,0,0.072463,0,0,0,0,0
61,260,28.508,4.6492,352.94,0,0,0,0,0,0.79926,0,0,0,0,0.072463,0,0,0,0,0
61,260,28.508,4.6492,352.94,0.24635,0,0.77689,0,0,0,0,0,0,0,0.072463,0,0,0,0,0
61,260,28.508,4.6492,352.94,0.010804,0,0,0,0,0,0,0,0,0,2.9989,0,0,0,0,0.20922
61,260,28.508,4.6492,352.94,0.13174,0,0,0,0,0.016666,0.021726,0,0,0,0.072463,0,0,0,0,0.069739
61,260,28.508,4.6492,352.94,0.64268,0,0,0,0,0,0,0,0,0,0.072463,0,0,0,0,0
61,260,28.508,4.6492,352.94,0.021906,0,0,0,0,0,0,0,0,0,0.072463,0,0,0,0,0.11623
61,260,28.508,4.6492,352.94,0.001205,0,0,0,0,0,0,0,0,0,2.9953,0,0,0,0,0
61,260,28.508,4.6492,352.94,0,0,0,0.87083,0,0,0.021726,0,0,0,0.072463,0,0,0,0,0
61,260,28.508,4.6492,352.94,0,0,0,0,0,0,0.059897,0,0,0,0.072463,0,0,0,0,0
61,260,28.508,4.6492,352.94,0.035175,0,0,0,0,0.000251,0.60778,0,0,0,0.072463,0,0,0,0,0.11623
61,260,28.508,4.6492,352.94,0.095794,0,0,0,0,0,0,0,0,0,2.6944,0,0,0,0,0
61,260,28.508,4.6492,352.94,0.005239,0,0,0,0.005239,0,0.008333,0,0,0,0.13302,0,0,0,0,0
61,260,28.508,4.6492,352.94,0.00524,0,0,0,0,0,0,0,0,0,0.5196,0,0,0,0,0
61,260,28.508,4.6492,352.94,0.048965,0,0,0,0,0,0,0,0,0.21027,0.072463,0,0,0,0,0.11623
61,260,28.508,4.6492,352.94,1.5956,0,0,0,0,0,0,0,0,0,0.14008,0,0,0,0,0
61,260,28.508,4.6492,352.94,0.22056,0,0,0,0,0.79321,0.80873,0,0,0,0.072463,0,0,0,0,0
61,260,28.508,4.6492,352.94,0,0,0,0,0,0,0,0,0,0,2.3236,0,0,0,0,0
61,260,28.508,4.6492,352.94,0,0,0,0.00833,0,0,0,0,0,0.91947,1.8818,0,0,0,0,0
61,260,28.508,4.6492,352.94,0.00524,0,0,0,0,0.000688,0,0,0,0,0.48889,0,0,0,0,0.16272
61,260,28.508,4.6492,352.94,1.3009,0,0,0,0,0,0.008333,0,0,0,0.072463,0,0,0,0,0
61,260,28.508,4.6492,352.94,0.002998,0,0,0,0,0,0,0,0,0,0.072463,0,0,0,0,0
61,260,28.508,4.6492,352.94,0,0,0,0,0,0,0,0,0,0,1.6654,0,0,0,0,0
61,260,28.508,4.6492,352.94,0.85407,0,0,0,0,0,0,0,0,0,3.5398,0,0,0,0,0
61,260,28.508,4.6492,352.94,0.001493,0,0,0,0,0,0,0,0,0,0.072463,0,0,0,0,0
61,260,28.508,4.6492,352.94,0.13948,0,0,0,0,0,0,0,0,0,3.4411,0,0,0,0,0
61,260,28.508,4.6492,352.94,0.00524,0,0,0,0,0,0,0,0,0,0.35299,0,0,0,0,0
61,260,28.508,4.6492,352.94,0.29308,0,0,0,0,0,0.13028,0,0,0,0.072463,0,0,0,0,0
61,260,28.508,4.6492,352.94,0.003822,0,0,0,0,0,0,0,0,0,1.2836,0,0,0,0,0
61,260,28.508,4.6492,352.94,1.3271,0,0,0,0,0,0.13028,0,0,0,1.4363,0,0,0,0,0
61,260,28.508,4.6492,352.94,0.03517,0,0,0.008332,0.010122,0,0,0,0,0,0.086791,0,0,0,0,0.11623
61,260,28.508,4.6492,352.94,2.6595,0,0,0.10063,0,0,0,0,0,0,0.072463,0,0,0,0,0
61,260,28.508,4.6492,352.94,0,0,0,0,0.008333,0.000688,0,0,0,0,0.072463,0,0,0,0,0
61,260,28.508,4.6492,352.94,0.000251,0,0,0.008333,0,0.00524,0,0,0,1.4449,0.072463,0,0,0,0,0
61,260,28.508,4.6492,352.94,0.004345,0,0,0.021756,0,0,0,0,0,0,0.072463,0,0,0,0,0
61,260,28.508,4.6492,352.94,0.1851,0,0,0.008333,0,0,0,0,0,0,0.8268,0,0,0,0,0
61,260,28.508,4.6492,352.94,0.20484,0,0.97582,0.008333,0,0,0,0,0,0,1.5788,0,0,0,0,0.011623
61,260,28.508,4.6492,352.94,0,0,0,0.22953,0,0,0,0.10218,0,0,0.072463,0,0,0,0,0.16272
61,260,28.508,4.6492,352.94,0,0,0,0.00524,0,0,0,0,0,0,0.072463,0,0,0,0,0
61,260,28.508,4.6492,352.94,0.003295,0,0,0,0,0,0,0,0,0,1.0076,0,0,0,0,0.11623
61,260,28.508,4.6492,352.94,0.032917,0,0,0.00524,0,0,0,0,0,0,0.072463,0,0,0,0,0
61,260,28.508,4.6492,352.94,0,0,0,0,0,0,0,0,0,0,0.49027,0,0,0,0,0
61,260,28.508,4.6492,352.94,0.008333,0,0,0.067402,0.024956,0,0.60778,0,0,0,0.072463,0,0,0,0,0.011623
61,260,28.508,4.6492,352.94,0,0,0,0,2.304,0,0,0,0,0,0.086791,0,0,0,0,0.069739
61,260,28.508,4.6492,352.94,0,0,0.0015715,0,0,0,0,0,0,0,0.64921,0,0,0,0,0.25571
61,260,28.508,4.6492,352.94,0.018811,0,0,0,0,0,0,0.19338,0,0,0.086791,0,0,0,0,0.069739
61,260,28.508,4.6492,352.94,0.00021,0,0,0.005239,0,0,0,0,0,1.0167,0.086791,0,0,0,0,0
61,260,28.508,4.6492,352.94,0.008333,0,0,0.11437,0,0,0,0,0,0,1.1244,0,0,0,0,0
61,260,28.508,4.6492,352.94,0.32104,0,0,0,0,0,0,0,0,0,0.072463,0,0,0,0,0.011623
61,260,28.508,4.6492,352.94,0.2861,0,0,0,0,0,0,0,0,0,0.31337,0,0,0,0,0
61,260,28.508,4.6492,352.94,0.000254,0,0,2.0984,0,0,0,0,0,0,0.072463,0,0,0,0,0.25571
61,260,28.508,4.6492,352.94,0.008333,0,0,0.007102,0,0,0,0,0,0,0.1337,0,0,0,0,0.34869
61,260,28.508,4.6492,352.94,0.014773,0,0,0,0,0,0,0,0,0,0.072463,0,0,0,0,0
61,260,28.508,4.6492,352.94,2.6264,0,0,0,0,0.00524,0,0,0,0,0.072463,0,0,0,0,0
61,260,28.508,4.6492,352.94,0.073418,0,0,0.017077,0,0,0,0,0,0,1.1244,0,0,0,0,0
61,260,28.508,4.6492,352.94,0.051946,0,0,0.033787,0,0,0,0,0,0,0.072463,0,0,0,0,0.16272
61,260,28.508,4.6492,352.94,0,0,0,0,0,0,0,0,0,0,0.13786,0,0,0,0,0
61,260,28.508,4.6492,352.94,0,0,0.14965,0,0,0,0,0,0,0,0.37335,0,0,0,0,0.11623
61,260,28.508,4.6492,352.94,0,0,0,0,0,0,0,0,0,0,0.37335,0,0,0,0,0
61,260,28.508,4.6492,352.94,0.12939,0,0,0,0,0,0,0.23397,0,0,1.2836,0,0,0,0,0
61,260,28.508,4.6492,352.94,0,0,0,0,0,0,0,0,0,0,2.4241,0,0,0,0,0
61,260,28.508,4.6492,352.94,2.5374,0,0,0,0,0,0,0,0,0,0.072463,0,0,0,0,0
61,260,28.508,4.6492,352.94,0.53631,0,0,0,0,0,0,0,0,0,1.2458,0,0,0,0,0
61,260,28.508,4.6492,352.94,0.0062716,0,0,0,0,0,0,0,0,0,3.6257,0,0,0,0,0.11623
61,260,28.508,4.6492,352.94,0.000251,0,0,0,0,0,0,0,0,0,0.072463,0,0,0,0,0
61,260,28.508,4.6492,352.94,3.4321,0,0,0,0,0,0,0,0,0,0.16445,0,0,0,0,0
61,260,28.508,4.6492,352.94,0.02418,0,0,0,0,0,0.008333,0,0,0,2.5252,0,0,0,0,0
61,260,28.508,4.6492,352.94,0.008333,0,0,0,0.0087695,0,0,0,0,1.4449,0.93212,0,0,0,0,0.11623
61,260,28.508,4.6492,352.94,0,0,0,0,0,0,0.60778,0,0,0,0.072463,0,0,0,0,0
61,260,28.508,4.6492,352.94,0.010107,0,0,0,0,0,0,0,0,0,2.9989,0,0,0,0,0.16272
61,260,28.508,4.6492,352.94,0.25407,0,0.000507,0,0.00014,0,0,0,0,0,0.072463,0,0,0,0,0.58115
61,260,28.508,4.6492,352.94,0.010558,0,0,0,0,0,0,0,0,0,1.1196,0,0,0,0,0
61,260,28.508,4.6492,352.94,0.016668,0,0,0,0,0,0,0,0,0,4.1401,0,0,0,0,0
61,260,28.508,4.6492,352.94,0,0,0,0,2.0531,0,0.70468,0,0,0,0.62815,0,0,0,0,0.069739
61,260,28.508,4.6492,352.94,0.96353,0,0,0,0,0,0,0,0,0,0.072463,0,0,0,0,0
61,260,28.508,4.6492,352.94,0,0,0,0,0,0.067966,0.13028,0,0,0,0.88276,0,0,0,0,0
61,260,28.508,4.6492,352.94,0.042855,0,0,0,0,0,0,0,0,0,0.072463,0,0,0,0,0
61,260,28.508,4.6492,352.94,0,0,0,0,0.000376,0,0.59876,0,0,0,0.072463,0,0,0,0,0.16272
61,260,28.508,4.6492,352.94,0.16674,0,0,1.1994,0,0.00524,0,0,0,0,0.072463,0,0,0,0,0
61,260,28.508,4.6492,352.94,0,0,0,2.9553,0,0,0,0,0,0,0.072463,0,0,0,0,0
61,260,28.508,4.6492,352.94,0.025941,0,0,0,0.13724,0,0,0,0,0,1.9775,0,0,0,0,0
61,260,28.508,4.6492,352.94,0.014948,0,0,0,0,0,0.40452,0,0,0,0.072463,0,0,0,0,0
61,260,28.508,4.6492,352.94,0.023656,0,0,0,0,0,0,0,0,0,0.34469,0,0,0,0,0
61,260,28.508,4.6492,352.94,0,0,0,0,0,0.82893,0,0,0,0,0.072463,0,0,0,0,0
61,260,28.508,4.6492,352.94,0,0,0,0,0,1.8047,0.40452,0,0,0,0.17677,0,0,0,0,0.16272
61,260,28.508,4.6492,352.94,0.016438,0,0,0.16395,0,0,0.42744,0,0,0,2.3013,0,0,0,0,0
61,260,28.508,4.6492,352.94,3.9744,0,0,0,0,0,0.13028,0,0,0,0.17276,0,0,0,0,0
61,260,28.508,4.6492,352.94,0,0,0,3.9026,0,0,0,0,0,0,0.072463,0,0,0,0,0
61,260,28.508,4.6492,352.94,0.00036,0,0,0,0,0,0,0,0,0,0.34469,0,0,0,0,0
61,260,28.508,4.6492,352.94,0.003346,0,0,0,0,0.005239,0,0,0,0,0.072463,0,0,0,0,0
61,260,28.508,4.6492,352.94,0.011941,0,0,0,0,0,0,0,0,0,1.9351,0,0,0,0,0
61,260,28.508,4.6492,352.94,0.11856,0,0,0,0,0.00524,0.10863,0,0,0,0.072463,0,0,0,0,0
61,260,28.508,4.6492,352.94,0,0,0,0,0,0,0,0,0,0,1.3814,0,0,0,0,0
61,260,28.508,4.6492,352.94,0,0,0,0,0,0,0,0,0,0,0.24115,0,0,0,0,0
61,260,28.508,4.6492,352.94,0.63264,0,0,0,0.033812,0.52156,0,0,0,0,0.072463,0,0,0,0,0.11623
61,260,28.508,4.6492,352.94,0.005239,0,0,0.63056,0,0,0,0,0,0.91947,0.072463,0,0,0,0,0.11623
61,260,28.508,4.6492,352.94,0.010998,0,0,0.005239,0,0,0,0,0,0,0.13039,0,0,0,0,0
61,260,28.508,4.6492,352.94,0.00524,0,0,0,0,1.0744,0,0,0,0,1.1196,0,0,0,0,0
61,260,28.508,4.6492,352.94,0.1285,0,0,0,0,0.00524,0.13028,0,0,0,0.072463,0,0,0,0,0
61,260,28.508,4.6492,352.94,0.0093951,0,0,0,0.002068,0,0,0,0,0,0.072463,0,0,0,0,0
61,260,28.508,4.6492,352.94,0.016238,0,0,0.008333,0,0,0,0,0,0,3.8826,0,0,0,0,0
61,260,28.508,4.6492,352.94,0.039088,0,0,0,0,0,0,0,0,0,3.1383,0,0,0,0,0
61,260,28.508,4.6492,352.94,0.03517,0,0,0.008333,0,0,0,0,0,0,0.072463,0,0,0,0,0
61,260,28.508,4.6492,352.94,1.1717,0,0,1.9759,0,0.00524,0.002308,0,0,0,0.44804,0,0,0,0,0.31382
61,260,28.508,4.6492,352.94,0,0,0,0.008333,0,0,0,0,0,0,0.072463,0,0,0,0,0
61,260,28.508,4.6492,352.94,0.24635,0,0,0,0,0,0,0,0,0,0.072463,0,0,0,0,0
61,260,28.508,4.6492,352.94,0.019994,0,0,0,0,0,0,0,0,0,0.13711,0,0,0,0,0
61,260,28.508,4.6492,352.94,0,0,0,0,0,0.79926,0,0,0,0,0.072463,0,0,0,0,0
61,260,28.508,4.6492,352.94,0.13948,0,0,0,0,7.8e-05,0,0,0,0,0.44185,0,0,0,0,0
61,260,28.508,4.6492,352.94,0.015329,0,0,0,0,0,0,0,0,0,0.50053,0,0,0,0,0
61,260,28.508,4.6492,352.94,0.58388,0,0,0,0,0,0,0,0,0,0.78678,0,0,0,0,0.39519
61,260,28.508,4.6492,352.94,0,0,0.70553,0.012001,0,0,0,0,0,0,0.072463,0,0,0,0,0.11623
61,260,28.508,4.6492,352.94,0.008333,0,0,0,0,0,0,0,0,0,0.086791,0,0,0,0,0
61,260,28.508,4.6492,352.94,0.083807,0,0,2.1535,0,0,0,0,0,0,0.17276,0,0,0,0,0
61,260,28.508,4.6492,352.94,2.1129,0,0,0,0,0,0,0,0,0,0.072463,0,0,0,0,0.11623
61,260,28.508,4.6492,352.94,0,0,0,0,0,0,0.13028,0,0,0,0.072463,0,0,0,0,0
61,260,28.508,4.6492,352.94,0.007221,0,0,0.003538,0,0.005239,0,0,0,0,2.6841,0,0,0,0,0.11623
61,260,28.508,4.6492,352.94,0,0,0,0,0,0.029094,0,0,0,0,0.78303,0,0,0,0,0
61,260,28.508,4.6492,352.94,0,0,0,0,0,0,0.13028,0,0,0,0.94645,0,0,0,0,0
61,260,28.508,4.6492,352.94,0.10686,0,0,0.10768,0,0,0,0,0,0,0.072463,0,0,0,0,0.069739
61,260,28.508,4.6492,352.94,0.018344,0,0,0.000376,0,0,0.13028,0,0,0,0.086791,0,0,0,0,0
61,260,28.508,4.6492,352.94,0,0,0,0.65987,0,0.85571,0,0,0,0,0.13353,0,0,0,0,0
61,260,28.508,4.6492,352.94,0.039088,0,0,0,0,0,0,0,0,0.14685,0.072463,0,0,0,0,0
61,260,28.508,4.6492,352.94,0,0,0,0.26021,0,0,0.67053,0,0,0,0.072463,0,0,0,0,0
61,260,28.508,4.6492,352.94,0.22411,0,0,0,0,0,0,0,0,0,0.072463,0,0,0,0,0
61,260,28.508,4.6492,352.94,0,0,0,0,0,0,0,0,0,0.44682,0.072463,0,0,0,0,0
61,260,28.508,4.6492,352.94,0.008333,0,0,0,0,0,0,0,0,0,1.1196,0,0,0,0,0.011623
61,260,28.508,4.6492,352.94,0.0068531,0,0,0,0,0,0,0,0,0,0.072463,0,0,0,0,0
61,260,28.508,4.6492,352.94,0.54667,0,0.41902,0.018595,0,0,0,0,0,0,0.21574,0,0,0,0,0
61,260,28.508,4.6492,352.94,2.1129,0,0,0.001326,0,0,0,0,0,0,0.13394,0,0,0,0,0
61,260,28.508,4.6492,352.94,0,0,0,0.02855,0,0,0,0,0,0,0.072463,0,0,0,0,0
61,260,28.508,4.6492,352.94,1.4738,0,0,0,0,0,0,0,0,0,0.072463,0,0,0,0,0
61,260,28.508,4.6492,352.94,0.033619,0,0,0,0,0,0,0,0,0,4.5096,0,0,0,0,0.011623
61,260,28.508,4.6492,352.94,1.0971,0,0,0.023664,0.008333,2.4189,0,0,0,0,0.89874,0,0,0,0,0
61,260,28.508,4.6492,352.94,0.016666,0,0,0,0,0,0,0,0,0,0.1337,0,0,0,0,0.11623
61,260,28.508,4.6492,352.94,0,0,0,0,0,0,0,0,0,0,0.37335,0,0,0,0,0
61,260,28.508,4.6492,352.94,0.008534,0,0,0,0,0,0,0,0,0,0.072463,0,0,0,0,0
61,260,28.508,4.6492,352.94,0.013872,0,0,0,0,0,0,0,0,0,3.6687,0,0,0,0,0
61,260,28.508,4.6492,352.94,0,0,0,0,0,0,0,0,0,0,0.12844,0,0,0,0,0
61,260,28.508,4.6492,352.94,0.0067817,0,0,0.17925,0,0,0,0,0,0,0.072463,0,0,0,0,0
61,260,28.508,4.6492,352.94,0.050303,0,0,0.008333,0,0.00036,0,0,0,0.73557,0.12893,0,0,0,0,0
61,260,28.508,4.6492,352.94,0.008333,0,0,0,0,0,0,0,0,0,0.072463,0,0,0,0,0
61,260,28.508,4.6492,352.94,0.001397,0,0,3.2645,0,0.035094,0,0,0,0,0.072463,0,0,0,0,0
61,260,28.508,4.6492,352.94,0.013575,0,0,0,0,0,0,0,0,0,4.0083,0,0,0,0,0
61,260,28.508,4.6492,352.94,0.13041,0,0,0,0,0.001326,0,0,0,0,0.072463,0,0,0,0,0
61,260,28.508,4.6492,352.94,0.019543,0,0,0,0,0.00524,0,0,0,0,4.2561,0,0,0,0,0
61,260,28.508,4.6492,352.94,2.6765,0,0,0.004876,0,0.75839,0,0,0,0,0.072463,0,0,0,0,0
61,260,28.508,4.6492,352.94,0.000688,0,0,0,0,0.00524,0,0,0,0,0.072463,0,0,0,0,0
61,260,28.508,4.6492,352.94,0,0,0,0,0,0.14687,0,0,0,0,0.072463,0,0,0,0,0
61,260,28.508,4.6492,352.94,0.008333,0,0,0,0,0,0,0,0,0,0.78303,0,0,0,0,0.16272
61,260,28.508,4.6492,352.94,0.0067312,0,0,0,0,0,0,0,0,0,0.82163,0,0,0,0,0
61,260,28.508,4.6492,352.94,0.020568,0,0,0.020539,0,0,0,0,0,0,2.1206,0,0,0,0,0
61,260,28.508,4.6492,352.94,1.7076,0,0,0.080149,0,0,0,0,0,0,0.072463,0,0,0,0,0
61,260,28.508,4.6492,352.94,0.00036,0,0,0,0.026723,0.030958,0,0,0,0,0.13615,0,0,0,0,0
61,260,28.508,4.6492,352.94,0.26453,0,0,0,0,0,0.13028,0,0,0,0.072463,0,0,0,0,0
61,260,28.508,4.6492,352.94,0,0,0,0.000842,0,0,0,0,0,1.164,0.17276,0,0,0,0,0
61,260,28.508,4.6492,352.94,0,0,0,1.0258,0,0,0,0,0,0.73557,0.072463,0,0,0,0,0
61,260,28.508,4.6492,352.94,0,0,0,0,0,0,0,0,0,0,0.072463,0,0,0,0,0
61,260,28.508,4.6492,352.94,0.13651,0,0,0.00524,0,0,0,0,0,0,0.072463,0,0,0,0,0
61,260,28.508,4.6492,352.94,3.9401,0,0,0,0,0,0,0,0,0,0.086791,0,0,0,0,0
61,260,28.508,4.6492,352.94,1.5956,0,0,0,0.042446,0,0,0,0,0,0.13302,0,0,0,0,0
61,260,28.508,4.6492,352.94,0.00824,0,0,0,0,0,0.60778,0,0,0,0.3228,0,0,0,0,0
61,260,28.508,4.6492,352.94,0,0,0,0,0,0,0,0,0,0,0.072463,0,0,0,0,0
61,260,28.508,4.6492,352.94,0.001192,0,0,0,0,0,0.13028,0,0,0,0.072463,0,0,0,0,0
61,260,28.508,4.6492,352.94,0,0,0,0,0,0.84317,0,0,0,0,0.072463,0,0,0,0,0
61,260,28.508,4.6492,352.94,0.014773,0,0,0,0,0,0,0,0,0,3.4221,0,0,0,0,0
61,260,28.508,4.6492,352.94,0,0,0,0,0,0,0,0,0,0,2.5972,0,0,0,0,0
61,260,28.508,4.6492,352.94,4.4705,0,0,0.02855,0,0.016404,0,0,0,0,0.072463,0,0,0,0,0
61,260,28.508,4.6492,352.94,0.008335,0,0,0,0,0.00524,0,0,0,0,0.072463,0,0,0,0,0
61,260,28.508,4.6492,352.94,0.008335,0,0,0.046298,0,0,0,0,0,1.0139,0.072463,0,0,0,0,0
61,260,28.508,4.6492,352.94,0.00021,0,0,0,0,0,0.13028,0,0,0,0.072463,0,0,0,0,0.16272
61,260,28.508,4.6492,352.94,1.4738,0,0,0.26021,0,0,0,0,0,0,0.40718,0,0,0,0,0.11623
61,260,28.508,4.6492,352.94,0,0,0,0,0,0,0,0,0,0,0.52131,0,0,0,0,0.011623
61,260,28.508,4.6492,352.94,0.007697,0,0,0,0,0,0,0,0,0,0.072463,0,0,0,0,0.069739
61,260,28.508,4.6492,352.94,0.023372,0,0,0,0,0,0.60778,0,0,0,0.98417,0,0,0,0,0
61,260,28.508,4.6492,352.94,0,0,0,0,0,0,0,0,0,0,0.9086,0,0,0,0,0
61,260,28.508,4.6492,352.94,0,0,0,0,0,0,0,0,0,0,0.33796,0,0,0,0,0.011623
61,260,28.508,4.6492,352.94,0.11315,0,0,0,0,0,0,0,0,0,0.13348,0,0,0,0,0
61,260,28.508,4.6492,352.94,0,0,0,0,0,1.1051,0.13028,0,0,0,0.78678,0,0,0,0,0
61,260,28.508,4.6492,352.94,0.087612,0,0,0,0,0,0,0,0,0,0.15843,0,0,0,0,0
61,260,28.508,4.6492,352.94,0.0053435,0,0,0.00524,0,0.017703,0,0,0,0,1.9852,0,0,0,0,0
61,260,28.508,4.6492,352.94,0.008587,0,0,0.010061,0,0,0,0,0,0,0.77377,0,0,0,0,0
61,260,28.508,4.6492,352.94,0,0,0,0,0,0,0,0,0,0,0.072463,0,0,0,0,0
61,260,28.508,4.6492,352.94,0,0,0,0,0,0,0,0,0,0,0.62815,0,0,0,0,0
61,260,28.508,4.6492,352.94,0,0,0,0,0,0,0,0,0,0,0.072463,0,0,0,0,0.16272
61,260,28.508,4.6492,352.94,0.0068538,0,0,0,0,0,0,0,0,0,1.2954,0,0,0,0,0
61,260,28.508,4.6492,352.94,0.003416,0,0,0,0,0,0,0,0,0,0.072463,0,0,0,0,0.011623
61,260,28.508,4.6492,352.94,0.005411,0,0,0,0,0,0,0,0,0,0.072463,0,0,0,0,0
61,260,28.508,4.6492,352.94,0.028317,0,0,0,0,0.8491,0,0,0,3.4087,0.13615,0,0,0,0,0
61,260,28.508,4.6492,352.94,0.51874,0,0,0,0,0.017703,0,0,0,0,1.2862,0,0,0,0,0
61,260,28.508,4.6492,352.94,0.34435,0,0,0,0,0,0,0,0,0,1.9064,0,0,0,0,0
61,260,28.508,4.6492,352.94,0.0055995,0,0,0,0,0,0,0,0,0,0.072463,0,0,0,0,0
61,260,28.508,4.6492,352.94,0.26552,0,0,0,0,0,0,0,0,0,0.072463,0,0,0,0,0.34869
61,260,28.508,4.6492,352.94,0.008333,0,0,0,0,0,0,0,0,0,3.2962,0,0,0,0,0
61,260,28.508,4.6492,352.94,0,0,0,0,0,0,0,0,0,0,0.70288,0,0,0,0,0
61,260,28.508,4.6492,352.94,0.41875,0,0,0,0,0,0,0,0,0,1.7918,0,0,0,0,0.31382
61,260,28.508,4.6492,352.94,0.008333,0,0,0,0,0,0,0,0,0,4.2561,0,0,0,0,0
61,260,28.508,4.6492,352.94,0.0055384,0,0,0,0,0,0,0,0,0,0.072463,0,0,0,0,0
61,260,28.508,4.6492,352.94,0.20337,0,0,0,0,0,0.021726,0,0,0,4.2705,0,0,0,0,0
61,260,28.508,4.6492,352.94,0,0,0,0,0,0,0,0,0,0,0.072463,0,0,0,0,0
61,260,28.508,4.6492,352.94,0.01121,0,0.033916,0,0,0,0,0,0,0.44682,1.5411,0,0,0,0,0
61,260,28.508,4.6492,352.94,0.00315,0,0,0,0,0,0,0,0,0,0.072463,0,0,0,0,0
61,260,28.508,4.6492,352.94,0.002998,0,0,0,0,0,0,0,0,0,4.0083,0,0,0,0,0
61,260,28.508,4.6492,352.94,0,0,0,0,0,0,0,0,0,0,0.12949,0,0,0,0,0
61,260,28.508,4.6492,352.94,0,0,0,0,0,0,0,0,0,0,2.2216,0,0,0,0,0.011623
61,260,28.508,4.6492,352.94,0.005714,0,0,0,0,0,0,0,0,0,0.072463,0,0,0,0,0
61,260,28.508,4.6492,352.94,0.023372,0,0,0,0,0,0,0,0,0,0.072463,0,0,0,0,0
61,260,28.508,4.6492,352.94,0,0,0,0,0,0,0,0,0,0,3.5168,0,0,0,0,0
61,260,28.508,4.6492,352.94,0.49976,0,0,0,0,0,0,0,0,0,3.6257,0,0,0,0,0
61,260,28.508,4.6492,352.94,0.0099708,0,0,0,0,0,0,0,0,0,0.072463,0,0,0,0,0
61,260,28.508,4.6492,352.94,0,0,0,0,0,0,0,0,0,1.0167,0.072463,0,0,0,0,0.011623
61,260,28.508,4.6492,352.94,0,0,0,0,0,0,0,0,0,0,3.6687,0,0,0,0,0.11623
61,260,28.508,4.6492,352.94,0.016438,0,0,0,1.4317,0,0.13028,0,0,0,0.072463,0,0,0,0,0
61,260,28.508,4.6492,352.94,0.001397,0,0,0,0,3.4113,0,0,0,0,0.072463,0,0,0,0,0.11623
61,260,28.508,4.6492,352.94,0,0,0,0,0,0,0,0,0,0.14685,0.072463,0,0,0,0,0
61,260,28.508,4.6492,352.94,0.010421,0,0,0,0,0.79321,0.13028,0,0,0,0.072463,0,0,0,0,0
61,260,28.508,4.6492,352.94,0.00524,0,0,0,0,0,0,0,0,0,0.37335,0,0,0,0,0.53466
61,260,28.508,4.6492,352.94,0.008333,0,0,0,0,0,0,0,0,0,3.4466,0,0,0,0,0
61,260,28.508,4.6492,352.94,3.228,0,0,0,0,0,0,0,0,0,0.072463,0,0,0,0,0.069739
61,260,28.508,4.6492,352.94,0.008333,0,0,0,0,0,0,0,0,1.2479,2.0951,0,0,0,0,0
61,260,28.508,4.6492,352.94,0,0,0,0,0,0,0,0,0,0,0.97511,0,0,0,0,0
61,260,28.508,4.6492,352.94,0,0,0,0,0,0,0,0,0,0,1.0181,0,0,0,0,0.34869
61,260,28.508,4.6492,352.94,1.5785,0,0.008333,0,0,0,0,0,0,0,0.072463,0,0,0,0,0.11623
61,260,28.508,4.6492,352.94,0,0,0,0,0,0,0,0,0,0,2.1592,0,0,0,0,0
61,260,28.508,4.6492,352.94,0.010235,0,0,0,0,0,0,0,0,0,0.072463,0,0,0,0,3.7194
61,260,28.508,4.6492,352.94,0,0,0,0,0,0,0,0,0,0,1.2458,0,0,0,0,0
61,260,28.508,4.6492,352.94,0,0,0,0,0,0.005202,0,0,0,0,0.072463,0,0,0,0,0
61,260,28.508,4.6492,352.94,0,0,0,0,0,0,0,0,0,0,0.71652,0,0,0,0,0
61,260,28.508,4.6492,352.94,0.008333,0,0,0,0,0,0,0,0,0,0.072463,0,0,0,0,0
61,260,28.508,4.6492,352.94,0.073391,0,0,0.021756,0.0025209,0,0.13028,0,0,0,1.4363,0,0,0,0,0
61,260,28.508,4.6492,352.94,0.010521,0,0,0,0,0.017703,0,0,0,0,3.3678,0,0,0,0,0.20922
61,260,28.508,4.6492,352.94,0.004143,0,0,0,0,0,0,0,0,0,0.072463,0,0,0,0,0
61,260,28.508,4.6492,352.94,0.11856,0,0,0.61256,0,0,0,0,0,0,0.18612,0,0,0,0,0
61,260,28.508,4.6492,352.94,2.5374,0,0,0,0,0,0,0,0,0,1.5078,0,0,0,0,0
61,260,28.508,4.6492,352.94,3.3912,0,0,0,0,0.002011,0,0,0,0,0.072463,0,0,0,0,0
61,260,28.508,4.6492,352.94,0.005239,0,0,0,0,0,0,0,0,0,0.75032,0,0,0,0,0.16272
61,260,28.508,4.6492,352.94,0.016666,0,0,0.000126,0,0,0,0,0,0,2.2216,0,0,0,0,0
61,260,28.508,4.6492,352.94,0.61115,0,0,0,0,0,0,0,0,0,0.072463,0,0,0,0,0
61,260,28.508,4.6492,352.94,0.21492,0,0,0,0,0,0,0,0,0,0.072463,0,0,0,0,0
61,260,28.508,4.6492,352.94,0.00524,0,0,0,0,0,0.80873,0,0,0,0.072463,0,0,0,0,0.39519
61,260,28.508,4.6492,352.94,0.028317,0,0,0,0,0,0,0,0,0,0.072463,0,0,0,0,0
61,260,28.508,4.6492,352.94,0.012198,0,0,0,0,0,0,0,0,0,0.78303,0,0,0,0,0.31382
61,260,28.508,4.6492,352.94,0,0,0,0,0,0,0,0,0,0,0.072463,0,0,0,0,0
61,260,28.508,4.6492,352.94,0.0099708,0,0,0,0,0,0,0,0,0,0.88914,0,0,0,0,0
61,260,28.508,4.6492,352.94,0.015186,0,0,0,0,0,0,0,0,0,0.072463,0,0,0,0,0
61,260,28.508,4.6492,352.94,0.004588,0,0,0,0,0,0,0,0,0,0.072463,0,0,0,0,0.34869
61,260,28.508,4.6492,352.94,7.95e-05,0,0,0.51553,0,0,0,0,0,0.68445,0.086791,0,0,0,0,0
61,260,28.508,4.6492,352.94,0,0,0,0,0,0,0,0,0,0,0.072463,0,0,0,0,0.67414
61,260,28.508,4.6492,352.94,1.0465,0,0,0,0,0,0,0,0,0,0.072463,0,0,0,0,0
61,260,28.508,4.6492,352.94,0.001434,0,0,0,0,0,0,0,0,0,0.072463,0,0,0,0,0
61,260,28.508,4.6492,352.94,0,0,0,0,0,0,0,0,0,0,0.13786,0,0,0,0,0.011623
61,260,28.508,4.6492,352.94,0,0,0,0.005239,0,0,0,0,0,0,0.072463,0,0,0,0,0.069739
61,260,28.508,4.6492,352.94,0.00021,0,0,0,0,0,0,0,0,0,0.13056,0,0,0,0,0
61,260,28.508,4.6492,352.94,0,0,0,0,0,0,0,0,0,0,0.35902,0,0,0,0,0
61,260,28.508,4.6492,352.94,0,0,0,0,0,0,0,0,0,0,0.072463,0,0,0,0,0
61,260,28.508,4.6492,352.94,0.080627,0,0.35154,0,0,0,0,0,0,0,4.1559,0,0,0,0,0
61,260,28.508,4.6492,352.94,0.015186,0,0,0,0,0,0.13028,0,0,4.212,0.072463,0,0,0,0,0
61,260,28.508,4.6492,352.94,0.41171,0,0,0,0,0,0,0,0,0,0.086791,0,0,0,0,0
61,260,28.508,4.6492,352.94,0,0,0,0,0,0,0,0,0,0,1.7329,0,0,0,0,0
61,260,28.508,4.6492,352.94,0.10094,0,0,0,0,0,0,0.00036,0,0,0.134,0,0,0,0,0.20922
61,260,28.508,4.6492,352.94,0,0,0,0,0,0,0,0,0,0,0.37335,0,0,0,0,0
61,260,28.508,4.6492,352.94,0.0024845,0,0,0,0,0,0,0,0,0,4.0802,0,0,0,0,0
61,260,28.508,4.6492,352.94,0,0,0,0.008333,0,0,0,0,0,0,0.072463,0,0,0,0,0
61,260,28.508,4.6492,352.94,0.10094,0,0,0,0,0,0,0,0,0,0.88276,0,0,0,0,0
61,260,28.508,4.6492,352.94,0.016438,0,0,0.005239,0,0,0,0,0,0,0.91404,0,0,0,0,0
61,260,28.508,4.6492,352.94,0,0,0,0,0,0,0,0,0,0,3.9998,0,0,0,0,0
61,260,28.508,4.6492,352.94,0.0068538,0,0,0,0,0,0,0,0,0,0.072463,0,0,0,0,0
61,260,28.508,4.6492,352.94,0.32104,0,0,0,0,0,0,0,0,0,2.9989,0,0,0,0,0
61,260,28.508,4.6492,352.94,0,0,0,0,0,0,0.13028,0,0,0,1.9351,0,0,0,0,0.44168
61,260,28.508,4.6492,352.94,0,0,0,0,0,0.053919,0,0,0,0,0.13505,0,0,0,0,0
61,260,28.508,4.6492,352.94,0.40545,0,0,0,0.008333,0,0,0,0,0,0.072463,0,0,0,0,0.25571
61,260,28.508,4.6492,352.94,0,0,0,0,0.007221,0,0,0,0,0,0.072463,0,0,0,0,0.011623
61,260,28.508,4.6492,352.94,0.11602,0,0,0.005239,0,0,0,0,0,0,0.89874,0,0,0,0,0
61,260,28.508,4.6492,352.94,0.00524,0,0,0.007121,0,0,0,0,0,0,0.17677,0,0,0,0,0
61,260,28.508,4.6492,352.94,0.077688,0,0,0,0,0,0,0,0,0,0.072463,0,0,0,0,0
61,260,28.508,4.6492,352.94,0.0062716,0,0,0,0,0,0,0,0,0,2.9989,0,0,0,0,0
61,260,28.508,4.6492,352.94,0.003538,0,0,0,2.6384,0,0,0,0,0,0.086791,0,0,0,0,0
61,260,28.508,4.6492,352.94,0.026894,0,0,0.008333,0,0,0.13028,0,0,0,0.56339,0,0,0,0,0
61,260,28.508,4.6492,352.94,0.008333,0,0.041982,0,0,0,0,0,0,0,0.072463,0,0,0,0,0
61,260,28.508,4.6492,352.94,0,0,0,0,0,0,0,0,0,0,2.6944,0,0,0,0,0.011623
61,260,28.508,4.6492,352.94,0,0,0,0.082483,0,0,0.002308,0,0,0,3.4221,0,0,0,0,0
61,260,28.508,4.6492,352.94,0.15427,0,0,0,0,0,0,0,0,0,1.5788,0,0,0,0,0
61,260,28.508,4.6492,352.94,0.0072505,0,0,0.18588,0,0,0,0,0,0,3.5581,0,0,0,0,0
61,260,28.508,4.6492,352.94,0.07364,0,0,0.12242,0,0,0,0,0,0,0.072463,0,0,0,0,0
61,260,28.508,4.6492,352.94,0.53631,0,0,0,0,0,0,0,0,0,0.072463,0,0,0,0,0
61,260,28.508,4.6492,352.94,0.23802,0,0,0,0,0,0,0,0,0,0.13394,0,0,0,0,0
61,260,28.508,4.6492,352.94,0,0,0,0,0,0,0,0,0,0,1.4049,0,0,0,0,0
61,260,28.508,4.6492,352.94,0,0,0,3.2645,0,0,0,0,0,0,0.072463,0,0,0,0,0
61,260,28.508,4.6492,352.94,0.089227,0,0,0.22953,0,0,0,0,0,0,0.072463,0,0,0,0,0.20922
61,260,28.508,4.6492,352.94,0.000473,0,0,0,0,0,0,0,0,0,0.072463,0,0,0,0,0.069739
61,260,28.508,4.6492,352.94,0.001205,0,0,0,0,0,0,0,0,0,0.29757,0,0,0,0,0.069739
61,260,28.508,4.6492,352.94,0,0,0,0.17925,0,0.030958,0,0,0,0,2.6841,0,0,0,0,0
61,260,28.508,4.6492,352.94,0,0,0,0,0,0,0,0,0,0,0.45229,0,0,0,0,0
61,260,28.508,4.6492,352.94,0,0,0,0.002139,0,0,0.13028,0,0,0.27721,2.5972,0,0,0,0,0
61,260,28.508,4.6492,352.94,0,0,0,0,0,0.80274,0.002308,0,0,0,0.072463,0,0,0,0,0
61,260,28.508,4.6492,352.94,0.23802,0,0,0,0,0.003468,0,0,0,0,1.2679,0,0,0,0,0
61,260,28.508,4.6492,352.94,0.003734,0,0,0,0,0,0,0,0,0,0.072463,0,0,0,0,0
61,260,28.508,4.6492,352.94,2.2144,0,0,0.64479,0,0,0,0,0,0,0.12844,0,0,0,0,0
61,260,28.508,4.6492,352.94,0,0,0,0,0,0,0,0,0,0,0.072463,0,0,0,0,0
61,260,28.508,4.6492,352.94,0.32104,0,0,0,0,0,0,0,0,0,1.7329,0,0,0,0,0
61,260,28.508,4.6492,352.94,0,0,0,0,0,0.79685,0,0,0,0,0.086791,0,0,0,0,0
61,260,28.508,4.6492,352.94,0.029669,0,0,0,0,0,0.42744,0,0,1.808,0.18601,0,0,0,0,0
61,260,28.508,4.6492,352.94,0.19823,0,0,0,0,0.002438,0,0,0,0,0.072463,0,0,0,0,0
61,260,28.508,4.6492,352.94,0,0,0,0,0,0,0,0,0,0,0.072463,0,0,0,0,0
61,260,28.508,4.6492,352.94,0.003118,0,0,0,0,0,0.13028,0,0,0,2.9142,0,0,0,0,0
61,260,28.508,4.6492,352.94,0.67789,0,0,0.033062,0,0,0,0,0,0,0.78885,0,0,0,0,0
61,260,28.508,4.6492,352.94,0.008333,0,0,0,0,0,0,0,0,0,4.1401,0,0,0,0,0
61,260,28.508,4.6492,352.94,0,0,0,0,0,0.003173,1.8139,0,0,0,2.6337,0,0,0,0,0.16272
61,260,28.508,4.6492,352.94,0.011569,0,0,0,0,0,0,0,0,0,0.402,0,0,0,0,0
61,260,28.508,4.6492,352.94,0,0,0,0,0,0,0,0,0,0,3.3687,0,0,0,0,0
61,260,28.508,4.6492,352.94,0.49976,0,0,0,0,0,0,0,0,0,0.072463,0,0,0,0,0
61,260,28.508,4.6492,352.94,0.62352,0,0,0,0,0,0,0,0,0,1.7329,0,0,0,0,0
61,260,28.508,4.6492,352.94,0.044491,0,0,0,0,0,0,0,0,0,0.072463,0,0,0,0,0
61,260,28.508,4.6492,352.94,0,0,0,0,0.030801,0,0,0,0,0,0.072463,0,0,0,0,0
61,260,28.508,4.6492,352.94,0.00524,0,0,0,0,0,1.7382,0,0,0,0.072463,0,0,0,0,0
61,260,28.508,4.6492,352.94,0.050303,0,0,0.63056,0,0,0,0,0,0,2.286,0,0,0,0,0
61,260,28.508,4.6492,352.94,0.021397,0,0,0,0,0,0,0,0,0,0.47694,0,0,0,0,0
61,260,28.508,4.6492,352.94,0.0087785,0,0,0,0,0,0,0,0,0,3.5283,0,0,0,0,0.11623
61,260,28.508,4.6492,352.94,0.006701,0,0,0,0,0,0,0,0,0,0.072463,0,0,0,0,0
61,260,28.508,4.6492,352.94,0.001669,0,0,0,0,0,0,0,0,0,0.072463,0,0,0,0,0
61,260,28.508,4.6492,352.94,0.012198,0,0,0,0,0,0,0,0,0,0.12844,0,0,0,0,0
61,260,28.508,4.6492,352.94,0.0093951,0,0,0,0,0,0.059897,0,0,0,0.072463,0,0,0,0,0
61,260,28.508,4.6492,352.94,0.011627,0,0,0.2358,0,0.34012,0,0,0,0,0.44185,0,0,0,0,0
61,260,28.508,4.6492,352.94,0.015186,0,0,0,0,0,0,0,0,0,0.072463,0,0,0,0,0
61,260,28.508,4.6492,352.94,0,0,0,0,0,0,0,0,0,0,0.35902,0,0,0,0,0
61,260,28.508,4.6492,352.94,0.003295,0,0,0.21131,0,0,0,0,0,0,0.072463,0,0,0,0,0
61,260,28.508,4.6492,352.94,0,0,0,0,0,0,0,0,0,0,0.18601,0,0,0,0,0
61,260,28.508,4.6492,352.94,0.24635,0,0,0,0,0,0,0,0,0,0.072463,0,0,0,0,0
61,260,28.508,4.6492,352.94,0.012386,0,0,0,0,0,0,0,0,0,2.6841,0,0,0,0,0
61,260,28.508,4.6492,352.94,0.003346,0,0,0,0,0,0.13028,0,0,0,2.7374,0,0,0,0,0
61,260,28.508,4.6492,352.94,0.3363,0,0,0,0,0,0,0,0,0,0.072463,0,0,0,0,0
61,260,28.508,4.6492,352.94,0.014554,0,0,2.3177,0,0,0,0,0,0,0.13615,0,0,0,0,0
61,260,28.508,4.6492,352.94,0,0,0,0,0.008333,0,0,0,0,0,0.072463,0,0,0,0,0
61,260,28.508,4.6492,352.94,0.044491,0,0,0,0,0.57676,0,0,0,0,0.1331,0,0,0,0,0
61,260,28.508,4.6492,352.94,0.096515,0,0.26298,2.6638,0,0,0,0,0,0,0.34469,0,0,0,0,0
61,260,28.508,4.6492,352.94,0,0,0,2.1765,0,0,0,0,0,0,0.072463,0,0,0,0,0
61,260,28.508,4.6492,352.94,0,0,0,0.023709,0,0,0,0,0,0,0.13649,0,0,0,0,0.11623
61,260,28.508,4.6492,352.94,0.008333,0,0,0,0.13154,0,0.13028,0,0,0,0.072463,0,0,0,0,0.99959
61,260,28.508,4.6492,352.94,0,0,0,1.0674,0,0,0,0,0,0,3.5398,0,0,0,0,0
61,260,28.508,4.6492,352.94,0,0,0,0,0,0,0,0,0,0.18086,0.072463,0,0,0,0,0.069739
61,260,28.508,4.6492,352.94,0.001436,0,0.1558,0,0,0,0,0,0,0,4.1401,0,0,0,0,0
61,260,28.508,4.6492,352.94,0,0,0,0,0,0,0.13028,0,0,0,0.17677,0,0,0,0,0
61,260,28.508,4.6492,352.94,0,0,0,0,0,0,0,0,0,0,0.49973,0,0,0,0,0
61,260,28.508,4.6492,352.94,0.20793,0,0,0.00014,0,0,0,0,0,0,4.2561,0,0,0,0,0
61,260,28.508,4.6492,352.94,0.00387,0,0,0,0,0,0,0,0,0,0.51662,0,0,0,0,0
61,260,28.508,4.6492,352.94,3.9744,0,0,0.008343,0,0.053919,0,0,0,0,0.13039,0,0,0,0,0
61,260,28.508,4.6492,352.94,1.4738,0,0,0,0,0,0.59876,0,0,0,0.13302,0,0,0,0,0.11623
61,260,28.508,4.6492,352.94,0.008333,0,0,0,0,0,0,0,0,0,0.7142,0,0,0,0,0
61,260,28.508,4.6492,352.94,0.0092508,0,0,0,0,0,0,0.027571,0,0,0.072463,0,0,0,0,0
61,260,28.508,4.6492,352.94,0,0,0,0.68761,0,0,0,0,0,0,2.1206,0,0,0,0,0
61,260,28.508,4.6492,352.94,0.15427,0,0,0.003481,0,0,0,0,0,0,0.072463,0,0,0,0,0.11623
61,260,28.508,4.6492,352.94,0.003173,0,0,0,0,0,0,0,0,0,3.4535,0,0,0,0,0
61,260,28.508,4.6492,352.94,0.0072505,0,0,0.01366,0,0,0,0,0,0,2.7374,0,0,0,0,0
61,260,28.508,4.6492,352.94,0.025974,0,0,0,0,0,2.6355,0,0,0,0.072463,0,0,0,0,0
61,260,28.508,4.6492,352.94,0.087612,0,0,0.067402,0,0,0,0,0,0,2.4999,0,0,0,0,0
61,260,28.508,4.6492,352.94,0.017867,0,0,0,0,0.002438,0,0,0,0,1.2482,0,0,0,0,0
61,260,28.508,4.6492,352.94,0,0,0,0.0083405,0.000688,0,0.13028,0,0,0,0.072463,0,0,0,0,0.011623
61,260,28.508,4.6492,352.94,0.030564,0,0.25181,0,0.002868,0,0,0,0,0,0.072463,0,0,0,0,0
61,260,28.508,4.6492,352.94,0,0,0,0,0,0,0.008333,0,0,0,0.072463,0,0,0,0,0.20922
61,260,28.508,4.6492,352.94,0,0,0,0.048275,0,0,0,0,0,0,3.5283,0,0,0,0,0.069739
61,260,28.508,4.6492,352.94,0.053917,0,0,0,0,0,0,0,0,0,0.072463,0,0,0,0,0.069739
61,260,28.508,4.6492,352.94,0.0048325,0,0,0,0,0,0,0,0,0,0.13055,0,0,0,0,0
61,260,28.508,4.6492,352.94,0.0072505,0,0,0.008333,0,0,0,0,0,0,1.5411,0,0,0,0,0
61,260,28.508,4.6492,352.94,0.003539,0,0,0.002344,0.001205,0.003468,0,0,0,0.44575,1.2647,0,0,0,0,0.67414
61,260,28.508,4.6492,352.94,0.022995,0,0,0.008332,0,0,0,0,0,0,0.072463,0,0,0,0,0
61,260,28.508,4.6492,352.94,0.0098678,0,0,0,0,0.082908,0,0,0,0,0.41633,0,0,0,0,3.7194
61,260,28.508,4.6492,352.94,0.061957,0,0,0,0,0,0,0,0,0,0.086791,0,0,0,0,0
61,260,28.508,4.6492,352.94,0.061957,0,0,0.1328,0,0.31447,1.8139,0,0,0,0.072463,0,0,0,0,0
61,260,28.508,4.6492,352.94,0.073418,0,0,0.71703,0,0,0,0,0,0,0.134,0,0,0,0,0
61,260,28.508,4.6492,352.94,0.009661,0,0,0,0,0.00062,0,0,0,0,3.9983,0,0,0,0,0
61,260,28.508,4.6492,352.94,0,0,0,0,0,0,0,0,0,3.8254,0.072463,0,0,0,0,0
61,260,28.508,4.6492,352.94,0.22411,0,0.078351,0,0,0,0,0,0,0,0.13302,0,0,0,0,0.16272
61,260,28.508,4.6492,352.94,0,0,0,0,0,3.4113,0,0,0,0,0.072463,0,0,0,0,0
61,260,28.508,4.6492,352.94,0.015186,0,0,0,0,0.088182,0.13028,0,0,0,0.34469,0,0,0,0,0.11623
61,260,28.508,4.6492,352.94,0.098373,0,0,0,0,0,0.13028,0,0,0,0.34469,0,0,0,0,0
61,260,28.508,4.6492,352.94,0.0083355,0,0,0,3.1286,0,0.008333,0,0,0,0.072463,0,0,0,0,0
61,260,28.508,4.6492,352.94,0,0,0,0,0,0,0,0,0,0,2.1206,0,0,0,0,0
61,260,28.508,4.6492,352.94,0.011223,0,0,0.68805,0.0098693,0,0,0,0,0,0.072463,0,0,0,0,0
61,260,28.508,4.6492,352.94,0.022995,0,0,0,0,0,0,0,0,0,2.9989,0,0,0,0,0
61,260,28.508,4.6492,352.94,0.49233,0,0,0.65091,0,0,0,0,0,0,0.072463,0,0,0,0,0
61,260,28.508,4.6492,352.94,0.00524,0,0,0,0,0,0,0,0,3.4087,0.072463,0,0,0,0,0
61,260,28.508,4.6492,352.94,0.0062716,0,0,0,0,0,0,0,0,0,3.4986,0,0,0,0,0
61,260,28.508,4.6492,352.94,0.26008,0,0,0.0030625,0,0,0,0,0,0,2.1063,0,0,0,0,0
61,260,28.508,4.6492,352.94,0.03186,0,0,0.003538,0,0.10968,0,0,0,0,0.44804,0,0,0,0,0
61,260,28.508,4.6492,352.94,0.45089,0,0,0,0,0.79766,0.13028,0,0,0,0.15843,0,0,0,0,0
61,260,28.508,4.6492,352.94,0.0095061,0,0.3141,0,0,0,0,0,0,0,0.072463,0,0,0,0,0
61,260,28.508,4.6492,352.94,0.008333,0,0,0,0,0,0.13028,0,0,0,0.13039,0,0,0,0,0
61,260,28.508,4.6492,352.94,0.048132,0,0,0.003346,0,0,0,0,0,0.21027,1.6272,0,0,0,0,0
61,260,28.508,4.6492,352.94,0.0076281,0,0,0.002868,0,0,0,0,0,0,3.6687,0,0,0,0,0
61,260,28.508,4.6492,352.94,0.000254,0,0,0,3.7516,0,0,0,0,0,0.13302,0,0,0,0,0
61,260,28.508,4.6492,352.94,2.5177,0,0,0,0,0,0,0,0,0,0.072463,0,0,0,0,0
61,260,28.508,4.6492,352.94,0,0,0,0,0,0,0,0,0,0,0.33767,0,0,0,0,0
61,260,28.508,4.6492,352.94,0.00247,0,0,0,0,0,0,0,0,0,0.072463,0,0,0,0,0
61,260,28.508,4.6492,352.94,0.00014,0,0,0,0,0,0,0,0,0,0.072463,0,0,0,0,0.16272
61,260,28.508,4.6492,352.94,0.00247,0,0,0,0,0,0,0,0,0,0.072463,0,0,0,0,0
61,260,28.508,4.6492,352.94,0.13369,0,0,0,0,0,0,0,0,0,1.6706,0,0,0,0,0
61,260,28.508,4.6492,352.94,0,0,0,0.0087665,0,0,0,0,0,0,0.072463,0,0,0,0,0.20922
61,260,28.508,4.6492,352.94,0,0,0,0,0.004345,0,0,0,0,0,0.17677,0,0,0,0,0
61,260,28.508,4.6492,352.94,0.22411,0,0,0,0,0,0,0,0,0,0.1375,0,0,0,0,0
61,260,28.508,4.6492,352.94,2.1129,0,0,0,0,0,0,0,0,0,0.072463,0,0,0,0,0
61,260,28.508,4.6492,352.94,0.041493,0,0,0,0,0,0.13028,0,0,0,0.13649,0,0,0,0,0
61,260,28.508,4.6492,352.94,0.21982,0,0,0,0,0,0,0,0,0,0.072463,0,0,0,0,0
61,260,28.508,4.6492,352.94,0.073391,0,0,0.09603,0,0.053919,0,0,0,0,0.072463,0,0,0,0,0.11623
61,260,28.508,4.6492,352.94,1.5082,0,0,0,0,0,0,0,0,0,0.072463,0,0,0,0,0
61,260,28.508,4.6492,352.94,8.1e-05,0,0,0,0,0,0,0,0,0,0.072463,0,0,0,0,0.11623
61,260,28.508,4.6492,352.94,0.001292,0,0,0,0,0,0,0,0,0,0.072463,0,0,0,0,0
62,261,32.968,34.534,2621.6,0.12623,0,0,0,0,0,7.556,0,0,0,0.37335,0,0,0,0,0
62,261,32.968,34.534,2621.6,7.95e-05,0,0,0,0,0,0,0,0,0,0.072463,0,0,0,0,0
62,261,32.968,34.534,2621.6,0.013472,0,0,0,0,0,0,0,0,0,0.072463,0,0,0,0,0
62,261,32.968,34.534,2621.6,0.014338,0,0,0,0,5.4632,0,0,0,0,0.98417,0,0,0,0,0
62,261,32.968,34.534,2621.6,0.01175,0,0,0,0,0,0,0,0,0,31.829,0,0,0,0,0
62,261,32.968,34.534,2621.6,0.15085,0,0,0.24489,0,0,0.13028,0,0,0,0.1331,0,0,0,0,0
62,261,32.968,34.534,2621.6,0.003416,0,0,0,0,0,0,0,0,0,6.6447,0,0,0,0,0
62,261,32.968,34.534,2621.6,0.85407,0,0,0,0,0,0,0,0,0,0.072463,0,0,0,0,0
62,261,32.968,34.534,2621.6,0.16029,0,0,0,0,0,0,0,0,0,0.072463,0,0,0,0,0
62,261,32.968,34.534,2621.6,0.045569,0,0,0,0,0,0.002308,0,0,0,0.072463,0,0,0,0,0
62,261,32.968,34.534,2621.6,0.032465,0,0,0,0,0,0,0,0,0,0.17276,0,0,0,0,0
62,261,32.968,34.534,2621.6,0,0,0,0.008597,0,0,0,0,0,0,4.0802,0,0,0,0,0.51801
62,261,32.968,34.534,2621.6,0.04343,0,0,0.008975,0,0,0.008333,0,0,0,0.072463,0,0,0,0,0
62,261,32.968,34.534,2621.6,0,0,0,0,0,0,0,0,0,0,0.072463,0,0,0,0,1.2087
62,261,32.968,34.534,2621.6,0.002139,0,0,0,0,0.31447,0,0,0,0,0.072463,0,0,0,0,0
62,261,32.968,34.534,2621.6,0,0,0,0,0,0,0,0,0,0,2.6841,0,0,0,0,0
62,261,32.968,34.534,2621.6,0.63264,0,0,0,2.7756,0,0.13028,0,0,0,4.5096,0,0,0,0,0
62,261,32.968,34.534,2621.6,0.092063,0,0,0,0,0,0,0,0,0,0.13198,0,0,0,0,0
62,261,32.968,34.534,2621.6,0.65712,0,0,0,0.13724,0,0,0,0,0,4.3915,0,0,0,0,0
62,261,32.968,34.534,2621.6,0.022631,0,0,0,0,0,12.951,0,0,0,0.072463,0,0,0,0,0
62,261,32.968,34.534,2621.6,0,0,0,0,0,0,21.91,0,0,0,0.072463,0,0,0,0,0
62,261,32.968,34.534,2621.6,0,0,0,0,0,0,0,0,0,0,0.072463,0,0,0,0,0
62,261,32.968,34.534,2621.6,0,0,0,0,0.010107,0,0,0,0,0,1.1039,0,0,0,0,0
62,261,32.968,34.534,2621.6,0,0,0,0.72898,0,0,0,0,0,0,4.1988,0,0,0,0,0
62,261,32.968,34.534,2621.6,0.007328,0,0,0.19458,0,0,0.10863,0,0,0,0.072463,0,0,0,0,0
62,261,32.968,34.534,2621.6,0.07364,0,0,0,0.00524,0,0.42744,0,0,0,0.072463,0,0,0,0,0.086336
62,261,32.968,34.534,2621.6,0.13174,0,0,0,0,0,0,0,0,0,5.3297,0,0,0,0,0
62,261,32.968,34.534,2621.6,0.0055799,0,0,0,0,0,22.72,0,0,0,0.32655,0,0,0,0,0
62,261,32.968,34.534,2621.6,0.20484,0,0,0,0,0,0.13028,0,0,0,0.072463,0,0,0,0,0
62,261,32.968,34.534,2621.6,0.19823,0,0,0,0,0,0,0,0,0,3.1177,0,0,0,0,0
62,261,32.968,34.534,2621.6,0.008402,0,0.024781,0.17925,0,0.79685,0.093171,0,0,0,13.2,0,0,0,0,0
62,261,32.968,34.534,2621.6,0.011683,0,0.25181,0.6763,0,0,0,0,0,0,3.2962,0,0,0,0,0.51801
62,261,32.968,34.534,2621.6,3.1081,0,0,0.010718,0,0,0,0,0,0,1.1327,0,0,0,0,2.5901
62,261,32.968,34.534,2621.6,0,0,0,0,0,0,0,0,0,0,2.5252,0,0,0,0,0
62,261,32.968,34.534,2621.6,0.028378,0,0,0.71118,0,0,0,0,0,0,0.072463,0,0,0,0,0
62,261,32.968,34.534,2621.6,0.49883,0,2.4876,0,0.00524,0,0,0,0,0,1.7395,0,0,0,0,0
62,261,32.968,34.534,2621.6,0,0,0,0,0,0,0,0,0,0,4.6,0,0,0,0,0
62,261,32.968,34.534,2621.6,0.008333,0,0,0,0,0,0,0,0,1.1822,4.2705,0,0,0,0,0
62,261,32.968,34.534,2621.6,0,0,0,0,0,0,0,0,0,0,0.62815,0,0,0,0,0
62,261,32.968,34.534,2621.6,0.32104,0,0,0.042727,0,0,0.13028,0,0,1.0167,0.77377,0,0,0,0,0
62,261,32.968,34.534,2621.6,0.008333,0,0,0,0,0,0,0,0,1.7864,0.072463,0,0,0,0,0
62,261,32.968,34.534,2621.6,0.11182,0,0,0,0,0,0.13028,0,0,0,0.37335,0,0,0,0,0
62,261,32.968,34.534,2621.6,0.008334,0,0,0,0,0,0,0.00829,0,0,8.2965,0,0,0,0,0
62,261,32.968,34.534,2621.6,0,0,0,0,0,0,0,0,0,0,4.9522,0,0,0,0,0
62,261,32.968,34.534,2621.6,0.00524,0,0.008333,0,0,0,0,0,0,0,0.50614,0,0,0,0,0
62,261,32.968,34.534,2621.6,0,0,0,0,0,0,0,0,0,0,0.13054,0,0,0,0,0
62,261,32.968,34.534,2621.6,0.71409,0,0,0.001669,0,0,0.13028,0,0,0,21.937,0,0,0,0,0
62,261,32.968,34.534,2621.6,0,0,0,0.021905,0,2.235,0.13028,0,0,1.0167,1.9852,0,0,0,0,0
62,261,32.968,34.534,2621.6,0.013253,0,0,24.485,0,0,0,0,0,0,6.6447,0,0,0,0,0
62,261,32.968,34.534,2621.6,0,0,0,0,0,0,13.709,0,0,0,0.072463,0,0,0,0,0
62,261,32.968,34.534,2621.6,0.474,0,0,0,0,0,0,0,0,0,4.1401,0,0,0,0,0
62,261,32.968,34.534,2621.6,0.0083792,0,0,3.7881,0,0.013684,0,0,0,0,0.13054,0,0,0,0,0
62,261,32.968,34.534,2621.6,0.019543,0,0,0.008333,13.595,0,0,0,0,0.21027,2.4569,0,0,0,0,0
62,261,32.968,34.534,2621.6,0,0,0,0,0,0,0,0,0,0,5.1452,0,0,0,0,0
62,261,32.968,34.534,2621.6,0.001669,0,0,0,0,0,8.8946,0,0,0,0.072463,0,0,0,0,0
62,261,32.968,34.534,2621.6,0.011131,0,0,6.3e-05,0,0,0,0,0,0.55196,0.11545,0,0,0,0,0
62,261,32.968,34.534,2621.6,2.7519,0,0,0.0060235,0,0,0,0,0,0,7.3168,0,0,0,0,0
62,261,32.968,34.534,2621.6,0.080627,0,0,0,0,0,0,0,0,0,0.072463,0,0,0,0,0
62,261,32.968,34.534,2621.6,0.013253,0,0,0,0,0,0,0,0,0,0.072463,0,0,0,0,0
62,261,32.968,34.534,2621.6,0,0,0,0.0068531,0,0,0,0,0,0,0.13873,0,0,0,0,0
62,261,32.968,34.534,2621.6,0,0,0,0.106,0,0,0,0,0,0,0.072463,0,0,0,0,0
62,261,32.968,34.534,2621.6,1.1024,0,0,0,0,0,0,0,0,0,6.4921,0,0,0,0,0
62,261,32.968,34.534,2621.6,0.083807,0,0,3.7016,0,0,0.59876,0,0,0,0.13056,0,0,0,0,0
62,261,32.968,34.534,2621.6,0.19151,0,0,0.008333,0,0,0,0,0,0,1.8818,0,0,0,0,0
62,261,32.968,34.534,2621.6,0,0,0.30202,9.7744,0,0,0,0,0,0,4.0802,0,0,0,0,0.51801
62,261,32.968,34.534,2621.6,19,0,0,0,0,0,0,0,0,0,0.072463,0,0,0,0,0
62,261,32.968,34.534,2621.6,0.0088426,0,0,0,0,0.030958,0,0,0,0,1.2482,0,0,0,0,0
62,261,32.968,34.534,2621.6,0.00824,0,0,5.3194,0,0,3.4886,0,0,0,4.5076,0,0,0,0,0
62,261,32.968,34.534,2621.6,1.6666,0,0,0,0.001205,0,0,0,0,0,0.072463,0,0,0,0,0
62,261,32.968,34.534,2621.6,0.008332,0,0,0.022416,0,0,0,0,0,0,0.072463,0,0,0,0,0
62,261,32.968,34.534,2621.6,0.20337,0,0,3.6299,0,0,0,0,0,8.5959,0.13679,0,0,0,0,0
62,261,32.968,34.534,2621.6,2.3451,0,0,0.50938,0,0,0,0,0,0.68445,4.0845,0,0,0,0,0
62,261,32.968,34.534,2621.6,0.22056,0,0,0,0,0,14.172,0,0,0,0.14411,0,0,0,0,0
62,261,32.968,34.534,2621.6,0,0,0,0,0,0,0,0,0,0,10.89,0,0,0,0,0
62,261,32.968,34.534,2621.6,0.098373,0,0,0,0.081948,0,0,0,0,0,0.13225,0,0,0,0,0
62,261,32.968,34.534,2621.6,0.0076281,0,0,0,0,0,0,0,0,0,0.072463,0,0,0,0,0
62,261,32.968,34.534,2621.6,0.60166,0,0,4.0366,4.0882,0,0.40452,0,0,0,1.1286,0,0,0,0,0
62,261,32.968,34.534,2621.6,0.12441,0,0,0,0,0,0,0,0,0,1.4169,0,0,0,0,0
62,261,32.968,34.534,2621.6,0.0097855,0,0,0,0,0,0,0,0,0,0.072463,0,0,0,0,0
62,261,32.968,34.534,2621.6,5.8407,0,0,0,0,0,0,0,0,0,7.6519,0,0,0,0,0
62,261,32.968,34.534,2621.6,0,0,0,0,0,0,0,0,0,0,0.14852,0,0,0,0,0
62,261,32.968,34.534,2621.6,0.02418,0,0.043457,0,0,0.80862,0,0,0,0,5.2586,0,0,0,0,0.86336
62,261,32.968,34.534,2621.6,0,0,0,0,0.002741,0,0,0,0,0,9.2109,0,0,0,0,0
62,261,32.968,34.534,2621.6,0.14015,0,0,0,0,0,0,0,0,0,0.072463,0,0,0,0,0
62,261,32.968,34.534,2621.6,0,0,0,4.595,0,0,0,0,0,0,0.25674,0,0,0,0,0
62,261,32.968,34.534,2621.6,0.018344,0,0,0,2.0857,0,0,0,0,0,0.072463,0,0,0,0,0
62,261,32.968,34.534,2621.6,0,0,0,0,0,0,0,0,0,0,0.13302,0,0,0,0,0
62,261,32.968,34.534,2621.6,0.022995,0,0,0,0,0.017703,0,0,0,0,0.072463,0,0,0,0,0.086336
62,261,32.968,34.534,2621.6,0.037792,0,0,0,0,0,0.60778,0,0,0,0.072463,0,0,0,0,0
62,261,32.968,34.534,2621.6,0.017561,0,0,0.00043,0,0,0,0,0,0,5.7349,0,0,0,0,0
62,261,32.968,34.534,2621.6,0,0,0,0,0,0,0,0,0,0,0.072463,0,0,0,0,0
62,261,32.968,34.534,2621.6,0.094834,0,0,0,0,0,0,0,0,0,0.072463,0,0,0,0,0
62,261,32.968,34.534,2621.6,0,0,0,0,0,0,0,0,0,0,1.2836,0,0,0,0,0
62,261,32.968,34.534,2621.6,0,0,0.86595,0,0,0,0,0,0,0,5.3297,0,0,0,0,0
62,261,32.968,34.534,2621.6,0.25711,0,0,0,0,0,0,0,0,0,0.072463,0,0,0,0,0
62,261,32.968,34.534,2621.6,0.04343,0,0,0,0,0,0,0,0,0,6.0336,0,0,0,0,0
62,261,32.968,34.534,2621.6,0,0,0,0,0,0,0,0,0,0,0.13039,0,0,0,0,0
62,261,32.968,34.534,2621.6,0.13041,0,0,0.8834,0,0,0,0,0,0,0.072463,0,0,0,0,0
62,261,32.968,34.534,2621.6,0.51874,0,0,7.8e-05,0,0,0.67053,0,0,0,1.86,0,0,0,0,0
62,261,32.968,34.534,2621.6,0,0,0,0.001326,0,0,0,0,0,0,0.072463,0,0,0,0,0
62,261,32.968,34.534,2621.6,0.0067502,0,0,0,0,0,0,0,0,0,0.13615,0,0,0,0,0
62,261,32.968,34.534,2621.6,0.008693,0,0,0.002508,0,0,0,0,0,0,0.072463,0,0,0,0,0
62,261,32.968,34.534,2621.6,0.14797,0,0,0,0,0.00524,27.353,0,0,0,4.6,0,0,0,0,0
62,261,32.968,34.534,2621.6,0,0,0,0,0,0,0,0,0,0,2.2216,0,0,0,0,0
62,261,32.968,34.534,2621.6,5.1991,0,0,0.17925,0.27312,0,0,0,0,1.7327,7.5569,0,0,0,0,0
62,261,32.968,34.534,2621.6,0.039088,0,0,0.00021,0,0.79425,0,0,0,0,0.29757,0,0,0,0,0
62,261,32.968,34.534,2621.6,0.99954,0,0,0.007221,0,0.005202,0,0,0,0,0.072463,0,0,0,0,0
62,261,32.968,34.534,2621.6,0.06877,0,0,0,0,0,0,0,0,0,0.072463,0,0,0,0,0
62,261,32.968,34.534,2621.6,0.008333,0,0.033916,0.00043,0,9.1723,0,0,0,1.164,0.072463,0,0,0,0,0
62,261,32.968,34.534,2621.6,1.8473,0,0,0,0,1.1051,0,0,0,0,0.8268,0,0,0,0,0
62,261,32.968,34.534,2621.6,0.007221,0,0,0,0,0,0.13028,0,0,0,2.1206,0,0,0,0,0
62,261,32.968,34.534,2621.6,0.00524,0,0,0.001669,0,0.001326,0,0,0,0,1.0663,0,0,0,0,0
62,261,32.968,34.534,2621.6,0.45297,0,0,0,0,0,0,0,0,0,0.71652,0,0,0,0,0
62,261,32.968,34.534,2621.6,0,0,0,0,0,0.85136,0.10863,0,0,0,0.12949,0,0,0,0,0
62,261,32.968,34.534,2621.6,0,0,0,0,0,0,0,0,0,0,1.5788,0,0,0,0,0
62,261,32.968,34.534,2621.6,0.12441,0,0,0,0,0,0,0,0,0,3.0356,0,0,0,0,0
62,261,32.968,34.534,2621.6,0.15581,0,1.9513,0.71703,0,0,0.13028,0,0,0,0.13124,0,0,0,0,0
62,261,32.968,34.534,2621.6,0.022631,0,0,0,0,0,28.135,0,0,0,0.072463,0,0,0,0,0
62,261,32.968,34.534,2621.6,0.013872,0,0,0,0.094637,0,0,0,0,0,18.985,0,0,0,0,0
62,261,32.968,34.534,2621.6,4.3542,0,0,0,0,0,0,0,0,0,0.072463,0,0,0,0,0
62,261,32.968,34.534,2621.6,0,0,0,0.021906,0,0,0,0,0,0.91947,0.17276,0,0,0,0,0
62,261,32.968,34.534,2621.6,0,0,0,0,0,0,0,0,0,0,0.49973,0,0,0,0,0
62,261,32.968,34.534,2621.6,1.022,0,0.015023,0.006456,0,0,0,0,0,0,0.072463,0,0,0,0,0
62,261,32.968,34.534,2621.6,0.02506,0,0,0,0.005411,0,0,0,0,0,0.13226,0,0,0,0,0
62,261,32.968,34.534,2621.6,1.3271,0,0,0,0,0,0,0,0,0,2.1206,0,0,0,0,1.2087
62,261,32.968,34.534,2621.6,3.5422,0,0,0,9.5551,0,0,0,0,0,0.13394,0,0,0,0,0
62,261,32.968,34.534,2621.6,0.011627,0,0,0,0,0.088182,0,0,0,0,0.18601,0,0,0,0,0
62,261,32.968,34.534,2621.6,0.010507,0,0,0.021906,0.055725,0,0,0,0,0,0.086791,0,0,0,0,0
62,261,32.968,34.534,2621.6,0,0,0,0,0,0,0,0,0,0,0.37335,0,0,0,0,0
62,261,32.968,34.534,2621.6,0,0,0,0,0,0,0,0,0,0,1.2836,0,0,0,0,0
62,261,32.968,34.534,2621.6,0,0,0,0,0,0.85832,0.13028,0,0,0,0.072463,0,0,0,0,0
62,261,32.968,34.534,2621.6,0,0,0,12.721,0,0.001463,0,0,0,0,18.07,0,0,0,0,0
62,261,32.968,34.534,2621.6,0,0,0,0.008335,0,0,0.008333,0,0,0,0.33594,0,0,0,0,0
62,261,32.968,34.534,2621.6,0,0,0,0,0,0,0,0,0,0,2.9142,0,0,0,0,0
62,261,32.968,34.534,2621.6,14.691,0,0.005219,0,0,0,0,0,0,0,4.8911,0,0,0,0,0
62,261,32.968,34.534,2621.6,0.02506,0,0,0,0,0,0,0,0,0,0.072463,0,0,0,0,0
62,261,32.968,34.534,2621.6,1.5484,0,0,0,0,0,0,0,0,0,7.8571,0,0,0,0,0
62,261,32.968,34.534,2621.6,1.3895,0,0,0,0,0,0,0,0,0,0.072463,0,0,0,0,0
62,261,32.968,34.534,2621.6,0,0,0,0,0,0.013684,0,0,0,0,0.23007,0,0,0,0,0
62,261,32.968,34.534,2621.6,0.14365,0,0,0,0,0,0.67053,0,0,0,0.086791,0,0,0,0,0
62,261,32.968,34.534,2621.6,1.4983,0,0,0,6.5041,0,0.80873,0,0,0,0.072463,0,0,0,0,0
62,261,32.968,34.534,2621.6,0,0,0,0,0,0,0,0,0,0,0.13348,0,0,0,0,0
62,261,32.968,34.534,2621.6,0,0,0,0,0,0,0,0,0,0,0.094364,0,0,0,0,0
62,261,32.968,34.534,2621.6,0.007328,0,0.3245,0,0,0,0,0,0,0,2.1592,0,0,0,0,0
62,261,32.968,34.534,2621.6,0.014229,0,0,0.013049,0,6.5726,0,0,0,0,0.25106,0,0,0,0,0
62,261,32.968,34.534,2621.6,0.002998,0,0,0,0,0,2.4766,0,0,0,0.072463,0,0,0,0,0
62,261,32.968,34.534,2621.6,0.059062,0,0,0,0.001309,0,0.13028,0,0,0,5.1015,0,0,0,0,0
62,261,32.968,34.534,2621.6,0.0065058,0,0,0.000716,0.042446,0,0.13028,0,0,0,1.2458,0,0,0,0,0
62,261,32.968,34.534,2621.6,0.014948,0,0,0,0,0,0,0,0,0,0.072463,0,0,0,0,0
62,261,32.968,34.534,2621.6,0.035175,0,0,0.049199,0,0,0,0,0,0,0.11545,0,0,0,0,0
62,261,32.968,34.534,2621.6,0,0,0,0,0,0.79321,0,0,0,0,0.072463,0,0,0,0,0
62,261,32.968,34.534,2621.6,0,0,0,0,0,0,0.67053,0,0,0,0.94482,0,0,0,0,0
62,261,32.968,34.534,2621.6,0.10792,0,0,0.0067502,0,0,0,0,0,0,18.07,0,0,0,0,0
62,261,32.968,34.534,2621.6,0,0,0,0.005239,0,0,0,0,0,0,0.072463,0,0,0,0,0
62,261,32.968,34.534,2621.6,8.0087,0,0,0,0,0,0,0,0,0,0.072463,0,0,0,0,0
62,261,32.968,34.534,2621.6,0.20337,0,0,0,0,0,0,0,0,0,0.072463,0,0,0,0,0
62,261,32.968,34.534,2621.6,0.02912,0,0,0,0,0,0,0,0,0,6.1183,0,0,0,0,0
62,261,32.968,34.534,2621.6,0.008567,0,0,0,0,0,0,0,0,0,0.64921,0,0,0,0,0
62,261,32.968,34.534,2621.6,0.008402,0,0.41108,0,0,0,0,0,0,0,26.814,0,0,0,0,0
62,261,32.968,34.534,2621.6,0,0,0,0,0,0,12.066,0,0,0,0.37335,0,0,0,0,0
62,261,32.968,34.534,2621.6,0,0,0,0,0,0.79425,0,0,0,0,0.072463,0,0,0,0,0
62,261,32.968,34.534,2621.6,0.022631,0,0,0,0,0,0,0,0,0,8.6117,0,0,0,0,0
62,261,32.968,34.534,2621.6,0,0,0,0.49605,0,1.2917,0.13028,0,0,0,4.7802,0,0,0,0,0
62,261,32.968,34.534,2621.6,3.0601,0,0,0,3.1286,1.2917,0,0,0,0,6.6447,0,0,0,0,0
62,261,32.968,34.534,2621.6,0.23042,0,0,0,0,0,0,0,0,0,2.3236,0,0,0,0,0
62,261,32.968,34.534,2621.6,4.4705,0,0,0,0,0.86913,0,0,0,8.5959,0.072463,0,0,0,0,0
62,261,32.968,34.534,2621.6,0.13495,0,0,0,1.5594,0,0,0,0,0.65812,1.5411,0,0,0,0,0
62,261,32.968,34.534,2621.6,0,0,0,0.12242,0,0,8.2001,0,0,0,0.072463,0,0,0,0,0
62,261,32.968,34.534,2621.6,0,0,0,0,0,0.004345,0,0,0,0,0.072463,0,0,0,0,0
62,261,32.968,34.534,2621.6,0.008567,0,5.4532,0,0,0.030958,1.4676,0,0,0,4.2561,0,0,0,0,0
62,261,32.968,34.534,2621.6,0.0055919,0,0,0,0,0.000234,0,0,0,0,3.1286,0,0,0,0,0
62,261,32.968,34.534,2621.6,0.12346,0,0,0,0,7.7207,0.10863,0,0,5.6716,0.072463,0,0,0,0,0
62,261,32.968,34.534,2621.6,0.43482,0,0,0.008333,0,0,0,0,0,0,20.478,0,0,0,0,0
62,261,32.968,34.534,2621.6,0,0,1.1335,0,0.005692,0,0,0,0,0,2.6063,0,0,0,0,0
62,261,32.968,34.534,2621.6,0.087821,0,0,0,0,0,0,0,0,0,0.13302,0,0,0,0,0
62,261,32.968,34.534,2621.6,0.027974,0,0,0,5.2355,0,0,0,0,0,0.072463,0,0,0,0,0
62,261,32.968,34.534,2621.6,0.15085,0,0,0.021741,0,0,0,0,0,0,3.5283,0,0,0,0,0
62,261,32.968,34.534,2621.6,0.074682,0,0,0,0,0.001434,0,0,0,0,0.56922,0,0,0,0,0
62,261,32.968,34.534,2621.6,1.9374,0,0,0,0,0,0.42744,0,0,0,8.2778,0,0,0,0,0
62,261,32.968,34.534,2621.6,0.2861,0,0,0.0083405,0,0,0,0,0,0,1.1451,0,0,0,0,0
62,261,32.968,34.534,2621.6,0.003932,0,0,3.3159,0,0,0,0,0,0,0.70288,0,0,0,0,0
62,261,32.968,34.534,2621.6,0.50894,0,0,0,0,0,0.13028,0,0,0,3.5283,0,0,0,0,0
62,261,32.968,34.534,2621.6,0.006644,0,0,0,0,0.0071918,0.13028,0,0,0,3.4411,0,0,0,0,0
62,261,32.968,34.534,2621.6,14.691,0,0,0,0,0,0.40452,0,0,0,5.8591,0,0,0,0,0
62,261,32.968,34.534,2621.6,0,0,0,0.17925,0,0,0,0,0,0,9.2109,0,0,0,0,0
62,261,32.968,34.534,2621.6,0.001436,0,2.6161,1.2709,0,0,0,0,0,0,0.072463,0,0,0,0,0
62,261,32.968,34.534,2621.6,0.79641,0,0,0,0,0,0,0,0,0,0.21574,0,0,0,0,0
62,261,32.968,34.534,2621.6,0.21064,0,0,0,0,0,18.465,0,0,0,0.072463,0,0,0,0,0
62,261,32.968,34.534,2621.6,2.6765,0,0,0,0,0,0,0,0,0,2.1206,0,0,0,0,0
62,261,32.968,34.534,2621.6,0.01814,0,0,0,0,0,27.353,0,0,1.0167,1.7918,0,0,0,0,0
62,261,32.968,34.534,2621.6,6.9953,0,0,0,0,0.79321,0,0,0,0,0.072463,0,0,0,0,0
62,261,32.968,34.534,2621.6,1.0971,0,0.27042,0,0,0,0,0,0,0,0.3625,0,0,0,0,0
62,261,32.968,34.534,2621.6,0.032917,0,0,0,0,0,0,0,0,0,0.072463,0,0,0,0,0
62,261,32.968,34.534,2621.6,0,0,0,0.10063,0,0,0.13028,0,0,0,6.7491,0,0,0,0,0
62,261,32.968,34.534,2621.6,0.001192,0,0,0,0,0,0,0,0,0,0.072463,0,0,0,0,0
62,261,32.968,34.534,2621.6,0,0,0,0,0.00524,0.00524,0,0,0,1.0245,14.637,0,0,0,0,0
62,261,32.968,34.534,2621.6,0,0,0,0,0,0,0,0,0,0.18355,0.072463,0,0,0,0,0
62,261,32.968,34.534,2621.6,3.5888,0,0,0.00524,0,0.79321,0,0,0,0,3.1383,0,0,0,0,0
62,261,32.968,34.534,2621.6,0,0,0,0,0,0,0,0,0,0,0.072463,0,0,0,0,0
62,261,32.968,34.534,2621.6,0.46683,0,0,0.000234,0,0,0,0,0,0,10.802,0,0,0,0,0
62,261,32.968,34.534,2621.6,0.037248,0,0,0.00524,0,0,0,0,0,0,0.67805,0,0,0,0,0
62,261,32.968,34.534,2621.6,0.011015,0,0,0,0,0,0.10863,0,0,0,14.386,0,0,0,0,0
62,261,32.968,34.534,2621.6,0,0,0,0,0,0,0,0,0,0,0.67805,0,0,0,0,0
62,261,32.968,34.534,2621.6,5.0722,0,0,0,0,0.030958,0,0,0,0,0.13782,0,0,0,0,0
62,261,32.968,34.534,2621.6,0,0,0,1.2149,0,0,0,0,0,0,0.072463,0,0,0,0,0
62,261,32.968,34.534,2621.6,0.033827,0,0,0,0,0,0,0,0,0,31.837,0,0,0,0,0
62,261,32.968,34.534,2621.6,0.19151,0,0,0,0,0,0,0,0,0,0.13679,0,0,0,0,0
62,261,32.968,34.534,2621.6,0.21392,0,0,0,0,0,13.709,0,0,0,0.072463,0,0,0,0,0
62,261,32.968,34.534,2621.6,0,0,0,0,0,1.1051,0,1.6958,0,0,0.072463,0,0,0,0,0
62,261,32.968,34.534,2621.6,2.6765,0,0,0.007148,0,0,0,0,0,0,4.2705,0,0,0,0,0
62,261,32.968,34.534,2621.6,0.0098678,0,0,0,0,0,0,0,0,0,6.7491,0,0,0,0,0
62,261,32.968,34.534,2621.6,4.4488,0,0,0,0,0,0,0,0,0,0.5281,0,0,0,0,0
62,261,32.968,34.534,2621.6,2.7866,0,0.016263,0,0,0,0,0,0,0,11.921,0,0,0,0,0
62,261,32.968,34.534,2621.6,0,0,0,0,0,0,0,0,0,0,1.5788,0,0,0,0,0
62,261,32.968,34.534,2621.6,0,0,4.7534,0,0,4.3171,0,0,0,0.65812,2.1206,0,0,0,0,0
62,261,32.968,34.534,2621.6,0,0,0,0,0,0,0,0,0,0,0.49027,0,0,0,0,0
62,261,32.968,34.534,2621.6,11.342,0,0,0,0,0.001267,0,0,0,0.056957,0.37729,0,0,0,0,0
62,261,32.968,34.534,2621.6,7.95e-05,0,0,0,0,0,0,0,0,0,1.7457,0,0,0,0,0
62,261,32.968,34.534,2621.6,3.3912,0,0.099271,0,0,0,11.006,0,0,0,0.072463,0,0,0,0,0
62,261,32.968,34.534,2621.6,0.044491,0,0,0,0,0,5.6355,0,0,0,0.072463,0,0,0,0,0
62,261,32.968,34.534,2621.6,3.4882,0,0,0.086736,0,0,17.762,0,0,0,0.072463,0,0,0,0,0
62,261,32.968,34.534,2621.6,0.7609,0,0,0,0,0,0,0,0,0,0.072463,0,0,0,0,0
62,261,32.968,34.534,2621.6,0.20198,0,0,0,0,0,0,0,0,0,0.072463,0,0,0,0,0
62,261,32.968,34.534,2621.6,0.030564,0,0,0,0,0,0,0,0,0,0.072463,0,0,0,0,0
62,261,32.968,34.534,2621.6,0.010235,0,0,0,0,0,0,0,0,0,0.086791,0,0,0,0,0
62,261,32.968,34.534,2621.6,0,0,0,0,0,0,0.13028,0,0,0,0.60404,0,0,0,0,0
62,261,32.968,34.534,2621.6,0.008333,0,0,0,0,0,0,0,0,0,0.47694,0,0,0,0,0
62,261,32.968,34.534,2621.6,4.2442,0,0,0.058428,0,0,0,0,0,0,0.072463,0,0,0,0,0
62,261,32.968,34.534,2621.6,0.076734,0,0,0.003822,0,0,0,0,0,0,0.5281,0,0,0,0,1.2087
62,261,32.968,34.534,2621.6,0.0058918,0,0,0,0,0,0,0,0,0,0.7142,0,0,0,0,0
62,261,32.968,34.534,2621.6,0,0,0,0,0,0,0,0,0,0,0.072463,0,0,0,0,0
62,261,32.968,34.534,2621.6,0.008333,0,0,0.12491,0,0,1.7382,0,0,0,0.072463,0,0,0,0,1.8994
62,261,32.968,34.534,2621.6,0.51403,0,0,0,0,0,0,0,0,0,0.072463,0,0,0,0,0
62,261,32.968,34.534,2621.6,0,0,0,0.68805,0,0,0,0,0,0,1.6541,0,0,0,0,1.554
62,261,32.968,34.534,2621.6,0.025446,0,0,0,0,0,0.10863,0,0,0,1.7918,0,0,0,0,0.86336
62,261,32.968,34.534,2621.6,4.2054,0,0,0.000716,0,0,0,0,0,0,0.75049,0,0,0,0,4.6621
62,261,32.968,34.534,2621.6,0.058471,0,0,0,0,0,0,0,0,0,0.072463,0,0,0,0,0.86336
62,261,32.968,34.534,2621.6,0.013872,0,0,0,0.002139,0,0.093171,0,0,0,0.072463,0,0,0,0,2.9354
62,261,32.968,34.534,2621.6,0,0,0,0,0,0,0,0,0,0,2.0951,0,0,0,0,0
62,261,32.968,34.534,2621.6,0.013572,0,0,0,0,0,0,0,0,29.351,0.072463,0,0,0,0,0
62,261,32.968,34.534,2621.6,0,0,0.008333,0,0,0,0,0,0,0,0.75049,0,0,0,0,0
62,261,32.968,34.534,2621.6,0,0,0,0.012881,0,0,0,0,0,4.212,0.61033,0,0,0,0,0
62,261,32.968,34.534,2621.6,0.046654,0,0,0.005239,0,0,0,0,0,0,0.072463,0,0,0,0,0
62,261,32.968,34.534,2621.6,0,0,0.064479,0,0,0,16.762,0,0,0,0.20357,0,0,0,0,0
62,261,32.968,34.534,2621.6,0.011426,0,0,1.4008,0,0,0,0,0,0,0.072463,0,0,0,0,0
62,261,32.968,34.534,2621.6,0.072327,0,0,0.0209,0,0,0,0,0,0,0.072463,0,0,0,0,0
62,261,32.968,34.534,2621.6,0.0062716,0,0,0,0,0,0,0,0,0,0.13598,0,0,0,0,0
62,261,32.968,34.534,2621.6,8.818,0,0,0,0,0,0,0,0,0,8.6612,0,0,0,0,0
62,261,32.968,34.534,2621.6,0,0,16.168,0,0,0,0,0,0,0,0.072463,0,0,0,0,0
62,261,32.968,34.534,2621.6,0.028317,0,0,0,0,0,0,0,0,1.9819,5.5039,0,0,0,0,0
62,261,32.968,34.534,2621.6,2.038,0,0,0,0,0,0.10863,0,0,0,0.072463,0,0,0,0,0
62,261,32.968,34.534,2621.6,0,0,0,0,0,0,0,0,0,0,0.072463,0,0,0,0,0
62,261,32.968,34.534,2621.6,0.024709,0,0,0.026943,0,0,0,0,0,0,0.072463,0,0,0,0,0
62,261,32.968,34.534,2621.6,0.090543,0,0,0,0,0,0,0,0,0,0.63867,0,0,0,0,0
62,261,32.968,34.534,2621.6,2.1129,0,0,0,0,0.79321,0,0,0,0,10.802,0,0,0,0,0
62,261,32.968,34.534,2621.6,0.008335,0,0,0.008333,0,0,0,0,0,1.9819,0.072463,0,0,0,0,0
62,261,32.968,34.534,2621.6,0.15897,0,0,0,0,0.005239,0.13028,0,0,0,0.072463,0,0,0,0,0
62,261,32.968,34.534,2621.6,0.79972,0,0,0,0,3.4113,0,0,0,0,14.187,0,0,0,0,0
62,261,32.968,34.534,2621.6,0.007221,0,0,0,0,0,0,0,0,0,0.072463,0,0,0,0,0
62,261,32.968,34.534,2621.6,0.0093951,0,0,0,0,0,0.13028,0,0,0,4.9522,0,0,0,0,0
62,261,32.968,34.534,2621.6,0.086638,0,0,0.085993,0,0,0,0,0,0,0.072463,0,0,0,0,0
62,261,32.968,34.534,2621.6,0.1285,0,0,0,0.002068,0,1.8779,0,0,0,0.88914,0,0,0,0,0
62,261,32.968,34.534,2621.6,1.4262,0,0,15.364,0,0.79685,0.10863,0,0,0,0.072463,0,0,0,0,0
62,261,32.968,34.534,2621.6,0.19151,0,0,0,0.003821,0,0.59876,0,0,1.2479,0.072463,0,0,0,0,0
62,261,32.968,34.534,2621.6,1.7901,0,0,0.021737,0,0,0,0,0,0,0.072463,0,0,0,0,0
62,261,32.968,34.534,2621.6,0.00387,0,0,0.001669,0.008335,0.80274,0,0,0,0,2.139,0,0,0,0,0
62,261,32.968,34.534,2621.6,0,0,0,0.002031,0,0,0,0,0,0,0.072463,0,0,0,0,0
62,261,32.968,34.534,2621.6,0,0,0,0,0,0,0,0,0,0,0.072463,0,0,0,0,0
62,261,32.968,34.534,2621.6,0,0,0,0,0.0062156,0,0,0,0,0,0.072463,0,0,0,0,0
62,261,32.968,34.534,2621.6,0.0058918,0,0,0,0,0,0,0,0,1.057,1.208,0,0,0,0,0
62,261,32.968,34.534,2621.6,0.019253,0,0,0.1328,0,0,0,0,0,0,0.134,0,0,0,0,0
62,261,32.968,34.534,2621.6,0.008333,0,0,0.021586,0,0,0,0.00524,0,0,0.82163,0,0,0,0,0
62,261,32.968,34.534,2621.6,0,0,0,0,0,0.016666,0,0,0,0,5.101,0,0,0,0,0
62,261,32.968,34.534,2621.6,0.87441,0,0,0,0,0,0,0,0,0,0.072463,0,0,0,0,0
62,261,32.968,34.534,2621.6,0.013573,0,0,0,0,0,0,0,0,0,0.072463,0,0,0,0,0
62,261,32.968,34.534,2621.6,0.003118,0,0,0,0,0,0,0,0,0,0.5196,0,0,0,0,0
62,261,32.968,34.534,2621.6,0,0,0,0,0,0.003173,0,0.008335,0,0,0.13054,0,0,0,0,0
62,261,32.968,34.534,2621.6,0.095794,0,0,0.031413,0.001205,0,1.8139,0.037541,0,0,0.072463,0,0,0,0,0
62,261,32.968,34.534,2621.6,0,0,0,0,0,0,0.008333,0,0,0,1.2482,0,0,0,0,0
62,261,32.968,34.534,2621.6,1.5338,0,0,0,0,0,0,0,0,0,0.072463,0,0,0,0,0
62,261,32.968,34.534,2621.6,0.004371,0,0,0.005239,0,2.1018,0,0,0,0,0.072463,0,0,0,0,1.554
62,261,32.968,34.534,2621.6,0,0,0,0,0,0,0,0,0,0,0.086791,0,0,0,0,0
62,261,32.968,34.534,2621.6,0.000254,0,0,0,0,0,0,0,0,0,0.072463,0,0,0,0,0.51801
62,261,32.968,34.534,2621.6,0,0,0,0.00524,0,0,0,0,0,0,7.6506,0,0,0,0,0
62,261,32.968,34.534,2621.6,8.8035,0,0.27232,0.022416,0,0,0,0,0,0,12.122,0,0,0,0,0
62,261,32.968,34.534,2621.6,0.075794,0,0,0,0.27312,0,23.562,0,0,0,0.13055,0,0,0,0,0
62,261,32.968,34.534,2621.6,0.031139,0,0,0,0,0,0,0,0,0,0.072463,0,0,0,0,0
62,261,32.968,34.534,2621.6,0.19151,0,0.20312,0.000739,0.35532,0,0.13028,0,0,0,0.17276,0,0,0,0,1.8994
62,261,32.968,34.534,2621.6,0,0,0,0,0,0,0,0,0,0,1.0543,0,0,0,0,0
62,261,32.968,34.534,2621.6,0,0,0,0.005239,0,0,0,0,0,0,6.9105,0,0,0,0,0
62,261,32.968,34.534,2621.6,0,0,0,0,0,0,0,0,0,0,4.5096,0,0,0,0,0
62,261,32.968,34.534,2621.6,0.001205,0,0,0.65091,0.031484,0,0.13028,0,0,0,5.3297,0,0,0,0,0
62,261,32.968,34.534,2621.6,0.027507,0,0,0.01618,0,0,0.60778,0,0,0.27721,1.0611,0,0,0,0,0
62,261,32.968,34.534,2621.6,0.008333,0,0,0,0,0.016666,0,0,0,0,0.072463,0,0,0,0,0
62,261,32.968,34.534,2621.6,0.010699,0,0,0,0,0,0,0,0,0,0.072463,0,0,0,0,0
62,261,32.968,34.534,2621.6,0,0,0,0,0,0,0.093171,0,0,0,0.12893,0,0,0,0,0
62,261,32.968,34.534,2621.6,0.008335,0,0,0,0,2.235,0,0,0,0,0.072463,0,0,0,0,0
62,261,32.968,34.534,2621.6,0.02106,0,0,0,0,0,0,0,0,1.808,2.4056,0,0,0,0,0
62,261,32.968,34.534,2621.6,0,0,0,0,0.49981,0.79685,0,0,0,0,0.072463,0,0,0,0,0
62,261,32.968,34.534,2621.6,0.0083355,0,0.13738,0,0,0,0,0,0,0,16.495,0,0,0,0,0
62,261,32.968,34.534,2621.6,0,0,0,0,0,0,0,0,0,0,9.4141,0,0,0,0,0
62,261,32.968,34.534,2621.6,0,0,0,0.0092606,0,0,0.021726,0,0,0,3.2549,0,0,0,0,0
62,261,32.968,34.534,2621.6,0.71409,0,0,29.729,0,0,0,0,0,0,0.072463,0,0,0,0,0
62,261,32.968,34.534,2621.6,0.018052,0,0,0.001434,2.5197,0.005411,0.13028,0,0,0,14.637,0,0,0,0,0
62,261,32.968,34.534,2621.6,0.011131,0,0,0.008333,0,0,25.113,0,0,0,0.13598,0,0,0,0,0
62,261,32.968,34.534,2621.6,0.027296,0,2.9089,0,0,0,0,0,0,0.76777,0.072463,0,0,0,0,0
62,261,32.968,34.534,2621.6,0.001009,0,0,0,0,0,0,0,0,0,27.869,0,0,0,0,0
62,261,32.968,34.534,2621.6,0,0,0,0,0,4.5986,0.008333,0,0,0,0.072463,0,0,0,0,0
62,261,32.968,34.534,2621.6,31.76,0,0,0.008333,0.20313,0,0,0,0,0,0.41633,0,0,0,0,0
62,261,32.968,34.534,2621.6,0,0,0,0,0,1.3611,0,0,0,0,11.262,0,0,0,0,0
62,261,32.968,34.534,2621.6,0,0,0,12.721,0,0,0,0,0,0,0.58253,0,0,0,0,0
62,261,32.968,34.534,2621.6,0.15427,0,0,0,0.0091095,0.000376,0,0,0,0,0.072463,0,0,0,0,0
62,261,32.968,34.534,2621.6,0.51403,0,0,0,0,0.79321,0,0,0,0,1.2458,0,0,0,0,0
62,261,32.968,34.534,2621.6,0.0067502,0,0,0.008343,0,0,0,0,0,0,14.637,0,0,0,0,0
62,261,32.968,34.534,2621.6,0.013573,0,0,0,0,0,0,0,0,0,0.072463,0,0,0,0,0
62,261,32.968,34.534,2621.6,0.87441,0,0,0,11.896,0,0,0,0,0,1.4049,0,0,0,0,1.2087
62,261,32.968,34.534,2621.6,1.3552,0,0,0,0.007328,0,0,0,0,0.76777,0.072463,0,0,0,0,0
62,261,32.968,34.534,2621.6,1.022,0,0,0.089334,0,0.001267,0,0,0,0,5.955,0,0,0,0,0
62,261,32.968,34.534,2621.6,3.3912,0,0,7.1399,0,0,0.42744,0,0,0,0.34469,0,0,0,0,0
62,261,32.968,34.534,2621.6,0.22056,0,0,0,0,0,0,0.01121,0,0,0.072463,0,0,0,0,0
62,261,32.968,34.534,2621.6,0.78022,0,0,0.002011,0,0.36611,0,0,0,0,14.637,0,0,0,0,2.9354
62,261,32.968,34.534,2621.6,0.035175,0,0,0,0,0,0,0,0,0,0.072463,0,0,0,0,0
62,261,32.968,34.534,2621.6,10.245,0,0,1.0674,0,1.3611,0,0,0,0,5.5313,0,0,0,0,0
62,261,32.968,34.534,2621.6,0,0,0,0,0,0,0,0,0,0,0.072463,0,0,0,0,0
62,261,32.968,34.534,2621.6,0,0,0,0,0,0,0,0,0,1.0139,0.072463,0,0,0,0,0
62,261,32.968,34.534,2621.6,7.1486,0,0,0,0,0.021067,0,0,0,0.65812,2.4222,0,0,0,0,0
62,261,32.968,34.534,2621.6,1.9374,0,0,0.008333,2.5808,0,0,0,0,0,5.2662,0,0,0,0,0
62,261,32.968,34.534,2621.6,0.010235,0,0,0,0,0,0,0,0,0,33.814,0,0,0,0,0
62,261,32.968,34.534,2621.6,0.21492,0,0,0,0,0,28.135,0,0,0,4.8911,0,0,0,0,0
62,261,32.968,34.534,2621.6,0.005239,0,0,0,0,0,0,0,0,0,0.072463,0,0,0,0,0
62,261,32.968,34.534,2621.6,0,0,0,0,0,0.85136,0.13028,0,0,0,3.1948,0,0,0,0,0
62,261,32.968,34.534,2621.6,2.6765,0,0,0.046298,0,0.79774,0,0,0,0,0.51662,0,0,0,0,0
62,261,32.968,34.534,2621.6,0.96353,0,0,0,0,0,0,0,0,0,0.072463,0,0,0,0,0
62,261,32.968,34.534,2621.6,0.91028,0,0,0,0,0,0,0,0,0,0.072463,0,0,0,0,0
62,261,32.968,34.534,2621.6,0.21982,0,0,0,0,0,0,0,0,0,0.64921,0,0,0,0,0
62,261,32.968,34.534,2621.6,3.2644,0,0,0,0,0,0,0,0,0,2.4056,0,0,0,0,0
62,261,32.968,34.534,2621.6,0.0053435,0,0,0,0,0,0,0,0,0,0.072463,0,0,0,0,0
62,261,32.968,34.534,2621.6,0.002195,0,0,0,0,0,0,0,0,0,0.12844,0,0,0,0,2.9354
62,261,32.968,34.534,2621.6,0.34658,0,0,0.023986,1.082,1.3611,14.302,0,0,0,0.27752,0,0,0,0,0
62,261,32.968,34.534,2621.6,0.008333,0,0,0,0,0,0,0,0,0,0.14852,0,0,0,0,0
62,261,32.968,34.534,2621.6,0.02506,0,0,0,0,0,0,0,0,0,26.705,0,0,0,0,0
62,261,32.968,34.534,2621.6,0.011015,0,0,0.008343,0,0,0,0,0,0,0.072463,0,0,0,0,2.5901
62,261,32.968,34.534,2621.6,0,0,0,0,0,0,0,0,0,0,0.94645,0,0,0,0,0
62,261,32.968,34.534,2621.6,0.008333,0,0,0,0,0,0,0,0,0,0.13054,0,0,0,0,1.2087
62,261,32.968,34.534,2621.6,0.018891,0,0,0,0.003346,0,0,0,0,0,0.072463,0,0,0,0,0
62,261,32.968,34.534,2621.6,0.019253,0,0,0,0,0,0,0,0,0,10.802,0,0,0,0,0
62,261,32.968,34.534,2621.6,0.0062716,0,0,0,0,0,0,0,0,0,12.205,0,0,0,0,0
62,261,32.968,34.534,2621.6,0.0009755,0,2.6609,0,0.020942,0.86102,0.59876,0,0,0,2.3013,0,0,0,0,0
62,261,32.968,34.534,2621.6,0.0088426,0,0,0,0,0,0,0,0,0,1.7918,0,0,0,0,0
62,261,32.968,34.534,2621.6,0,0,0,0,0,0.79774,0,0,0,0,3.4411,0,0,0,0,0.086336
62,261,32.968,34.534,2621.6,0.10392,0,0,0.11161,0,0,0,0,0,0,0.072463,0,0,0,0,0
62,261,32.968,34.534,2621.6,5.6517,0,0,0,0,0,9.3278,0,0,0,0.072463,0,0,0,0,0
62,261,32.968,34.534,2621.6,0.011941,0,0,0,0,0.013573,0,0,0,0,21.049,0,0,0,0,0
62,261,32.968,34.534,2621.6,2.7866,0,0,0,0,0,0,0,0,0,3.2962,0,0,0,0,0
62,261,32.968,34.534,2621.6,0,0,0.25872,0,0,0.00014,0.13028,0,0,0,7.2745,0,0,0,0,0
62,261,32.968,34.534,2621.6,0.0072505,0,0,0,0,0,30.454,0,0,0,0.072463,0,0,0,0,0
62,261,32.968,34.534,2621.6,0.050303,0,0,0,0,0,0,0,0,1.7327,0.072463,0,0,0,0,0
62,261,32.968,34.534,2621.6,9.1607,0,0,3.7016,0.37482,0,0,0,0,0,20.948,0,0,0,0,0
62,261,32.968,34.534,2621.6,0,0,0,0,0,0,0,0,0,0,5.7025,0,0,0,0,0
62,261,32.968,34.534,2621.6,0.008333,0,0,0,0,0.79321,0,0,0,0,12.207,0,0,0,0,0
62,261,32.968,34.534,2621.6,0.096515,0,0,0,0,0,0,0,0,16.378,1.6706,0,0,0,0,0
62,261,32.968,34.534,2621.6,1.5338,0,0,0.008332,0,0,0,0,0,0,17.924,0,0,0,0,0.086336
62,261,32.968,34.534,2621.6,0.013572,0,0,0,0,0.86102,0,0,0,9.1622,8.6612,0,0,0,0,0
62,261,32.968,34.534,2621.6,0.021906,0,0.44492,0,0,0,0,0,0,0,0.086791,0,0,0,0,0
62,261,32.968,34.534,2621.6,4.2054,0,0,0,0.088175,0,0,0,0,0,0.072463,0,0,0,0,0
62,261,32.968,34.534,2621.6,3.1501,0,0,0,0,0,0,0,0,0,1.3227,0,0,0,0,0
62,261,32.968,34.534,2621.6,0.016666,0,0.0099285,0.021586,0,0.0060315,0,0.00052,0,19.403,3.7338,0,0,0,0,0
62,261,32.968,34.534,2621.6,4.5806,0,0,0,0,0.00524,0,0,0,0,0.13348,0,0,0,0,0
62,261,32.968,34.534,2621.6,0.014662,0,0,0,0,0,5.6355,0,0,0.72035,5.1015,0,0,0,0,0
62,261,32.968,34.534,2621.6,0,0,0,0,0,0,0,0,0,0,0.072463,0,0,0,0,0
62,261,32.968,34.534,2621.6,0,0,0,0,0,0,0,0,0,0,0.072463,0,0,0,0,0
62,261,32.968,34.534,2621.6,3.4882,0,0.12172,0.00524,0,0,26.911,0,0,0,0.072463,0,0,0,0,0
62,261,32.968,34.534,2621.6,0.052552,0,0,0,0,0,0,0,0,0.8932,4.9652,0,0,0,0,0
62,261,32.968,34.534,2621.6,0.22056,0,0,0,0,0,7.7093,0,0,0,0.48881,0,0,0,0,2.5901
62,261,32.968,34.534,2621.6,0.053917,0,0,0.00524,0,0.0071261,0,0,0,0,26.307,0,0,0,0,0
62,261,32.968,34.534,2621.6,0.023372,0,0,0,0,0,0,0,0,0,10.89,0,0,0,0,0
62,261,32.968,34.534,2621.6,0,0,0,0,0,0.52156,0,0,0,0,6.6447,0,0,0,0,0
62,261,32.968,34.534,2621.6,0.00824,0,0,0,0,0,0,0,0,0,0.072463,0,0,0,0,0
62,261,32.968,34.534,2621.6,0.005411,0,0.3726,0,0,0,0,0,0,0,0.072463,0,0,0,0,0
62,261,32.968,34.534,2621.6,0.002139,0,0,0,0,0,0,0,0,0,4.5096,0,0,0,0,0
62,261,32.968,34.534,2621.6,0.0097855,0,0,0.0083675,0,0,0,0,0,1.5079,0.072463,0,0,0,0,0.86336
62,261,32.968,34.534,2621.6,0.078597,0,0,0,0.026723,0,0,0,0,0,0.56072,0,0,0,0,0
62,261,32.968,34.534,2621.6,0.013572,0,0,0,0,2.5011,0,0,0,0,5.5428,0,0,0,0,0
62,261,32.968,34.534,2621.6,0.022631,0,0,0.008333,0,0,7.7093,0,0,0,2.0951,0,0,0,0,0
62,261,32.968,34.534,2621.6,0.010804,0,0,0,0,0,0,0,0,0,3.4986,0,0,0,0,0
62,261,32.968,34.534,2621.6,0.23802,0,0,0,0,0,0,0,0,0,3.9998,0,0,0,0,0
62,261,32.968,34.534,2621.6,0.15581,0,0,0.067402,0,0,0,0,0,0,0.91404,0,0,0,0,0
62,261,32.968,34.534,2621.6,3.4562,0,0,0,0,0.0087021,0,0,0,0,2.4073,0,0,0,0,0
62,261,32.968,34.534,2621.6,0,0,0,0,0,0,0,0,0,0,0.13364,0,0,0,0,0
62,261,32.968,34.534,2621.6,0.003346,0,0,0,0,0.005239,0,0,0,0,10.804,0,0,0,0,0
62,261,32.968,34.534,2621.6,0,0,0,0.93265,0,0,1.7382,0,0,0,6.2907,0,0,0,0,0
62,261,32.968,34.534,2621.6,0,0,0,0,2.1972,0,0,0,0,0,0.78303,0,0,0,0,0
62,261,32.968,34.534,2621.6,0,0,0,0,0,0,0.13028,0,0,0,6.8926,0,0,0,0,0
62,261,32.968,34.534,2621.6,0.12441,0,0,0,0,0,0,0,0,0,3.3687,0,0,0,0,0
62,261,32.968,34.534,2621.6,0,0,0,0,0,0.79321,0,0,0,0,0.072463,0,0,0,0,0
62,261,32.968,34.534,2621.6,0.023679,0,0,0,0,0.034569,0,0,0,8.4961,0.072463,0,0,0,0,0.51801
62,261,32.968,34.534,2621.6,0,0,0,0,0,0,0.021726,0,0,0,1.5411,0,0,0,0,0
62,261,32.968,34.534,2621.6,0.008335,0,0.008711,0,0,0,0,0,0,0,12.205,0,0,0,0,0
62,261,32.968,34.534,2621.6,0,0,0,0.034488,0,0.0076587,0,0,0,0,6.8752,0,0,0,0,0
62,261,32.968,34.534,2621.6,2.038,0,0,0,0,0,4.6132,0,0,0,0.77377,0,0,0,0,0
62,261,32.968,34.534,2621.6,0.01698,0,0,0.00524,0,0,0,0,0,0,0.072463,0,0,0,0,0
62,261,32.968,34.534,2621.6,0.011015,0,1.7219,0.49605,0,2.1018,0,0,0,0,0.79939,0,0,0,0,0
62,261,32.968,34.534,2621.6,0.002139,30.064,0,0,0,0.016668,0,0,0,0,0.072463,0,0,0,0,0
62,261,32.968,34.534,2621.6,8.8035,0,0,0,0,5.2472,0,0,0,0,7.0787,0,0,0,0,0
62,261,32.968,34.534,2621.6,0,0,0,0,0,0,0,0,0,0,9.9728,0,0,0,0,0
62,261,32.968,34.534,2621.6,0.00021,0,0,0,0,0,0.13028,0,0,0,0.072463,0,0,0,0,0.086336
62,261,32.968,34.534,2621.6,0.94326,0,0,3.7881,0,0,0,0,0,0.4212,0.072463,0,0,0,0,0
62,261,32.968,34.534,2621.6,0,0,0,0.00524,0,0,0,0,0,0.72035,1.2458,0,0,0,0,0
62,261,32.968,34.534,2621.6,1.5074,0,0,0.003822,0,0,10.987,0,0,0,0.072463,0,0,0,0,0
62,261,32.968,34.534,2621.6,0.25547,0,0,0,0.011461,0.0071261,0,0,0,0,2.5972,0,0,0,0,0
62,261,32.968,34.534,2621.6,0.00315,0,0,0,0,0,0,0,0,0,0.17677,0,0,0,0,0
62,261,32.968,34.534,2621.6,0.0067817,0,0,0,0,0,0.40452,0,0,0,0.13198,0,0,0,0,0
62,261,32.968,34.534,2621.6,0.010479,0,0,0.015553,0,0,0,0,0,0,1.2836,0,0,0,0,0
62,261,32.968,34.534,2621.6,0.96353,0,0,0,0,0,0,0,0,0,0.072463,0,0,0,0,0
62,261,32.968,34.534,2621.6,0.008333,0,0,0,0,0,0,0,0,7.8617,20.1,0,0,0,0,0
62,261,32.968,34.534,2621.6,0,0,0.008473,0.32821,0,0,19.421,0,0,0,6.1183,0,0,0,0,0
62,261,32.968,34.534,2621.6,0.008567,0,0,0,0,0,0,0,0,0,0.12949,0,0,0,0,0
62,261,32.968,34.534,2621.6,0,0,0,0.0056,0,0,0,0,0,0,0.42312,0,0,0,0,0
62,261,32.968,34.534,2621.6,0.006644,0,0,0,0,0,0,0,0,0,0.072463,0,0,0,0,0
62,261,32.968,34.534,2621.6,0.013285,0,0,0,0,0,0,0,0,0,0.49027,0,0,0,0,0
62,261,32.968,34.534,2621.6,1.4262,0,0,0,0,0.005769,0,0.010479,0,0,1.9852,0,0,0,0,0
62,261,32.968,34.534,2621.6,0.0053435,0,0,0,0,0.52156,25.566,0,0,0,0.072463,0,0,0,0,0
62,261,32.968,34.534,2621.6,4.9404,0,0,0,0,0.003173,0,0,0,0,0.13302,0,0,0,0,0
62,261,32.968,34.534,2621.6,1.0971,0,0,0,0,0,0,0,0,0,1.9775,0,0,0,0,0
62,261,32.968,34.534,2621.6,0.20793,0,0,0,0,0,0,0,0,0,8.2965,0,0,0,0,0
62,261,32.968,34.534,2621.6,0.12623,0,0,0,0,0,0,0,0,0,1.7918,0,0,0,0,0
62,261,32.968,34.534,2621.6,0,0,0,0,0,0,0,0,0,0,1.8818,0,0,0,0,0
62,261,32.968,34.534,2621.6,3.4838,0,0,0,0,0,0,0,0,0,0.50053,0,0,0,0,0
62,261,32.968,34.534,2621.6,2.3451,0,0,0,1.5594,0,0,0,0,0,0.072463,0,0,0,0,0
62,261,32.968,34.534,2621.6,0,0,0,0,0,0,0,0,0,0,2.3236,0,0,0,0,0
62,261,32.968,34.534,2621.6,0.53125,0.00014,0,0,0,0,0,0,0,1.0245,0.15843,0,0,0,0,0
62,261,32.968,34.534,2621.6,0.19461,0,0,0.17278,0,0,0,0,0,0,0.13394,0,0,0,0,0.51801
62,261,32.968,34.534,2621.6,0.00829,0,0,0,0,0,0,0,0,0,0.24539,0,0,0,0,0
62,261,32.968,34.534,2621.6,0.79972,0,0,0,0,0,0,0,0,0.72035,0.072463,0,0,0,0,0
62,261,32.968,34.534,2621.6,30.903,0,0,0,0,0,0.13028,0,0,0,0.072463,0,0,0,0,0
62,261,32.968,34.534,2621.6,0.014948,0,0,0,0,0,0,0,0,8.5959,0.3625,0,0,0,0,0
62,261,32.968,34.534,2621.6,0.00545,0,0,0,0,0,0,0,0,0,4.0874,0,0,0,0,0
62,261,32.968,34.534,2621.6,0,0,0,0,0,0,0,0,0,0.21027,0.94482,0,0,0,0,1.2087
62,261,32.968,34.534,2621.6,0,0,0,0.007984,0,0,27.146,0,0,0,6.4445,0,0,0,0,0
62,261,32.968,34.534,2621.6,0.60166,0,0.61387,0.000172,0,0,0,0,0,0,0.11545,0,0,0,0,0
62,261,32.968,34.534,2621.6,0.22411,0,0,0,0,0,0,0,0,1.1822,0.072463,0,0,0,0,0
62,261,32.968,34.534,2621.6,0.53631,0,0,0,0,0,0.002308,0,0,0,2.1586,0,0,0,0,0
62,261,32.968,34.534,2621.6,0.019543,0,0,0,0,0,0.13028,8.9067,0,0,18.672,0,0,0,0,0
62,261,32.968,34.534,2621.6,0,0,0,0.00036,0,0.00524,0,0,0,0,1.9064,0,0,0,0,0
62,261,32.968,34.534,2621.6,0.00387,0,0,0,0,1.3611,0,0,0,0,20.1,0,0,0,0,0
62,261,32.968,34.534,2621.6,0,0,0,0,0,0.81745,0,0,0,0,0.13329,0,0,0,0,0
62,261,32.968,34.534,2621.6,0.033746,0,5e-06,0,0,0,12.413,0,0,0,0.072463,0,0,0,0,0.51801
62,261,32.968,34.534,2621.6,0.23802,0,0,0,0,0,0,0,0,0,6.11,0,0,0,0,0
62,261,32.968,34.534,2621.6,0.020276,0,0,0,0,0,0,0,0,0,0.072463,0,0,0,0,0
62,261,32.968,34.534,2621.6,0.001009,0,0,0,0,0,0.008333,0,0,0,0.48889,0,0,0,0,0
62,261,32.968,34.534,2621.6,0.01121,0,0,0.008333,0,0.79321,0,0,0,0,0.072463,0,0,0,0,0
62,261,32.968,34.534,2621.6,7.1486,0,0,0,0,0.79321,0,0,0,0,3.0356,0,0,0,0,0
62,261,32.968,34.534,2621.6,0.0058918,0,0,0,0.002139,0,0.59876,0,0,0,0.56339,0,0,0,0,0
62,261,32.968,34.534,2621.6,0.010235,0,0,0,0,0,14.302,0,0,0,0.072463,0,0,0,0,0
62,261,32.968,34.534,2621.6,0.008333,0,0,0.021905,0,0,0,0,0,0,0.33767,0,0,0,0,0
62,261,32.968,34.534,2621.6,0.003538,0,0,0,0,0,0,0,0,0,1.7918,0,0,0,0,0
62,261,32.968,34.534,2621.6,0.014554,0,0,0,0,4.3171,0,0,0,0,27.869,0,0,0,0,0.86336
62,261,32.968,34.534,2621.6,0.067604,0,0,0.008333,0,0.003538,0.13028,0,0,0,2.2044,0,0,0,0,0
62,261,32.968,34.534,2621.6,0.016666,0,0,0.002031,0.00524,0,0,0,0,0,0.3228,0,0,0,0,0
62,261,32.968,34.534,2621.6,0.017176,0,0,4.3987,0,0,1.8139,0,0,0,18.07,0,0,0,0,0
62,261,32.968,34.534,2621.6,10.716,0,0.3812,0,0,0,0,0,0,0,3.1383,0,0,0,0,0
62,261,32.968,34.534,2621.6,0.61115,0,0,8.1748,0,0,0,0,0,0.72035,0.072463,0,0,0,0,0
62,261,32.968,34.534,2621.6,0,0,0,3.6299,0,0.002031,0,0,0,0,1.2836,0,0,0,0,0
62,261,32.968,34.534,2621.6,0.006701,0,0,0,0,0,0,0,0,0,0.072463,0,0,0,0,0
62,261,32.968,34.534,2621.6,0.015988,0,0,0.31618,0,0,0,0,0,0,2.0031,0,0,0,0,7.4249
62,261,32.968,34.534,2621.6,0,0,0,0,0,0.82893,0,0,0,0,3.1243,0,0,0,0,0
62,261,32.968,34.534,2621.6,0,0,0,0,0,0,0,0,0,0,1.9064,0,0,0,0,0
62,261,32.968,34.534,2621.6,0.45297,0,0,0,0,0,0.60778,0,0,9.1622,0.13054,0,0,0,0,0
62,261,32.968,34.534,2621.6,0.002195,0,0,0.003538,0,0,12.413,0.007328,0,0,20.478,0,0,0,0,0.086336
62,261,32.968,34.534,2621.6,0,0,0,0.00524,0,0,0,0,0,0,0.072463,0,0,0,0,0
62,261,32.968,34.534,2621.6,0,0,0,0,0,0,0,0,0,0,0.072463,0,0,0,0,0
62,261,32.968,34.534,2621.6,4.1132,0,0,0.00524,15.493,0.00524,0,0,0,0,1.1456,0,0,0,0,0
62,261,32.968,34.534,2621.6,0.0071224,0,2.0606,0,0.0055384,0,3.1285,0,0,8.0476,0.43066,0,0,0,0,0
62,261,32.968,34.534,2621.6,0.001493,0,0,0,0,0,0,0,0,1.5859,0.072463,0,0,0,0,0
62,261,32.968,34.534,2621.6,0.001192,0,0,0.2645,0,0,12.547,0,0,0,0.072463,0,0,0,0,0
62,261,32.968,34.534,2621.6,0.070183,0,0,0,3.203,0,0.59876,0,0,0,1.2954,0,0,0,0,0
62,261,32.968,34.534,2621.6,2.726,0,0,3.8542,0,0,0,0,0,0,1.2954,0,0,0,0,0
62,261,32.968,34.534,2621.6,0.000234,0,0,0,0.0067502,0,0,0,0,0,1.8818,0,0,0,0,1.554
62,261,32.968,34.534,2621.6,0,0,0,0,0,0,0.13028,0,0,0,0.072463,0,0,0,0,0
62,261,32.968,34.534,2621.6,0.13041,0,0,0.061064,0,0,0,0,0,0,0.072463,0,0,0,0,0
62,261,32.968,34.534,2621.6,13.455,0,0,0,0,0,0,0,0,0,0.18601,0,0,0,0,0
62,261,32.968,34.534,2621.6,0.033827,0,0,0.008333,0,0,0,0,0,0,0.072463,0,0,0,0,0
62,261,32.968,34.534,2621.6,0.009021,0,0,0,0,0,0,0,0,0,0.072463,0,0,0,0,0
62,261,32.968,34.534,2621.6,0.23042,0,0,0,0,0.43969,0.13028,0,0,0,0.13348,0,0,0,0,0
62,261,32.968,34.534,2621.6,0,0,29.931,0,0,0,0.80873,0.013573,0,0,1.2836,0,0,0,0,0
62,261,32.968,34.534,2621.6,0,0,0,0,0,0,0,0,0,1.0139,2.1592,0,0,0,0,0
62,261,32.968,34.534,2621.6,0.008333,0,0,6.3498,0,0,0,0,0,0,0.072463,0,0,0,0,0
62,261,32.968,34.534,2621.6,0.080627,0,0,0,0,0,0.13028,0,0,0,4.2848,0,0,0,0,0
62,261,32.968,34.534,2621.6,0,0,0,0,0,0,0,0,0,0.21027,24.201,0,0,0,0,0
62,261,32.968,34.534,2621.6,0,0,0,2.0984,0,0,20.424,0,0,0,0.086791,0,0,0,0,0
62,261,32.968,34.534,2621.6,0,0,2.2174,0,0,0,0,0,0,0,0.072463,0,0,0,0,0
62,261,32.968,34.534,2621.6,0,0,0,0.000234,0,0,0,0,0,0,13.397,0,0,0,0,0
62,261,32.968,34.534,2621.6,0.031198,0,0,0,0,0,0,0,0,0,5.8934,0,0,0,0,0
62,261,32.968,34.534,2621.6,0.002344,0,0,0,0,0,0,0,0,0,0.072463,0,0,0,0,2.9354
62,261,32.968,34.534,2621.6,0.018811,0,0,0,0,0,0,0,0,0,0.072463,0,0,0,0,0
62,261,32.968,34.534,2621.6,0.013064,0,0,0,0,0,0.021726,0,0,0.63421,0.072463,0,0,0,0,0
62,261,32.968,34.534,2621.6,0.081766,0,0,0.010061,0,0,0,0,0,0,0.3228,0,0,0,0,0
62,261,32.968,34.534,2621.6,1.6324,0,0,0,0,0,0,0,0,1.7327,2.4241,0,0,0,0,0
62,261,32.968,34.534,2621.6,33.192,0,0,0,0,0,0,0,0,0,0.072463,0,0,0,0,0
62,261,32.968,34.534,2621.6,0.0068531,0,0,0,0,0,0,0,0,0,1.0181,0,0,0,0,0
63,262,19.136,95.601,7257.5,0.008333,0,0,0.048275,0,0,65.907,0,0,0,2.1063,0,0,0,0,3.346
63,262,19.136,95.601,7257.5,0.01781,0,0,0,0,0,17.348,0,0,0,0.83183,0,0,0,0,0
63,262,19.136,95.601,7257.5,0.003416,0,0,0,0,0,0,0,0,0,0.072463,0,0,0,0,0
63,262,19.136,95.601,7257.5,0.027507,0,0,0,0,0.75839,0,0,0,0,2.4222,0,0,0,0,0
63,262,19.136,95.601,7257.5,0,0,0,0,0,0,0,0,0,0,0.1331,0,0,0,0,0
63,262,19.136,95.601,7257.5,0.85591,0,0,0,0,0,0,0,0,0.27721,0.072463,0,0,0,0,0
63,262,19.136,95.601,7257.5,0.09235,0,0,0,0,0,0,0,0,0,0.086791,0,0,0,27.184,0
63,262,19.136,95.601,7257.5,0,0,0,0,6.0506,0,0.60778,0,0,0,0.072463,0,0,0,0,0
63,262,19.136,95.601,7257.5,0,0,0,1.2709,0,0,0,0,0,0.8932,3.7338,0,0,0,0,0
63,262,19.136,95.601,7257.5,0,0,0,0,0.006456,0,0,0,0,0,0.072463,0,0,0,0,0
63,262,19.136,95.601,7257.5,0.17985,0,0,0,0,0,0,0,0,0,4.8911,0,0,0,0,0
63,262,19.136,95.601,7257.5,0.061305,0,0,0,0,0,0,0,0,19.403,0.14852,0,0,0,0,0
63,262,19.136,95.601,7257.5,0.020998,0,0,0,0,0,0,0,0,0,0.13302,0,0,0,0,0
63,262,19.136,95.601,7257.5,7.2282,0,0,0,0,3.4113,0,0,0,0,0.072463,0,0,0,0,0
63,262,19.136,95.601,7257.5,0,0,0,11.848,0.48635,0,0,0,0,0,0.072463,0,0,0,0,0
63,262,19.136,95.601,7257.5,1.8473,0,0,0,0,0.31447,0,0,0,0,12.291,0,0,0,0,0
63,262,19.136,95.601,7257.5,0,0,0,0,9.5551,0,0.60778,0,0,1.1822,7.6506,0,0,0,0,0
63,262,19.136,95.601,7257.5,0.005411,0,0,0.00524,0,0,0,0,0,0,0.43066,0,0,0,0,0
63,262,19.136,95.601,7257.5,2.2569,0,0,10.845,0,0.0058398,0,0,0,0,9.0272,0,0,0,0,0
63,262,19.136,95.601,7257.5,0.45297,0,0,0,0,13.972,18.746,0,0,0,0.13679,0,0,0,0,0
63,262,19.136,95.601,7257.5,0.008333,0,0,0,0.25768,0,0,0,0,0,0.072463,0,0,0,0,0
63,262,19.136,95.601,7257.5,0.008333,0,0,0,0.010122,0,0,0,0,1.164,0.072463,0,0,0,0,0
63,262,19.136,95.601,7257.5,20.062,0,0,5.1505,0,0,0,0,0,0,24.201,0,0,0,0,0
63,262,19.136,95.601,7257.5,0,0,0,0.007328,0,0,0,0,0,0,0.072463,0,0,0,0,0
63,262,19.136,95.601,7257.5,0.014338,0,0,0,0,0,24.831,0,0,0,0.13056,0,0,0,0,0
63,262,19.136,95.601,7257.5,0.041493,0,0,0,0,0,0,0,0,0,2.9171,0,0,0,0,0
63,262,19.136,95.601,7257.5,0.0098678,0,0,0.00524,0,0,0,0,0,0,1.0663,0,0,0,0,0
63,262,19.136,95.601,7257.5,0,0,0,0,0,0,0,0,0,0,1.6706,0,0,0,0,0
63,262,19.136,95.601,7257.5,0.00524,0,0,0,0,0,0,0,0,1.164,21.937,0,0,0,0,0
63,262,19.136,95.601,7257.5,0.000251,0,2.0606,0,0,0,0,0,0,0,0.072463,0,0,0,0,0
63,262,19.136,95.601,7257.5,32.783,0,0.18735,0,0,0,0,0,0,0,0.072463,0,0,0,0,0
63,262,19.136,95.601,7257.5,0,0,0,0,0,0,0,0,0,0,0.072463,0,0,0,0,0
63,262,19.136,95.601,7257.5,0.008333,0,0,0,0,0,0.40452,0,0,0,20.534,0,0,0,0,0
63,262,19.136,95.601,7257.5,0.25547,0,0,0,0,0,0,0,0,0,6.0336,0,0,0,0,0
63,262,19.136,95.601,7257.5,0.016666,0,0,0,0,0.21503,0,0,0,0,0.13615,0,0,0,0,1.434
63,262,19.136,95.601,7257.5,0,0,0,0,0,0,0,0,0,7.6506,0.13922,0,0,0,0,0
63,262,19.136,95.601,7257.5,0.000716,0,0,0,0,0,0,0,0,0.65812,2.7374,0,0,0,0,0
63,262,19.136,95.601,7257.5,0,0,0,0,0,0,0.67927,0,0,0,0.14411,0,0,0,0,0
63,262,19.136,95.601,7257.5,0,0,0,0,0,0,0,0,0,0.44682,0.072463,0,0,0,0,0
63,262,19.136,95.601,7257.5,0.089863,0,0,0.65091,0,0,0.13028,0,0,0,4.2705,0,0,0,0,0
63,262,19.136,95.601,7257.5,0,0,0,0,0,0.00052,24.831,0,0,0,0.1337,0,0,0,0,0
63,262,19.136,95.601,7257.5,0.01814,0,0,0,0,0,0,0,0,0,0.072463,0,0,0,0,0
63,262,19.136,95.601,7257.5,4.1132,0,0,0.008417,0,0,0,0,0,0,0.81487,0,0,0,0,0
63,262,19.136,95.601,7257.5,0.072327,0,0,0,0,0,0,0,0,0,0.56072,0,0,0,0,0
63,262,19.136,95.601,7257.5,0.0053435,0,0,0.47815,0,0,0,0,0,0,0.072463,0,0,0,0,0
63,262,19.136,95.601,7257.5,0.2089,0,0,0,0,0,0,0,0,0,0.072463,0,0,0,0,0
63,262,19.136,95.601,7257.5,0.001292,0,0,0.82696,0,0.79425,0,0,0,0,0.072463,0,0,0,0,0
63,262,19.136,95.601,7257.5,0,0,0,0,0,0,0,0,0,0,0.072463,0,0,0,0,0
63,262,19.136,95.601,7257.5,0.0088426,0,0,0,0,0,0,0,0,0,29.357,0,0,0,0,0
63,262,19.136,95.601,7257.5,3.4882,0,0,0,0,0,0,0,0,0,2.0031,0,0,0,0,0
63,262,19.136,95.601,7257.5,0.58388,0,0,0,0,0,0,0,0,0,0.072463,0,0,0,0,0
63,262,19.136,95.601,7257.5,0.004143,0,0,0.00524,0,0,0,0,0,9.1622,0.15843,0,0,0,0,0
63,262,19.136,95.601,7257.5,0.13495,0,0,0,0,0,0,0,0,0,13.426,0,0,0,0,0
63,262,19.136,95.601,7257.5,0.092063,0,0,0,0,0,0,0,0,0,1.4049,0,0,0,0,0
63,262,19.136,95.601,7257.5,3.2089,0,0,0,0,0.13029,0,0,0,0,0.13353,0,0,0,0,0
63,262,19.136,95.601,7257.5,0.05624,0,0,0,0,0,0,0,0,0,0.072463,0,0,0,0,0
63,262,19.136,95.601,7257.5,0.026861,0,0,0,0,0.005202,0,0,0,0,0.072463,0,0,0,0,0
63,262,19.136,95.601,7257.5,0,0,0,0,0,0.79546,0.13028,0,0,0,25.166,0,0,0,0,0
63,262,19.136,95.601,7257.5,0.098373,0,0,0,0,0,0,0,0,0,2.6155,0,0,0,0,0
63,262,19.136,95.601,7257.5,0.052552,0,0,0,0,0,0,0,0,0,0.24539,0,0,0,0,0
63,262,19.136,95.601,7257.5,0,0,0,0.14847,0,0,0,0,0,0,0.072463,0,0,0,0,0
63,262,19.136,95.601,7257.5,0,0,4.7534,0,4.1991,0,0,0,0,0,0.1331,0,0,0,0,0
63,262,19.136,95.601,7257.5,0.011131,0,0,0,0,0,0,0,0,0,0.086791,0,0,0,0,0
63,262,19.136,95.601,7257.5,3.0601,0,0,0,0,0,44.417,0,0,0,0.072463,0,0,0,0,0
63,262,19.136,95.601,7257.5,0,0,0,0,0,0,0,0,0,0,0.072463,0,0,0,0,0
63,262,19.136,95.601,7257.5,0.015093,0,3.8438,1.1994,0,0,0.40452,0,0,0,0.072463,0,0,0,0,0
63,262,19.136,95.601,7257.5,0.26453,0,0.016806,0,0,0,0,0,0,0,1.8818,0,0,0,0,0
63,262,19.136,95.601,7257.5,0.001493,0,0,0,0,0,0,0,0,8.5959,0.072463,0,0,0,0,0
63,262,19.136,95.601,7257.5,0.21492,0,0,0,0,0,0,0.002139,0,0,0.12977,0,0,0,0,0
63,262,19.136,95.601,7257.5,0.025974,0,0,4.1125,0,0.80058,0,0,0,0,6.9139,0,0,0,0,0
63,262,19.136,95.601,7257.5,0.008333,0,0,0,0,0,0.13028,0,0,0,0.072463,0,0,0,28.301,0
63,262,19.136,95.601,7257.5,0.88105,0,0,0,0,0,0,0,0,0,1.7395,0,0,0,0,0
63,262,19.136,95.601,7257.5,0.00021,0,0,0.6763,0.000251,0,0,0,0,0,2.1206,0,0,0,0,0
63,262,19.136,95.601,7257.5,0.20198,0,0,0,0,0.14687,0,0,0,0,1.2836,0,0,0,0,0
63,262,19.136,95.601,7257.5,0,0,0,0,0,0,0,0,0,0,0.49027,0,0,0,0,0
63,262,19.136,95.601,7257.5,0,0,0,2.7423,0,0,0,0,0,0,0.072463,0,0,0,0,0
63,262,19.136,95.601,7257.5,0.01272,0,0,0.008333,0,8.1338,12.547,0,0,5.7231,13.397,0,0,0,0,0
63,262,19.136,95.601,7257.5,0.010507,0,0,0,0,0,0.13028,0,0,0,31.829,0,0,0,0,0
63,262,19.136,95.601,7257.5,0.011526,0,0,0.71118,0,18.806,0.13028,0,0,0,0.12949,0,0,0,0,0
63,262,19.136,95.601,7257.5,47.895,0,0,0.001434,0,0,0,0,0,0,0.072463,0,0,0,0,0
63,262,19.136,95.601,7257.5,0.00829,0,0,0,0,0,0,0,0,0,0.51741,0,0,0,0,0
63,262,19.136,95.601,7257.5,0.037248,0,0,0,0,0,0.059897,0,0,0,0.13302,0,0,0,0,0
63,262,19.136,95.601,7257.5,0,0,0,0,0,0,0.13028,0,0,0,0.072463,0,0,0,0,0
63,262,19.136,95.601,7257.5,0.23779,0,0,0,0,0,7.7093,0.005769,0,0,12.415,0,0,0,0,0
63,262,19.136,95.601,7257.5,0.12316,0,0,0,0,0,0,0,0,0,0.072463,0,0,0,0,0
63,262,19.136,95.601,7257.5,0.008333,0,0,0,0,0.85311,0,0,0,0,13.437,0,0,0,0,0
63,262,19.136,95.601,7257.5,0.070183,0,0,0,0,0.021067,0,0,0,0,0.072463,0,0,0,0,0
63,262,19.136,95.601,7257.5,0.10094,0,0,0,0,0,0,0,0,0,3.5168,0,0,0,0,0
63,262,19.136,95.601,7257.5,0.29308,0,0,0,0,0,0,0,0,0,0.67805,0,0,0,0,0
63,262,19.136,95.601,7257.5,0.06877,0,0,0,0,0,0,0,0,0,5.1015,0,0,0,0,0
63,262,19.136,95.601,7257.5,6.6077,0,0,12.163,0,0,0,0,0,0,0.072463,0,0,0,0,0
63,262,19.136,95.601,7257.5,1.6324,0,0,0,0,0,0,0,0,1.5851,0.32655,0,0,0,0,0
63,262,19.136,95.601,7257.5,0.0062716,0,0,0,0,0,0,0,0,0,0.072463,0,0,0,0,0
63,262,19.136,95.601,7257.5,0.00524,0,0,0,0,0,0,0,0,0,0.13782,0,0,0,0,0
63,262,19.136,95.601,7257.5,0.0094073,0,0,0,0.00524,0,0,0,0,1.164,0.072463,0,0,0,0,0
63,262,19.136,95.601,7257.5,0.29308,0,0,0,0,0,11.006,0.00524,0,0,0.072463,0,0,0,0,0
63,262,19.136,95.601,7257.5,0,0,0,0,0,0,0,0,0,0,0.13039,0,0,0,0,0
63,262,19.136,95.601,7257.5,0.13174,0,0,0,0.22749,0,0,0,0,0,0.072463,0,0,0,0,0
63,262,19.136,95.601,7257.5,0.012524,0,0,0,0,0,0,0,0,0,0.072463,0,0,0,0,0
63,262,19.136,95.601,7257.5,13.999,0,0,0,0,0,0,0,0,0,0.072463,0,0,0,0,0
63,262,19.136,95.601,7257.5,0.008333,0,0,0,0,0,0,0,0,0,1.2679,0,0,0,0,0
63,262,19.136,95.601,7257.5,3.2644,0,0,0,0,0,0,0,0,0,6.8752,0,0,0,0,0
63,262,19.136,95.601,7257.5,0.011015,0,0,2.9553,0,0,0,0,0,0,0.072463,0,0,0,0,0
63,262,19.136,95.601,7257.5,0,0,0,0.008333,0,0,3.635,0,0,0,31.522,0,0,0,0,0
63,262,19.136,95.601,7257.5,0,0,0,0.16395,0,0,0,0.02966,0,0,0.14411,0,0,0,0,0
63,262,19.136,95.601,7257.5,0.000376,0,0,0,0,0,0,0,0,0,9.38,0,0,0,0,0
63,262,19.136,95.601,7257.5,0.022262,0,0,0,0,0,0,0,0,0,3.1948,0,0,0,0,0
63,262,19.136,95.601,7257.5,0,0,0,10.613,0,0.000376,0,0,0,16.378,2.2044,0,0,0,0,0
63,262,19.136,95.601,7257.5,0.005714,0,0,0,0,0.79926,0,0,0,1.5859,72.134,0,0,0,0,0
63,262,19.136,95.601,7257.5,0.011627,0,0,0,0,0,19.421,0,0,0,0.32655,0,0,0,0,0
63,262,19.136,95.601,7257.5,0,0,0,0,0,0,0,0,0,0,0.086791,0,0,0,0,0
63,262,19.136,95.601,7257.5,0,0,0,0,0,0,0,0,0,0,3.5398,0,0,0,0,0
63,262,19.136,95.601,7257.5,0.0067312,0,0,0,0,0,5.6045,0,0,0,0.072463,0,0,0,0,0
63,262,19.136,95.601,7257.5,0.79972,0,0,0,0,0.8491,0,0,0,0,0.61033,0,0,0,0,0
63,262,19.136,95.601,7257.5,0.98059,0,0,0,0,0,0,0,0,0,27.424,0,0,0,0,0
63,262,19.136,95.601,7257.5,1.1024,0,0,0.001669,0,0,0,0,0,0,0.71652,0,0,0,0,0
63,262,19.136,95.601,7257.5,0,0,0,0,0,0,0,0,0,0,0.38768,0,0,0,0,0
63,262,19.136,95.601,7257.5,0.022379,0,0,13.274,0,0,0,0,0,0,7.6006,0,0,0,0,0
63,262,19.136,95.601,7257.5,0.085073,0,0,0,0,0.082908,0,0,0,0,2.5252,0,0,0,0,0
63,262,19.136,95.601,7257.5,0.1169,0,0,0,0,0,0,0,0,0,0.13353,0,0,0,0,0
63,262,19.136,95.601,7257.5,0,0,0,0.000688,0,0,12.271,0,0,0,5.0181,0,0,0,0,0
63,262,19.136,95.601,7257.5,12.644,0,0,0,0,0,0.13028,0,0,0,0.072463,0,0,0,0,0
63,262,19.136,95.601,7257.5,0,0,0,0,0,0,0,0,0,0,0.402,0,0,0,0,0
63,262,19.136,95.601,7257.5,0.0083355,0,0,0,0,0,0,0,0,0,0.13329,0,0,0,0,0
63,262,19.136,95.601,7257.5,0.25407,0,0,0,0,0,0,0,0,0,0.072463,0,0,0,0,0
63,262,19.136,95.601,7257.5,0.0024845,0,0,0,0,0,0,0,0,0,31.416,0,0,0,0,0
63,262,19.136,95.601,7257.5,0.022995,0,0,0,0,0,0,0,0,0,0.63695,0,0,0,0,0
63,262,19.136,95.601,7257.5,0.34658,0,0,0,0,0,0,0,0,0,0.072463,0,0,0,0,0
63,262,19.136,95.601,7257.5,0.71409,0,0,0,0,0,0,0,0,0,0.072463,0,0,0,0,0
63,262,19.136,95.601,7257.5,1.5956,0,0,0,2.5197,0.83487,0,0,0,0,2.3219,0,0,0,0,0
63,262,19.136,95.601,7257.5,0.003295,0,0,0.005769,0,0.010513,0,0,0,0,9.38,0,0,0,0,0
63,262,19.136,95.601,7257.5,30.903,0,0,0,0,0,0,0,0,0,5.3297,0,0,0,0,0
63,262,19.136,95.601,7257.5,0.050303,0,0,0.14398,0,7.0118,0,0,0,0,0.49027,0,0,0,0,0
63,262,19.136,95.601,7257.5,9.3645,0,0,0,0,0,0,0,0,9.1622,13.2,0,0,0,0,0
63,262,19.136,95.601,7257.5,0,0,0,0,0,0,0.13028,0,0,0.73557,17.634,0,0,0,0,0
63,262,19.136,95.601,7257.5,0,0,0,0,0,0,0.59876,0,0,0,4.0845,0,0,0,0,0
63,262,19.136,95.601,7257.5,0.090543,0,0,3.5392,0,0.00387,0,0,0,0,3.9028,0,0,0,0,0
63,262,19.136,95.601,7257.5,0.007697,0,0,0,0,0,0,0,0,1.057,0.072463,0,0,0,0,0
63,262,19.136,95.601,7257.5,1.3271,0,0,0,0,0,0,0,0,0,11.921,0,0,0,0,0
63,262,19.136,95.601,7257.5,9.3645,0,0,0,0,0.030958,1.4676,0,0,0,0.072463,0,0,0,0,0
63,262,19.136,95.601,7257.5,0.005239,0,0,0,0,0,0,0,0,0,0.072463,0,0,0,0,0
63,262,19.136,95.601,7257.5,0.011683,0,0,6.6114,0,0,0,0,0,0,0.072463,0,0,0,0,0
63,262,19.136,95.601,7257.5,0.008334,0,0,0,0,0,0,0,0,0,3.4221,0,0,0,0,0
63,262,19.136,95.601,7257.5,2.8971,0,0,0,0,0,0,0,0,0,4.2561,0,0,0,0,0
63,262,19.136,95.601,7257.5,0,0,5.3283,0.106,0,0,0,0,0,0.14685,0.13598,0,0,0,0,0
63,262,19.136,95.601,7257.5,0,0,0,0,0,0,0.60778,0,0,0,7.0787,0,0,0,0,0
63,262,19.136,95.601,7257.5,3.6309,0,0,0,0,0.005239,0,0,0,0,12.122,0,0,0,0,0
63,262,19.136,95.601,7257.5,0,0,0,0.00524,0,0,0,0,0,0,0.18601,0,0,0,0,0.239
63,262,19.136,95.601,7257.5,0.041493,0,0,0,0,0,0,0,0,0,12.122,0,0,0,0,0
63,262,19.136,95.601,7257.5,0,0,0,0,0.00524,0,0,0,0,0,0.072463,0,0,0,0,0
63,262,19.136,95.601,7257.5,0,0,0,0,0.003538,0,0,0,0,0,7.5422,0,0,0,0,0
63,262,19.136,95.601,7257.5,0,0,0,0,0,0.003127,0,0,0,0,4.729,0,0,0,0,0
63,262,19.136,95.601,7257.5,0.042855,0,0,0,0,0,0,0,0,1.0167,5.7131,0,0,0,0,0
63,262,19.136,95.601,7257.5,0.015329,0,0,0,0,0,0,0,0,0,0.98417,0,0,0,0,0
63,262,19.136,95.601,7257.5,0.51403,0,0,0,0,0,0,0,0,0,2.3459,0,0,0,0,0
63,262,19.136,95.601,7257.5,0.008534,0,0,0,0.008333,0,0,0,0,0,0.072463,0,0,0,0,0
63,262,19.136,95.601,7257.5,0,0,0,0,0,0,0,0,0,0,0.29757,0,0,0,0,0
63,262,19.136,95.601,7257.5,0.003416,0,0,0,0,0.79321,4.6132,0,0,0,37.282,0,0,0,0,0
63,262,19.136,95.601,7257.5,0.072327,0,0,0,0,0,0,0,0,2.6253,2.192,0,0,0,0,0
63,262,19.136,95.601,7257.5,0.037792,0,0,0,0,0,0.60778,0,0,0,0.086791,0,0,0,0,0
63,262,19.136,95.601,7257.5,0,0,0,0.049009,0,0,0,0,0,18.081,1.8818,0,0,0,0,0
63,262,19.136,95.601,7257.5,0.0071766,0,0,0,0,0,0,0,0,0,0.072463,0,0,0,0,0
63,262,19.136,95.601,7257.5,33.192,0,0,0,0,0,0,0,0,0,2.1586,0,0,0,0,0
63,262,19.136,95.601,7257.5,0,0,0,0,0,0,28.515,0,0,1.0167,9.9728,0,0,0,0,0
63,262,19.136,95.601,7257.5,0.0068531,0,0,0,0,0,0,0.0072565,0,0,0.072463,0,0,0,0,0
63,262,19.136,95.601,7257.5,0.004371,0,0,0,0,0,0,0,0,0,2.4569,0,0,0,0,0
63,262,19.136,95.601,7257.5,31.76,0,0,0,0,7.0118,0.13028,0,0,0,0.072463,0,0,0,0,0
63,262,19.136,95.601,7257.5,0.13174,0,0,0,0,0,8.8946,0,0,0,0.072463,0,0,0,0,0
63,262,19.136,95.601,7257.5,8.1e-05,0,0,0,0,0.0069482,0.59876,0,0,0,0.13056,0,0,0,0,0
63,262,19.136,95.601,7257.5,0,0,0,0.008333,0,0,0,0,0,0,9.4141,0,0,0,0,0
63,262,19.136,95.601,7257.5,0.011131,0,0,0,0,0.82492,0,0,0,0,0.50053,0,0,0,0,0
63,262,19.136,95.601,7257.5,0.039607,0,0.21765,0,0,0,0,0,0,0,0.072463,0,0,0,0,0
63,262,19.136,95.601,7257.5,0.010507,0,0,1.3036,0.80611,0,0,0,0,0,0.072463,0,0,0,0,0
63,262,19.136,95.601,7257.5,0,0,0,0,0,0,0,0,0,0.27721,0.072463,0,0,0,0,0
63,262,19.136,95.601,7257.5,0.008335,0,0,0.2645,0,0,0,0,0,0,9.3601,0,0,0,0,0
63,262,19.136,95.601,7257.5,0.85407,0,0,0,0,0,0,0,0,4.212,7.1646,0,0,0,0,0
63,262,19.136,95.601,7257.5,0.0067817,0,0,0,0,0,14.003,0,0,1.0167,2.4999,0,0,0,0,0
63,262,19.136,95.601,7257.5,0.003416,0,0,0,0,0,0,0,0,0,2.3398,0,0,0,0,0
63,262,19.136,95.601,7257.5,4.3542,0,0,26.564,0,0,0.10863,0,0,0,0.24115,0,0,0,0,0
63,262,19.136,95.601,7257.5,0.0088426,0,0,0,0,0,0.59876,0,0,7.6506,0.41236,0,0,0,0,2.39
63,262,19.136,95.601,7257.5,4.4705,0,0,0,0,0,77.672,0,0,0,0.1484,0,0,0,0,0
63,262,19.136,95.601,7257.5,0.013575,0,13.19,0,0,0,0,0,0,0,0.072463,0,0,0,0,0
63,262,19.136,95.601,7257.5,0.01781,0,0,0.067402,0.11186,0,23.562,0,0,0,0.072463,0,0,0,0,0
63,262,19.136,95.601,7257.5,0.00524,0,0,0,0,0,0,0,0,0,4.1559,0,0,0,0,0
63,262,19.136,95.601,7257.5,8.718,0,0,0.002344,0,0,0,0,0,0,0.072463,0,0,0,0,0
63,262,19.136,95.601,7257.5,0.083807,0,0,0.005239,3.7516,0,20.52,0,0,0,0.13055,0,0,0,0,0
63,262,19.136,95.601,7257.5,0.002784,0,0,0,0,0,0,0,0,0,17.924,0,0,0,0,0
63,262,19.136,95.601,7257.5,0.0076281,0,0,0,0,0,0,0,0,0,0.56072,0,0,0,0,0
63,262,19.136,95.601,7257.5,0,0,0,0,0,0,0,0,0,0,7.9623,0,0,0,0,17.686
63,262,19.136,95.601,7257.5,0,0,0.052437,0,0,0.088182,0,0,0,0,6.4921,0,0,0,0,0
63,262,19.136,95.601,7257.5,0,0,0,0,0,0.016668,0,0,0,0,0.14008,0,0,0,0,0
63,262,19.136,95.601,7257.5,0.080966,0,0,0,0,0,0,0,0,0,3.6257,0,0,0,0,0
63,262,19.136,95.601,7257.5,11.942,0,0,0,0,0,0,0,0,0,0.072463,0,0,0,0,0
63,262,19.136,95.601,7257.5,0.001397,0,0,0,0,0,1.8779,0,0,0,0.072463,0,0,0,0,0
63,262,19.136,95.601,7257.5,0.22056,0,0,0,0,0,4.9077,0,0,0,0.072463,0,0,0,0,0
63,262,19.136,95.601,7257.5,0.0095061,0,0,0,0,0,0,0,0,0,4.3915,0,0,0,0,0
63,262,19.136,95.601,7257.5,0.025941,0,0,0,0,0,0,0,0,1.5859,13.16,0,0,0,0,0
63,262,19.136,95.601,7257.5,0.10392,0,0,0,0,0,0.021726,0,0,0.44682,1.7457,0,0,0,0,0
63,262,19.136,95.601,7257.5,0.026894,0,0,0,0,0,0,0,0,1.1822,3.7338,0,0,0,0,0
63,262,19.136,95.601,7257.5,0.61115,0,0,0,0,0,0,0,0,0,1.6541,0,0,0,0,0
63,262,19.136,95.601,7257.5,0.010507,0,0,0,0,0,0.13028,0,0,0,13.755,0,0,0,0,0
63,262,19.136,95.601,7257.5,0,0,0,0,0,0,0,0,0,0,2.4241,0,0,0,0,0
63,262,19.136,95.601,7257.5,0.042855,0,0,0.009689,0,0,0,0,0,0,0.77377,0,0,0,0,3.346
63,262,19.136,95.601,7257.5,0,0,0,0.00524,0,0,0,0,0,0,0.072463,0,0,0,0,0
63,262,19.136,95.601,7257.5,0.075794,0,0,0,0,0,0,0,0,0,0.072463,0,0,0,0,0
63,262,19.136,95.601,7257.5,0.20484,0,0,0.001493,0,0,7.1507,0,0,0,5.0665,0,0,0,0,0
63,262,19.136,95.601,7257.5,0,0,0,0,0,13.972,0,0,0,0,3.4411,0,0,0,0,0
63,262,19.136,95.601,7257.5,0.016666,0,0,0.003901,0,0,0,0,0,0,0.58253,0,0,0,0,0
63,262,19.136,95.601,7257.5,0.061305,0,0,0,0,0,0,0,0,0,0.072463,0,0,0,0,0
63,262,19.136,95.601,7257.5,0,0,0,0.008333,0,0,0,0,0,0,6.0336,0,0,0,0,0
63,262,19.136,95.601,7257.5,0,0,0,0,0,0,0.13028,0,0,0,0.21574,0,0,0,0,0
63,262,19.136,95.601,7257.5,54.094,0,0,0,0,0,0,0,0,0,0.072463,0,0,0,0,0
63,262,19.136,95.601,7257.5,0.88105,0,0,2.6237,0,0,0,0,0,0,0.072463,0,0,0,0,0
63,262,19.136,95.601,7257.5,0.007697,0,0,0.000842,0.008332,0,0,0,0,0,0.072463,0,0,0,0,0
63,262,19.136,95.601,7257.5,0,0,0,0.93265,0,0.82893,0,0,0,0,0.072463,0,0,0,0,0
63,262,19.136,95.601,7257.5,0.016238,0,0,0,0,0,0,0,0,0,31.522,0,0,0,0,0
63,262,19.136,95.601,7257.5,0.014773,0,0,0,0,0.43969,0,0,0,0,0.072463,0,0,0,0,0
63,262,19.136,95.601,7257.5,0.001326,0,0.008333,0,1.7684,0,0,0,0,0,0.12977,0,0,0,0,0
63,262,19.136,95.601,7257.5,0.00824,0,0.00047,23.861,0,0,0,0,0,0,0.3228,0,0,0,0,0
63,262,19.136,95.601,7257.5,0.84484,0,0,2.1765,0,0,0,0,0,0,8.2965,0,0,0,0,0
63,262,19.136,95.601,7257.5,0.008333,0,0,0,0,0,0,0,0,0,0.78303,0,0,0,0,0
63,262,19.136,95.601,7257.5,2.827,0,0,0.005928,2.2325,0,0,0,0,13.788,0.072463,0,0,0,0,0
63,262,19.136,95.601,7257.5,0.017561,0,0,0,0,0,0,0,0,0,0.072463,0,0,0,0,0
63,262,19.136,95.601,7257.5,0.00524,0,0,0,0,0,0,0,0,0,22.109,0,0,0,0,0
63,262,19.136,95.601,7257.5,0.007328,0,0,0,0,0,0,0,0,0,83.699,0,0,0,0,0
63,262,19.136,95.601,7257.5,0,0,0,0,0,0,0.42744,0,0,0,22.109,0,0,0,0,0
63,262,19.136,95.601,7257.5,0,0,0,0,0,0,0,0,0,0,0.072463,0,0,0,0,0
63,262,19.136,95.601,7257.5,0.11856,0,0,0,0,0,0.021726,0,0,0,0.42312,0,0,0,0,0
63,262,19.136,95.601,7257.5,5.3485,0,0,0.000251,0,0,0,0,0,0,0.086791,0,0,0,0,0
63,262,19.136,95.601,7257.5,7.1348,0,0,0,0,0,0,0,0,0,0.072463,0,0,0,0,0
63,262,19.136,95.601,7257.5,0,0,0,12.163,0,0,0,0,0,0,0.072463,0,0,0,0,0
63,262,19.136,95.601,7257.5,2.038,0,3.047,0,0,0,12.547,0,0,0,3.4221,0,0,0,0,0
63,262,19.136,95.601,7257.5,1.8156,0,0,0,0,0,0,0,0,0,9.0272,0,0,0,0,0
63,262,19.136,95.601,7257.5,0,0,0,0,0,0,0,0,0,0,2.6063,0,0,0,0,0
63,262,19.136,95.601,7257.5,14.691,0,0,0,0,0,0,0,0,0.65812,0.072463,0,0,0,0,0
63,262,19.136,95.601,7257.5,2.7866,0,0,0,0,0,0,0,0,0,6.4445,0,0,0,0,0
63,262,19.136,95.601,7257.5,0,0,0,0,0,0,0.13028,0,0,0,3.1286,0,0,0,0,0
63,262,19.136,95.601,7257.5,0,0,0,53.319,0,0,23.562,0,0,0,0.072463,0,0,0,0,0
63,262,19.136,95.601,7257.5,0.028489,0,0,0,0,0,0.13028,0,0,0,0.072463,0,0,0,0,0
63,262,19.136,95.601,7257.5,0,0,0,0.64479,0,0,0,0,0,0,0.072463,0,0,0,0,0
63,262,19.136,95.601,7257.5,0.018891,0,0,0,0,0,0,0,0,0,0.072463,0,0,0,0,0
63,262,19.136,95.601,7257.5,0,0,0,0,0,0,0.13028,0,0,0.76342,0.12913,0,0,0,0,0
63,262,19.136,95.601,7257.5,0.1702,0,0,0.008333,0,0,3.1285,0,0,0,11.262,0,0,0,0,0
63,262,19.136,95.601,7257.5,0,0,0,0,0,0,0,0,0,0,4.2991,0,0,0,0,0
63,262,19.136,95.601,7257.5,0,0,0,0.011301,0,0,0,0,0,0,0.13649,0,0,0,0,0
63,262,19.136,95.601,7257.5,14.236,0,0,0,0,0,0,0,0,0,35.011,0,0,0,0,0
63,262,19.136,95.601,7257.5,0,0,0,0,0,0,0,0,0,0,16.626,0,0,0,0,0
63,262,19.136,95.601,7257.5,0.16029,0,0,0,0,0,0,0,0,0,0.13505,0,0,0,0,0
63,262,19.136,95.601,7257.5,1.0337,0,0,0,0,0,0,0,0,0,2.139,0,0,0,0,0
63,262,19.136,95.601,7257.5,0.005239,0,0,0.45592,0.010842,0,0,0,0,0,0.13234,0,0,0,0,0
63,262,19.136,95.601,7257.5,0.3363,0,0,4.1125,0,0,0,0,0,0,2.9989,0,0,0,0,0
63,262,19.136,95.601,7257.5,0,0,0,0,0,0,0,0,0,0,5.5792,0,0,0,0,0
63,262,19.136,95.601,7257.5,0.005239,0,0,0,0,0,0,0,0,0,0.072463,0,0,0,0,0
63,262,19.136,95.601,7257.5,8.718,0,0,0,0,2.839,0,0,0,0,1.0569,0,0,0,0,0
63,262,19.136,95.601,7257.5,0.13495,0,0,0,0,0,0,0,0,0,26.506,0,0,0,0,0
63,262,19.136,95.601,7257.5,0.51403,0,0,0.72898,13.298,0,0.13028,0,0,0,0.70364,0,0,0,0,0
63,262,19.136,95.601,7257.5,0,0,0,0,3.6718,0,0.13028,0,0,0,0.13056,0,0,0,0,0
63,262,19.136,95.601,7257.5,0,0,0,0,0,0,0.42744,0,0,1.1034,0.21574,0,0,0,0,0
63,262,19.136,95.601,7257.5,1.4738,0,0,0,0,0.82492,10.099,0,0,0,5.0181,0,0,0,0,0
63,262,19.136,95.601,7257.5,7.6985,0,0,0,0,0,80.361,0,0,0,0.072463,0,0,0,0,0
63,262,19.136,95.601,7257.5,0.019253,0,0,0,0,0,0,0,0,0.4212,0.13054,0,0,0,0,0
63,262,19.136,95.601,7257.5,0,0,0,0,0,0.001434,0,0,0,0.44682,0.14026,0,0,0,0,0
63,262,19.136,95.601,7257.5,0,0,0,0,0.010842,0,0,0,0,0,0.26171,0,0,0,0,0
63,262,19.136,95.601,7257.5,0,0,2.2826,0,0,0,0,0,0,0,0.072463,0,0,0,0,5.258
63,262,19.136,95.601,7257.5,0.021906,0,0,0,0,0,0,0,0,0,0.072463,0,0,0,0,3.346
63,262,19.136,95.601,7257.5,0.008335,0,0.005432,0,0,0,44.732,0,0,0,0.072463,0,0,0,0,0
63,262,19.136,95.601,7257.5,0,0,0,0.12491,0.000654,0,0,0,0,0,0.18601,0,0,0,0,2.39
63,262,19.136,95.601,7257.5,27.039,0,0,0.067402,0,0,0,0,0,0,7.2745,0,0,0,0,0
63,262,19.136,95.601,7257.5,0.004143,0,0,0,0,0,30.454,0,0,0,0.072463,0,0,0,0,0
63,262,19.136,95.601,7257.5,0,0,0,0.79052,0,0.80058,0,0,0,0,0.072463,0,0,0,0,0
63,262,19.136,95.601,7257.5,1.4738,0,0,0,0,0,0,0,0,0,0.072463,0,0,0,0,0
63,262,19.136,95.601,7257.5,0.099157,0,0,0.021909,0,0,2.6355,0,0,0,1.7329,0,0,0,0,0
63,262,19.136,95.601,7257.5,1.0082,0,0,0,0,6.4575,0,0,0,0,0.89874,0,0,0,0,0
63,262,19.136,95.601,7257.5,0,0,0,0,0,0,0,0,0,0,2.4241,0,0,0,0,0
63,262,19.136,95.601,7257.5,0.32813,0,0,0,0,0,0,0,0,0,0.13782,0,0,0,0,0
63,262,19.136,95.601,7257.5,0.080627,0,0,0,0,0,0.13028,0,0,0,0.072463,0,0,0,0,0
63,262,19.136,95.601,7257.5,0,0,0,2.6638,0,0,0.002308,0,0,0,0.072463,0,0,0,0,0
63,262,19.136,95.601,7257.5,0.015705,0,0,0,0,1.0245,0,0,0,0,0.9086,0,0,0,0,0
63,262,19.136,95.601,7257.5,0.51874,0,0,0,0,0,0,0,0,0,0.072463,0,0,0,0,0
63,262,19.136,95.601,7257.5,0.093737,0,0,0,0,0,0,0,0,0,2.7374,0,0,0,0,0
63,262,19.136,95.601,7257.5,0.005714,0,0,0,0,0,21.105,0,0,0,2.7374,0,0,0,0,0
63,262,19.136,95.601,7257.5,5.0722,0,0,0,0,0,28.892,0,0,0,0.072463,0,0,0,0,0
63,262,19.136,95.601,7257.5,1.7076,0,0,0,0.060777,0,0,0,0,0,2.3236,0,0,0,0,0
63,262,19.136,95.601,7257.5,0,0,0,0,0,0,15.25,0,0,0,0.89874,0,0,0,0,0
63,262,19.136,95.601,7257.5,0.02311,0,0,0.044825,0,0,0,0,0,0,0.13394,0,0,0,0,0
63,262,19.136,95.601,7257.5,0.00524,0,0,0,0,0,0,0,0,0,0.072463,0,0,0,0,0
63,262,19.136,95.601,7257.5,0.10024,0,0,0,0,0,52.068,0,0,0,0.072463,0,0,0,0,0
63,262,19.136,95.601,7257.5,0.072327,0,0.18828,0,0,40.3,0.13028,0,0,1.0167,5.0181,0,0,0,0,0.239
63,262,19.136,95.601,7257.5,0.0083355,0,0,0,0,2.4189,17.095,0,0,0,7.3168,0,0,0,0,0
63,262,19.136,95.601,7257.5,0.0058918,0,0,0,2.7358,0,0,0,0,0,17.924,0,0,0,0,0
63,262,19.136,95.601,7257.5,3.9401,0,0,0.012326,0,0,0,0,0,0,51.294,0,0,0,0,0
63,262,19.136,95.601,7257.5,0.003416,0,0,0.1328,0,0,0,0,0,0,0.072463,0,0,0,0,0
63,262,19.136,95.601,7257.5,4.741,0,0,0,0,0,0,0,0,0,6.9139,0,0,0,0,0
63,262,19.136,95.601,7257.5,0,0,0,0,0,0,0,0,0,0,0.55863,0,0,0,0,0
63,262,19.136,95.601,7257.5,0.84259,0,0,0,0.005239,0,0.13028,0,0,0,7.2745,0,0,0,0,0
63,262,19.136,95.601,7257.5,0.002195,0,0,0,0,0,0,0,0,0,2.4073,0,0,0,0,0
63,262,19.136,95.601,7257.5,0.000376,0,0,0.82696,0,0,0,0,0,0,9.9728,0,0,0,0,0
63,262,19.136,95.601,7257.5,2.827,0,54.064,0.001463,0,0,0,0,0,0,2.2216,0,0,0,0,0
63,262,19.136,95.601,7257.5,0.003822,0,0,0,0,0,0,0,0,0,0.61033,0,0,0,0,0
63,262,19.136,95.601,7257.5,0.23802,0,0,0,0,0,0.67053,0,0,0,0.072463,0,0,0,0,0
63,262,19.136,95.601,7257.5,0,0,0,0,0,0,0,0,0,0,0.50053,0,0,0,0,0
63,262,19.136,95.601,7257.5,0,0,0,0,0,0,0,0.008333,0,0,0.072463,0,0,0,0,0
63,262,19.136,95.601,7257.5,0.01121,0,0,0,0,0.00524,0,0,0,0,0.134,0,0,0,0,0
63,262,19.136,95.601,7257.5,0.077688,0,0,0.055891,0,1.3611,34.997,0,0,0,4.5116,0,0,0,0,0
63,262,19.136,95.601,7257.5,0.016666,0,0,0.00524,0.026473,0,0,0,0,0,0.072463,0,0,0,0,0
63,262,19.136,95.601,7257.5,0.008567,0,0,0,0.002741,0,1.8139,0,0,0.14685,0.072463,0,0,0,0,0
63,262,19.136,95.601,7257.5,1.8842,0,0,1.0854,0,0,0,0,0,0,1.5788,0,0,0,0,0
63,262,19.136,95.601,7257.5,0.13651,0,0,0,1.8162,0.00524,0,0,0,1.0139,0.072463,0,0,0,0,0
63,262,19.136,95.601,7257.5,0,0,0.000338,0,0,0,0,0,0,0,14.703,0,0,0,0,0
63,262,19.136,95.601,7257.5,0.49883,0,0,0,0,0.79321,0,0,0,0,2.4191,0,0,0,0,0
63,262,19.136,95.601,7257.5,0,0,0,2.2024,0,2.5011,0,0,0,0,7.3168,0,0,0,0,0
63,262,19.136,95.601,7257.5,0.011015,0,0,0,0,0,0,0,0,0,1.4938,0,0,0,0,0
63,262,19.136,95.601,7257.5,0.003932,0,0,3.7016,0,2.235,0,0,0,0,2.4191,0,0,0,0,0
63,262,19.136,95.601,7257.5,0.3242,0,0,1.3457,0,0,0,0,0,0,0.086791,0,0,0,0,0
63,262,19.136,95.601,7257.5,0.32104,0,0,0,0,0,0,0,0,0,0.13054,0,0,0,0,0
63,262,19.136,95.601,7257.5,0.13174,0,0,0,0,2.1018,0,0,0,0,6.4637,0,0,0,0,0
63,262,19.136,95.601,7257.5,4.4705,0,0,0,0,0,0,0,0,0,1.7918,0,0,0,0,0
63,262,19.136,95.601,7257.5,2.3451,0,0,0,0.072835,0.013684,0,0,0,0,5.2088,0,0,0,0,0
63,262,19.136,95.601,7257.5,0.005239,0,0.2013,0,0,0,0.13028,0,0,1.0139,33.814,0,0,0,0,0
63,262,19.136,95.601,7257.5,0,0,0,0.008333,0,0,0,0,0,0,0.072463,0,0,0,0,0
63,262,19.136,95.601,7257.5,4.8199,0,0.52582,2.2656,0,0,0,0,0,0,1.6706,0,0,0,0,0
63,262,19.136,95.601,7257.5,0.022262,0,0,0,0,0,0,0,0,0,6.9139,0,0,0,0,0
63,262,19.136,95.601,7257.5,0.008335,0,0,0,0,0,0,0,0,0,4.729,0,0,0,0,0
63,262,19.136,95.601,7257.5,0,0,0,0,0,0,0,0.11609,0,0,0.072463,0,0,0,0,0
63,262,19.136,95.601,7257.5,0.008333,0,0,0,0,0,0,0,0,0.18086,4.0802,0,0,0,0,0
63,262,19.136,95.601,7257.5,0.00524,0,0,0,0,0,0,0,0,0,0.072463,0,0,0,0,0
63,262,19.136,95.601,7257.5,4.5806,0,0,0,0,0.016666,0,0,0,0.72035,83.699,0,0,0,0,0
63,262,19.136,95.601,7257.5,0.0068531,0,12.17,0,0,0,0,0,0,0,0.072463,0,0,0,0,0
63,262,19.136,95.601,7257.5,5.0722,0,0,0,0,0,0,0,0,0,0.072463,0,0,0,0,0
63,262,19.136,95.601,7257.5,0.20337,0,0,0,0,0,0,0,0,0,3.2549,0,0,0,0,0
63,262,19.136,95.601,7257.5,0.097844,0,0,0,0,0,4.9077,0,0,0,2.0425,0,0,0,0,0
63,262,19.136,95.601,7257.5,0,0,0,0,0.008335,0.005202,19.738,0,0,0,0.13056,0,0,0,0,0
63,262,19.136,95.601,7257.5,0.063818,0,0,0,1.6704,0,0,0,0,0,0.072463,0,0,0,0,0
63,262,19.136,95.601,7257.5,0.020568,0,0,0,0,0,0,0,0,0,2.4191,0,0,0,0,0
63,262,19.136,95.601,7257.5,0.008333,0,0,0.06308,0,0,0,0,0,0,4.9522,0,0,0,0,0
63,262,19.136,95.601,7257.5,0.00524,0,0.06967,5.1505,0,0,0.42744,18.634,0,1.0076,0.48881,0,0,0,0,0
63,262,19.136,95.601,7257.5,0,0,0,0,0.69044,0,0,0,0,0,0.072463,0,0,0,0,0
63,262,19.136,95.601,7257.5,0,0,0,0,0,0.80137,0,0,0,0,2.1541,0,0,0,0,0
63,262,19.136,95.601,7257.5,0.008333,0,0,0.0059417,0,0,3.1285,0,0,0,0.23007,0,0,0,0,0
63,262,19.136,95.601,7257.5,0,0,0,0,0.007697,0,0.13028,0,0,0,0.13226,0,0,0,0,0
63,262,19.136,95.601,7257.5,0.21777,0,0,0.005239,0,6.5726,0.021726,0,0,0,0.61033,0,0,0,0,0
63,262,19.136,95.601,7257.5,0.00524,0,0,0.010061,0,0,0,0,0,0,4.6,0,0,0,0,0
63,262,19.136,95.601,7257.5,0.016666,0,0,0,0,0,0,0,0,0,1.5788,0,0,0,0,0
63,262,19.136,95.601,7257.5,1.0082,0,4.3973,0,0,0,0,0,0,0,0.072463,0,0,0,0,0
63,262,19.136,95.601,7257.5,0.085073,0,0,0,0,1.8047,0,0,0,1.7864,14.703,0,0,0,0,0
63,262,19.136,95.601,7257.5,0.000126,0,0,0,0,0,0,0,0,0,0.072463,0,0,0,0,0
63,262,19.136,95.601,7257.5,1.7297,0,2.6609,0,0,0,0,0,0,0,0.072463,0,0,0,0,0
63,262,19.136,95.601,7257.5,1.5956,0,0,0,0,0,31.923,0,0,0,0.072463,0,0,0,0,0
63,262,19.136,95.601,7257.5,0.73812,0,4.8514,2.4231,0,0.41957,0,0,0,0.27721,0.072463,0,0,0,0,0
63,262,19.136,95.601,7257.5,0,0,0,0.008333,0,0.016666,0,0,0,0,5.8591,0,0,0,0,0
63,262,19.136,95.601,7257.5,0.008693,0,0,0,0,0.20716,0,0,0,0,0.072463,0,0,0,0,2.39
63,262,19.136,95.601,7257.5,0,0,0,0,0,0,1.8139,0,0,0,3.2962,0,0,0,0,0
63,262,19.136,95.601,7257.5,0.00524,0,0,0,0,0,0,0,0,0,33.184,0,0,0,0,0
63,262,19.136,95.601,7257.5,0,0,0,0.0084,0,0,0,0,0,0,0.13782,0,0,0,0,0
63,262,19.136,95.601,7257.5,0.008333,0,0,0,0,0,0,0,0,0,10.804,0,0,0,0,0
63,262,19.136,95.601,7257.5,0.00545,0,0,0.32821,0,0,0,0,0,0,0.072463,0,0,0,0,0
63,262,19.136,95.601,7257.5,0,0,0,0,0,0,0,0,0,0,2.9142,0,0,0,0,0
63,262,19.136,95.601,7257.5,0.27667,0,0,0,0,0,6.7706,0,0,0,14.703,0,0,0,0,0
63,262,19.136,95.601,7257.5,0.08836,0,0,0,0,0,16.555,0,0,0,0.072463,0,0,0,0,0
63,262,19.136,95.601,7257.5,0.010421,0,0,0,0,0,0,0,0,0,4.643,0,0,0,0,0
63,262,19.136,95.601,7257.5,0,0,0,0,0,0,0,0,0,0,2.1063,0,0,0,0,0
63,262,19.136,95.601,7257.5,1.6666,0,0,0.008335,0,0,0,0,0,0,0.13054,0,0,0,0,0
63,262,19.136,95.601,7257.5,0.016573,0,0,1.7917,22.003,0,0,0.00036,0,0,0.13353,0,0,0,0,0
63,262,19.136,95.601,7257.5,0,0,0,0,0,0.82492,0,0,0,0,0.072463,0,0,0,0,0
63,262,19.136,95.601,7257.5,0.012386,0,0,0,0,0,0,0,0,0,0.072463,0,0,0,0,0
63,262,19.136,95.601,7257.5,0.012524,0,0,0,0,0,0.002308,0,0,0,0.24539,0,0,0,0,0
63,262,19.136,95.601,7257.5,0,0,0,0,0,0,7.8005,0,0,0,2.6155,0,0,0,0,0
63,262,19.136,95.601,7257.5,0,0,0,0,0,0,0.59876,0,0,0,0.93212,0,0,0,0,0
63,262,19.136,95.601,7257.5,0.13651,0,0,0,0,0,0.13028,0,0,0,2.1586,0,0,0,0,0
63,262,19.136,95.601,7257.5,0,0,0,0,0,0,29.215,0,0,0,0.13598,0,0,0,0,0
63,262,19.136,95.601,7257.5,0,0,0,0,0,0,0,0,0,0,0.086791,0,0,0,0,0
63,262,19.136,95.601,7257.5,0.10314,0,0,0,0,0.81358,0,0,0,0,85.278,0,0,0,0,0
63,262,19.136,95.601,7257.5,0.017176,0,0,0,0,0,0,0,0,0,0.13225,0,0,0,0,0
63,262,19.136,95.601,7257.5,4.1132,0,0,0,2.0857,0.00062,0,0,0,0,0.072463,0,0,0,0,0
63,262,19.136,95.601,7257.5,0,0,0,0.007221,0,0,17.095,0,0,0,0.33796,0,0,0,0,0
63,262,19.136,95.601,7257.5,0.00524,0,0,0,0,0.20716,0.13028,0,0,0,5.101,0,0,0,0,0
63,262,19.136,95.601,7257.5,18.124,0,0,0,0,0,0,0,0,0,8.2965,0,0,0,0,0
63,262,19.136,95.601,7257.5,2.6765,0,0,0,0.003416,0,14.302,0,0,0,0.072463,0,0,0,0,0
63,262,19.136,95.601,7257.5,0.018344,0,0,0,0,0,0,0,0,0,0.34495,0,0,0,0,0
63,262,19.136,95.601,7257.5,0.00315,0,0,0,0.011461,0,88.83,0,0,0,0.072463,0,0,0,0,0
63,262,19.136,95.601,7257.5,0,0,0,0.008343,0,0,0,0,0,0,0.072463,0,0,0,0,0
63,262,19.136,95.601,7257.5,0,0,0,0,0,0,0,0,0,0,0.61033,0,0,0,0,0
63,262,19.136,95.601,7257.5,0.24635,0,0,0,0,0.005239,0,0,0,0,0.072463,0,0,0,0,0
63,262,19.136,95.601,7257.5,0.045569,0,0,0,0,0,0,0,0,0,0.072463,0,0,0,0,0
63,262,19.136,95.601,7257.5,0.0098678,0,0,0,0,0,0,0,0,0,22.138,0,0,0,0,0
63,262,19.136,95.601,7257.5,13.076,0,0,0,0,0.023001,0,0,0,0,0.13364,0,0,0,0,0
63,262,19.136,95.601,7257.5,0.022262,0,0,0.45592,0,0,0,0,0,0,3.5168,0,0,0,0,0
63,262,19.136,95.601,7257.5,0.033827,0,0,0,1.4317,0,14.302,0,0,0,7.9623,0,0,0,0,0
63,262,19.136,95.601,7257.5,3.4882,0,0,22.787,0,0,0.13028,0,0,0,0.23007,0,0,0,0,0
63,262,19.136,95.601,7257.5,0.028378,0,0,0,0,0,0,0,0,0,0.086791,0,0,0,0,0
63,262,19.136,95.601,7257.5,0,0,0,0.002741,0,0,0,0,0,0,0.072463,0,0,0,0,0
63,262,19.136,95.601,7257.5,0,0,0,0.008333,0,0,0,0,0,0,0.072463,0,0,0,0,0
63,262,19.136,95.601,7257.5,0.16206,0,0,0,0,0,0,0,0,0,0.072463,0,0,0,0,0
63,262,19.136,95.601,7257.5,0.053218,0,0,0,0,0,0,0,0,0,6.0336,0,0,0,0,0
63,262,19.136,95.601,7257.5,0,0,0,0,0,0,0,0,0,0,12.291,0,0,0,0,0
63,262,19.136,95.601,7257.5,0,0,0,0,0,0,0,0,0,0,0.37335,0,0,0,0,0
63,262,19.136,95.601,7257.5,0,0,0,0,0,0,0,0,0,0,0.072463,0,0,0,0,0
63,262,19.136,95.601,7257.5,0.014045,0,0.51783,0,0,0,0,0,0,0,4.2705,0,0,0,0,0
63,262,19.136,95.601,7257.5,34.541,0,0,40.485,0,0,0,0,0,0,4.1702,0,0,0,0,0
63,262,19.136,95.601,7257.5,0.00247,0,0,0,0,0,0,0,0,0,0.072463,0,0,0,0,0
63,262,19.136,95.601,7257.5,0.015752,0,0,0,0,0,25.566,0,0,0,2.0425,0,0,0,0,0
63,262,19.136,95.601,7257.5,4.0215,0,0,0,0,0,0,0,0,0,0.086791,0,0,0,0,0
63,262,19.136,95.601,7257.5,0.07654,0,0.078351,0.21131,0.0088426,0.81745,0,0,0,0,83.699,0,0,0,0,0
63,262,19.136,95.601,7257.5,0.010998,0,0,0,0.87327,0,0,0,0,0,0.072463,0,0,0,0,0
63,262,19.136,95.601,7257.5,0.0093951,0,0,0,0,0,0,0,0,0,7.6519,0,0,0,0,0
63,262,19.136,95.601,7257.5,0,0,0,0,0,0,0,0,0,0,3.2531,0,0,0,0,0
63,262,19.136,95.601,7257.5,0,0,0,0,0,0,0,0,0,10.481,6.1183,0,0,0,0,1.434
63,262,19.136,95.601,7257.5,0,0,0,14.111,0.00524,0.030958,0,0,0,0,0.13786,0,0,0,0,0
63,262,19.136,95.601,7257.5,1.5785,0,0,0,0,0,12.951,0,0,0,18.395,0,0,0,0,0
63,262,19.136,95.601,7257.5,0.003295,0,0,0.008333,0,0,0,0,0,0,13.755,0,0,0,0,0
63,262,19.136,95.601,7257.5,0.087612,0,0,0.022416,0.007102,0,0,0,0,0,0.072463,0,0,0,0,0
63,262,19.136,95.601,7257.5,0,0,0,0.002068,0,0.8491,0,0,0,0,0.42312,0,0,0,0,0
63,262,19.136,95.601,7257.5,0.083807,0,0,0,0,0,44.732,0,0,0,22.868,0,0,0,0,0
63,262,19.136,95.601,7257.5,0.025974,0,0,0,0,0,0.67053,0,0,0,18.985,0,0,0,0,0
63,262,19.136,95.601,7257.5,54.094,0,0,0.47877,0,0,0,0,0,0,0.072463,0,0,0,0,0
63,262,19.136,95.601,7257.5,0.20793,0,0,0,0.001205,0,0,0,0,0,0.072463,0,0,0,0,0
63,262,19.136,95.601,7257.5,0.008333,0,0,0.005239,0,0,0,0,0,8.0476,1.3227,0,0,0,0,0
63,262,19.136,95.601,7257.5,0.048132,0,0,0,0,0,0,0,0,0,0.072463,0,0,0,0,0
63,262,19.136,95.601,7257.5,0.00545,0,0,0,0,0,0,0,0,0,0.12913,0,0,0,0,0
63,262,19.136,95.601,7257.5,0,0,0,0,0,0,0,0,0,0,0.072463,0,0,0,0,0
63,262,19.136,95.601,7257.5,0,0,0,0,0,0,20.21,0,0,1.057,1.2836,0,0,0,0,0
63,262,19.136,95.601,7257.5,2.726,0,0,0,0,0,28.484,0,0,0,0.072463,0,0,0,0,0
63,262,19.136,95.601,7257.5,0.029669,0,0,0,0,0,0,0,0,0,6.7491,0,0,0,0,0
63,262,19.136,95.601,7257.5,0.079246,0,0,0.002031,0.007328,0,0.021726,0,0,8.4961,0.16521,0,0,0,0,0
63,262,19.136,95.601,7257.5,0,0,0,0,0,0,23.847,0,0,1.164,0.072463,0,0,0,0,0
63,262,19.136,95.601,7257.5,0,0,1.173,0.027485,0,0,0,0,0,0.056957,0.13039,0,0,0,0,0
63,262,19.136,95.601,7257.5,0.017176,0,0,0,0,0,0,0,0,0,5.5428,0,0,0,0,0
63,262,19.136,95.601,7257.5,0.008333,0,0,0,0,0,0,0,0,0,0.13649,0,0,0,0,0
63,262,19.136,95.601,7257.5,0,0,0.137,0.007148,0,0,0.002308,0,0,0,4.5116,0,0,0,0,0
63,262,19.136,95.601,7257.5,0.010507,0,0,0,0,0,0,0,0,0,0.88605,0,0,0,0,0
63,262,19.136,95.601,7257.5,27.039,0,0,0,0.40344,0,0,0,0,0,0.072463,0,0,0,0,0
63,262,19.136,95.601,7257.5,0,0,0,0,0,0,0,0,0,0,5.1874,0,0,0,0,0
63,262,19.136,95.601,7257.5,0.2861,0,0,0,0,2.1018,0,0,0,0,13.2,0,0,0,0,0
63,262,19.136,95.601,7257.5,0.61115,0,0,2.2024,0,0,0,0,0,0,0.11545,0,0,0,0,0
63,262,19.136,95.601,7257.5,1.7901,0,0,0.60253,0,0,0,0,0,0,18.07,0,0,0,0,0
63,262,19.136,95.601,7257.5,0.018052,0,0,0,0,0,0,1.0308,0,0,0.072463,0,0,0,0,0
63,262,19.136,95.601,7257.5,0.0024845,0,0,0,0,0,0,0,0,0,11.262,0,0,0,0,0
63,262,19.136,95.601,7257.5,0.013472,0,0,0,0,0,0,0,0,0,0.62815,0,0,0,0,0
63,262,19.136,95.601,7257.5,0.013573,0,0,0,0,0,0.40452,0,0,4.212,16.495,0,0,0,0,0
63,262,19.136,95.601,7257.5,0.65712,0,0,0,0,0.0071918,0,0,0,0,3.1177,0,0,0,0,0
63,262,19.136,95.601,7257.5,0.048132,0,0,0,0,0,0,0,0,0,1.0611,0,0,0,0,0
63,262,19.136,95.601,7257.5,0.008335,0,0,1.0258,0,0,0,0,0,0,0.11545,0,0,0,0,0
63,262,19.136,95.601,7257.5,0,0,0,0.65091,0,0,0.13028,0,0,0,4.729,0,0,0,0,0
63,262,19.136,95.601,7257.5,0.007697,0,0,0.023664,0,0,0.13028,0,0,0,0.072463,0,0,0,0,0
63,262,19.136,95.601,7257.5,0.020568,0,0,0,0,0,0,0,0,0,0.13302,0,0,0,0,0
63,262,19.136,95.601,7257.5,0,0,0,0,0.71303,0,0,0,0,0,3.1177,0,0,0,0,0
63,262,19.136,95.601,7257.5,0.011369,0,0,0,0,0,0,0,0,0,0.072463,0,0,0,0,0
63,262,19.136,95.601,7257.5,0.016666,0,0,0.6763,0,0.0062361,0,0,0,0,7.9797,0,0,0,0,0
63,262,19.136,95.601,7257.5,0,0,0,0,0,0,0.59876,0,0,0,0.25674,0,0,0,0,0
63,262,19.136,95.601,7257.5,0,0,0,0,0,0,0,0,0,0,5.1874,0,0,0,0,0
63,262,19.136,95.601,7257.5,0.000765,0,0,0,0.009052,0,0,0,0,0,7.5422,0,0,0,0,0
63,262,19.136,95.601,7257.5,0.07364,0,0,0,0,0,0.13028,0,0,0,26.705,0,0,0,0,0
63,262,19.136,95.601,7257.5,0,0,47.232,0,2.304,0,0,0,0,0,0.13124,0,0,0,0,0
63,262,19.136,95.601,7257.5,0,0,0,0,0,0,0,0,0,0,0.072463,0,0,0,0,0
63,262,19.136,95.601,7257.5,0.008333,0,0,0,0,0,67.305,0,0,4.212,0.13226,0,0,0,0,0
63,262,19.136,95.601,7257.5,0,0,0,0,0,0,21.052,0,0,0,19.904,0,0,0,0,0
63,262,19.136,95.601,7257.5,0.006644,0,0,0,0,0,0,0,0,0,0.20357,0,0,0,0,0
63,262,19.136,95.601,7257.5,0.10314,0,0,0,0,0,0,0,0,0,0.10112,0,0,0,0,0
63,262,19.136,95.601,7257.5,0.098373,0,0,0,0,0,0,0,0,8.4961,7.7869,0,0,0,0,0
63,262,19.136,95.601,7257.5,0.002344,0,0,0,0,0,0,0,0,2.6253,0.13505,0,0,0,0,0
63,262,19.136,95.601,7257.5,11.942,0,0,0,0,0,0,0,0,0,0.17677,0,0,0,0,0
63,262,19.136,95.601,7257.5,0.02418,0,0,0,0,0,25.113,0,0,0,0.13329,0,0,0,0,0
63,262,19.136,95.601,7257.5,0.01272,0,0.016263,0,0,0.79321,0,0,0,0,8.2778,0,0,0,0,0
63,262,19.136,95.601,7257.5,27.497,0,0,0,0,0,0,0,0,0,8.9877,0,0,0,0,0
63,262,19.136,95.601,7257.5,0.74846,0,0,4.595,0,0,0,0,0,0,4.0802,0,0,0,0,0
63,262,19.136,95.601,7257.5,0.013472,0,0,21.922,0,0,25.722,0,0,0,2.9171,0,0,0,0,0
63,262,19.136,95.601,7257.5,47.895,0,0.041773,0,4.4156,0,0.70468,0,0,0,0.91404,0,0,0,0,0
63,262,19.136,95.601,7257.5,0.016666,0,0,0,0,0,0,0,0,0.44682,0.56072,0,0,0,0,0
63,262,19.136,95.601,7257.5,0.023679,0,0,0,0,0,0,0,0,0,4.7802,0,0,0,0,0
63,262,19.136,95.601,7257.5,0.003485,0,0,0.008333,0,0,0,0,0,0,0.75049,0,0,0,0,0
63,262,19.136,95.601,7257.5,5.8407,0,0,0.19458,0,0,0.42744,0,0,0,0.23007,0,0,0,0,0
63,262,19.136,95.601,7257.5,0.090543,0,0,0,0,0,80.361,0,0,0,0.12949,0,0,0,0,0
63,262,19.136,95.601,7257.5,0,0,1.173,0,0,0,0,0,0,0,2.1563,0,0,0,0,0
63,262,19.136,95.601,7257.5,0.13495,0,0,0,0,0,0,0,0,0,59.217,0,0,0,0,0
63,262,19.136,95.601,7257.5,0.20337,0,0,3.3159,0,0,0,0,0,0,2.3459,0,0,0,0,0
63,262,19.136,95.601,7257.5,0.01698,0,0,0.09603,0,0,0,0,0,0,83.699,0,0,0,0,0
63,262,19.136,95.601,7257.5,0.00545,0,0,0,0,0,0,0,0,0,0.072463,0,0,0,0,0
63,262,19.136,95.601,7257.5,0.011941,0,0.64537,0.055891,0,0.00524,0,0,0,0,0.072463,0,0,0,0,0
63,262,19.136,95.601,7257.5,0.008333,0,0,0,0,0,26.613,0,0,0,0.67805,0,0,0,0,0
63,262,19.136,95.601,7257.5,0,0,0,0,0,0,0,0,0,0,0.072463,0,0,0,0,0
63,262,19.136,95.601,7257.5,0,0,0,9.6285,0,0,0,0,0,0,26.814,0,0,0,0,0
63,262,19.136,95.601,7257.5,0.010699,0,0,0,0,0,0.10863,0,0,0,0.94482,0,0,0,0,0
63,262,19.136,95.601,7257.5,3.9744,0,0,0,0,0,0,0,0,0,0.072463,0,0,0,0,0
63,262,19.136,95.601,7257.5,0.098373,0,2.6161,0.015553,0,0,0,0,0,0,0.072463,0,0,0,0,0
63,262,19.136,95.601,7257.5,0.003538,0,0,0.79052,0,0,0,0,0,0,6.9139,0,0,0,0,0
63,262,19.136,95.601,7257.5,0,0,0,0,0,0,11.876,0,0,0,4.9652,0,0,0,0,0
63,262,19.136,95.601,7257.5,0,0,0,0,0,0,0,0,0,0,2.5252,0,0,0,0,0
63,262,19.136,95.601,7257.5,0.070183,0,0,2.7829,0,0,0,0,0,0.18355,0.072463,0,0,0,0,0
63,262,19.136,95.601,7257.5,0,0,0,0,0,0,0,0,0,0,0.62815,0,0,0,0,0
63,262,19.136,95.601,7257.5,0,0,0,0,0,0.83487,0,0,0,1.7327,0.072463,0,0,0,0,0
63,262,19.136,95.601,7257.5,7.95e-05,0,0,0,0,0,0,0,0,0,1.9852,0,0,0,0,0
63,262,19.136,95.601,7257.5,2.827,0,0,0,0,2.1018,0,0,0,0,0.11545,0,0,0,0,0
63,262,19.136,95.601,7257.5,0,0,0,0,0.73439,0,0,0,0,0,29.357,0,0,0,0,0
63,262,19.136,95.601,7257.5,0.41171,0,10.552,0,0,0.001434,0,0,0,0,0.34469,0,0,0,0,0
63,262,19.136,95.601,7257.5,0.042855,0,0,0.029652,0,13.972,0,0,0,0,7.9974,0,0,0,0,0
63,262,19.136,95.601,7257.5,0,0,0,0,0,0,0.59876,0.00524,0,0,1.3227,0,0,0,0,0
63,262,19.136,95.601,7257.5,0,0,0,0,0,0.10416,0,0,0,0,3.4936,0,0,0,0,0
63,262,19.136,95.601,7257.5,0,0,0,0,0,0,0,0,0,0,6.7491,0,0,0,0,0
63,262,19.136,95.601,7257.5,0.1285,0,0,0.008333,0.00524,0,0,0,0,0,0.072463,0,0,0,0,0
63,262,19.136,95.601,7257.5,0.10094,0,0,0,0,0,1.8779,0,0,0,0.35902,0,0,0,0,0
64,263,20.32,190.01,14425,0.00676,0,0,0,0,0,0,0,0,0,0.086791,0,0,0,0,0
64,263,20.32,190.01,14425,0,0,0,0,0,0,0,0,0,0,0.13302,0,0,0,0,0
64,263,20.32,190.01,14425,3.8562,0,0,0,0,0,0,0,0,0,0.33594,0,0,0,0,0
64,263,20.32,190.01,14425,0.21982,0,0,2.0984,0.001493,0,0,0,0,0,0.072463,0,0,0,0,0
64,263,20.32,190.01,14425,3.2089,0,0,0,0,0,83.464,0,0,0,0.34495,0,0,0,0,0
64,263,20.32,190.01,14425,0.008693,0,0,0,0,0,0,0,0,0,5.8763,0,0,0,0,0
64,263,20.32,190.01,14425,0,0,0,0,0,0.83487,0,0,0,0,2.9188,0,0,0,0,0
64,263,20.32,190.01,14425,0.085655,0,0,0,0.000688,0,0,0,0,0,1.6629,0,0,0,0,0
64,263,20.32,190.01,14425,0.051946,0,0,1.3036,0,0.029094,0,0,0,0,1.1456,0,0,0,0,0
64,263,20.32,190.01,14425,0.39276,0,0,0,0,0,0,0,0,9.1202,0.072463,0,0,0,0,0
64,263,20.32,190.01,14425,0.22411,0,0,0,0,0,0,0,0,1.5079,0.072463,0,0,0,0,0
64,263,20.32,190.01,14425,0.024086,0,0,0,0,0.82492,0,0,0,0,5.955,0,0,0,0,0
64,263,20.32,190.01,14425,0,0,0,0,0,0.81358,0.13028,0,0,0,0.63695,0,0,0,0,0
64,263,20.32,190.01,14425,0.025941,0,0,0.013887,0,0,0.021726,0,0,0,0.072463,0,0,0,0,0
64,263,20.32,190.01,14425,0.29308,0,0,0,0,0,0,0,0,0,0.072463,0,0,0,0,0
64,263,20.32,190.01,14425,0,0,0,0.004876,0,0,15.25,0,0,0,0.13302,0,0,0,0,0
64,263,20.32,190.01,14425,0,0,0,0,0,0,0.13028,0,0,0,1.0569,0,0,0,0,0
64,263,20.32,190.01,14425,0,0,0,0.79052,0,0,0,0,0,1.5859,0.48881,0,0,0,0,0
64,263,20.32,190.01,14425,6.6077,0,0,0.037416,0,0.79321,0,0,0,0,14.703,0,0,0,0,0
64,263,20.32,190.01,14425,0.070183,0,12.447,0,0,0,0,0,0,0,0.1331,0,0,0,0,0
64,263,20.32,190.01,14425,0.008333,0,0,0,0.65312,0,0,0,0,0,0.12913,0,0,0,0,0
64,263,20.32,190.01,14425,0,0,0,0.061064,0,0.016404,0,0,0,0,0.072463,0,0,0,0,0
64,263,20.32,190.01,14425,0.00021,0,0,0,0,0,0,0,0,0,35.005,0,0,0,0,0
64,263,20.32,190.01,14425,0.11856,0,0,4.595,0,0,0,0,0,0,0.072463,0,0,0,0,0
64,263,20.32,190.01,14425,31.76,0,0,0.008333,0,0,0,0,0,0,0.072463,0,0,0,0,0
64,263,20.32,190.01,14425,0,0,0,0.001669,0,0.79817,0,0,0,0,22.138,0,0,0,0,0
64,263,20.32,190.01,14425,0,0,0,0,0,0,0.10863,0,0,0,0.14008,0,0,0,0,4.7503
64,263,20.32,190.01,14425,0,0,0,0,0,0,0,0,0,0,2.4191,0,0,0,0,0
64,263,20.32,190.01,14425,0.016668,0,0,0,0,0,0,0,0,0.056957,0.072463,0,0,0,0,0
64,263,20.32,190.01,14425,0.08836,0,0,1.0674,0,0,0,0,0,0,4.8317,0,0,0,0,0
64,263,20.32,190.01,14425,0.004588,0,0,0.008321,0,0,0.67053,0,0,0,0.42312,0,0,0,0,0
64,263,20.32,190.01,14425,0.24635,0,0,0,0.036158,0,7.1507,0,0,0,0.13054,0,0,0,0,0
64,263,20.32,190.01,14425,0.15427,0,0,0,0,0,11.006,0,0,8.4961,0.94042,0,0,0,0,0
64,263,20.32,190.01,14425,3.1501,0,0,0,0,0,0,0,0,0,31.416,0,0,0,0,0
64,263,20.32,190.01,14425,0.53631,0,0,0,0,0.012422,0,0,0,0,0.51741,0,0,0,0,0
64,263,20.32,190.01,14425,0.20484,0,0,0.18089,0,0.81745,0,0,0,16.378,0.072463,0,0,0,0,0
64,263,20.32,190.01,14425,1.4262,0,0,0,0,0,0,0,0,0,5.5428,0,0,0,0,0
64,263,20.32,190.01,14425,0,0,0,0,0,0,24.854,0,0,0,0.94645,0,0,0,0,0
64,263,20.32,190.01,14425,0.005714,0,0,0,0,0,0,0,0,0,0.13226,0,0,0,0,0
64,263,20.32,190.01,14425,8.8035,0,0,0,0,0,0,0,0,0,0.1375,0,0,0,0,0
64,263,20.32,190.01,14425,0,0,0,0.008333,0,0.79321,0,0,0,0,0.63867,0,0,0,0,0
64,263,20.32,190.01,14425,0.87441,0,1.004,0,0,0,0,0,0,0,0.072463,0,0,0,0,0
64,263,20.32,190.01,14425,2.2144,0,0,0,0,0,0,0,0,0,0.13302,0,0,0,0,0
64,263,20.32,190.01,14425,0.007697,0,0,0.003416,0,0.000133,3.4886,0,0,0,0.072463,0,0,0,0,0
64,263,20.32,190.01,14425,0.011819,0,0,0.008333,0,0,0,0.017434,0,0,0.072463,0,0,0,0,0
64,263,20.32,190.01,14425,0.008333,0,0.14994,0.015553,0,0,0,0,0,0,13.171,0,0,0,0,0
64,263,20.32,190.01,14425,0.024709,0,0,18.858,0.00524,0,0.42744,0,0,0,4.9652,0,0,0,0,0
64,263,20.32,190.01,14425,0,0,0,0,0,0,0,0,0,0,22.109,0,0,0,0,0
64,263,20.32,190.01,14425,0.001436,0,0,0,0,0,0,0,0,0,13.171,0,0,0,0,0
64,263,20.32,190.01,14425,0.059062,0,0,0,6.0506,0.002139,0,0,0,0,3.1286,0,0,0,0,4.7503
64,263,20.32,190.01,14425,0.000473,0,0,0.19458,0,0,0,0,0,0,0.13054,0,0,0,0,0
64,263,20.32,190.01,14425,3.228,0,0,0,0,0,25.113,0,0,0,0.81487,0,0,0,0,0
64,263,20.32,190.01,14425,0.7609,0,0,0.000376,0,0,0,0,0,0,0.072463,0,0,0,0,8.5506
64,263,20.32,190.01,14425,0.007328,0,0,6.513,0,1.2917,0,0,0,0,18.07,0,0,0,0,0
64,263,20.32,190.01,14425,40.962,0,0,0.008333,0,0,0,0,0,0,0.88605,0,0,0,0,0
64,263,20.32,190.01,14425,0.022262,0,0,0.0056,0,0,0,0,0,0,71.252,0,0,0,0,0
64,263,20.32,190.01,14425,0.015752,0,1.2e-05,0,0,0.79321,0,0,0,0,0.13124,0,0,0,0,0
64,263,20.32,190.01,14425,0.008333,0,0,0,0,0,0,0,0,0,0.37335,0,0,0,0,0
64,263,20.32,190.01,14425,0.003416,0,0,0,0,0,0,0,0,0,0.13234,0,0,0,0,0
64,263,20.32,190.01,14425,0.025446,0,0,0.93265,0.005239,0.10028,0,0,0,0,13.437,0,0,0,0,0
64,263,20.32,190.01,14425,0,0,0,0,0,0.002139,0,0,0,0,1.1286,0,0,0,0,0
64,263,20.32,190.01,14425,0.013253,0,0,2.7829,0,0.001434,0,0,0,0,0.072463,0,0,0,0,0
64,263,20.32,190.01,14425,0.016666,0,0,0,3.9174,0,0,0,0,0,0.072463,0,0,0,0,0
64,263,20.32,190.01,14425,0.052552,0,0,0,0,0,0,0,0,0.72035,13.2,0,0,0,0,0
64,263,20.32,190.01,14425,0,0,0,0.006456,0,0,0,0,0,0,5.2088,0,0,0,0,0
64,263,20.32,190.01,14425,9.6675,0,0,0,0,0.025079,0,0,0,0,0.072463,0,0,0,0,0
64,263,20.32,190.01,14425,0,0,0,0,0,0,0,0,0,0,2.6944,0,0,0,0,0
64,263,20.32,190.01,14425,0,0,0,1.8767,0,0,0,0,0,0,0.13663,0,0,0,0,0
64,263,20.32,190.01,14425,0,0,0,0,0,4.1389,0,0,0,0,0.21574,0,0,0,0,0
64,263,20.32,190.01,14425,5.6977,0,0,0.023986,0,0,5.8482,0,0,9.1202,2.9171,0,0,0,0,0
64,263,20.32,190.01,14425,0.008333,0,0,0,0,0.029094,34.997,0,0,18.081,3.6257,0,0,0,0,0
64,263,20.32,190.01,14425,1.5338,0,0,0.00524,0,0,0,0,0,0,0.072463,0,0,0,0,0
64,263,20.32,190.01,14425,0.001669,0,0,1.4225,0,0,0,0,0,0,2.9188,0,0,0,0,0
64,263,20.32,190.01,14425,0.080966,0,0,0,0,0,0,0,0,0,0.17023,0,0,0,0,0
64,263,20.32,190.01,14425,0.005239,0,0,0,0,0,0.60778,0,0,0,12.415,0,0,0,0,0
64,263,20.32,190.01,14425,0.047045,0,0,0,0,0,0,0,0,0,0.072463,0,0,0,0,0
64,263,20.32,190.01,14425,0.11602,0,0.015817,0.17925,0,0.000688,0.13028,1.2133,0,0,22.603,0,0,0,0,0
64,263,20.32,190.01,14425,0.16029,0,0,0,0,0,0,0,0,0,5.5428,0,0,0,0,0
64,263,20.32,190.01,14425,3.2644,0,0,0,0,0,0,0,0,0,0.77377,0,0,0,0,0
64,263,20.32,190.01,14425,0,0,0,0,0,0,0,0,0,0,0.072463,0,0,0,0,0.47503
64,263,20.32,190.01,14425,0.10094,0,0,0,0,0,0,0,0,0,3.6687,0,0,0,0,0
64,263,20.32,190.01,14425,0.008333,0,0,0.008333,0,0,0,0,0,0,38.156,0,0,0,0,0
64,263,20.32,190.01,14425,0.10392,0,0,0,0,0,0,0,0,0,0.13198,0,0,0,0,0
64,263,20.32,190.01,14425,0.16206,0,0,0,0,0,0,0,0,0,0.072463,0,0,0,0,0
64,263,20.32,190.01,14425,0.059062,0,0,0,0,0.007897,0,0,0,1.0245,2.5252,0,0,0,0,0
64,263,20.32,190.01,14425,0.011369,0,0,0,0,0,0,0,0,0,0.072463,0,0,0,0,0
64,263,20.32,190.01,14425,0,0,0,0,0,0,109.42,0,0,0,13.426,0,0,0,0,0
64,263,20.32,190.01,14425,0.095794,0,0,0,0,0,0.13028,0,0,0,0.70288,0,0,0,0,0
64,263,20.32,190.01,14425,0,0,0,0.002068,0,0,0,0,0,0,0.072463,0,0,0,0,0
64,263,20.32,190.01,14425,0.001669,0,0,0,0,0,0,0.00524,0,0,0.072463,0,0,0,0,0
64,263,20.32,190.01,14425,0.2089,0,0,0.094086,0,0,0,0,0,0,3.3678,0,0,0,0,0
64,263,20.32,190.01,14425,2.6765,0,0,0.023709,0.16629,0.82178,0.13028,0,0,0,33.814,0,0,0,0,0
64,263,20.32,190.01,14425,0.045569,0,0,0,0,0,0,0,0,0,5.955,0,0,0,0,0
64,263,20.32,190.01,14425,0,0,0,0.011301,0,10.069,0,0,0,0,35.011,0,0,0,0,0
64,263,20.32,190.01,14425,1.1717,0,0,0,0,0.36611,0,0,0,0,85.278,0,0,0,0,0
64,263,20.32,190.01,14425,9.1607,0,0,0,0,0.79351,21.91,0,0,0,0.5281,0,0,0,0,0
64,263,20.32,190.01,14425,0.10094,0,0.12995,0,0,0,0,0,0,0,0.402,0,0,0,0,0
64,263,20.32,190.01,14425,0.004345,0,0,0,0,0,0,0,0,0,3.7404,0,0,0,0,0
64,263,20.32,190.01,14425,0.20484,0,0,0,0,0,0,0,0,0,8.9418,0,0,0,0,0
64,263,20.32,190.01,14425,0.015329,0,3.2881,0,0,0.005239,0,0,0,0,0.1331,0,0,0,0,0
64,263,20.32,190.01,14425,0.000716,0,0,0,0,0.003468,0,0,0,0,35.005,0,0,0,0,0
64,263,20.32,190.01,14425,0.0083792,0,0,0,0,0,0,0,0,0,0.67805,0,0,0,0,0
64,263,20.32,190.01,14425,0.13948,0,0,3.8542,0,0,51.065,0,0,0,5.5428,0,0,0,0,0
64,263,20.32,190.01,14425,1.5338,0,0,0,0,0,0,0,0,0,0.13302,0,0,0,0,0
64,263,20.32,190.01,14425,0.03016,0,0,0,0,0,0,0,0,0,0.14026,0,0,0,0,0
64,263,20.32,190.01,14425,12.21,0,0,1.8767,0,0,0,0,0,0,10.89,0,0,0,0,0
64,263,20.32,190.01,14425,0,0,0,0,0,0,0,0,0,0,1.4049,0,0,0,0,0
64,263,20.32,190.01,14425,0,0,0,0,0,0,0.13028,0,0,0,0.70288,0,0,0,0,0
64,263,20.32,190.01,14425,1.5338,0,0,0,0,0,0,0,0,0.27721,0.17023,0,0,0,0,0
64,263,20.32,190.01,14425,0.07157,0,0,0.000739,0.4298,0.79321,0,0,0,0,4.3421,0,0,0,0,0
64,263,20.32,190.01,14425,0.019391,0,0,0.002868,0,0.002139,0,0,0,0,0.072463,0,0,0,0,0
64,263,20.32,190.01,14425,0.040277,0,0,2.2656,0,0,0.13028,0,0,0,0.29757,0,0,0,0,0
64,263,20.32,190.01,14425,0,0,0,0,5.2355,0.012422,0,0,0,0,0.13226,0,0,0,0,0
64,263,20.32,190.01,14425,1.0526,0,0,0,0,0,21.052,0,0,0,0.086791,0,0,0,0,0
64,263,20.32,190.01,14425,0.019253,0,0,0,0,0,0,0,0,0,3.1177,0,0,0,0,0
64,263,20.32,190.01,14425,1.3552,0,0,0.021906,0,0,0,0,0,0,0.23007,0,0,0,0,0
64,263,20.32,190.01,14425,0.094834,0,0,0,0,0,0,0,0,0,2.6063,0,0,0,0,0
64,263,20.32,190.01,14425,0.01272,0,0,0,0,0,0,0,0,0,0.072463,0,0,0,0,0
64,263,20.32,190.01,14425,0.10979,0,0,0,0,0,0,0,0,0,0.072463,0,0,0,0,0
64,263,20.32,190.01,14425,0,0,0,3.1846,0,2.9006,0,0,0,0,2.9142,0,0,0,0,0
64,263,20.32,190.01,14425,0,0,0,0.003416,0.11859,0,0.80873,0,0,0,0.072463,0,0,0,0,0
64,263,20.32,190.01,14425,0.13369,0,3.8438,0,0,0,0,0,0,0,4.9652,0,0,0,0,4.7503
64,263,20.32,190.01,14425,0.016666,0,0.011947,0.027485,0,0,0.021726,0,0,0,1.2862,0,0,0,0,0
64,263,20.32,190.01,14425,0,0,0,0,0,0.004345,0,0,0,0,4.9652,0,0,0,0,0
64,263,20.32,190.01,14425,1.6666,0,0,0,0,0,0,0,0,0,0.072463,0,0,0,0,0
64,263,20.32,190.01,14425,0,0,0,0,0,0.83596,0,0,0,0,0.1331,0,0,0,0,0
64,263,20.32,190.01,14425,0.14015,0,0,1.6948,0,0,0,0,0,0,0.77377,0,0,0,0,0
64,263,20.32,190.01,14425,0,0,0,2.0439,0,0,0,0,0,0,1.1524,0,0,0,0,0
64,263,20.32,190.01,14425,0,0,0,0,0,0,0,0,0,0,0.072463,0,0,0,0,0
64,263,20.32,190.01,14425,0,0,0,0,0,0,0,0,0,0,0.072463,0,0,0,0,0
64,263,20.32,190.01,14425,0.0072505,0,0,0,0,0,130.49,0,0,0,30.131,0,0,0,0,0
64,263,20.32,190.01,14425,0.002784,0,0,0.008333,0,0,0,0,0,0,0.13226,0,0,0,0,0
64,263,20.32,190.01,14425,0.026894,0,0,0,0,0,0,0,0,0,0.13302,0,0,0,0,0
64,263,20.32,190.01,14425,0.0024845,0,0,0,0,0,0.13028,0,0,0,5.5926,0,0,0,0,0
64,263,20.32,190.01,14425,0.023372,0,0,0,0,0,0,0,0,0,1.4169,0,0,0,0,0
64,263,20.32,190.01,14425,0.46683,0,0,0.14847,0,0,3.4886,0,0,0,4.5076,0,0,0,0,0
64,263,20.32,190.01,14425,0,0,0,0,0,0,0.42744,0,0,0,0.10112,0,0,0,0,0
64,263,20.32,190.01,14425,0,0,0,0,2.1348,0.002031,0,0,0,0,3.0356,0,0,0,0,0
64,263,20.32,190.01,14425,0,0,0,0,0,0,0.13028,0,0,0,0.072463,0,0,0,0,0
64,263,20.32,190.01,14425,4.4488,0,0,0,0,0,0,0,0,0,0.072463,0,0,0,0,0
64,263,20.32,190.01,14425,0.012524,0,0,0.21451,0,0,0,0,0,0,0.072463,0,0,0,0,0
64,263,20.32,190.01,14425,0.0053435,0,0,0,0,0,0,0,0,0,1.3227,0,0,0,0,0
64,263,20.32,190.01,14425,0.044491,0,0,0,0,0,110.03,0,0,0,0.072463,0,0,0,0,0.47503
64,263,20.32,190.01,14425,0.59833,0,0,0,0,0,0,0,0,0,0.072463,0,0,0,0,0
64,263,20.32,190.01,14425,0,0,0,0,0,0,0,0,0,0,22.138,0,0,0,0,0
64,263,20.32,190.01,14425,0.015988,0,0,0.51553,0,0,0,0,0,0,2.457,0,0,0,0,0.47503
64,263,20.32,190.01,14425,48.434,0,0.008584,0.0084,0,0,0,0,0,0,17.634,0,0,0,0,0
64,263,20.32,190.01,14425,12.21,0,0,0,0,0,0.59876,0,0,0,2.5252,0,0,0,0,0
64,263,20.32,190.01,14425,0,0,0,0,0,0,0.13028,0,0,1.0167,1.2862,0,0,0,0,0
64,263,20.32,190.01,14425,0,0,0,2.0984,0,0,0,0,0,0,0.072463,0,0,0,0,0
64,263,20.32,190.01,14425,0.034307,0,0,0.067402,0,0,0,0,0,0,2.0951,0,0,0,0,0
64,263,20.32,190.01,14425,0.25547,0,0,0,0,0,0,0,0,0,0.072463,0,0,0,0,0
64,263,20.32,190.01,14425,4.4488,0,0,0,0.018236,0,0,0,0,0,0.072463,0,0,0,0,0
64,263,20.32,190.01,14425,0.23042,0,0,0,0,0,10.305,0,0,0,4.9652,0,0,0,0,0
64,263,20.32,190.01,14425,0,0,0,11.848,0,0,0,0,0,0,0.62815,0,0,0,0,0
64,263,20.32,190.01,14425,0,0,0,0,0,0,0,0.005202,0,0.21027,0.072463,0,0,0,0,0
64,263,20.32,190.01,14425,0.29308,0,0,0.09603,0,0,0,0,0,1.1822,0.71652,0,0,0,0,0
64,263,20.32,190.01,14425,0,0,0,0,0,0,0,0,0,0,0.13302,0,0,0,0,0
64,263,20.32,190.01,14425,0.0058918,0,0,0,0.036158,0,5.6045,0,0,0,0.072463,0,0,0,0,4.7503
64,263,20.32,190.01,14425,0.13495,0,0,0,0,0,0,0,0,0,0.072463,0,0,0,0,0
64,263,20.32,190.01,14425,0.083807,0,0,0,0,0,0,0,0,0,0.072463,0,0,0,0,2.8502
64,263,20.32,190.01,14425,0.039088,0,0,0,0,0,0,0,0,4.212,21.593,0,0,0,0,0
64,263,20.32,190.01,14425,0.086638,0,0,0,0.002011,0,0.10863,0,0,0,0.072463,0,0,0,0,0
64,263,20.32,190.01,14425,0.007328,0,0,0.000716,0.008332,0.79321,0,0,0,0,1.1196,0,0,0,0,0
64,263,20.32,190.01,14425,0,0,0,0,0,0,0,0,0,0,1.0076,0,0,0,0,0
64,263,20.32,190.01,14425,1.3301,0,0,0,0,0,0,0,0,0,3.0356,0,0,0,0,0
64,263,20.32,190.01,14425,0.26008,0,0,0,0,0,0,0,0,0,0.072463,0,0,0,0,14.251
64,263,20.32,190.01,14425,0.48289,0,0,0,0,0.8541,0.13028,0,0,0,1.86,0,0,0,0,10.451
64,263,20.32,190.01,14425,1.2045,0,0,0.008333,0,0,0,0,0,0,83.699,0,0,0,0,0
64,263,20.32,190.01,14425,0.003346,0,0,0,0.39885,0,0,0,0,0,0.072463,0,0,0,0,0
64,263,20.32,190.01,14425,0,0,0,0,4.0882,0,0,0,0,0,16.495,0,0,0,0,0
64,263,20.32,190.01,14425,0.089863,0,0,0,0,0,0,0,0,0,2.5972,0,0,0,0,0
64,263,20.32,190.01,14425,0,0,0,0,0,0,0,0,0,4.212,18.828,0,0,0,0,0
64,263,20.32,190.01,14425,0.018811,0,0,0.080149,0,0,0,0,0,5.6716,6.6447,0,0,0,0,0
64,263,20.32,190.01,14425,5.8407,0,0,0,0.002139,0,0,0,0,0,4.9652,0,0,0,0,0
64,263,20.32,190.01,14425,10.245,0,0,0.0067502,0,0,0,0,0,0.14685,0.072463,0,0,0,0,0
64,263,20.32,190.01,14425,35.046,0,0,0,0,0,10.054,0,0,0,0.072463,0,0,0,0,0
64,263,20.32,190.01,14425,0,0,0,0,0,0,0,0,0,0,0.5281,0,0,0,0,0
64,263,20.32,190.01,14425,0,0,0,0,0,0,0,0,0,0,0.24539,0,0,0,0,0
64,263,20.32,190.01,14425,0.000376,0,0,6.513,0,0,0,0,0,1.2479,3.8826,0,0,0,0,0
64,263,20.32,190.01,14425,0.073391,0,0,0,0,0,0,0,0,0,0.072463,0,0,0,0,0
64,263,20.32,190.01,14425,0,0,0,0,23.715,0,0,0,0,0,0.072463,0,0,0,0,0
64,263,20.32,190.01,14425,2.6264,0,0,0.000842,0,0,0,0,0,8.4961,0.20142,0,0,0,0,0
64,263,20.32,190.01,14425,0.031198,0,0,0.000739,0,0,0,0,0,5.6716,0.62815,0,0,0,0,0
64,263,20.32,190.01,14425,0.037248,0,0,0,0,0,0,0,0,0,2.6944,0,0,0,0,0
64,263,20.32,190.01,14425,2.827,0,0,0,0,0,0,0,0,1.0245,0.072463,0,0,0,0,0
64,263,20.32,190.01,14425,0,0,0,0,0,0,0,0,0,0,4.8911,0,0,0,0,0
64,263,20.32,190.01,14425,13.455,0,0,0.003582,0,0,0.13028,0,0,1.1034,16.831,0,0,0,0,0
64,263,20.32,190.01,14425,0.025974,0,0,0,26.621,0,0,0,0,0,0.51741,0,0,0,0,0
64,263,20.32,190.01,14425,0.20198,0,0,0.22219,0,0,0,0,0,0,9.002,0,0,0,0,0
64,263,20.32,190.01,14425,0.008333,0,0,0,0.03285,0,0.13028,0,0,0,0.072463,0,0,0,0,0
64,263,20.32,190.01,14425,0.079246,0,0,0,0,0,0,0,0,0,40.772,0,0,0,0,0
64,263,20.32,190.01,14425,0.34502,0,0,0,0,0,0,0,0,0,2.4569,0,0,0,0,0
64,263,20.32,190.01,14425,0.0083792,0,0,0,0,0,0,0,0,0,0.37729,0,0,0,0,0
64,263,20.32,190.01,14425,0.015329,0,0,0.007148,0,0,0,0,0,1.0245,0.12844,0,0,0,0,0
64,263,20.32,190.01,14425,0.62801,0,0,0,0,0,0,0,0,0,1.6706,0,0,0,0,0
64,263,20.32,190.01,14425,0.0024845,0,0,53.319,0,0,0,0,0,0,0.13649,0,0,0,0,0
64,263,20.32,190.01,14425,0.00524,0,0,0.002031,0,0,0,0,0,0,7.6519,0,0,0,0,0
64,263,20.32,190.01,14425,0.016666,0,0,1.2368,0,0,0,0,0,8.4961,8.9759,0,0,0,0,0
64,263,20.32,190.01,14425,0.041493,0,0.97582,0,0,0,0,0,0,0,0.072463,0,0,0,0,0
64,263,20.32,190.01,14425,0.096515,0,0,0,0,0,4.9992,0,0,0,6.7491,0,0,0,0,0
64,263,20.32,190.01,14425,0.10392,0,0.065254,0,0,0,0,0,0,0,35.005,0,0,0,0,0
64,263,20.32,190.01,14425,0.27071,0,0,0,0,0,0,0,0,0,0.072463,0,0,0,0,0
64,263,20.32,190.01,14425,1.3271,0,0,0.87083,0,0,11.006,0,0,0,0.072463,0,0,0,0,0
64,263,20.32,190.01,14425,0,0,0,0,0,0,0,0,0,0,0.072463,0,0,0,0,8.5506
64,263,20.32,190.01,14425,0,0,0,0,0,0,0,0,0,0,0.072463,0,0,0,0,0
64,263,20.32,190.01,14425,0,0,0,0.0055079,0,0,18.387,0,0,0,0.67931,0,0,0,0,0
64,263,20.32,190.01,14425,0.49976,0,0,3.3159,0,0.094549,0,0,0,0,14.187,0,0,0,0,0
64,263,20.32,190.01,14425,5.4745,0,0,0,0,0,0,0,0,0,94.85,0,0,0,0,0
64,263,20.32,190.01,14425,5.771,0,0.47714,0,0,0,0.059897,0,0,0,0.072463,0,0,0,0,10.451
64,263,20.32,190.01,14425,0.011526,0,0,0,0,0,5.5119,0.005239,0,0,0.072463,0,0,0,0,0
64,263,20.32,190.01,14425,0.008335,0,0,26.564,0,0,0,0,0,0,0.072463,0,0,0,0,0
64,263,20.32,190.01,14425,0.13495,0,0.008584,0.00524,0,0,8.6541,0,0,0,16.683,0,0,0,0,0
64,263,20.32,190.01,14425,0,0,0,2.1765,0,0,0,0,0,0,0.18601,0,0,0,0,0
64,263,20.32,190.01,14425,0.21064,0,0,0.022416,0,0,0,0,0,0,3.8693,0,0,0,0,0
64,263,20.32,190.01,14425,0,0,3.8683,0,0,0,4.9992,0,0,0,0.072463,0,0,0,0,0
64,263,20.32,190.01,14425,1.0082,0,0,0,0,0,0,0,0,0,1.1039,0,0,0,0,0
64,263,20.32,190.01,14425,0.042855,0,0,0,0,0,0,0,0,0,0.75174,0,0,0,0,0
64,263,20.32,190.01,14425,0,0,0,0,0,0,0,0,0,0,2.4241,0,0,0,0,6.6505
64,263,20.32,190.01,14425,0.002068,0,0,0,0,0,0,0,0,0,0.072463,0,0,0,0,0
64,263,20.32,190.01,14425,0.014229,0,0,0,0,0.017703,0.60778,0,0,1.5859,83.699,0,0,0,0,0
64,263,20.32,190.01,14425,0.018052,0,0,0,0,0,0,0,0,0,2.5252,0,0,0,0,0
64,263,20.32,190.01,14425,0.00021,0,0,0.005239,0,0,0,0,0,0,2.5972,0,0,0,0,0
64,263,20.32,190.01,14425,0.00014,0,0,0,0,0,0,0,0,0,4.6719,0,0,0,0,0
64,263,20.32,190.01,14425,0.49233,0,0,0,0,0,4.9992,0,0,0,0.072463,0,0,0,0,0
64,263,20.32,190.01,14425,0.008333,0,0,40.485,0,0,0,0,0,0,0.75066,0,0,0,0,6.6505
64,263,20.32,190.01,14425,1.8473,0,0,0.21451,0,0,0,0,0,1.5859,0.67805,0,0,0,0,0
64,263,20.32,190.01,14425,0.50894,0,0,0,0,0.088182,0,0,0,0,0.072463,0,0,0,0,0
64,263,20.32,190.01,14425,0.01175,0,0,0.008333,0,0,0,0,0,0,0.1331,0,0,0,0,0
64,263,20.32,190.01,14425,0.50894,0,0,0,0,0,0.059897,0,0,0,9.002,0,0,0,0,0
64,263,20.32,190.01,14425,0.063818,0,0,0,0,0,0,0,0,16.378,2.8119,0,0,0,0,0
64,263,20.32,190.01,14425,39.916,0,12.17,0,0,0,0,0,0,0,0.32655,0,0,0,0,0
64,263,20.32,190.01,14425,0.003465,0,0,0,0,0,0.13028,0,0,0,0.072463,0,0,0,0,0
64,263,20.32,190.01,14425,14.691,0,0,0,0,0,0,0,0,0,0.072463,0,0,0,0,0
64,263,20.32,190.01,14425,0,0,0,0.63056,0,0,0,0,0,0,0.34469,0,0,0,0,0
64,263,20.32,190.01,14425,0,0,0,0.00524,0,0,29.215,0,0,0.21027,0.072463,0,0,0,0,0
64,263,20.32,190.01,14425,5.1991,0,2.7529,0,0,0,6.9489,0,0,0,0.072463,0,0,0,0,0
64,263,20.32,190.01,14425,0.006701,0,0,5.5541,0,0,80.361,0,0,0,2.3236,0,0,0,0,0
64,263,20.32,190.01,14425,0.066705,0,0,0,0,0,0,0,0,0,0.75049,0,0,0,0,0
64,263,20.32,190.01,14425,0.12623,0,0,0,0,0,0,0,0,0.65812,5.2662,0,0,0,0,0
64,263,20.32,190.01,14425,0.008333,0,0,0,0,0,0,0,0,0,0.072463,0,0,0,0,0
64,263,20.32,190.01,14425,0.008333,0,0,0,0,0,0,0,0,0,14.185,0,0,0,0,0.47503
64,263,20.32,190.01,14425,0.083807,0,0,0.005239,0,0.79321,0,0,0,0,7.0787,0,0,0,0,0
64,263,20.32,190.01,14425,0.61115,0,0,0,0,0,0,0,0,0,0.78678,0,0,0,0,0
64,263,20.32,190.01,14425,0,0,0,0,0,0,0,0,0,0,1.0611,0,0,0,0,0
64,263,20.32,190.01,14425,0.022631,0,0,0,0,0,3.929,0,0,0,0.13649,0,0,0,0,0
64,263,20.32,190.01,14425,0.21982,0,0,0,0.0097104,0,0,0,0,0,0.29757,0,0,0,0,0
64,263,20.32,190.01,14425,0.013573,0,0,5.7384,0,0,0,0,0,1.164,4.0083,0,0,0,0,0
64,263,20.32,190.01,14425,0.020568,0,0,0,0,0,0,0,0,0,0.072463,0,0,0,0,0
64,263,20.32,190.01,14425,0.011627,0,0,0,0,0,0,0,0,0,0.072463,0,0,0,0,0
64,263,20.32,190.01,14425,0.27595,0,0,0,0,0,0,0,0,0,5.2088,0,0,0,0,0
64,263,20.32,190.01,14425,0.10392,0,0.18735,0,0,0,0,0,0,0,55.647,0,0,0,0,0
64,263,20.32,190.01,14425,0.02311,0,0,0,0,0,0,0,0,0,2.7374,0,0,0,0,0
64,263,20.32,190.01,14425,0.008402,0,0,0.14847,0,0,0,0,0,0,6.9105,0,0,0,0,0
64,263,20.32,190.01,14425,0,0,0,0,0,0,0,0,0,0,0.086791,0,0,0,0,0
64,263,20.32,190.01,14425,0.00524,0,0,0,0,0,0,0,0,0,0.33671,0,0,0,0,0
64,263,20.32,190.01,14425,3.1081,0,0,0,0,0.84317,0,0,0,0,3.7404,0,0,0,0,0
64,263,20.32,190.01,14425,1.9649,0,0,0,0,0,0.13028,0,0,0,0.072463,0,0,0,0,0
64,263,20.32,190.01,14425,3.5888,0,0,0,0,0,0.13028,0,0,0,2.9171,0,0,0,0,0
64,263,20.32,190.01,14425,0.011526,0,0,0.002139,0,0.43969,0.13028,0,0,0,1.7918,0,0,0,0,0
64,263,20.32,190.01,14425,0,0,0,0,0,0,0,0,0,0,0.134,0,0,0,0,0
64,263,20.32,190.01,14425,0.62352,0,0,0,0,0,0,0,0,0,9.0272,0,0,0,0,0
64,263,20.32,190.01,14425,0,0,0,0.005239,0,0,27.353,0,0,0,0.49973,0,0,0,0,0
64,263,20.32,190.01,14425,0.0060235,0,0,0,0,0,0.13028,0,0,0,1.5501,0,0,0,0,0
64,263,20.32,190.01,14425,0,0,0,0.19458,0,0,5.7629,0,0,0,5.2088,0,0,0,0,0
64,263,20.32,190.01,14425,5.6977,0,0,0,0,0,0,0,0,0,1.6541,0,0,0,0,0
64,263,20.32,190.01,14425,0.008333,0,0,0,0,0,135.01,0,0,0,18.985,0,0,0,0,0
64,263,20.32,190.01,14425,1.5956,0,0,0.00524,0,0,0,0,0,0,0.072463,0,0,0,0,0
64,263,20.32,190.01,14425,0.0048325,0,0,0,0,0,0.59876,0,0,0,0.13598,0,0,0,0,0
64,263,20.32,190.01,14425,2.6765,0,0,116.73,0.008333,0,0.59876,0,0,0,5.2088,0,0,0,0,0
64,263,20.32,190.01,14425,0.010479,0,0,0,0,138.38,0.13028,0,0,0,0.88605,0,0,0,0,0
64,263,20.32,190.01,14425,0.006456,0,0,1.1126,0,0,27.353,0,0,0,3.1243,0,0,0,0,0
64,263,20.32,190.01,14425,0,0,0,0,0,0,0,0,0,0,0.98417,0,0,0,0,0
64,263,20.32,190.01,14425,0,0,0,0.002031,0,0,0,0,0,8.4961,0.072463,0,0,0,0,0
64,263,20.32,190.01,14425,6.9953,0,0,0,0,0,0,0,0,0,4.8317,0,0,0,0,4.7503
64,263,20.32,190.01,14425,0.005714,0,0,0,0.005692,0,0,0,0,0,0.13302,0,0,0,0,0
64,263,20.32,190.01,14425,0.008333,0,0,0,0,0,0,0,0,0,0.072463,0,0,0,0,0
64,263,20.32,190.01,14425,0.001192,0,0,0,0,0,0,0,0,0,0.072463,0,0,0,0,0
64,263,20.32,190.01,14425,0,0,0,0,10.331,0,40.56,0,0,0,5.5926,0,0,0,0,0
64,263,20.32,190.01,14425,0.080627,0,0,0,0.06692,0,0,0,0,0,0.072463,0,0,0,0,0
64,263,20.32,190.01,14425,7.0498,0,0,0.00036,0,0,0,0,0,0,0.072463,0,0,0,0,0
64,263,20.32,190.01,14425,0,0,0,0.049199,0,0,28.135,0,0,0,4.6,0,0,0,0,0
64,263,20.32,190.01,14425,0.087612,0,0,0,0,0.79591,0,0,0,0,0.37335,0,0,0,0,0
64,263,20.32,190.01,14425,0,0,0,0,0,0,0.42744,0,0,1.0076,2.9142,0,0,0,0,0
64,263,20.32,190.01,14425,8.0087,0,0,0,8.7634,0,0,0,0,0.91947,0.17677,0,0,0,0,0
64,263,20.32,190.01,14425,0.17455,0,0,3.6299,0,0,0,0,0,0,0.072463,0,0,0,0,0
64,263,20.32,190.01,14425,0.008333,0,0,0,0,0,0,0,0,0,0.072463,0,0,0,0,0
64,263,20.32,190.01,14425,19.288,0,0,0.12491,0,0,0.13028,0,0,0,0.14411,0,0,0,0,0
64,263,20.32,190.01,14425,0,0,0,0.001493,0,0,0,0,0,0,0.13302,0,0,0,0,0
64,263,20.32,190.01,14425,2.3451,0,0,3.4064,0,0,0,0,0,0,1.0543,0,0,0,0,0
64,263,20.32,190.01,14425,0,0,0,0.008333,0,0,0,0,0,3.4087,1.6706,0,0,0,0,0
64,263,20.32,190.01,14425,4.2442,0,0,0.027485,0,0,0,0,0,0,55.647,0,0,0,0,0
64,263,20.32,190.01,14425,0.025446,0,0,0.000716,0,0,0.13028,0,0,0,0.072463,0,0,0,0,0
64,263,20.32,190.01,14425,3.2644,0,0,0,0,0,0,0,0,0,8.9877,0,0,0,0,0
64,263,20.32,190.01,14425,0.00524,0,0,0.008333,0,0,83.464,0,0,0,3.8693,0,0,0,0,0
64,263,20.32,190.01,14425,0,0,0,4.864,0,0.81324,0,0,0,0,9.9728,0,0,0,0,0
64,263,20.32,190.01,14425,0.0071224,0,0,0.000126,0,0,0,0,0,0,0.072463,0,0,0,0,0
64,263,20.32,190.01,14425,0.001326,0,0,0,0,0,0.13028,0,0,0,1.6541,0,0,0,0,0
64,263,20.32,190.01,14425,0.028378,0,0,0,0,0.80137,0.13028,0,0,0,0.13364,0,0,0,0,0
64,263,20.32,190.01,14425,0.005239,0,0,0.032559,0,0,0,0,0,0,14.703,0,0,0,0,0
64,263,20.32,190.01,14425,0.84259,0,0,0,0,0.0071261,0.021726,0,0,0.55196,0.072463,0,0,0,0,0
64,263,20.32,190.01,14425,0.007328,0,0,0,0,0,0.42744,0,0,0,0.072463,0,0,0,0,0
64,263,20.32,190.01,14425,0.026894,0,0,0,0,1.6193,0,0,0,0,0.13039,0,0,0,0,0
64,263,20.32,190.01,14425,4.0215,0,0,0,0,0,0,0,0,0,0.072463,0,0,0,0,0
64,263,20.32,190.01,14425,0.016438,0,0,0.008333,0.15838,0.85659,0,0,0,0,3.0356,0,0,0,0,0
64,263,20.32,190.01,14425,0.002031,0,0,0,0,0.006504,0,0,0,0,0.13394,0,0,0,0,0
64,263,20.32,190.01,14425,9.6675,0,0,0,0,0,0.13028,0,0,0,0.072463,0,0,0,0,0
64,263,20.32,190.01,14425,0.073391,0,0,0,50.083,18.806,0,0,0,0,59.217,0,0,0,0,0
64,263,20.32,190.01,14425,2.2391,0,0,0.000251,0,0,0,0,0,0.14685,0.77392,0,0,0,0,0
64,263,20.32,190.01,14425,0,0,0,0,0,0.79591,0,0,0,0,0.072463,0,0,0,0,0
64,263,20.32,190.01,14425,12.336,0,0.02042,0,0,0,0,0,0,0,0.072463,0,0,0,0,0
64,263,20.32,190.01,14425,0.032465,0,0,0,0,0,0,0,0,0,0.9086,0,0,0,0,0
64,263,20.32,190.01,14425,0.10392,0,0,0,0,0,4.6132,0,0,0.27721,0.072463,0,0,0,0,0
64,263,20.32,190.01,14425,0.008333,0,0,0,0.23618,0,0,0,0,0,0.072463,0,0,0,0,0
64,263,20.32,190.01,14425,0.14797,0,0,0,0.016085,0,0,0,0,0,0.072463,0,0,0,0,0
64,263,20.32,190.01,14425,0.11182,0,0,0,0,0,0,0,0,0,0.42312,0,0,0,0,0
64,263,20.32,190.01,14425,0.027974,0,0,0,0,0,0,0,0,0,0.072463,0,0,0,0,0
64,263,20.32,190.01,14425,2.8971,0,0.1858,0.001292,0.019793,0,168.81,0,0,0,0.13198,0,0,0,0,0
64,263,20.32,190.01,14425,0,0,0,0.008333,0.78729,0,16.555,0,0,0,0.20357,0,0,0,0,0
64,263,20.32,190.01,14425,0.0098678,0,0,0,0,0,0,0,0,0.4212,4.2102,0,0,0,0,0
64,263,20.32,190.01,14425,0.008332,0,0,1.6948,0,0,4.3863,0,0,0,0.072463,0,0,0,0,0
64,263,20.32,190.01,14425,0.083807,0,0,0.008335,0,0,0,0,0,0,1.1389,0,0,0,0,0.47503
64,263,20.32,190.01,14425,0,0,0,0,0,0,0,0,0,0,1.3814,0,0,0,0,0
64,263,20.32,190.01,14425,0,0,0,0,0,0,0,0,0,1.2479,0.13786,0,0,0,0,0
64,263,20.32,190.01,14425,0.00545,0,0,1.2149,0,0,0.13028,0,0,0,7.1646,0,0,0,0,0
64,263,20.32,190.01,14425,0,0,0,0,0,0,0,0,0,0,1.2862,0,0,0,0,0
64,263,20.32,190.01,14425,0.73042,0,0,0,0,0,0,0,0,0,37.282,0,0,0,0,0
64,263,20.32,190.01,14425,0,0,0,0,0,0,0,0,0,0,4.0802,0,0,0,0,0
64,263,20.32,190.01,14425,0.087821,0,0,0,4.1991,0,0,0,0,0,0.072463,0,0,0,0,10.451
64,263,20.32,190.01,14425,0.011526,0,0.008333,0,0,0,0.13028,0,0,0,0.18612,0,0,0,0,0
64,263,20.32,190.01,14425,0,0,0,0,0,0,0,0,0,0,0.72803,0,0,0,0,0
64,263,20.32,190.01,14425,0,0,0,0,0,0.013684,0,0,0,8.5959,0.072463,0,0,0,0,0
64,263,20.32,190.01,14425,0.06877,0,0,0,0,0,0.13028,0,0,0,0.072463,0,0,0,0,0
64,263,20.32,190.01,14425,46.374,0,0,0,0,0,0,0,0,0,2.453,0,0,0,0,4.7503
64,263,20.32,190.01,14425,0.008335,0,0,0,0,0,0,0,0,0,0.13782,0,0,0,0,0
64,263,20.32,190.01,14425,0.0062716,0,0,0.12242,0,0,0.13028,0,0,0,0.072463,0,0,0,0,0
64,263,20.32,190.01,14425,0.01698,0,0,0,0,2.4189,0,0,0,1.1822,0.41236,0,0,0,0,0
64,263,20.32,190.01,14425,0,0,0,0,0,0.000887,0.059897,0,0,1.164,3.6687,0,0,0,0,0
64,263,20.32,190.01,14425,2.1757,0,0,0.055891,0.0075951,0,0,0,0,0,0.12977,0,0,0,0,0
64,263,20.32,190.01,14425,0.008333,0,0,0,0,0,10.305,0,0,0,0.56922,0,0,0,0,0
64,263,20.32,190.01,14425,0.087612,0,0,3.6299,66.561,0,0,0,0,0,58.962,0,0,0,0,0
64,263,20.32,190.01,14425,0.00387,0,0,0.87083,0,0,0,0,0,0,58.962,0,0,0,0,12.826
64,263,20.32,190.01,14425,0.012386,0,0,0,0,0,0,0,0,0,5.6128,0,0,0,0,0
64,263,20.32,190.01,14425,0.011369,0,0,0,0,0.34012,0,0,0,0,3.6687,0,0,0,0,0
64,263,20.32,190.01,14425,0.004588,0,0,0,0,0,0,0,0,0,0.12913,0,0,0,0,0
64,263,20.32,190.01,14425,0,0,0,0,0,0,0,0,0,7.8617,2.9953,0,0,0,0,0
64,263,20.32,190.01,14425,0,0,0,0,0,0,0.67053,0,0,0,26.506,0,0,0,0,0
64,263,20.32,190.01,14425,0.004345,0,0,0,0,0,0,0,0,0,0.67805,0,0,0,0,0
64,263,20.32,190.01,14425,0.00676,0,0.64938,0,0,0.013684,0,0,0,0,14.386,0,0,0,0,0
64,263,20.32,190.01,14425,0,0,0,0,0,0,29.376,0,0,0,29.357,0,0,0,0,0
64,263,20.32,190.01,14425,0.08836,0,0,0,0,0,0,0,0,0,0.21272,0,0,0,0,0
64,263,20.32,190.01,14425,10.716,0,0,0,0,0.79321,27.353,0,0,0,10.13,0,0,0,0,0
64,263,20.32,190.01,14425,0.88105,0,0,0,0,0,0,0,0,0,0.13348,0,0,0,0,4.7503
64,263,20.32,190.01,14425,0,0,0,0,0,0,0,0,0,0,0.072463,0,0,0,0,0
64,263,20.32,190.01,14425,0,0,0,0,0,0,0,0,0,7.8617,0.072463,0,0,0,0,0
64,263,20.32,190.01,14425,0.02106,0,0,0,0,0,0.059897,0,0,0,0.072463,0,0,0,0,0
64,263,20.32,190.01,14425,0.029669,0,0,0,0,0,5.6045,0,0,0,0.072463,0,0,0,0,0
64,263,20.32,190.01,14425,0,0,0,2.6638,0,0,0,0,0,0,6.9105,0,0,0,0,0
64,263,20.32,190.01,14425,0.39276,0,0,0,0,0,0,0,0,0,0.62815,0,0,0,0,0
64,263,20.32,190.01,14425,0.0079813,0,0,0,0,0,0,0,0,0,0.072463,0,0,0,0,0
64,263,20.32,190.01,14425,0.004345,0,0,0,0,0.003346,4.8659,0,0,0,40.772,0,0,0,0,0
64,263,20.32,190.01,14425,0.014554,0,0,0,0,0,0,0,0,0,0.072463,0,0,0,0,0
64,263,20.32,190.01,14425,0.59833,0,0,0,0,0,0,0,0,0,4.6,0,0,0,0,0
64,263,20.32,190.01,14425,0.022631,0,0,4.3987,0,0,0,0,0,0,3.2549,0,0,0,0,0
64,263,20.32,190.01,14425,0,0,0,0,0,0,0,0,0,0,0.13505,0,0,0,0,0
64,263,20.32,190.01,14425,0,0,0,0,0.011948,0,0,0,0,0,0.13054,0,0,0,0,10.451
64,263,20.32,190.01,14425,0,0,0,0,0,0.007897,0,0,0,0,24.201,0,0,0,0,0
64,263,20.32,190.01,14425,1.5785,0,0,0,0.00714,0.00052,0,0,0,0,4.2848,0,0,0,0,0
64,263,20.32,190.01,14425,0,0,0,0,0,0,23.847,0,0,0,0.072463,0,0,0,0,0
64,263,20.32,190.01,14425,0.00524,0,0,0.010061,0,0,0,0,0,0,0.3717,0,0,0,0,0
64,263,20.32,190.01,14425,3.4838,0,0,0,0,0.010781,0.10863,0,0,0,0.58253,0,0,0,0,0
64,263,20.32,190.01,14425,0.18706,0,0,0,10.561,0,0,0,0,0.056957,0.14852,0,0,0,0,0
64,263,20.32,190.01,14425,0.0098678,0,0,0,6.8113,0,0,0,0,0.44682,0.21272,0,0,0,0,0
64,263,20.32,190.01,14425,0.008333,0,0,0.002031,0,0,0,0,0,0,0.13854,0,0,0,0,0
64,263,20.32,190.01,14425,0,0,0,0,0,0,0,0,0,0,0.072463,0,0,0,0,0
64,263,20.32,190.01,14425,0.008333,0,0,0.001669,0,0,0,0,0,0,0.33671,0,0,0,0,0
64,263,20.32,190.01,14425,0.078597,0,0,0,0,0,0,0,0,0,6.0336,0,0,0,0,6.6505
64,263,20.32,190.01,14425,0.008587,0,0,0,0,0,0,0,0,0,0.55863,0,0,0,0,0
64,263,20.32,190.01,14425,0.001493,0,0,0,0,0,0,0,0,0,0.072463,0,0,0,0,0
64,263,20.32,190.01,14425,0.038667,0,0,0.10768,0,0,0,0,0,0,3.4986,0,0,0,0,0
64,263,20.32,190.01,14425,0.008333,0,0,21.922,0,0,0,0,0,0,7.8571,0,0,0,0,0
64,263,20.32,190.01,14425,0,0,0,0,0.37727,0.00524,0,0,0,0,0.072463,0,0,0,0,0
64,263,20.32,190.01,14425,0.003538,0,0,0,0,0,0,0,0,0,4.0802,0,0,0,0,0
64,263,20.32,190.01,14425,0.94326,0,0,0.049199,0,0,12.951,0,0,0,0.072463,0,0,0,0,0
64,263,20.32,190.01,14425,0.013572,0,0,0,0,0,0,0,0,0,0.072463,0,0,0,0,4.7503
64,263,20.32,190.01,14425,0.015329,0,0,0,0,0,0.008333,0,0,0,0.16445,0,0,0,0,8.5506
64,263,20.32,190.01,14425,0,0,0,3.9863,0,0.34012,0,0,0,0,0.14833,0,0,0,0,0
64,263,20.32,190.01,14425,0.011015,0,0,0,0,0,0,0,0,0,2.9887,0,0,0,0,0
64,263,20.32,190.01,14425,0.0068538,0,0,0,0,0,0,0,0,0,2.1206,0,0,0,0,0
64,263,20.32,190.01,14425,0.07654,0,0,2.7423,0,0,0,0,0,2.6253,0.072463,0,0,0,0,0
64,263,20.32,190.01,14425,0.008333,0,0.89962,0,0,0,0.008333,0,0,1.1034,72.134,0,0,0,0,0
64,263,20.32,190.01,14425,0.008333,0,0,0,0,0,40.56,0,0,0,0.072463,0,0,0,0,0
64,263,20.32,190.01,14425,0.013872,0,0,0.34133,0.005239,0,0,0,0,0,3.4221,0,0,0,0,0
64,263,20.32,190.01,14425,0,0,0,0,0,0,168.06,0,0,0,0.13226,0,0,0,0,0
64,263,20.32,190.01,14425,2.038,0,0,0,0,1.7006,0,0,0,0,0.52131,0,0,0,0,0
64,263,20.32,190.01,14425,0.083807,0,0,0,0,0,0,0,0,0,0.086791,0,0,0,0,0
64,263,20.32,190.01,14425,0.45089,0,0,0.020539,0,0,0,0,0,18.081,1.2862,0,0,0,0,0
64,263,20.32,190.01,14425,0.008333,0,0,0,0,0,0.13028,0,0,0,5.101,0,0,0,0,0
64,263,20.32,190.01,14425,0.73042,0,0,0,0,0,0,0,0,0,1.6654,0,0,0,0,0
64,263,20.32,190.01,14425,0,0,0,0,0,0.0055814,0,0,0,9.1202,1.1327,0,0,0,0,0
64,263,20.32,190.01,14425,0.79972,0,0,18.858,2.5808,0,0,0,0,0,10.052,0,0,0,0,0
64,263,20.32,190.01,14425,0.008333,0,0,0,0,0,18.465,0,0,0,0.78678,0,0,0,0,0
64,263,20.32,190.01,14425,0.06877,0,0,0,0,0,0,0,0,0,4.729,0,0,0,0,0
64,263,20.32,190.01,14425,0.20793,0,0,0,0,0,0,0,0,0,1.6706,0,0,0,0,21.852
64,263,20.32,190.01,14425,1.1024,0,0,0,0,0,0,0,0,3.8737,0.94482,0,0,0,0,0
64,263,20.32,190.01,14425,0.010521,0,0,0.002508,0.03285,0,0,0,0,0,0.14026,0,0,0,0,0
64,263,20.32,190.01,14425,0.008333,0,0,0,0,0,0,0,0,0,7.6519,0,0,0,0,0
64,263,20.32,190.01,14425,0.000254,0,0,0,1.3677,0,29.376,0,0,0,0.072463,0,0,0,0,0
64,263,20.32,190.01,14425,0.025941,0,0,4.6515,0,0,0,0,0,1.7327,0.51741,0,0,0,0,0
64,263,20.32,190.01,14425,0.0083792,0,20.936,0,0,0,0,0,0,0,3.4411,0,0,0,0,0
64,263,20.32,190.01,14425,0.026637,0,0,4.7118,0,0,0,0,0,0,0.072463,0,0,0,0,0
64,263,20.32,190.01,14425,0,0,0,2.7423,0,0,0,0,0,0,33.184,0,0,0,0,0
64,263,20.32,190.01,14425,4.4705,0,4.3482,0,0,0.79774,0,0,0,0,0.072463,0,0,0,0,0
64,263,20.32,190.01,14425,0,0,0,0,0,0,0,0,0,0.18355,0.072463,0,0,0,0,0
64,263,20.32,190.01,14425,0,0,0,0,0,0,0,0,0,0,0.072463,0,0,0,0,0
64,263,20.32,190.01,14425,0.021906,0,0,0,0,0,0,0,0,0,0.072463,0,0,0,0,0.47503
64,263,20.32,190.01,14425,0.005714,0,0.008333,0,0,0,0,0,0,0,0.82163,0,0,0,0,0
64,263,20.32,190.01,14425,0.010521,0,0,1.7604,0,0,0,0,0,0,0.13873,0,0,0,0,0
64,263,20.32,190.01,14425,0.005714,0,0,0,0,0,10.987,0,0,0,0.072463,0,0,0,0,0.47503
64,263,20.32,190.01,14425,0.008333,0,0,0,0,0,28.515,0,0,0,8.8741,0,0,0,0,0
64,263,20.32,190.01,14425,3.9744,0,0,0,0,6.5726,30.454,0,0,0,0.072463,0,0,0,0,0
64,263,20.32,190.01,14425,0.011941,0,0,0,0,0,47.463,0,0,0,0.72803,0,0,0,0,0
64,263,20.32,190.01,14425,0,0,0,0,0,0.79425,0.13028,0,0,0,0.072463,0,0,0,0,6.6505
64,263,20.32,190.01,14425,0.0071766,0,0,0.00524,0,0,0,0,0,0,6.7491,0,0,0,0,0
64,263,20.32,190.01,14425,14.131,0,0,0,0,0,0.13028,0,0,0,0.072463,0,0,0,0,0
64,263,20.32,190.01,14425,0,0,0,0,0,0,0.13028,0,0,0,0.93212,0,0,0,0,0
64,263,20.32,190.01,14425,0.06877,0,0,0.021737,0,0,61.27,0,0,0,0.072463,0,0,0,0,0
64,263,20.32,190.01,14425,0,0,0,0,0,0.90217,0,0,0,0,1.0181,0,0,0,36.753,0
64,263,20.32,190.01,14425,0.15581,0,0,0,0,0,0.13028,0,0,0,0.072463,0,0,0,0,0
64,263,20.32,190.01,14425,166.14,0,0,0,0,0.80862,0,0.48282,0,0,7.1639,0,0,0,0,0
64,263,20.32,190.01,14425,0.15427,0,0,0,0,0,0,0,0,0,0.072463,0,0,0,0,0
64,263,20.32,190.01,14425,0,0,0,3.5392,2.6118,0,12.951,0,0,0,4.3915,0,0,0,0,0
64,263,20.32,190.01,14425,0,0,0,0,0,0,0,0,0,0,5.1452,0,0,0,0,0
64,263,20.32,190.01,14425,0.16674,0,0,0,0,0,0,0,0,0,0.94645,0,0,0,0,0
64,263,20.32,190.01,14425,0.016724,0,0,0.021906,0,0,0,0,0,0,4.729,0,0,0,0,0
64,263,20.32,190.01,14425,0.25711,0,0,0.0087665,0,0,0,0,0,1.0167,6.8926,0,0,0,0,0
64,263,20.32,190.01,14425,7.327,0,0,0,0,0,0,0,0,0,0.072463,0,0,0,0,0
64,263,20.32,190.01,14425,0.34435,0,0,0,0,0,0,0,0,0,1.0897,0,0,0,0,0
64,263,20.32,190.01,14425,0.042855,0,0,0,0.20313,0,0,0,0,0,25.046,0,0,0,0,0
64,263,20.32,190.01,14425,0.066705,0,0.010331,0,0,0,0.42744,0,0,0,1.2836,0,0,0,0,0
64,263,20.32,190.01,14425,0.65712,0,0,0,0,0,0,0,0,10.481,2.2216,0,0,0,0,0
64,263,20.32,190.01,14425,0.012093,0,0,0,0,0,0,0,0,0,83.699,0,0,0,0,0
64,263,20.32,190.01,14425,0,0,0,0.006456,0,0,0,0,0,0,0.072463,0,0,0,0,0
64,263,20.32,190.01,14425,7.4982,0,0,0,0,0,0,0,0,0,0.31337,0,0,0,0,0
64,263,20.32,190.01,14425,0,0,0,0,0,0,72.465,0,0,0,5.1015,0,0,0,0,0
64,263,20.32,190.01,14425,0,0,6.4978,0,0.002011,0,22.816,0,0,0,0.072463,0,0,0,0,0
64,263,20.32,190.01,14425,0,0,2.1341,0,0,0,0,0,0,0,0.12844,0,0,0,0,2.8502
64,263,20.32,190.01,14425,50.295,0,0,0.015553,0.010272,0,0,0,0,0,0.37335,0,0,0,0,0
64,263,20.32,190.01,14425,3.4321,0,0,0,0,0,0,0,0,0,0.13615,0,0,0,0,0
64,263,20.32,190.01,14425,0.008587,0,0,0,0,0,0,0,0,0,0.60404,0,0,0,0,0
64,263,20.32,190.01,14425,3.3912,0,0,0.046298,0,0,0,0,0,0,1.7918,0,0,0,0,0
64,263,20.32,190.01,14425,12.644,0,0,0,0,0.00036,0,0,0,0,3.6257,0,0,0,0,0
64,263,20.32,190.01,14425,0.022379,0,0,0,0,0.90217,0,0,0,0,0.18612,0,0,0,0,0
64,263,20.32,190.01,14425,0.00524,0,0,0,0,0,0.59876,0,0,0,0.072463,0,0,0,0,0
64,263,20.32,190.01,14425,2.2391,0,0,0.021737,0,0,0,0,0,0,0.072463,0,0,0,0,0
64,263,20.32,190.01,14425,0.000254,0,0,0,0,0,0,0,0,0,0.29757,0,0,0,0,0
64,263,20.32,190.01,14425,0.12939,0,0,0,4.891,0,0,0,0,0,0.14026,0,0,0,0,0
64,263,20.32,190.01,14425,0,0,0,0,0,0,0,0,0,0,4.2705,0,0,0,0,0
64,263,20.32,190.01,14425,0,0,0,0,0,0.83988,0,0,0,0,8.2778,0,0,0,0,0
64,263,20.32,190.01,14425,0.002068,0,0,0,0.00833,0,0,0,0,0,0.44185,0,0,0,0,0
64,263,20.32,190.01,14425,0.0055995,0,0,9.7744,0,0.082908,0,0,0,0,0.072463,0,0,0,0,0
64,263,20.32,190.01,14425,0.018052,0,0,0.0065059,0,0,0,0,0,0,0.072463,0,0,0,0,0
64,263,20.32,190.01,14425,0.037248,0,0,21.922,0,0,0,0,0,0,0.072463,0,0,0,0,0
64,263,20.32,190.01,14425,0.0068538,0,0,11.848,0,0,0,0,0,0,55.647,0,0,0,0,0
64,263,20.32,190.01,14425,0.24635,0,0,0,0,0,10.987,0,0,0,94.85,0,0,0,0,8.5506
64,263,20.32,190.01,14425,40.962,0,0,0,0,0,0,0,0,5.7109,20.478,0,0,0,0,0
64,263,20.32,190.01,14425,0.095794,0,0,0,0,0,0,0,0,0,0.40718,0,0,0,0,0
64,263,20.32,190.01,14425,11.342,0,0,0,0,0.82401,14.003,0,0,0,4.2991,0,0,0,0,0
64,263,20.32,190.01,14425,0.008333,0,0,0,0,0,7.8005,0,0,0,0.13054,0,0,0,0,8.5506
64,263,20.32,190.01,14425,0.001493,0,0,1.4225,0,0.009277,0,0,0,0,0.072463,0,0,0,0,0
64,263,20.32,190.01,14425,0.033619,0,0,0,0,0,0,0,0,0,0.072463,0,0,0,0,0
64,263,20.32,190.01,14425,0,0,0,0.00833,0,0,0.008333,0,0,0,0.60404,0,0,0,0,0
64,263,20.32,190.01,14425,0.00021,0,0,16.103,0,14.546,0,0,0,0,5.101,0,0,0,0,0
64,263,20.32,190.01,14425,3.228,0,0,0,0,8.5672,5.5119,0,0,0,0.072463,0,0,0,0,0
64,263,20.32,190.01,14425,0.097844,0,0,0,0,4.5986,0,0.00014,0,0,1.5788,0,0,0,0,0
64,263,20.32,190.01,14425,0.008333,0,0,0.55882,0,0,12.413,0,0,0,3.5283,0,0,0,0,0
64,263,20.32,190.01,14425,0.000254,0,0,0,0,0,0,0,0,0,2.4073,0,0,0,0,0
64,263,20.32,190.01,14425,0,0,0,0,0,0,0,0,0,0,0.63867,0,0,0,0,0
64,263,20.32,190.01,14425,3.5888,0,0,0,0,0,0,0,0,0,0.88914,0,0,0,0,2.8502
64,263,20.32,190.01,14425,0.89283,0,0,0,0,0,0.13028,0,0,0,0.13226,0,0,0,0,0
64,263,20.32,190.01,14425,0.005239,0,0,0.008333,0,0,0,0,0,0,0.072463,0,0,0,0,0
64,263,20.32,190.01,14425,0.003416,0,0,0,0,0,0,0,0,0,15.494,0,0,0,0,0
64,263,20.32,190.01,14425,5.9697,0,0,0,0,0.10416,0.80878,0,0,0,5.2552,0,0,0,0,0
64,263,20.32,190.01,14425,0,0,0,0.069106,0,0.85659,0.13028,0,0,0,2.139,0,0,0,0,0
64,263,20.32,190.01,14425,0,0,0,0,0,0,0,0,0,1.9819,0.072463,0,0,0,0,0
64,263,20.32,190.01,14425,0.51403,0,2.9673,0.012881,0,0,0,0,0,0.4212,0.94042,0,0,0,0,0
64,263,20.32,190.01,14425,0,0,0,0,0,0,0,0,0,0,28.754,0,0,0,0,0
64,263,20.32,190.01,14425,2.7866,0,0,0,0,0,0,0,0,0,0.072463,0,0,0,0,0
64,263,20.32,190.01,14425,0.36186,0,0,0,0,0,0,0.005239,0,0,14.187,0,0,0,0,0
64,263,20.32,190.01,14425,0.1169,0,0,0.002139,0,0,0,0,0,0,0.072463,0,0,0,0,8.5506
64,263,20.32,190.01,14425,0,0,0,0,0,0,0,0,0,0,0.072463,0,0,0,0,0
64,263,20.32,190.01,14425,0.71409,0,0,0,0,0.035094,0,0,0,0,0.072463,0,0,0,0,0
64,263,20.32,190.01,14425,0,0,0,0,0,0,0,0,0,0,0.072463,0,0,0,0,0
64,263,20.32,190.01,14425,0.0060235,0,0,0,0,0,0,0,0,0,0.13302,0,0,0,0,0
64,263,20.32,190.01,14425,0.035175,0,0,0,0,0,0.13028,0,0,0,0.072463,0,0,0,0,0
64,263,20.32,190.01,14425,0,0,0,0.47502,0,0,0.13028,0,0,0,0.072463,0,0,0,0,0
64,263,20.32,190.01,14425,3.228,0,0,0,0,0,0,0,0,0,0.072463,0,0,0,0,0
64,263,20.32,190.01,14425,2.2569,0,0,0.22953,0,0,0,0,0,0,4.9652,0,0,0,0,0
64,263,20.32,190.01,14425,0,0,0,0,0,0,0,0,0,0,0.072463,0,0,0,0,14.251
64,263,20.32,190.01,14425,0,0,0.30584,0,0,0,0.13028,0,0,3.4087,0.072463,0,0,0,0,0
65,264,22.98,420.82,31946,0.32813,0,0,0,0,3.6746,0,0,0,0,0.13039,0,0,0,0,0
65,264,22.98,420.82,31946,172.6,0,0.16378,0,0,0,0,0,0,6.8425,0.13348,0,0,0,0,0
65,264,22.98,420.82,31946,0.016666,0,0,0,0,0,0.13028,0,0,0,3.4221,0,0,0,0,0
65,264,22.98,420.82,31946,0.041493,0,0,0,0,0.003173,0,0,0,0,1.7457,0,0,0,0,0
65,264,22.98,420.82,31946,8.818,0,0,0.041386,0,0,0,0,0,0,12.291,0,0,0,0,0
65,264,22.98,420.82,31946,1.5956,0,0,0,0,0,168.81,0,0,0,0.13505,0,0,0,0,0
65,264,22.98,420.82,31946,0.99954,0,0,62.737,0,0.82893,4.8659,0,0,0,0.072463,0,0,0,0,0
65,264,22.98,420.82,31946,32.783,0,0,0,0,0,0,0,0,0,10.847,0,0,0,0,0
65,264,22.98,420.82,31946,0.002011,0,0,0,0,0,0,0,0,7.8617,5.8591,0,0,0,0,0
65,264,22.98,420.82,31946,0,0,0,53.319,0,0,0,0,0,0,28.485,0,0,0,0,0
65,264,22.98,420.82,31946,0,0,0,0,0,0,0,0,0,0,0.072463,0,0,0,0,0
65,264,22.98,420.82,31946,3.8562,0,0,0,0.005802,0,0.60778,0,0,0,0.072463,0,0,0,0,0
65,264,22.98,420.82,31946,0.034307,0,0,0,0,0,0,0,0,0.14685,9.2109,0,0,0,0,0
65,264,22.98,420.82,31946,1.0733,0,0,0,0,0,0,0,0,0,18.672,0,0,0,0,0
65,264,22.98,420.82,31946,0,0,0,0,0,0,7.8005,0,0,127.87,0.072463,0,0,0,0,0
65,264,22.98,420.82,31946,0,0,0,0,0,0,10.099,0,0,0,12.205,0,0,0,0,0
65,264,22.98,420.82,31946,0.13369,0,0,0,0,0,0,0,0,0,7.1646,0,0,0,0,0
65,264,22.98,420.82,31946,0,0,0,0.002344,0,0,0,0,0,0,0.072463,0,0,0,0,0
65,264,22.98,420.82,31946,12.336,0,0,0,0,0,0,0,0,0,1.2836,0,0,0,0,0
65,264,22.98,420.82,31946,0,0,0,0,0,0,0,0,0,0,0.072463,0,0,0,0,0
65,264,22.98,420.82,31946,0,0,0,0.008333,0.002139,0,0,0,0,0,0.20142,0,0,0,0,0
65,264,22.98,420.82,31946,0,0,0,22.988,0,0,0,0,0,0,0.58253,0,0,0,0,0
65,264,22.98,420.82,31946,0,0,0,0,0,0,0.13028,0,0,0,2.4569,0,0,0,0,0
65,264,22.98,420.82,31946,5.0722,0,0,0,0,0,0,0,0,0,3.1177,0,0,0,0,0
65,264,22.98,420.82,31946,0.001397,0,0,0,0,0,0,0,0,0,14.511,0,0,0,0,0
65,264,22.98,420.82,31946,0.13041,0,0,0,0,0,0,0,0,0,0.13854,0,0,0,0,0
65,264,22.98,420.82,31946,0.002068,0,0,18.858,0,0.005202,7.1507,0,0,8.0476,0.13054,0,0,0,0,0
65,264,22.98,420.82,31946,0,0,0,0,0,0,0,0,0,0,0.072463,0,0,0,0,0
65,264,22.98,420.82,31946,0.008333,0,0,0,0,0,2.6355,0,0,0,12.207,0,0,0,0,0
65,264,22.98,420.82,31946,0.10979,0,0,0,0,0,0,0,0,0,31.522,0,0,0,0,0
65,264,22.98,420.82,31946,0,0,0,0,0,0,0,0,0,0,0.48889,0,0,0,0,0
65,264,22.98,420.82,31946,0.0059258,0,0.75023,0,0,0,0,0,0,0,0.17677,0,0,0,0,0
65,264,22.98,420.82,31946,0.038667,0,0,16.78,0,0,0.42744,0,0,0,0.072463,0,0,0,0,0
65,264,22.98,420.82,31946,0.32813,0,0,0,0,0.36611,0.002308,0,0,0,0.75066,0,0,0,0,0
65,264,22.98,420.82,31946,10.716,0,0,1.4225,0,0.83596,0.13028,0,0,0,0.82163,0,0,0,0,0
65,264,22.98,420.82,31946,1.6666,0,0,8.2269,0,0.79546,0,0,0,0.44575,0.072463,0,0,0,0,0
65,264,22.98,420.82,31946,0.49883,0,0,0,0.40344,0,0,0,0,0,0.64921,0,0,0,0,0
65,264,22.98,420.82,31946,11.942,0,0,0,0,0,0,0,0,0,0.072463,0,0,0,0,0
65,264,22.98,420.82,31946,0.71409,0,0,0.050761,0,0,0,0,0,0,0.49027,0,0,0,0,0
65,264,22.98,420.82,31946,0.008333,0,0,0,0,0,0,0,0,0,0.35902,0,0,0,0,0
65,264,22.98,420.82,31946,0.024709,0,0,0,0,0,0,0,0,0,0.23007,0,0,0,0,0
65,264,22.98,420.82,31946,0,0,0,1.1994,0,0,0.008333,0,0,0,0.072463,0,0,0,0,0
65,264,22.98,420.82,31946,0.005239,0,0,40.485,0,0,0.67053,0,0,0,0.094364,0,0,0,0,0
65,264,22.98,420.82,31946,0.016666,0,0,0.021906,0,0,0,0,0,0,0.44683,0,0,0,0,0
65,264,22.98,420.82,31946,0.0095061,0,0,0.008333,0,0.067966,0,0,0,0,1.6541,0,0,0,0,0
65,264,22.98,420.82,31946,0,0,0,0,0,0,0,0,0,0,0.50053,0,0,0,0,0
65,264,22.98,420.82,31946,3.3912,0,0,0.00524,0,0,0,0,0,0,5.1874,0,0,0,0,0
65,264,22.98,420.82,31946,0,0,0,0,0,0,47.463,0,0,0,5.5313,0,0,0,0,0
65,264,22.98,420.82,31946,3.9401,0,0,0.07168,0.013829,0,0,0,0,0,0.89874,0,0,0,0,0
65,264,22.98,420.82,31946,0,0,0,0,0,0,0,0,0,0,0.072463,0,0,0,0,0
65,264,22.98,420.82,31946,0.007987,0,0,0,0,0,0,1.524,0,0,0.13505,0,0,0,0,0
65,264,22.98,420.82,31946,0,0,0,0,0,0.80471,2.4766,0,0,1.7864,0.072463,0,0,0,0,0
65,264,22.98,420.82,31946,0,0,0,0,0,0,0,0,0,0,1.7457,0,0,0,0,0
65,264,22.98,420.82,31946,0.013472,0,0,0,0,0,0,0,0,19.403,2.3459,0,0,0,0,0
65,264,22.98,420.82,31946,0.006701,0,0,2.356,0,0,0.059897,0,0,0,0.13302,0,0,0,0,6.3123
65,264,22.98,420.82,31946,0.0083355,0,0,0,0,0,0.13028,0,0,0.8932,0.072463,0,0,0,0,0
65,264,22.98,420.82,31946,0.00524,0,0,0,209.78,0,0,0,0,0,0.13353,0,0,0,0,0
65,264,22.98,420.82,31946,5.2625,0,0,0,0,0,0,0,0,0,0.072463,0,0,0,0,18.937
65,264,22.98,420.82,31946,0.008333,0,0,0,0,0.094549,168.81,0,0,0,0.072463,0,0,0,0,0
65,264,22.98,420.82,31946,0,0,0,0,0,0,0,0,0,0,0.072463,0,0,0,0,0
65,264,22.98,420.82,31946,0,0,0,0,0,0,0,0,0,0,0.18601,0,0,0,0,0
65,264,22.98,420.82,31946,0.018811,0,0,0,0.0059417,0,29.773,0,0,55.455,0.91404,0,0,0,0,0
65,264,22.98,420.82,31946,0.066705,0,0,0.000842,0,0,0,0,0,0,3.3687,0,0,0,0,0
65,264,22.98,420.82,31946,0.0094073,0,0,4.7734,0.15324,0,0,0,0,0,25.166,0,0,0,0,0
65,264,22.98,420.82,31946,0.016438,0,0,1.837,0,0,29.773,0,0,0,10.802,0,0,0,0,0
65,264,22.98,420.82,31946,0.13369,0,0,0,0,0,0.021726,0,0,0,1.6654,0,0,0,0,0
65,264,22.98,420.82,31946,0.033827,0,0,0,0,0,0,0,0,0,5.5039,0,0,0,0,0
65,264,22.98,420.82,31946,0,0,0,0,0,0,0,0,0,0,0.072463,0,0,0,0,0
65,264,22.98,420.82,31946,0.011015,0,0,0,0,0,0,0,0,0,0.58253,0,0,0,0,10.521
65,264,22.98,420.82,31946,0,0,1.4684,0,0,0,0,0,0,0,94.85,0,0,0,0,0
65,264,22.98,420.82,31946,0.20793,0,0,0,0,0,0,0,0,0,0.072463,0,0,0,0,0
65,264,22.98,420.82,31946,0.26008,0,0,0.008335,0,0,0,0,0,0,0.072463,0,0,0,0,0
65,264,22.98,420.82,31946,0.15085,0,0,0,0,0,0,0,0,0,1.2458,0,0,0,0,0
65,264,22.98,420.82,31946,7.6985,0,0,0,0,0,0.13028,0,0,0,0.072463,0,0,0,0,0
65,264,22.98,420.82,31946,0.80755,0,0,0,0,0,0.13028,0,0,0,2.4241,0,0,0,0,0
65,264,22.98,420.82,31946,0.13174,0,0,0.00524,0,0,0,0,0,0,0.072463,0,0,0,0,0
65,264,22.98,420.82,31946,0.14015,0,0,0.14006,0.002011,0,0,0,0,0,0.88605,0,0,0,0,0
65,264,22.98,420.82,31946,0.0067312,0,0,0.005239,0,0,0.13028,0,0,55.455,4.7802,0,0,0,0,0
65,264,22.98,420.82,31946,0.001205,0,0,16.103,0,0,0,0,0,0,0.072463,0,0,0,0,0
65,264,22.98,420.82,31946,0.095794,0,0,0,0,0,0,0,0,0,2.3252,0,0,0,0,0
65,264,22.98,420.82,31946,0.008333,0,0,0,0,0.0058398,0,0,0,0,16.831,0,0,0,0,0
65,264,22.98,420.82,31946,0.003539,0.004519,0,0,0,0,0,0,0,0,0.072463,0,0,0,0,0
65,264,22.98,420.82,31946,0,0,0,0,0,0,0,0,0,0,5.0082,0,0,0,0,0
65,264,22.98,420.82,31946,27.497,0,0,0,0,0,0,0,0,1.9819,0.78885,0,0,0,0,0
65,264,22.98,420.82,31946,0,0,0,0.008333,0,0.65866,0,0,0,0,85.278,0,0,0,0,0
65,264,22.98,420.82,31946,1.3009,0,0,0.0084,0,0,30.454,0,0,0.27721,0.072463,0,0,0,0,0
65,264,22.98,420.82,31946,0.011941,0,0,24.485,0,0,0,0,0,0,0.13679,0,0,0,0,0
65,264,22.98,420.82,31946,0.0087785,0,0.009024,0,0.008332,0,0,0,0,0,0.71652,0,0,0,0,0
65,264,22.98,420.82,31946,0.093737,0,0,0,0,0,0,0,0,0,59.62,0,0,0,0,0
65,264,22.98,420.82,31946,0.000234,0,0,8.925,0,0,0,0,0,0,0.072463,0,0,0,0,0
65,264,22.98,420.82,31946,0.003346,0,0,0,0.33364,0,0.40452,0,0,0,2.4241,0,0,0,0,0
65,264,22.98,420.82,31946,1.9649,0,0,0,0,0,0,0,0,0,0.072463,0,0,0,0,0
65,264,22.98,420.82,31946,0.10314,0,0,0.002031,0,0.81835,0,0,0,0,1.1524,0,0,0,0,0
65,264,22.98,420.82,31946,0.013573,0,0,0,0,0,0,0,0,0,0.8268,0,0,0,0,0
65,264,22.98,420.82,31946,0.3004,0,0,0,0,8.1338,0,0,0,0,0.13353,0,0,0,0,0
65,264,22.98,420.82,31946,0,0,0,0.6763,0,0,0,0,0,0,3.4986,0,0,0,0,0
65,264,22.98,420.82,31946,0.097844,0,0,0.00524,0,0,0,0,0,0,0.13039,0,0,0,0,0
65,264,22.98,420.82,31946,0.14015,0,0,0,0.057708,0,0.13028,0,0,0,0.094364,0,0,0,0,0
65,264,22.98,420.82,31946,0.79972,0,0,0.19458,0,0,0,0,0,0,0.072463,0,0,0,0,0
65,264,22.98,420.82,31946,0.45297,0,0,0,0,0,28.135,0,0,0,3.6687,0,0,0,0,0
65,264,22.98,420.82,31946,0.008333,0,0.1858,0,0.048644,0,0,0,0,127.87,0.072463,0,0,0,0,0
65,264,22.98,420.82,31946,0.001397,0,0,0,0,0,0,0,0,0.27721,0.13671,0,0,0,0,0
65,264,22.98,420.82,31946,0.080627,0,0,0,0,0,0,0,0,0,8.2588,0,0,0,0,0
65,264,22.98,420.82,31946,0.008333,0,0,0.24489,0,0,0,0,0,0,0.12913,0,0,0,0,0
65,264,22.98,420.82,31946,0.0093951,0,0,0,0,0,10.305,0,0,0,2.3398,0,0,0,0,0
65,264,22.98,420.82,31946,0,0,0,0,0,0,0,0,0,0,5.101,0,0,0,0,0
65,264,22.98,420.82,31946,0.014554,0,0,0,0,0,150.43,0,0,0,0.072463,0,0,0,0,0
65,264,22.98,420.82,31946,27.039,0,0,0,0,0,0.42744,0,0,0,16.626,0,0,0,0,0
65,264,22.98,420.82,31946,0,0,0,0,0.040393,3.4113,0,0,0,0,0.13598,0,0,0,120.15,0
65,264,22.98,420.82,31946,0.08836,0,0,0,0,0,0,0,0,0,0.48881,0,0,0,0,0
65,264,22.98,420.82,31946,0,0,0,0,0,0,0.13028,0,0,0,14.187,0,0,0,0,0
65,264,22.98,420.82,31946,0.99954,0,0,1.3457,0,0,0,0,0,0,0.13348,0,0,0,0,0
65,264,22.98,420.82,31946,13.836,0,0,5.1505,0,0,0,0,0,0,0.072463,0,0,0,0,6.3123
65,264,22.98,420.82,31946,0.003355,0,0,0,0,0,0,0,0,0,3.4986,0,0,0,0,23.145
65,264,22.98,420.82,31946,0.079246,0,0,6.9748,0,0.8541,0,0,0,0,7.9974,0,0,0,0,0
65,264,22.98,420.82,31946,0.008333,0,0,0,0,0.005239,0,0,0,1.9819,1.1327,0,0,0,0,0
65,264,22.98,420.82,31946,0.19151,0,0,0,0,0,0,0,0,0,0.072463,0,0,0,0,0
65,264,22.98,420.82,31946,0.20198,0,0,0.002868,0,0,0,0,0,0,0.3228,0,0,0,0,0
65,264,22.98,420.82,31946,0.008333,0,0,0.17047,0,0,0,0,0,0,0.072463,0,0,0,0,0
65,264,22.98,420.82,31946,0.008335,0,0,0,0,0,0,0,0,0,0.13234,0,0,0,0,0
65,264,22.98,420.82,31946,0.011941,0,0,0,0,0.79321,0,0,0,0,0.072463,0,0,0,0,0
65,264,22.98,420.82,31946,0.007697,0.34285,0,0,0,0,0,0,0,0,0.11545,0,0,0,0,0
65,264,22.98,420.82,31946,0,0,0,0.63056,0,0.0071918,0,0,0,0,13.397,0,0,0,0,0
65,264,22.98,420.82,31946,0.10686,0,0,0.41214,2.1972,0,52.068,0,0,0,0.072463,0,0,0,0,0
65,264,22.98,420.82,31946,0.011223,0,0,0,0,0,20.735,0,0,0,5.1452,0,0,0,0,0
65,264,22.98,420.82,31946,0.025941,0,0,4.7118,0,0,25.722,0,0,0,0.072463,0,0,0,0,0
65,264,22.98,420.82,31946,0.003734,0,0,0,0,3.1882,0,0,0,0,46.791,0,0,0,0,0
65,264,22.98,420.82,31946,0,0,0,0.12491,0,0,0,0,0,0,59.62,0,0,0,0,0
65,264,22.98,420.82,31946,0.0059258,0,57.99,0,0,0.00014,16.555,0,0,0,0.072463,0,0,0,0,0
65,264,22.98,420.82,31946,0.05624,0,0,0,0,0,0,0,0,6.8425,20.478,0,0,0,0,0
65,264,22.98,420.82,31946,0,0,0,0.0055079,5.2355,0,0,0,0,0,4.729,0,0,0,0,0
65,264,22.98,420.82,31946,0.62352,0,0,0,0,0,0.093171,0,0,0,0.33663,0,0,0,0,0
65,264,22.98,420.82,31946,0.21777,0,0,0,0,0,0,0,0,0,0.94645,0,0,0,0,0
65,264,22.98,420.82,31946,0.011131,0,0,0,0,0,0,0,0,0,0.13364,0,0,0,0,0
65,264,22.98,420.82,31946,0.10314,0,0,0,0,0.79817,0,0,0,0,0.072463,0,0,0,0,0
65,264,22.98,420.82,31946,0.083807,0,0,1.8767,0,0,388.02,0,0,0,0.13598,0,0,0,0,0
65,264,22.98,420.82,31946,0.058471,0,0,0.13217,0,0,0,0,0,1.1822,35.011,0,0,0,0,0
65,264,22.98,420.82,31946,0.021397,0,0,0.64732,0,46.03,0,0,0,0,0.13394,0,0,0,0,0
65,264,22.98,420.82,31946,0.011369,0,0,0,0,0,74.991,0,0,0,0.072463,0,0,0,0,0
65,264,22.98,420.82,31946,0.88105,0,0,0,0,0,0.40452,0,0,0,0.072463,0,0,0,0,0
65,264,22.98,420.82,31946,47.895,0,0,2.9553,0,0,0,0,0,0.056957,2.4999,0,0,0,0,0
65,264,22.98,420.82,31946,0.36186,0,0.008584,0.63056,0,0,0,0,0,0,2.3252,0,0,0,0,0
65,264,22.98,420.82,31946,0.82427,0,0,0.008333,0,0,17.762,0,0,0,0.072463,0,0,0,0,0
65,264,22.98,420.82,31946,0.019253,0,0,0.007328,0,0,0,0,0,0,28.754,0,0,0,0,0
65,264,22.98,420.82,31946,0,0,0,0,0,0,0,0,0,0,2.8119,0,0,0,0,0
65,264,22.98,420.82,31946,0,0,0,0,0,0,0,0,0,0,2.0951,0,0,0,0,0
65,264,22.98,420.82,31946,0.27667,0,0,0,0,0,0,0,0,0.76342,3.7404,0,0,0,0,0
65,264,22.98,420.82,31946,0.001397,0,0.065254,0,0,0,0,0,0,0,0.13354,0,0,0,0,0
65,264,22.98,420.82,31946,0,0,0,9.4207,0,0,0,0,0,0,4.729,0,0,0,0,0
65,264,22.98,420.82,31946,172.6,0,0,32.212,0,0,0,0,0,0,0.072463,0,0,0,0,0
65,264,22.98,420.82,31946,3.3257,0,0,0,50.083,2.1018,0.002308,0,0,1.9819,0.13039,0,0,0,0,0
65,264,22.98,420.82,31946,0,0,0,0,0,0,27.146,0,0,0,0.072463,0,0,0,0,0
65,264,22.98,420.82,31946,0.027296,0,0,0,0,0,0,0,0,0,2.3219,0,0,0,0,0
65,264,22.98,420.82,31946,0.12316,0,0,0,0,0,0,0,0,0,2.4056,0,0,0,0,0
65,264,22.98,420.82,31946,0,0,0,9.7744,0,0.43969,0,0,0,0,3.4936,0,0,0,0,0
65,264,22.98,420.82,31946,0.10024,0,0,0.0093126,0,0,0,0,0,0,0.072463,0,0,0,0,0
65,264,22.98,420.82,31946,0.005239,0,0,0,0,0,0,0,0,1.0167,0.072463,0,0,0,0,0
65,264,22.98,420.82,31946,0.000254,0,0,0,0,0,14.172,0,0,0,0.072463,0,0,0,0,0
65,264,22.98,420.82,31946,0.053218,0,0,0.00524,0,0,0,0,0,0,0.48889,0,0,0,0,0
65,264,22.98,420.82,31946,0.008333,0,0,0,0,0,0,0,0,0,0.072463,0,0,0,0,0
65,264,22.98,420.82,31946,0.98059,0,0,0,0,0,28.515,0.001493,0,0,0.21272,0,0,0,0,0
65,264,22.98,420.82,31946,27.497,0,0,0,0,0,0,0,0,0,0.072463,0,0,0,0,0
65,264,22.98,420.82,31946,0,0,0,0,0,18.806,0.13028,0,0,0,0.072463,0,0,0,0,0
65,264,22.98,420.82,31946,0.011683,0,5.3283,0,0,0,0,0,0,0,0.21574,0,0,0,0,0
65,264,22.98,420.82,31946,0.085655,0,0,0.89023,0,0.81835,0,0,0,0,0.134,0,0,0,0,0
65,264,22.98,420.82,31946,0.1285,0,0,0,0,0,0.80873,0,0,0.18086,0.75032,0,0,0,0,0
65,264,22.98,420.82,31946,0,0,0,0,0,2.5011,0.008333,0,0,0,0.12893,0,0,0,0,0
65,264,22.98,420.82,31946,0.013064,0,9.6e-05,0,0,0.002011,0,0,0,0,6.0336,0,0,0,0,0
65,264,22.98,420.82,31946,1.0971,0,0,0,0,0,0,0,0,0,1.7918,0,0,0,0,0
65,264,22.98,420.82,31946,0.29308,0,0,0,0,0,0,0,0,0,19.904,0,0,0,0,0
65,264,22.98,420.82,31946,0.84484,0,0,0,0.078815,0,0,0,0,0.27721,55.647,0,0,0,0,0
65,264,22.98,420.82,31946,0.008333,0,0,12.163,0,0,0,0,0,0,0.072463,0,0,0,0,0
65,264,22.98,420.82,31946,0.008333,0,0,0,0,0,0,0,0,0,5.5428,0,0,0,0,0
65,264,22.98,420.82,31946,0.008333,0,0,0.008333,0.0461,0,0,0,0,0,0.402,0,0,0,0,0
65,264,22.98,420.82,31946,4.2442,0,18.165,0,0,0,0,0,0,0,0.072463,0,0,0,0,0
65,264,22.98,420.82,31946,0,0,0,0.005769,0,0,0,0,0,0,0.072463,0,0,0,0,0
65,264,22.98,420.82,31946,2.827,0,0,0,0,0,0,0,0,0,0.072463,0,0,0,0,0
65,264,22.98,420.82,31946,0.007697,0,0,0,0,0,0,0,0,0,0.072463,0,0,0,0,23.145
65,264,22.98,420.82,31946,0.008333,0,0,0,0,0,0,0,0,0,4.729,0,0,0,0,0
65,264,22.98,420.82,31946,0.73812,0,0,0.001463,0,0,0.69676,0,0,0,0.56339,0,0,0,0,0
65,264,22.98,420.82,31946,0,0,0,0,0,0,0,0,0,0,2.1592,0,0,0,0,0
65,264,22.98,420.82,31946,0.0099708,0,0,0,0.008333,0,0,0,0,0,0.71652,0,0,0,0,0
65,264,22.98,420.82,31946,0.012386,0,0,0,0,0,0,0,0,0,16.495,0,0,0,0,0
65,264,22.98,420.82,31946,0.042315,0,0,0,0.005802,0,0,0,0,0,1.2482,0,0,0,0,0
65,264,22.98,420.82,31946,0,0,0,0,0,0,0,0,0,0,5.5313,0,0,0,0,0
65,264,22.98,420.82,31946,0.012093,0,0,0,0,0,0,0,0,0,0.072463,0,0,0,0,0
65,264,22.98,420.82,31946,3.3912,0,0,0,0,0,0.13028,0,0,0,5.955,0,0,0,0,0
65,264,22.98,420.82,31946,0.058471,0,34.833,0,0,0.005239,0,0,0,0,0.072463,0,0,0,0,0
65,264,22.98,420.82,31946,4.2054,0,0,0,0,0,0,0,0,0,1.0611,0,0,0,0,0
65,264,22.98,420.82,31946,0.0060235,0,0,0,0,0.016666,0,0,0,0,7.2936,0,0,0,0,0
65,264,22.98,420.82,31946,7.4982,0,0,0,0.002868,0,0,0,0,0,4.1401,0,0,0,0,0
65,264,22.98,420.82,31946,14.236,0,0,0.001463,0,0,0,0,0,1.057,0.072463,0,0,0,0,0
65,264,22.98,420.82,31946,0.008333,0,0,0,0,0,0.093171,0,0,0,0.072463,0,0,0,0,0
65,264,22.98,420.82,31946,0,0,1.2959,55.692,0,0,0,0,0,0,0.072463,0,0,0,0,0
65,264,22.98,420.82,31946,0.031198,0,0,0,0,0.002139,0.67927,0,0,0,0.072463,0,0,0,0,0
65,264,22.98,420.82,31946,0.00524,0,0,0,0,0,0,0,0,0,7.5569,0,0,0,0,0
65,264,22.98,420.82,31946,0.008333,0,0,0,0,0,0.67053,0,0,0,0.97511,0,0,0,0,0
65,264,22.98,420.82,31946,1.6324,0,0,0,0,0,0,0,0,0,0.88276,0,0,0,0,0
65,264,22.98,420.82,31946,107.33,0,0,0.008333,0,0.79321,0,0,0,0,0.072463,0,0,0,0,0
65,264,22.98,420.82,31946,0.034307,0,0,0,0,0,0,0,0,0,83.699,0,0,0,0,0
65,264,22.98,420.82,31946,0.009661,0,0,0,0,0,1.8139,0,0,16.378,3.3687,0,0,0,0,0
65,264,22.98,420.82,31946,0,0,0,0,0.015741,0,91.604,0,0,0,0.072463,0,0,0,0,0
65,264,22.98,420.82,31946,35.046,0,0,0,0,0,0,0,0,0,0.072463,0,0,0,0,0
65,264,22.98,420.82,31946,0,0,0,0,0,0,0,0,0,0,5.5926,0,0,0,0,0
65,264,22.98,420.82,31946,0.015329,0,0,0.008333,0,0,0,0,0,0,0.072463,0,0,0,0,0
65,264,22.98,420.82,31946,0.013253,0,78.911,6.9748,0,0,0,0,0,0,0.072463,0,0,0,0,0
65,264,22.98,420.82,31946,0.00315,0,0,0.26021,0,0.81858,0,0,0,0,0.072463,0,0,0,0,0
65,264,22.98,420.82,31946,0,0,0,0,0,0,0,0,0,0,0.072463,0,0,0,0,0
65,264,22.98,420.82,31946,0.16206,0,0,0,0.00524,0,0,0,0,0,0.072463,0,0,0,0,0
65,264,22.98,420.82,31946,0.042315,0,0.0017505,0,0,0.005239,0,0,0,0,5.2662,0,0,0,0,0
65,264,22.98,420.82,31946,0.0069085,0,0,0,0,0,0,0,0,0,18.828,0,0,0,0,0
65,264,22.98,420.82,31946,0.008333,0,2.5204,0,0,0,0,0,0,0,0.10112,0,0,0,0,0
65,264,22.98,420.82,31946,0.000126,0,0,0.00524,4.7954,0,0,0,0,10.481,0.13302,0,0,0,0,1.0521
65,264,22.98,420.82,31946,0.096515,0,0,1.4834,0,0,0,0,0,0,3.1383,0,0,0,0,0
65,264,22.98,420.82,31946,2.7866,0,0.7986,0,0,0,0,0,0,0,1.86,0,0,0,0,0
65,264,22.98,420.82,31946,0,0,0,0,0,0,0,0,0,0,0.13302,0,0,0,0,0
65,264,22.98,420.82,31946,11.129,0,0,0,0,0,0,0,0,0,0.13354,0,0,0,0,0
65,264,22.98,420.82,31946,0,0,0,0,0,0,0,0,0,0,0.13873,0,0,0,0,0
65,264,22.98,420.82,31946,1.2321,0,0,0,0,0,0,0,0,8.0476,0.072463,0,0,0,0,0
65,264,22.98,420.82,31946,0,0,0,0,0,0.0062361,0,0,0,0,9.4141,0,0,0,0,0
65,264,22.98,420.82,31946,0,0,0,0.11437,0,0.006504,0,0,0,0,0.072463,0,0,0,0,0
65,264,22.98,420.82,31946,0.82427,0,0,0,0,0,0,0,0,0,0.072463,0,0,0,0,0
65,264,22.98,420.82,31946,0.0055995,0,0,10.613,0,0,0,0,0,0.21027,33.814,0,0,0,0,0
65,264,22.98,420.82,31946,3.4562,0,1.2041,0,0,0,0,0,0,0,9.0272,0,0,0,0,0
65,264,22.98,420.82,31946,0.10141,0,0,0,0,0,0,0,0,0.65812,5.0784,0,0,0,0,0
65,264,22.98,420.82,31946,0,0,0.30584,0,0,0,0,0,0,0,0.1375,0,0,0,0,0
65,264,22.98,420.82,31946,0.003295,0,0,0,0,0.85136,0.60778,0,0,0,0.072463,0,0,0,0,0
65,264,22.98,420.82,31946,0.008333,0,0,0,0,0,0,0,0,0,32.545,0,0,0,0,0
65,264,22.98,420.82,31946,1.2812,0,0,18.858,0,0,0,0,0,0,0.13782,0,0,0,0,0
65,264,22.98,420.82,31946,0.0088426,0,0,0,1.2581,0.85136,5.3525,0,0,0,2.237,0,0,0,0,0
65,264,22.98,420.82,31946,0.20337,0,0,0,0,0,0,0,0,10.481,0.072463,0,0,0,0,0
65,264,22.98,420.82,31946,1.9649,0,0,0,0,0,53.389,0,0,0,0.14833,0,0,0,0,0
65,264,22.98,420.82,31946,0,0,0,0,0,0,0.13028,0,0,0,0.13598,0,0,0,0,18.937
65,264,22.98,420.82,31946,0.00247,0,0,0,0,0,0,0,0,0,0.072463,0,0,0,0,0
65,264,22.98,420.82,31946,0,0,0,0.0021738,0.00524,0,0,0,0,2.6253,0.82163,0,0,0,0,0
65,264,22.98,420.82,31946,0.011015,0,0,0,0,0,0.79397,0,0,0,0.072463,0,0,0,0,0
65,264,22.98,420.82,31946,8.818,0,0,0,0,0,0.13028,0,0,0,5.5039,0,0,0,0,0
65,264,22.98,420.82,31946,0.0262,0,0,0,55.051,0.003468,9.3278,0,0,0,0.072463,0,0,0,0,0
65,264,22.98,420.82,31946,0.008333,0,0,0.010061,0.003539,0,0,0,0,0,0.41236,0,0,0,0,0
65,264,22.98,420.82,31946,1.5074,0,0,0,0,0,0,0,0,0,0.13234,0,0,0,0,0
65,264,22.98,420.82,31946,1.5785,0,0,0,0,0,0,0,0,0,2.4191,0,0,0,0,0
65,264,22.98,420.82,31946,0.16674,0,0,0,0,0,0,0,0,0,5.955,0,0,0,0,0
65,264,22.98,420.82,31946,40.962,0,0,0,0,0,1.8139,0,0,0,8.9759,0,0,0,0,0
65,264,22.98,420.82,31946,1.7076,0,0,0,0,0,0,0,0,0,0.072463,0,0,0,0,0
65,264,22.98,420.82,31946,0,0,0,0,0,0.65866,23.847,0,0,0,22.138,0,0,0,0,0
65,264,22.98,420.82,31946,0.012953,0,0,0,0,0,0,0,0,0,0.13671,0,0,0,0,0
65,264,22.98,420.82,31946,0.0068531,0,0,0,0,0.85136,0,0,0,0,0.072463,0,0,0,0,0
65,264,22.98,420.82,31946,0.21233,0,4.7534,0,0,0,76.292,0,0,0,1.7457,0,0,0,0,0
65,264,22.98,420.82,31946,0.3363,0,0,0,0,0,0,0,0,0,5.5428,0,0,0,0,0
65,264,22.98,420.82,31946,0.008333,0,0,0.011438,0,0.023001,70.512,0,0,1.261,0.072463,0,0,0,0,0
65,264,22.98,420.82,31946,338.53,0,0,0.00524,50.083,0,0.67053,0,0,0,4.729,0,0,0,0,0
65,264,22.98,420.82,31946,0.098373,0,0,0,0,0,0,0,0,0,2.453,0,0,0,0,0
65,264,22.98,420.82,31946,0.000765,0,0,0,1.0773,0.10968,0,0,0,0,0.072463,0,0,0,0,0
65,264,22.98,420.82,31946,0.061957,0,0,0,0,0,1.8139,0,0,1.1822,1.8634,0,0,0,0,0
65,264,22.98,420.82,31946,0.0076281,0,0,0.00644,0,0,1.4676,0,0,0,0.13663,0,0,0,0,0
65,264,22.98,420.82,31946,0.001205,0,0,0.002344,0,2.0764,0,0,0,0,0.14411,0,0,0,0,0
65,264,22.98,420.82,31946,0.25407,0,0,0.00014,0,0.002031,0,0,0,0,0.072463,0,0,0,0,77.852
65,264,22.98,420.82,31946,0,0,0,0,0,0,0,0,0,16.378,8.2778,0,0,0,0,0
65,264,22.98,420.82,31946,0.0076281,0,0,0,0,0,3.929,0,0,0,0.12893,0,0,0,0,0
65,264,22.98,420.82,31946,7.6985,0,0,0,0,0,0,0,0,0,1.208,0,0,0,0,14.729
65,264,22.98,420.82,31946,0.003355,0,0,0.21793,0.49373,0,10.227,0,0,0,0.072463,0,0,0,0,0
65,264,22.98,420.82,31946,0.008335,0,0,0,0,0,0.13028,0,0,0,0.072463,0,0,0,0,0
65,264,22.98,420.82,31946,0.49883,0,0,0.79052,0,0,0,0,0,0,0.13364,0,0,0,0,0
65,264,22.98,420.82,31946,0,0,0,0,0,0,0.13028,0,0,0,3.4535,0,0,0,0,0
65,264,22.98,420.82,31946,0.00524,0,0,0,0,0,0,0,0,0,5.955,0,0,0,0,0
65,264,22.98,420.82,31946,0.022262,0,0.30584,0,0,0,0,0,0,0,0.072463,0,0,0,0,0
65,264,22.98,420.82,31946,0.001009,0,0,0,0,0,0,0,0,2.6253,21.937,0,0,0,0,0
65,264,22.98,420.82,31946,0.00524,0,0,0,0,0.003173,0.67053,0,0,0,0.072463,0,0,0,0,0
65,264,22.98,420.82,31946,0,0,0,0,0,0,0,0,0,8.5959,9.0272,0,0,0,0,0
65,264,22.98,420.82,31946,0.26552,0,0,0.2358,0,0,0,0,0,0,0.5281,0,0,0,0,0
65,264,22.98,420.82,31946,0,0,0,0.0093126,0,0,52.868,0,0,0,4.2102,0,0,0,0,0
65,264,22.98,420.82,31946,0,0,0,13.869,0,0,0,0,0,0,0.34469,0,0,0,0,0
65,264,22.98,420.82,31946,19.288,0,0,0.008333,0.02602,0,0,0,0,0,0.41633,0,0,0,0,0
65,264,22.98,420.82,31946,0.54667,0,0,0,0,0,0.42744,0,0,0,0.072463,0,0,0,0,0
65,264,22.98,420.82,31946,0.008333,0,0,0.2645,0,0,0,0,0,0,58.962,0,0,0,0,0
65,264,22.98,420.82,31946,0,0,0,5.3194,0,0,0,0,0,0,0.072463,0,0,0,0,0
65,264,22.98,420.82,31946,0.032465,0,0,0,0,0.85832,0,0,0,0,0.072463,0,0,0,0,14.729
65,264,22.98,420.82,31946,0.001493,0,0,0,0,0,0.67053,0,0,0,3.1286,0,0,0,0,0
65,264,22.98,420.82,31946,0,0,0,0,0,0,0.093171,0,0,0,1.6541,0,0,0,0,0
65,264,22.98,420.82,31946,0,0,0,0,0,0,0,0,0,0,0.072463,0,0,0,0,0
65,264,22.98,420.82,31946,0.00524,0,0,0,0,7.8e-05,168.81,0,0,0,0.13679,0,0,0,0,0
65,264,22.98,420.82,31946,2.6264,0,0,0,0,0,0,0,0,0,0.3717,0,0,0,0,14.729
65,264,22.98,420.82,31946,0.001205,0,0.004726,0,0,0,0.13028,0,0,0,6.4921,0,0,0,0,0
65,264,22.98,420.82,31946,0.008335,0,0.011194,10.613,0,0,0,0,0,0,0.072463,0,0,0,0,0
65,264,22.98,420.82,31946,13.999,0,0,0,0,20.354,168.06,0,0,0,0.072463,0,0,0,0,0
65,264,22.98,420.82,31946,0.010558,0,0,2.2024,0,0,0,0,0,0,2.7374,0,0,0,0,6.3123
65,264,22.98,420.82,31946,0.0087785,0,0,0,0,0.0058398,0,0,0,0,14.703,0,0,0,0,0
65,264,22.98,420.82,31946,0,0,0,0.0059417,0,0.005239,0,0,0,0,0.072463,0,0,0,0,0
65,264,22.98,420.82,31946,0.027296,0,0,0,0,0,30.099,0,0,0,0.072463,0,0,0,0,0
65,264,22.98,420.82,31946,0.026637,0,0,0.005239,0,0,0,0,0,0,0.072463,0,0,0,0,0
65,264,22.98,420.82,31946,0.20198,0,0,0,0.39885,0.86216,0,0,0,0,0.21574,0,0,0,0,0
65,264,22.98,420.82,31946,0.073391,0,0,0,0,0,0,0,0,0,0.29757,0,0,0,0,6.3123
65,264,22.98,420.82,31946,0.7609,0,0,0,0,0,0,0,0,0,8.9418,0,0,0,0,0
65,264,22.98,420.82,31946,0.015988,0,0,0,0,0,0,0,0,8.4961,0.072463,0,0,0,0,0
65,264,22.98,420.82,31946,7.1348,0,0,0,0,0,0,0,0,0,6.0336,0,0,0,0,0
65,264,22.98,420.82,31946,0,0,0,0,0,0,0.13028,0,0,0,0.072463,0,0,0,0,0
65,264,22.98,420.82,31946,0.011569,0,0,0,0,0,0,0,0,0,4.7802,0,0,0,0,0
65,264,22.98,420.82,31946,0.38302,0,0,1.4008,0,0,0.021726,0,0,6.8425,6.7175,0,0,0,0,0
65,264,22.98,420.82,31946,0,0,0,0,0,0,0,0,0,0,12.291,0,0,0,0,0
65,264,22.98,420.82,31946,0.015554,0,0,0,0,0,0,0,0,0,0.072463,0,0,0,0,0
65,264,22.98,420.82,31946,4.5068,0,0,0,0.009052,0,0,0,0,1.1034,0.13055,0,0,0,0,0
65,264,22.98,420.82,31946,0,0,0,0,0,0,168.81,0,0,0,0.072463,0,0,0,0,0
65,264,22.98,420.82,31946,0,0,0,4.864,0,0,0,0,0,0,0.072463,0,0,0,0,0
65,264,22.98,420.82,31946,0.080966,0,0,0,0,0,0,0.96769,0,0,0.072463,0,0,0,0,0
65,264,22.98,420.82,31946,0.010479,0,0,0,4.7002,0,0,0,0,0,0.072463,0,0,0,0,0
65,264,22.98,420.82,31946,27.951,0,0.007416,0.0060235,0.0306,0.25263,0,0,0,0,2.0031,0,0,0,0,0
65,264,22.98,420.82,31946,0.092063,0,5.5916,1.8767,0,0,0.002308,0,0,0,0.072463,0,0,0,0,0
65,264,22.98,420.82,31946,0.00676,0,0,0,0,0,0,0,0,0,0.072463,0,0,0,0,0
65,264,22.98,420.82,31946,0.027507,0,0,0,0.002068,0,0,0,0,0,0.83183,0,0,0,0,0
65,264,22.98,420.82,31946,0.13041,0,0,0.24056,0,0,5.5119,0,0,0,29.357,0,0,0,0,0
65,264,22.98,420.82,31946,0,0,20.966,0,0,0,0.60778,0,0,0,0.072463,0,0,0,0,0
65,264,22.98,420.82,31946,0.0053435,0,0,13.869,0.005239,0,0.059897,0,0,0,0.072463,0,0,0,0,0
65,264,22.98,420.82,31946,0,0,0,0,0,0,0,0,0,0,0.072463,0,0,0,0,0
65,264,22.98,420.82,31946,0.031726,0,0,0,0,0,0,0,0,0,6.7491,0,0,0,0,0
65,264,22.98,420.82,31946,0.053218,0,0,2.356,0,0,0,0,0,1.2479,0.072463,0,0,0,0,0
65,264,22.98,420.82,31946,0.07157,0,0,0.47502,0,0.012958,0,0,0,0,4.1401,0,0,0,0,0
65,264,22.98,420.82,31946,0.94326,0,0,0,0,0,0,0,0,0,0.072463,0,0,0,0,0
65,264,22.98,420.82,31946,0.43482,0,0,0.003346,0,0,0,0,0,0,3.1286,0,0,0,0,0
65,264,22.98,420.82,31946,0.008402,0,0,0,0,0,0,0,0,0,13.956,0,0,0,0,0
65,264,22.98,420.82,31946,0.011569,0,0,0,0,0,0,0,0,0,8.8741,0,0,0,0,0
65,264,22.98,420.82,31946,0.025941,0,0,0,0,0,27.37,0,0,0,1.5788,0,0,0,0,0
65,264,22.98,420.82,31946,0,0,0,0,0,0.009277,0,0,0,0,0.072463,0,0,0,0,0
65,264,22.98,420.82,31946,0.026637,0,0,0,0.010122,0,0,0,0,0,3.5398,0,0,0,0,0
65,264,22.98,420.82,31946,0,0,0,0,0,0,0,0,0,0,0.072463,0,0,0,0,0
65,264,22.98,420.82,31946,0.008333,0,0,0,0,0,0,0,0,8.4961,0.52366,0,0,0,0,0
65,264,22.98,420.82,31946,0.013573,0,0,0.008333,0,0,0,0,0,0,1.7269,0,0,0,0,0
65,264,22.98,420.82,31946,0,0,0,0,0,0,0,0,0,0,0.072463,0,0,0,0,0
65,264,22.98,420.82,31946,0,0,0,0.0021738,0,0,3.929,0,0,0,0.072463,0,0,0,0,0
65,264,22.98,420.82,31946,5.9697,0,0,0,0.06692,0,0,0,0,0,0.072463,0,0,0,0,0
65,264,22.98,420.82,31946,0.19823,0,0,0,0,0.80357,0,0,0,0,3.4411,0,0,0,0,0
65,264,22.98,420.82,31946,0.008333,0,0,0.0053955,0,0,0,0,0,0,3.041,0,0,0,0,0
65,264,22.98,420.82,31946,0.00714,0,0,0,5.704,0.002438,0,0,0,0,1.1286,0,0,0,0,1.0521
65,264,22.98,420.82,31946,0.14365,0,0,5.7384,0,0,0,0,0,0,0.086791,0,0,0,0,0
65,264,22.98,420.82,31946,0,0,0,0,0.003468,0,0,0,0,1.0245,46.791,0,0,0,0,0
65,264,22.98,420.82,31946,0.012524,0,0,0.000234,0,0.79425,20.735,0,0,0,7.6506,0,0,0,0,0
65,264,22.98,420.82,31946,0.85591,0,0,0.001493,0,0,0,0,0,0,0.072463,0,0,0,0,0
65,264,22.98,420.82,31946,0,0,0,0.10063,0,0,0,0,0,0,0.51741,0,0,0,0,0
65,264,22.98,420.82,31946,0.003465,0,0,0,0,0,0.13028,0,0,0,21.937,0,0,0,0,0
65,264,22.98,420.82,31946,0,0,0,0.008343,0,0.013684,0.40452,0,0,0,0.17023,0,0,0,0,0
65,264,22.98,420.82,31946,0,0,0,0,0,0,0,0,0,0,0.072463,0,0,0,0,0
65,264,22.98,420.82,31946,0.027296,0,0,0,0,0,0,0,0,0.44575,39.746,0,0,0,0,0
65,264,22.98,420.82,31946,0,0.22051,0,0,0,0.003346,0,0,0,0,71.252,0,0,0,0,31.562
65,264,22.98,420.82,31946,0,0,0,0,0,0,0,0,0,0,0.34469,0,0,0,0,0
65,264,22.98,420.82,31946,0.2861,0,0,0,0,0,0,0,0,0,0.94482,0,0,0,0,0
65,264,22.98,420.82,31946,0.24635,0,0,0,0,0,0,0,0,0,0.78885,0,0,0,0,0
65,264,22.98,420.82,31946,0,0,0,0,0,0,0,0,0,0,9.2109,0,0,0,0,0
65,264,22.98,420.82,31946,0,0,0,0,0,0,0,0,0,0,18.985,0,0,0,0,0
65,264,22.98,420.82,31946,0.54667,0,0,0,0,0,0.79397,0,0,0.76342,0.134,0,0,0,0,0
65,264,22.98,420.82,31946,0,0,0,0,0,0,0,0,0,0,4.9652,0,0,0,0,0
65,264,22.98,420.82,31946,0,0,0,0,0.0021738,0,0,0,0,0,2.8119,0,0,0,0,0
65,264,22.98,420.82,31946,0.008333,0,0,0.10768,0,0,0.13028,0,0,0,0.13663,0,0,0,0,0
65,264,22.98,420.82,31946,1.3895,0,0,0,0,0,0,0,0,0,0.93212,0,0,0,0,0
65,264,22.98,420.82,31946,0.0055384,0,0,0,0,0,0.59876,0,0,0,27.869,0,0,0,0,0
65,264,22.98,420.82,31946,0,0,0,0,0,0,0,0,0,0,29.357,0,0,0,0,0
65,264,22.98,420.82,31946,0,0,0,0.008333,0,0,0,0,0,0,3.5283,0,0,0,0,0
65,264,22.98,420.82,31946,0.12441,0,5.8481,12.721,0.003539,0,0,0,0,0,2.139,0,0,0,0,0
65,264,22.98,420.82,31946,0.0024845,0,0,0,0,0.0016215,19.66,0,0,0,2.6944,0,0,0,0,0
65,264,22.98,420.82,31946,0.000716,0,0,0,0,0,0,0,0,0,4.0802,0,0,0,0,0
65,264,22.98,420.82,31946,0,0,0,0,0,0,0,0,0,0,7.5422,0,0,0,0,0
65,264,22.98,420.82,31946,0.096515,0,0,0.16395,0,0,0,0,0,0,1.1327,0,0,0,0,0
65,264,22.98,420.82,31946,0,0,0,0,0,0,109.35,0,0,0,0.13302,0,0,0,0,0
65,264,22.98,420.82,31946,0,0,0,0.14726,0,0,0,0,0,0,3.4535,0,0,0,0,0
65,264,22.98,420.82,31946,31.76,0,0,0.00524,0,0,0,0,0,0,8.9418,0,0,0,0,0
65,264,22.98,420.82,31946,0.019391,0,0,0,0,0,0,0,0,1.5851,0.072463,0,0,0,0,0
65,264,22.98,420.82,31946,0.005239,0,0,2.2656,0,0,18.746,0,0,0,0.47694,0,0,0,0,0
65,264,22.98,420.82,31946,0.016668,0,0,0,0,1.0245,0,0,0,0,14.703,0,0,0,0,0
65,264,22.98,420.82,31946,0.041493,0,0,0,0,0,0,0,0,0,2.6063,0,0,0,0,0
65,264,22.98,420.82,31946,0,0,0,0,0,8.1338,0,0,0,0,1.86,0,0,0,0,0
65,264,22.98,420.82,31946,0.00524,0,0,0,0,0,6.7706,0,0,1.5851,0.072463,0,0,0,0,0
65,264,22.98,420.82,31946,2.2569,0,0,0,0,0,0,0,0,0,0.072463,0,0,0,0,0
65,264,22.98,420.82,31946,0,0,0,0,0,0,0,0,0,1.1822,0.13198,0,0,0,0,0
65,264,22.98,420.82,31946,0.11856,0,0,0,0,0.0082485,24.147,0,0,3.8737,0.072463,0,0,0,0,0
65,264,22.98,420.82,31946,0.14015,0,0,0,0,0,15.432,0,0,0,0.072463,0,0,0,0,0
65,264,22.98,420.82,31946,5.3289,0,0,0,0,0,0,0,0,0,22.109,0,0,0,0,0
65,264,22.98,420.82,31946,0,0,0,0,0,0,0,0,0,0,4.6719,0,0,0,0,0
65,264,22.98,420.82,31946,0.008333,0,0,0,0,0,0.13028,0,0,0,0.072463,0,0,0,0,65.227
65,264,22.98,420.82,31946,0.000126,0,0,0.000376,0,0,49.551,0,0,0,0.072463,0,0,0,0,0
65,264,22.98,420.82,31946,4.4705,0,0,0,0,0,0,0,0,0,25.046,0,0,0,0,0
65,264,22.98,420.82,31946,0.10141,0,0,0.008333,0,0,30.454,0,0,0,0.072463,0,0,0,0,0
65,264,22.98,420.82,31946,0,0,0,1.3691,0,0,0,0,0,0,0.072463,0,0,0,0,0
65,264,22.98,420.82,31946,0.016668,0,0,0,0,0.003416,5.5119,0,0,0,0.93212,0,0,0,0,0
65,264,22.98,420.82,31946,5.3289,0,0,0,0,0.8482,27.146,0,0,0,26.814,0,0,0,0,0
65,264,22.98,420.82,31946,0.033746,0,0,0.0059417,0,0,52.042,0,0,0,0.70288,0,0,0,0,0
65,264,22.98,420.82,31946,0.013285,0,10.552,0.09603,0.055725,0,10.099,0,0,0.39237,3.4535,0,0,0,0,0
65,264,22.98,420.82,31946,0.15897,0,0,0.0081579,0.48115,0,0.13028,0,0,0,1.6541,0,0,0,0,0
65,264,22.98,420.82,31946,3.5422,0,0,0.00524,0,0.00524,0,0,0,0,0.072463,0,0,0,31.766,0
65,264,22.98,420.82,31946,0.0087785,0,0,0,0,0,0,0,0,0,1.5788,0,0,0,0,0
65,264,22.98,420.82,31946,0.053917,0,0,0.002139,0.001309,0,0,0,0,1.7327,38.156,0,0,0,0,0
65,264,22.98,420.82,31946,0.022995,0,0,2.2656,0,0,0,0,0,0,0.072463,0,0,0,0,0
65,264,22.98,420.82,31946,0.008333,0,0,0,0,0,0,0,0,1.7864,2.0425,0,0,0,0,0
65,264,22.98,420.82,31946,54.094,0,0,0.020134,0,0,0,0,0,0,0.072463,0,0,0,0,0
65,264,22.98,420.82,31946,0.0072505,0,0,0.000251,0,0,0,0,0,0,0.29757,0,0,0,0,0
65,264,22.98,420.82,31946,0.010479,0,0,0,0,0,0,0,0,0,33.814,0,0,0,0,0
65,264,22.98,420.82,31946,0.033619,0,0,0,0,0,0,0,0,0,28.485,0,0,0,0,0
65,264,22.98,420.82,31946,0,0,0,0.069106,0,0,0,0,0,0,2.6063,0,0,0,0,0
65,264,22.98,420.82,31946,0,0,0,0,0,0,0,0,0,0,3.9028,0,0,0,0,0
65,264,22.98,420.82,31946,0.010479,0,0,0,0,0,0,0,0,0,0.072463,0,0,0,0,0
65,264,22.98,420.82,31946,0,0,0,0,0,4.5986,0,0,0,0,0.13329,0,0,0,0,0
65,264,22.98,420.82,31946,0.005239,0,0,0.005239,0,0,0,0,0,0,5.3297,0,0,0,0,0
65,264,22.98,420.82,31946,0.12316,0,0,0,0,0.79453,0,0,0,0,1.1039,0,0,0,0,0
65,264,22.98,420.82,31946,0.003538,0,0,0,0,0,0,0,0,0,0.072463,0,0,0,0,0
65,264,22.98,420.82,31946,37.764,0,0,0,0,0,0,0,0,0,1.3227,0,0,0,0,0
65,264,22.98,420.82,31946,0.00545,0,0,0,0,0,0,0,0,0,3.4936,0,0,0,0,0
65,264,22.98,420.82,31946,0.012953,0,0,0,0,0,0,0,0,0,1.9852,0,0,0,0,0
65,264,22.98,420.82,31946,0,0,0,0.013887,0,0,0,0,0,0,0.072463,0,0,0,0,0
65,264,22.98,420.82,31946,0,0,0,0,0.013058,0,0,0,0,0,0.072463,0,0,0,0,0
65,264,22.98,420.82,31946,0,0,0,0.000251,0,0,20.21,0,0,0,18.395,0,0,0,0,0
65,264,22.98,420.82,31946,0.00524,0,0,0,0,0,83.098,0,0,0,0.12913,0,0,0,0,0
65,264,22.98,420.82,31946,0.019391,0,0,0,0.014626,0,0,0,0,0,0.44683,0,0,0,0,0
65,264,22.98,420.82,31946,0.031326,0,0,0,0,0,109.35,0,0,0,31.837,0,0,0,0,0
65,264,22.98,420.82,31946,0.01121,0,0,0,0,0,0,0,0,0,0.41633,0,0,0,0,0
65,264,22.98,420.82,31946,0.001292,0,0,0,0,0,0,0,0,0,29.357,0,0,0,0,0
65,264,22.98,420.82,31946,0,0,0,0,0,0,0,0,0,0,0.072463,0,0,0,0,0
65,264,22.98,420.82,31946,0.45089,0,0,0,0,0,0,0,0,0,0.072463,0,0,0,0,0
65,264,22.98,420.82,31946,0.00676,0,0,0,0.62232,0.00524,0,0,0,0,0.072463,0,0,0,0,0
65,264,22.98,420.82,31946,0.089863,0,0,0,0,0,0,0,0,0,0.072463,0,0,0,0,0
65,264,22.98,420.82,31946,0,0,0,0,0.001434,0,0,0,0,0,0.13348,0,0,0,0,0
65,264,22.98,420.82,31946,0.3714,0,0,0.010061,0,0,0,0,0,0,2.4056,0,0,0,0,0
65,264,22.98,420.82,31946,0.016666,0,0,0,0,0,0,0,0,0,0.072463,0,0,0,0,0
65,264,22.98,420.82,31946,1.5484,0,0,0,0,0,0,0,0,1.5851,8.9877,0,0,0,0,0
65,264,22.98,420.82,31946,0.003173,0,0,0,0,0.00524,0,0,0,0,4.9652,0,0,0,0,0
65,264,22.98,420.82,31946,32.217,0,0,0,0,0,0,0,0,0,0.58253,0,0,0,0,0
65,264,22.98,420.82,31946,9.1607,0,0,0,0,0,0,0,0,0,2.9171,0,0,0,0,18.937
65,264,22.98,420.82,31946,3.4562,0,0,0,0,0,0,0,0,0,0.072463,0,0,0,0,0
65,264,22.98,420.82,31946,0,0,0,0.008333,0,0,0.13028,0,0,0,0.64921,0,0,0,0,0
65,264,22.98,420.82,31946,3.3912,0,0,0.002508,0,0,3.635,0,0,0,0.072463,0,0,0,0,0
65,264,22.98,420.82,31946,0.012524,0,0,0,0,0,0,0,0,0,0.43066,0,0,0,0,0
65,264,22.98,420.82,31946,0,0,0,0,0,0,0,0,0,0,0.56072,0,0,0,0,0
65,264,22.98,420.82,31946,0,0,0,0,0,0,0,0.1373,0,0,0.072463,0,0,0,0,0
65,264,22.98,420.82,31946,0,0,0,3.2645,0,0.20716,0.67053,0,0,0,6.6447,0,0,0,0,0
65,264,22.98,420.82,31946,0.011369,0,0,0,0,0,0,0,0,0,0.50053,0,0,0,0,0
65,264,22.98,420.82,31946,0,0,0,0,0,0,0,0,0,0.21027,0.56072,0,0,0,0,0
65,264,22.98,420.82,31946,5.1991,0,0,0.013049,0,0,0,0,0,0,0.072463,0,0,0,0,0
65,264,22.98,420.82,31946,0.047741,0,0,0,0,0,0,0,0,0,0.35902,0,0,0,0,0
65,264,22.98,420.82,31946,0.00524,0,0,5.5541,0,0,0,0,0,0,9.9728,0,0,0,0,0
65,264,22.98,420.82,31946,0,0,0,0,0,0.040979,22.816,0,0,0,22.138,0,0,0,0,0
65,264,22.98,420.82,31946,0.09235,0,0,0,0,0,0.13028,0,0,0,0.072463,0,0,0,0,0
65,264,22.98,420.82,31946,0.008333,0,0,0,0,0,0,0,0,0,0.072463,0,0,0,0,0
65,264,22.98,420.82,31946,0,0,0,0.008333,0,0,6.7664,0,0,0,0.072463,0,0,0,0,0
65,264,22.98,420.82,31946,0.34658,0,0,0,0,0,0,0,0,0,0.26171,0,0,0,0,0
65,264,22.98,420.82,31946,0,0,0,0,0,0,0,0,0,0,6.9139,0,0,0,0,0
65,264,22.98,420.82,31946,0.62801,0,0,0,0,0,0,0,0,6.8425,1.1039,0,0,0,0,0
65,264,22.98,420.82,31946,0.013572,0,5.5916,0,0,0,338.29,0,0,0,0.40718,0,0,0,0,0
65,264,22.98,420.82,31946,0,0,0,0,0,0,0.42744,0,0,0.63421,15.494,0,0,0,0,0
65,264,22.98,420.82,31946,0.017176,0,0,0.021909,0,0,0,0,0,0,0.072463,0,0,0,0,0
65,264,22.98,420.82,31946,0.00524,0,0,0.11792,0,0,0,0,0,127.87,0.072463,0,0,0,0,0
65,264,22.98,420.82,31946,0.010699,0,0,0.14398,0,0,0,0,0,0,0.072463,0,0,0,0,0
65,264,22.98,420.82,31946,0.002195,0,0,0.0083405,0,0,0.13028,0,0,0,0.072463,0,0,0,0,0
65,264,22.98,420.82,31946,0.008333,0,0,26.564,0,0,0,0,0,0,0.072463,0,0,0,0,0
65,264,22.98,420.82,31946,1.3895,0,0,0,0,0,18.387,0,0,0,0.82163,0,0,0,0,0
65,264,22.98,420.82,31946,0,0,0,0,0,0,0,0.045261,0,0,0.21574,0,0,0,0,0
65,264,22.98,420.82,31946,2.726,0,0,0.0042695,0,0,0,0,0,0,6.1561,0,0,0,0,0
65,264,22.98,420.82,31946,0.096515,0,0,0,0,0.013684,0,0,0,0,5.7504,0,0,0,0,0
65,264,22.98,420.82,31946,0.050303,0,50.243,0,0,0,0,0,0,0,0.072463,0,0,0,0,0
65,264,22.98,420.82,31946,0,0,0,0,0,0,0,0,0,0,0.35902,0,0,0,0,0
65,264,22.98,420.82,31946,0,0,0,0.021906,0,0,0,0,0,0,0.15843,0,0,0,0,0
65,264,22.98,420.82,31946,0,0,0,0,0,0,0,0,0,0,0.072463,0,0,0,0,0
65,264,22.98,420.82,31946,0.000765,0,0,0.014574,0,0,0,0,0,0,2.1592,0,0,0,0,0
65,264,22.98,420.82,31946,0,0,0,0,0,0,28.515,0,0,3.8254,1.7918,0,0,0,0,0
65,264,22.98,420.82,31946,14.691,0,0,0,0,0,0,0,0,0,0.072463,0,0,0,0,0
65,264,22.98,420.82,31946,0.00524,0,0,0,0,0,0.008333,0,0,0,5.2552,0,0,0,0,0
65,264,22.98,420.82,31946,0.474,0,0,0,0,0,0,0,0,3.8254,0.18612,0,0,0,0,0
65,264,22.98,420.82,31946,0.020276,0,0,0,0.0069085,0,12.951,0,0,0,9.0272,0,0,0,0,0
65,264,22.98,420.82,31946,0.21392,0,0,0,0,0,0,0,0,0,0.072463,0,0,0,0,0
65,264,22.98,420.82,31946,0.01272,0,0,0.00524,0,0,0,0,0,2.6253,0.072463,0,0,0,0,0
65,264,22.98,420.82,31946,0,0,0,0,0,4.5986,0.13028,0,0,7.8617,0.072463,0,0,0,0,0
65,264,22.98,420.82,31946,0.0262,0,0,0,0,0,0,0,0,0,5.7504,0,0,0,0,0
65,264,22.98,420.82,31946,0.41171,0,0,40.485,0,0,0,0,0,0,3.0356,0,0,0,0,0
65,264,22.98,420.82,31946,0.000126,0,0,0,0,0,0,0,0,0,0.13505,0,0,0,0,0
65,264,22.98,420.82,31946,0.14797,0,0,0,0,0.17283,0,0,0,0,4.9522,0,0,0,0,0
65,264,22.98,420.82,31946,0.003465,0,0,0.11792,0,0,0,0,0,0,0.13226,0,0,0,0,0
65,264,22.98,420.82,31946,4.3639,0,0,0,0,0,0,0,0,0,0.25106,0,0,0,0,0
65,264,22.98,420.82,31946,0.2861,0,0,0,7.6892,0.36611,0,0,0,0,0.072463,0,0,0,0,0
65,264,22.98,420.82,31946,0.055763,0,0,0,0,0,29.213,0,0,0,0.072463,0,0,0,0,0
65,264,22.98,420.82,31946,17.857,0,0,0,0,0,0.13028,0,0,0,0.072463,0,0,0,0,0
65,264,22.98,420.82,31946,0,0,0,0,0,0,0,0,0,0,1.6272,0,0,0,0,0
65,264,22.98,420.82,31946,0,0,0,0,0,0,0,0,0,0,1.1196,0,0,0,0,0
65,264,22.98,420.82,31946,0.10979,0,0,0,3.8652,0,0,0,0,0.18086,0.072463,0,0,0,0,0
65,264,22.98,420.82,31946,0.008333,0,0,0,0,0,0.60778,0,0,0,0.13039,0,0,0,0,1.0521
65,264,22.98,420.82,31946,4.2054,0,0,0.37625,0,0,0,0,0,0,0.23007,0,0,0,0,0
65,264,22.98,420.82,31946,0.25407,0,0,0,0,0.8482,338.29,0,0,19.403,8.2778,0,0,0,0,0
65,264,22.98,420.82,31946,0.94326,0,0,0,0,0,0,0,0,0,14.085,0,0,0,0,0
65,264,22.98,420.82,31946,0.67789,0,0,1.1407,0,0.82401,0,0,0,0,0.072463,0,0,0,0,0
65,264,22.98,420.82,31946,0.23042,0,0,0,0,0,0,0,0,0,0.072463,0,0,0,0,0
65,264,22.98,420.82,31946,0.089227,0,0,0,0,0,52.068,0,0,0,1.5411,0,0,0,0,6.3123
65,264,22.98,420.82,31946,0,0,0,0,0,0,0,0,0,0,7.3168,0,0,0,0,0
65,264,22.98,420.82,31946,4.741,0,0,0,0,0,0,0,0,0,0.072463,0,0,0,0,0
65,264,22.98,420.82,31946,0.078303,0,0,0.008343,0,0,0,0,0,0,0.13854,0,0,0,0,0
65,264,22.98,420.82,31946,2.8971,0,0,0,0,0,4.3863,0,0,0,0.072463,0,0,0,0,0
65,264,22.98,420.82,31946,0.11315,0,0,0,0,0,0,0,0,0,27.869,0,0,0,0,0
65,264,22.98,420.82,31946,1.0971,0,0,0,0,0,0,0,0,0,0.072463,0,0,0,0,0
65,264,22.98,420.82,31946,0.23779,0,0,0,0,0,0,0,0,0,83.699,0,0,0,0,0
65,264,22.98,420.82,31946,0.011526,0,0,0,0,0,4.8659,0,0,0,0.072463,0,0,0,9.8521,0
65,264,22.98,420.82,31946,2.5374,0,0,0.000251,0,0,0,0,0,0,0.71652,0,0,0,0,0
65,264,22.98,420.82,31946,0.090543,0,2.1341,0,0,0,0.13028,0,0,0,0.13329,0,0,0,0,0
65,264,22.98,420.82,31946,0.085655,0,0,0,0.020942,0.85832,0,0,0,0,0.072463,0,0,0,0,0
65,264,22.98,420.82,31946,0,0,2.05e-05,0,0,0,0,0,0,0,0.072463,0,0,0,0,0
65,264,22.98,420.82,31946,0.085655,0,0,0,0,18.806,0,0,0,1.5079,0.072463,0,0,0,0,0
65,264,22.98,420.82,31946,0,0,0,0,0,0,0,0,0,0,0.072463,0,0,0,0,0
65,264,22.98,420.82,31946,0.00524,0,0,0,0,0,0,0,0,0,0.56072,0,0,0,0,0
66,265,12.08,939.14,71294,0,0,0,0.002139,0,0,0,0,0,0,0.13663,0,0,0,0,0
66,265,12.08,939.14,71294,4.6477,0,0,0.49605,0,0,0,0,0,0,59.217,0,0,0,0,0
66,265,12.08,939.14,71294,2.7519,0,0,0.00524,0.00524,0,0,0,0,0,4.5096,0,0,0,0,0
66,265,12.08,939.14,71294,0.0262,0,0,0,0,0,0.021726,0,0,36.785,0.072463,0,0,0,0,0
66,265,12.08,939.14,71294,0.002031,0,0,0,0,0,12.413,0,0,0,0.13124,0,0,0,0,0
66,265,12.08,939.14,71294,0.010235,0,0,8.7186,6.0506,7.8e-05,0.002308,0,0,0,0.072463,0,0,0,0,0
66,265,12.08,939.14,71294,0,0,0,0,0,0,0,0,0,2.6253,0.072463,0,0,0,0,0
66,265,12.08,939.14,71294,0.0059417,0,0,0,0,0,0,0,0,0,22.109,0,0,0,0,0
66,265,12.08,939.14,71294,0.032917,0,0,0.005239,0,0.79591,0,0,0,0,0.78303,0,0,0,0,0
66,265,12.08,939.14,71294,0,0,0.0091745,0,0,0.81358,0,0,0,0,2.237,0,0,0,0,0
66,265,12.08,939.14,71294,0.2089,0,0,0.008333,0,0,6.0541,0,0,0,0.81487,0,0,0,0,0
66,265,12.08,939.14,71294,0,0,0.008333,0,0,0,0,0,0,0,0.072463,0,0,0,0,0
66,265,12.08,939.14,71294,0,0,0,0.007328,0,0.016666,0.13028,0,0,0,1.5501,0,0,0,0,0
66,265,12.08,939.14,71294,0.64268,0,0,9.7744,0,0,0,0,0,0,0.072463,0,0,0,0,0
66,265,12.08,939.14,71294,0.011015,0,0,0,0,0,0.008333,0,0,0,0.072463,0,0,0,0,0
66,265,12.08,939.14,71294,0.008333,0,0,0,1.8162,0,0,0,0,0,0.072463,0,0,0,0,0
66,265,12.08,939.14,71294,0,0,0,0,50.215,0,0,0,0,0,2.7374,0,0,0,0,0
66,265,12.08,939.14,71294,0.31332,0,0,0.005239,0,0,0,0,0,0,46.791,0,0,0,0,0
66,265,12.08,939.14,71294,0,0,0,0,0,0,0,0,0,0,3.5581,0,0,0,0,0
66,265,12.08,939.14,71294,0.010002,0,0,13.274,0,0,0,0,0,0,4.2102,0,0,0,0,0
66,265,12.08,939.14,71294,0.2861,0,0,0,0,0,0,0,0,0,0.072463,0,0,0,0,0
66,265,12.08,939.14,71294,0,0,0,0,0,0.25263,0.40452,0,0,0,0.072463,0,0,0,0,23.478
66,265,12.08,939.14,71294,185.35,0,0,0,0,0,53.389,0,0,0,0.072463,0,0,0,0,0
66,265,12.08,939.14,71294,0,0,0,0.24056,0,0,0.13028,0,0,0,0.072463,0,0,0,0,0
66,265,12.08,939.14,71294,0.16206,0,0,0,0,0,0,0,0,0,0.086791,0,0,0,0,0
66,265,12.08,939.14,71294,0.003118,0,0,0,0,0,0,0,0,0,6.11,0,0,0,0,0
66,265,12.08,939.14,71294,0.0093951,0,0,0,0,0,0,0,0,0,0.15843,0,0,0,0,0
66,265,12.08,939.14,71294,37.764,0,0,0.008332,4.0882,0.00524,1.7382,0,0,0,0.13505,0,0,0,0,0
66,265,12.08,939.14,71294,0,0,0,0,0,0,0,0,0,0,0.71652,0,0,0,0,0
66,265,12.08,939.14,71294,0.54667,0,0,1.0854,0,0,0,0,0,0,6.7491,0,0,0,0,0
66,265,12.08,939.14,71294,0.01175,0,0,0,0,0,0.13028,0,0,0,45.506,0,0,0,0,0
66,265,12.08,939.14,71294,0,0,0,0.008333,0,0,0,0,0,0,6.0336,0,0,0,0,0
66,265,12.08,939.14,71294,0.008333,0,0,0,0,0.012422,0,0,0,0,16.683,0,0,0,0,0
66,265,12.08,939.14,71294,0.13651,0,0,0,0,0,0,0,0,0,4.9522,0,0,0,0,0
66,265,12.08,939.14,71294,0.060034,0,0,0.023709,0,0,0,0,0,0,1.5788,0,0,0,0,0
66,265,12.08,939.14,71294,0.008333,0,0,0,0,0,0,0,0,0,3.7404,0,0,0,0,23.478
66,265,12.08,939.14,71294,0.19741,0,0,1.1994,0,0,450.61,0,0,0,30.131,0,0,0,0,0
66,265,12.08,939.14,71294,0,0,0,0.001397,0,0,0,0,0,0,0.13329,0,0,0,0,0
66,265,12.08,939.14,71294,0.001436,0,0,0,0.00524,0,0,0,0,0,1.3043,0,0,0,0,0
66,265,12.08,939.14,71294,0,0,0,0,0,0,0,0,0,0,5.6128,0,0,0,0,0
66,265,12.08,939.14,71294,0.00824,0,0,0,0,0,0,0,0,0,14.75,0,0,0,0,0
66,265,12.08,939.14,71294,0,0,0.031224,0.001669,0,0,0,0,0,0,28.485,0,0,0,0,0
66,265,12.08,939.14,71294,3.1081,0,0,0,0,0,0,0,0,0,0.072463,0,0,0,0,0
66,265,12.08,939.14,71294,0,0,0,0.094086,0,0,0,0,0,0,6.11,0,0,0,0,32.87
66,265,12.08,939.14,71294,1.7076,0,0,0.0095305,0,0,0,0,0,0,1.5501,0,0,0,0,0
66,265,12.08,939.14,71294,0.007697,0,0,61.372,0,0,0.59876,0,0,0,0.072463,0,0,0,0,0
66,265,12.08,939.14,71294,0.050303,0,0,3.1049,0,0,0,0,0,0,0.072463,0,0,0,0,0
66,265,12.08,939.14,71294,0.042855,0,0,0.003822,0,0,0.80873,0,0,19.403,0.072463,0,0,0,0,0
66,265,12.08,939.14,71294,0.008335,0,0,0.12491,0,0,0,0,0,0,0.072463,0,0,0,0,0
66,265,12.08,939.14,71294,0.017176,0,0,0,0,0,0.67053,0,0,0.91947,4.1988,0,0,0,0,108
66,265,12.08,939.14,71294,0.020568,0,0,0,0,0.012958,0,0,0,0,0.072463,0,0,0,152.47,0
66,265,12.08,939.14,71294,0,0,0,6.3e-05,0,0,0.59876,0,0,0,0.072463,0,0,0,0,0
66,265,12.08,939.14,71294,0.00524,0,0,0,0,0,0,0,0,0,2.2216,0,0,0,0,0
66,265,12.08,939.14,71294,1.8156,0,0,0,0,0,0,0,0,3.8254,0.086791,0,0,0,0,42.261
66,265,12.08,939.14,71294,14.691,0,0,1.0258,0,0,0,0,0,0,1.2458,0,0,0,0,0
66,265,12.08,939.14,71294,0.025446,0,0,0.68761,0,0,0,0,0,0,7.6506,0,0,0,0,0
66,265,12.08,939.14,71294,0.00524,0,0,0,29.406,0.000376,0,0,0,0,0.37335,0,0,0,0,0
66,265,12.08,939.14,71294,0.00524,0,0,0.000376,0,0,0,0,0,0,0.072463,0,0,0,0,0
66,265,12.08,939.14,71294,0,0,0,0,0,0,388.02,0,0,0,0.072463,0,0,0,0,0
66,265,12.08,939.14,71294,0,0,0,0,0.008333,0,0,0,0,21.917,18.828,0,0,0,0,0
66,265,12.08,939.14,71294,0.09235,0,0,0,0,0,0,0,0,0,1.5788,0,0,0,0,0
66,265,12.08,939.14,71294,31.76,0,0,0,0,0,16.762,0,0,0,26.705,0,0,0,0,0
66,265,12.08,939.14,71294,0.0097855,0,0,0,0,0.003539,41.059,0,0,0,0.072463,0,0,0,0,0
66,265,12.08,939.14,71294,0.008333,0,0,0.11161,0.008333,0.0055814,0,0,0,0,0.13302,0,0,0,0,0
66,265,12.08,939.14,71294,0,0,0,0,0,0,0.13028,0,0,0,0.072463,0,0,0,0,0
66,265,12.08,939.14,71294,0.008333,0,0,0,0,0,0.13028,0,0,0,5.5428,0,0,0,5.8588,0
66,265,12.08,939.14,71294,0,0,0,0.044825,0,0,26.176,0,0,0,0.072463,0,0,0,0,0
66,265,12.08,939.14,71294,0.00021,0,0,0,0,0,0,0,0,0.91947,0.072463,0,0,0,0,0
66,265,12.08,939.14,71294,0.019391,0,0,0,0,0,0,0,0,55.455,0.072463,0,0,0,0,0
66,265,12.08,939.14,71294,14.691,0,0,0,0,0,8.8335,0,0,0,0.072463,0,0,0,0,0
66,265,12.08,939.14,71294,0.033746,0,0,0,0,0,0,0,0,36.785,1.2679,0,0,0,0,23.478
66,265,12.08,939.14,71294,11.942,0,0,0,0,0,3.7858,0,0,0,0.61033,0,0,0,0,0
66,265,12.08,939.14,71294,0,0,0,0,0,0,29.213,0,0,0,18.828,0,0,0,0,0
66,265,12.08,939.14,71294,0,0,0,0,0,0,0,0,0,0,0.78303,0,0,0,0,0
66,265,12.08,939.14,71294,0,0,0,0,0.00524,0,225,0,0,0,5.101,0,0,0,0,0
66,265,12.08,939.14,71294,0.061957,0,0.12516,0.000688,0,0,0.13028,0,0,0,5.2088,0,0,0,0,0
66,265,12.08,939.14,71294,0.016668,0,6.2524,0,0,0,0,0,0,0,0.37531,0,0,0,0,0
66,265,12.08,939.14,71294,0.11182,0,0,0.03244,0,0,0,0,0,19.403,0.072463,0,0,0,0,0
66,265,12.08,939.14,71294,0.1851,0,0,0,0,0,0.13028,0,0,0,0.13581,0,0,0,0,0
66,265,12.08,939.14,71294,0.003295,0,0,0,0,0.13029,0,0,0,0,18.07,0,0,0,0,0
66,265,12.08,939.14,71294,3.7661,0,0,0,0,0,0,0,0,0,29.357,0,0,0,0,0
66,265,12.08,939.14,71294,0.16674,0,0,0,0,0,0,0,0,0,0.78885,0,0,0,362.8,0
66,265,12.08,939.14,71294,7.1348,0,0,0,0.000688,0,0,0,0,10.481,0.072463,0,0,0,0,0
66,265,12.08,939.14,71294,48.434,0,0,0,0,0,0,0,0,0,1.2458,0,0,0,0,0
66,265,12.08,939.14,71294,4.741,0,0,0,0,0,0,0,0,0,0.71652,0,0,0,0,0
66,265,12.08,939.14,71294,0,0,0,1.2709,0,0,0,0,0,0,0.072463,0,0,0,0,0
66,265,12.08,939.14,71294,0.001493,0,0,0.008333,16.562,1.0245,0,0,0,0,7.0787,0,0,0,0,0
66,265,12.08,939.14,71294,0.42108,0,0,0.010718,0,0,0,0,0,0,8.9759,0,0,0,0,0
66,265,12.08,939.14,71294,0,0,0,0.0053955,0,0,0.13028,0,0,0,0.56339,0,0,0,0,0
66,265,12.08,939.14,71294,1.1355,0,0,13.595,0,0,0,0,0,0,0.072463,0,0,0,0,0
66,265,12.08,939.14,71294,0.008333,0,0,0,0,0,0,0,0,0,0.072463,0,0,0,0,173.74
66,265,12.08,939.14,71294,0,0,0,0,0.0087695,0,0,0,0,0,1.5788,0,0,0,0,0
66,265,12.08,939.14,71294,0.00524,0,0,0,0,0,0,0,0,0,0.072463,0,0,0,0,0
66,265,12.08,939.14,71294,0.15427,0,0,0,0,0,30.39,0,0,0,0.072463,0,0,0,0,0
66,265,12.08,939.14,71294,0.001326,0,0,0,0,0.001267,0,0,0,0,0.56922,0,0,0,0,0
66,265,12.08,939.14,71294,0.001326,0,0,0,0,0,0,0,0,0,7.0787,0,0,0,0,0
66,265,12.08,939.14,71294,0.0098678,0,0,0,0,0.8491,0,0,0,0,0.072463,0,0,0,0,0
66,265,12.08,939.14,71294,0.0097855,0,0,0,0,0.00524,0,0,0,0,0.072463,0,0,0,0,0
66,265,12.08,939.14,71294,0,0,0,0,0,0,0,0,0,9.1622,0.072463,0,0,0,0,0
66,265,12.08,939.14,71294,0.013872,0,0,0.005239,0,0,0,0,0,0,0.75174,0,0,0,0,0
66,265,12.08,939.14,71294,0.31332,0,0,0,0,0,0,0,0,0,0.072463,0,0,0,0,0
66,265,12.08,939.14,71294,0.002031,0,0,4.6515,0.001493,0,30.454,0,0,0,16.626,0,0,0,0,0
66,265,12.08,939.14,71294,0,0,0,0,0,0,0,0,0,0,1.1456,0,0,0,0,0
66,265,12.08,939.14,71294,0,0,0,0,0,0,0,0,0,0,6.4921,0,0,0,0,0
66,265,12.08,939.14,71294,0,0,0,0,0,0,0,0,0,0,2.5252,0,0,0,0,0
66,265,12.08,939.14,71294,0.085073,0,0,0,0,0,0,0,0,16.378,5.8591,0,0,0,0,0
66,265,12.08,939.14,71294,0.022631,0,0,0,0,0.017703,28.892,0,0,0,8.9418,0,0,0,0,0
66,265,12.08,939.14,71294,2.1129,0,0,0,0,0,0,0,0,0,0.49027,0,0,0,0,0
66,265,12.08,939.14,71294,0.011223,0,0,0,0,0.00524,0.60778,0,0,0,7.5569,0,0,0,0,0
66,265,12.08,939.14,71294,0,0,0,0,0,0,0.13028,0,0,0,0.072463,0,0,0,0,0
66,265,12.08,939.14,71294,0.008333,0,0,0,0.00524,0.0058398,0,0,0,0,0.072463,0,0,0,0,0
66,265,12.08,939.14,71294,0.003734,0,0,0.00833,0,0,0,0,0,0,0.072463,0,0,0,0,0
66,265,12.08,939.14,71294,2.9202,0,0,8.1748,0,0.79321,0,0,0,0,5.5313,0,0,0,0,0
66,265,12.08,939.14,71294,0.081766,0,0,0,0,0,0,0,0,0,0.072463,0,0,0,0,0
66,265,12.08,939.14,71294,0.49976,0,0,0,0,0,0,0,0,0,0.072463,0,0,0,0,0
66,265,12.08,939.14,71294,1.2321,0,0,0,0,0,0,0,0,0,0.37335,0,0,0,0,0
66,265,12.08,939.14,71294,0.34658,0,0,0,3.9174,0,24.854,0,0,0,1.86,0,0,0,0,0
66,265,12.08,939.14,71294,0,0,0.004089,0.008333,0,0,121.37,0,0,0,0.76276,0,0,0,0,0
66,265,12.08,939.14,71294,0.033827,0,0,0.6763,0,7.8e-05,0,0,0,0,0.21574,0,0,0,0,0
66,265,12.08,939.14,71294,3.4562,0,0,0,0,0.0076587,0.002308,0,0,5.7231,2.6841,0,0,0,0,0
66,265,12.08,939.14,71294,0,0,0,0,0,0,0,0,0,0,1.2644,0,0,0,0,0
66,265,12.08,939.14,71294,5.6517,0,0,0,0,0,0,0,0,0,2.9887,0,0,0,0,0
66,265,12.08,939.14,71294,0.2861,0,0,0.008333,0,0,0,0,0,0,1.4938,0,0,0,0,0
66,265,12.08,939.14,71294,0.057399,0,0,0,0,0,0,0,0,0,0.072463,0,0,0,0,0
66,265,12.08,939.14,71294,0.008333,0,0,0,0,0,0,0,0,0,5.0665,0,0,0,0,51.653
66,265,12.08,939.14,71294,0.011627,0,0,0,0,0,0,0,0,0,0.1331,0,0,0,0,0
66,265,12.08,939.14,71294,0.037792,0,0,0,0,0,0,0,0,0,4.3421,0,0,0,0,0
66,265,12.08,939.14,71294,7.1486,0,16.557,0,0,0.040979,0,0,0,0,1.1039,0,0,0,0,0
66,265,12.08,939.14,71294,0,0,0,0,0,0,0,0,0,0,0.13039,0,0,0,0,0
66,265,12.08,939.14,71294,0.078303,0,0,0,0,0.004345,0.13028,0,0,0,1.3227,0,0,0,0,0
66,265,12.08,939.14,71294,0,5.1886,10.552,0,0,0,0,0,0,0,0.79939,0,0,0,0,0
66,265,12.08,939.14,71294,0.001205,0,0,2.1535,0,0,0.40452,0,0,0,55.647,0,0,0,0,0
66,265,12.08,939.14,71294,0.015554,0,0,0,0,0,0,0,0,0,7.9797,0,0,0,0,0
66,265,12.08,939.14,71294,0,0,0,0.01618,0,0,0,0,0,0,0.072463,0,0,0,0,0
66,265,12.08,939.14,71294,0.014554,0,0,0.021739,0,0,0.10863,0,0,0,0.072463,0,0,0,0,0
66,265,12.08,939.14,71294,0,0,0,0,0,0,0,0,0,0,13.2,0,0,0,0,0
66,265,12.08,939.14,71294,0,0,0,0,0,0.0076587,0,0,0,0,0.072463,0,0,0,0,0
66,265,12.08,939.14,71294,0.20198,0,0,0.002139,0,0,0,0,0,0,0.086791,0,0,0,0,0
66,265,12.08,939.14,71294,0.047741,0,0,0.008333,0,0,29.773,0,0,0,6.7175,0,0,0,0,0
66,265,12.08,939.14,71294,0.3004,0,0,0.000716,0,0.79502,0,0,0,0,2.9142,0,0,0,0,0
66,265,12.08,939.14,71294,0.00524,0,0,0,0,0,0,0,0,0,0.072463,0,0,0,0,0
66,265,12.08,939.14,71294,0,0,0,0,0,0,0,0,0,0,1.5078,0,0,0,0,0
66,265,12.08,939.14,71294,0.15897,0,0,0,0.12176,0,0,0,0,0,1.2482,0,0,0,0,0
66,265,12.08,939.14,71294,0.008333,0,0,0,0,0,0,0,0,0,0.77377,0,0,0,0,0
66,265,12.08,939.14,71294,0.007328,0,0,0.0030625,0,0,0,0,0,1.4449,13.171,0,0,0,0,0
66,265,12.08,939.14,71294,0.027974,0,0,0,0.37482,0,0,0,0,0,0.50053,0,0,0,0,0
66,265,12.08,939.14,71294,0,0,0,0,0,0,0,0,0,0,3.2962,0,0,0,0,0
66,265,12.08,939.14,71294,0.10024,0,0,0,0,0,0,0,0,0,0.18601,0,0,0,0,0
66,265,12.08,939.14,71294,0,0,0,0.003465,0,0,0,0,0,0,14.703,0,0,0,0,0
66,265,12.08,939.14,71294,12.644,0,0,0,0,0,0,0,0,0,1.1244,0,0,0,0,0
66,265,12.08,939.14,71294,0.018811,0,0,0,0,0.21503,70.616,0,0,0,0.81487,0,0,0,0,0
66,265,12.08,939.14,71294,2.038,0,0,0,0,0,0,0,0,0,0.072463,0,0,0,0,0
66,265,12.08,939.14,71294,0,0,0,0,0,0,0.59876,0,0,0,0.072463,0,0,0,0,0
66,265,12.08,939.14,71294,0.27667,0,0,0,0,0,1.8139,0,0,0,0.94645,0,0,0,0,0
66,265,12.08,939.14,71294,7.6985,0,0,0,0,0,0,0,0,1.4449,1.2862,0,0,0,0,0
66,265,12.08,939.14,71294,0,0,0,52.826,0,0,0,0,0,0,5.955,0,0,0,0,0
66,265,12.08,939.14,71294,0.007697,0,0,0,0,0,0,0,0,0,0.072463,0,0,0,0,0
66,265,12.08,939.14,71294,0.041493,0,0,0,0,0,0,0,0,0,2.192,0,0,0,73.301,0
66,265,12.08,939.14,71294,0,0,0,0.086736,0,0,0,0,0,0,0.71652,0,0,0,0,0
66,265,12.08,939.14,71294,0.036433,0,0,0,0,0,0,0,0,0,6.4445,0,0,0,0,0
66,265,12.08,939.14,71294,0,0,0,0.026134,0,0,10.099,0,0,0,4.2705,0,0,0,0,0
66,265,12.08,939.14,71294,0.023372,0,0,0,0,0.86913,0,0,0,0,12.291,0,0,0,0,0
66,265,12.08,939.14,71294,0.007328,0,0,0,0,0,0,0,0,0,0.072463,0,0,0,0,0
66,265,12.08,939.14,71294,0.13651,0,0,0,0.027174,0,52.868,0,0,0,0.072463,0,0,0,0,0
66,265,12.08,939.14,71294,0.59281,0,0,0,0,0,0,0,0,0,0.13146,0,0,0,0,42.261
66,265,12.08,939.14,71294,0.083807,0,0,0.1328,0,0,0,0,0,1.5859,3.5581,0,0,0,0,0
66,265,12.08,939.14,71294,0.01121,0,0,0,0,0,0,0,0,0,0.072463,0,0,0,0,0
66,265,12.08,939.14,71294,0.23779,0,0,0,0,5.9727,0,0,0,36.785,3.9028,0,0,0,0,0
66,265,12.08,939.14,71294,0.43482,0,0,1.6948,0,3.1882,0,0,0,0,2.1592,0,0,0,0,0
66,265,12.08,939.14,71294,0.006701,0,0,0,0,0,0,0,0,0,0.13854,0,0,0,0,0
66,265,12.08,939.14,71294,0.008333,0,0,0,0,0.57676,0,0,0,0,0.13146,0,0,0,0,0
66,265,12.08,939.14,71294,0.019391,0,0,0,0,0,0,0,0,0,5.1452,0,0,0,0,0
66,265,12.08,939.14,71294,0.032465,0,0,0.47815,0,0,0,0,0,0,0.086791,0,0,0,0,0
66,265,12.08,939.14,71294,0.65712,0,0,0,0,0.81745,0,0,0,0,2.9142,0,0,0,0,0
66,265,12.08,939.14,71294,0,0,0,10.49,0,0,0,0,0,0,83.699,0,0,0,0,0
66,265,12.08,939.14,71294,0.012524,0,0,0,0,0,0.13028,0,0,3.8737,0.13234,0,0,0,0,0
66,265,12.08,939.14,71294,0,0,0,0,0,0,0.10863,0,0,0,0.072463,0,0,0,0,0
66,265,12.08,939.14,71294,0.075794,0,0,0.002868,0,2.839,0,0,0,0,0.48889,0,0,0,0,0
66,265,12.08,939.14,71294,0.095794,0,0,0.069106,0.15838,0.79546,0,0,0,0,0.072463,0,0,0,0,0
66,265,12.08,939.14,71294,0.00829,0,0,0,0,0,0.10863,0,0,0,0.12893,0,0,0,0,0
66,265,12.08,939.14,71294,0,0,0,0,0,0.80357,0,0,0,19.403,0.086791,0,0,0,0,0
66,265,12.08,939.14,71294,0.010002,0,0,0,0,0,0,0,0,0,4.9522,0,0,0,0,0
66,265,12.08,939.14,71294,9.1607,0,0,0,0,0,0,0,0,0,0.56072,0,0,0,0,0
66,265,12.08,939.14,71294,1.3552,0,0,0,0,0,0,0,0,0,32.545,0,0,0,0,0
66,265,12.08,939.14,71294,0.019994,0,0.23695,0,0,0,0,0,0,0,0.072463,0,0,0,0,0
66,265,12.08,939.14,71294,0.023679,0,0,0.008333,0,0,0,0,0,0,0.072463,0,0,0,0,0
66,265,12.08,939.14,71294,1.5074,0,0,0,0,5.4632,17.762,0,0,0,5.1015,0,0,0,0,0
66,265,12.08,939.14,71294,0.008333,0,0,0,0,0,0,0,0,0,1.1389,0,0,0,0,0
66,265,12.08,939.14,71294,1.8156,0,0,0,0,0.79321,0,0,0,0,0.072463,0,0,0,0,0
66,265,12.08,939.14,71294,0.011526,0,0,0.008333,0,0,0,0,0,0,1.9351,0,0,0,0,0
66,265,12.08,939.14,71294,0.025974,0,0,0.09603,8.9903,0.79321,0,0,0,21.917,21.049,0,0,0,0,0
66,265,12.08,939.14,71294,0,0,0,0.005239,0,0,0,0,0,1.5851,0.13226,0,0,0,0,0
66,265,12.08,939.14,71294,0.008333,0,0,0,0,0,0,0,0,0,4.8911,0,0,0,0,0
66,265,12.08,939.14,71294,0.037792,0,0,0,0,0,0,0,0,0,0.072463,0,0,0,0,0
66,265,12.08,939.14,71294,1.8473,0,0,0,0,0,0,0,0,0,7.2936,0,0,0,0,0
66,265,12.08,939.14,71294,3.2644,0,0,0.65987,0,0,0,0,0,0,0.072463,0,0,0,0,0
66,265,12.08,939.14,71294,0.006456,0,0,0,0,0,0,0,0,5.7231,6.7491,0,0,0,0,0
66,265,12.08,939.14,71294,0,0,0,0,0,0,0,0,0,0,0.13711,0,0,0,0,0
66,265,12.08,939.14,71294,0.035595,0,0,0,0,0,0,0,0,0,0.072463,0,0,0,84.236,0
66,265,12.08,939.14,71294,0.03517,0,0,61.372,0,0,0,0,0,0.18086,0.13146,0,0,0,0,0
66,265,12.08,939.14,71294,0.066705,0,0,0,0,0,0,0,0,0,4.3915,0,0,0,0,0
66,265,12.08,939.14,71294,0,0,0,0,0,0,3.635,0,0,0,0.072463,0,0,0,0,0
66,265,12.08,939.14,71294,0.16674,0,0,0,0,0.65866,242.13,0,0,1.5859,25.046,0,0,0,0,0
66,265,12.08,939.14,71294,5.3289,0,0,0,0,0,0,0,0,0.4212,4.1988,0,0,0,0,14.087
66,265,12.08,939.14,71294,0.008333,0,0.097814,0,0,0,0,0,0,0,0.89874,0,0,0,0,0
66,265,12.08,939.14,71294,166.14,0,0,0,0,0,0,0,0,0,2.457,0,0,0,0,0
66,265,12.08,939.14,71294,2.2569,0,0,0,0,0,0,0,0,0,7.9623,0,0,0,0,0
66,265,12.08,939.14,71294,0.007987,0,0,0.008597,0,0,0,0,0,13.788,1.1456,0,0,0,0,0
66,265,12.08,939.14,71294,0,0,0,0,0,0,0,0,0,0,0.15504,0,0,0,0,0
66,265,12.08,939.14,71294,0.00524,0,0,0,0,0,1.7382,0,0,0,0.26171,0,0,0,0,0
66,265,12.08,939.14,71294,0,0,0,0,0,0,67.305,0,0,0,9.2784,0,0,0,0,0
66,265,12.08,939.14,71294,1.3552,0,4.7534,0,0,0,0,0,0,0,0.51741,0,0,0,0,32.87
66,265,12.08,939.14,71294,0.022995,0,0,0,0,0,1.4676,0,0,0,0.33767,0,0,0,0,0
66,265,12.08,939.14,71294,0,0,0,0,0,0,0.13028,0,0,0,21.049,0,0,0,0,51.653
66,265,12.08,939.14,71294,0.49976,0,0,0.00524,0,0,0,0,0,0,1.1451,0,0,0,0,0
66,265,12.08,939.14,71294,0,0,0,0,0,0.79425,0.10863,0,0,0,1.5078,0,0,0,0,0
66,265,12.08,939.14,71294,0.008534,0,0,0,0,0,0,0,0,0,0.072463,0,0,0,0,0
66,265,12.08,939.14,71294,0,0,0.010331,188.02,0,0.79817,0.13028,0,0,0,0.072463,0,0,0,0,0
66,265,12.08,939.14,71294,95.307,0,0,0,0,0,0,0,0,0,15.494,0,0,0,0,0
66,265,12.08,939.14,71294,0.011627,0,0,0,0,0,0,0,0,0,13.755,0,0,0,0,0
66,265,12.08,939.14,71294,0.008333,0,0,0.005239,0,0,0,0,0,0,0.13505,0,0,0,0,0
66,265,12.08,939.14,71294,0.014045,0,0,0.03244,0,0,0,0,0,0,0.072463,0,0,0,0,0
66,265,12.08,939.14,71294,0.008335,0,0,0,0,0,0,0,0,0,0.072463,0,0,0,0,0
66,265,12.08,939.14,71294,0.005239,0,0,1.4008,0,0,0,0,0,0,0.37335,0,0,0,0,0
66,265,12.08,939.14,71294,107.33,0,0,0.046298,0,5.2472,26.911,0,0,0,0.17677,0,0,0,0,0
66,265,12.08,939.14,71294,1.6324,0,2.05e-05,0,0,0.80274,0,0,0,0,0.77392,0,0,0,0,0
66,265,12.08,939.14,71294,2.597,0,0,0,0,0,0,0,0,0,0.072463,0,0,0,0,0
66,265,12.08,939.14,71294,0,0,0,0.34133,0,0,0.021726,0,0,0,1.9064,0,0,0,0,0
66,265,12.08,939.14,71294,0.0068531,0,0,0,0,0,2.4766,0,0,0,6.4445,0,0,0,0,0
66,265,12.08,939.14,71294,0.002011,0,0.3141,0,0,0,0,0,0,0,2.4191,0,0,0,0,0
66,265,12.08,939.14,71294,0.063818,0,0,0,0,0,0,0,0,0,6.9105,0,0,0,0,0
66,265,12.08,939.14,71294,206.68,0,0,0,0,0,0,0,0,0,0.072463,0,0,0,0,0
66,265,12.08,939.14,71294,43.684,0,0,0,0,0,0,0,0,0,0.072463,0,0,0,0,0
66,265,12.08,939.14,71294,0,0,0,0,0,0,0,0,0,0,0.072463,0,0,0,0,0
66,265,12.08,939.14,71294,0,0,0,0,0,0,0,0,0,0,0.11545,0,0,0,0,0
66,265,12.08,939.14,71294,0.024583,0,0,0,0,0,0,0,0,0,10.802,0,0,0,0,0
66,265,12.08,939.14,71294,0.089227,0,0,0,0,0,0,0,0,0,0.13394,0,0,0,0,0
66,265,12.08,939.14,71294,0.32813,0,0,0,0,0,0,0,0,0,1.5411,0,0,0,0,0
66,265,12.08,939.14,71294,1.022,0,0,0,0,0,1.7382,0,0,0,0.33671,0,0,0,0,0
66,265,12.08,939.14,71294,0.01175,0,0,0,0.002139,0,31.923,0,0,0,4.9522,0,0,0,0,0
66,265,12.08,939.14,71294,5.1991,0,0,0,0,0,0.13028,0,0,0,0.072463,0,0,0,0,0
66,265,12.08,939.14,71294,0.031326,0,0,0,0.008457,0,0,0,0,0,22.868,0,0,0,0,0
66,265,12.08,939.14,71294,0,0,0,0,0,0,0,0,0,0,0.14411,0,0,0,0,0
66,265,12.08,939.14,71294,0.79972,0,0,0,0.001009,0.001267,28.892,0,0,1.9819,0.072463,0,0,0,0,0
66,265,12.08,939.14,71294,0,0,0,0.008333,0,0,0.42744,0,0,0,0.072463,0,0,0,0,0
66,265,12.08,939.14,71294,0.94326,0,0,0.005928,0,0,0,0,0,1.9819,0.072463,0,0,0,0,0
66,265,12.08,939.14,71294,0.0055919,0,0,0,0,0,0,0,0,19.403,0.072463,0,0,0,0,0
66,265,12.08,939.14,71294,0.21492,0,0,0,0,0,0,0,0,0,0.072463,0,0,0,0,0
66,265,12.08,939.14,71294,0.25407,0,0,0,0,0.82178,0.13028,0,0,0,0.072463,0,0,0,0,51.653
66,265,12.08,939.14,71294,0.0071224,0,0,0,0,0,0,0,0,0,0.072463,0,0,0,0,0
66,265,12.08,939.14,71294,0.036433,0,0,0.010061,0,0,0,0,0,0,0.072463,0,0,0,0,0
66,265,12.08,939.14,71294,0,0,0,0,0,0,0,0,0,0,0.072463,0,0,0,0,0
66,265,12.08,939.14,71294,0,0,0,32.212,0,0,0,0,0,0,20.478,0,0,0,0,0
66,265,12.08,939.14,71294,0,0,0,0,0,0,0,0,0,0,0.072463,0,0,0,0,0
66,265,12.08,939.14,71294,0.25407,0,0,0,0.89237,0,0,0,0,0,17.924,0,0,0,0,0
66,265,12.08,939.14,71294,0.016238,0,0,0.008332,0,0.39946,0,0,0,0,0.56072,0,0,0,0,0
66,265,12.08,939.14,71294,0.59281,0,0.34008,0.00524,0,0,0,0,0,0,0.086791,0,0,0,0,0
66,265,12.08,939.14,71294,0.0048325,0,0,0.008333,0,0,0,0,0,0,2.2216,0,0,0,0,0
66,265,12.08,939.14,71294,0.017867,0,0,0,0,0,0,0,0,0,0.072463,0,0,0,0,0
66,265,12.08,939.14,71294,0.022379,0,0,0,0,0,29.213,0,0,0,0.16521,0,0,0,0,0
66,265,12.08,939.14,71294,0.001326,0,0,0,0,0.094549,0,0,0,1.0167,0.072463,0,0,0,0,0
66,265,12.08,939.14,71294,2.1129,0,2.124,2.5294,0,0,0,0,0,0,13.437,0,0,0,0,0
66,265,12.08,939.14,71294,0,0,0,0,0,0,14.003,0,0,0,20.824,0,0,0,0,0
66,265,12.08,939.14,71294,0.03517,0,0,0.010527,0,0,0,0,0,0,0.072463,0,0,0,0,0
66,265,12.08,939.14,71294,4.741,0,0,0,0.06692,2.7295,0,0,0,0,3.4535,0,0,0,0,0
66,265,12.08,939.14,71294,2.6264,0,0,0,0,0,0,0,0,0,0.072463,0,0,0,0,0
66,265,12.08,939.14,71294,0.001436,0,0,0,0,8.5672,0,0,0,0,0.072463,0,0,0,0,0
66,265,12.08,939.14,71294,54.094,0,0,0,0,0,15.25,0,0,0,12.052,0,0,0,0,0
66,265,12.08,939.14,71294,0.031198,0,0,0,0,0,36.028,0,0,0,0.072463,0,0,0,0,0
66,265,12.08,939.14,71294,0,0,0,0,7.6892,0,0,0,0,0,0.78678,0,0,0,0,0
66,265,12.08,939.14,71294,0.36186,0,0,0.12491,0,0,0,0,0,0,1.9852,0,0,0,0,0
66,265,12.08,939.14,71294,0.00524,0,0,0,0,0,0.67053,0,0,0,0.34469,0,0,0,0,0
66,265,12.08,939.14,71294,0,0,0,0,20.736,0,0,0,0,0,0.37335,0,0,0,0,0
66,265,12.08,939.14,71294,1.1024,0,0,0.00524,0,0,0,0,0,0,4.729,0,0,0,0,0
66,265,12.08,939.14,71294,0.002139,0,0,0,0,0,0,0,0,0,19.904,0,0,0,0,0
66,265,12.08,939.14,71294,0.20484,0,0,7.8571,0,0.005239,0,0,0,1.0245,1.2482,0,0,0,0,0
66,265,12.08,939.14,71294,0.00714,0,4.3482,0,0,0,0,0,0,0,14.703,0,0,0,0,0
66,265,12.08,939.14,71294,0.004345,0,0.29694,0,0,0,110.03,0,0,0,0.072463,0,0,0,0,0
66,265,12.08,939.14,71294,38.726,0,0,0,0,0,0,0,0,0,1.5411,0,0,0,0,0
66,265,12.08,939.14,71294,0.002031,0,0,0.069106,0,0,0,0,0,0,0.086791,0,0,0,0,0
66,265,12.08,939.14,71294,0.008333,0,20.966,0.005769,0,4.5986,0.13028,0,0,0,0.7142,0,0,0,0,0
66,265,12.08,939.14,71294,0,0,0,0,0,0,0,0,0,0,59.217,0,0,0,0,0
66,265,12.08,939.14,71294,0,0,0,0,0,0,0,0,0,0,0.14008,0,0,0,0,0
66,265,12.08,939.14,71294,0,0,0,0.32821,0,0,0,0,0,0,0.072463,0,0,0,0,0
66,265,12.08,939.14,71294,0.01272,0,0,0,0,0,0,0,0,0,0.77377,0,0,0,0,0
66,265,12.08,939.14,71294,0,0,0.1965,0,0,0,0,0,0,0,0.072463,0,0,0,0,32.87
66,265,12.08,939.14,71294,0,0,74.894,0,0,0.36611,0,0,0,0,0.072463,0,0,0,0,0
66,265,12.08,939.14,71294,0.0088426,0,0,0.010061,0,0,0,0,0,0,0.072463,0,0,0,0,0
66,265,12.08,939.14,71294,0,0,0,0.007328,0,0,51.065,0,0,0,0.072463,0,0,0,0,0
66,265,12.08,939.14,71294,0.62801,0,0,13.595,0,0,0,0,0,0,55.647,0,0,0,0,0
66,265,12.08,939.14,71294,7.4982,0,0,0,0,0,0,0,0,0,0.072463,0,0,0,0,0
66,265,12.08,939.14,71294,3.2089,0,0,0,2.2325,0,0,0,0,0,0.37335,0,0,0,0,0
66,265,12.08,939.14,71294,0,0,0,0,0.94839,0,27.353,0,0,0,0.072463,0,0,0,0,0
66,265,12.08,939.14,71294,0.21064,0,0,0,0,0,0,0,0,0,0.67805,0,0,0,0,0
66,265,12.08,939.14,71294,0.25407,0,0.008333,0,0,0.005769,0,0,0,0,19.904,0,0,0,0,0
66,265,12.08,939.14,71294,0,0,0,0,0,0,0.13028,0,0,0,0.072463,0,0,0,0,0
66,265,12.08,939.14,71294,0.035175,0,0,0,0,0,0,0,0,0,16.626,0,0,0,0,0
66,265,12.08,939.14,71294,0.0009755,0,0,0.0021738,0.008333,10.069,0,0,0,7.8617,1.2836,0,0,0,0,0
66,265,12.08,939.14,71294,0.037248,0,0,0,0,0,0,0,0,0,0.47694,0,0,0,0,0
66,265,12.08,939.14,71294,5.771,0,1.025,0,0,0,0,0,0,1.0167,0.072463,0,0,0,0,0
66,265,12.08,939.14,71294,0.003355,0,0,0.00524,0,0,0,0,0,0,0.072463,0,0,0,0,0
66,265,12.08,939.14,71294,0,0,0,0,0,0,0,0,0,0,12.052,0,0,0,0,0
66,265,12.08,939.14,71294,0.006644,0,0,11.36,0,0,3.7858,0,0,0,9.9728,0,0,0,0,0
66,265,12.08,939.14,71294,12.336,0,0,0.00524,0,0,0,0,0,0,0.13056,0,0,0,0,0
66,265,12.08,939.14,71294,4.5806,0,0,0.00524,0.00524,0,0,0,0,0,0.13505,0,0,0,0,0
66,265,12.08,939.14,71294,0,0,0,3.3159,0,0,0.60778,0,0,0,4.2561,0,0,0,0,0
66,265,12.08,939.14,71294,0,0,0,0.74557,0,0,168.81,0,0,0,0.98417,0,0,0,0,0
66,265,12.08,939.14,71294,0.13369,0,0,0,0,0,12.413,0,0,0,0.072463,0,0,0,0,0
66,265,12.08,939.14,71294,0.008333,0,0,0.32723,0,0,4.1134,0,0,0,0.072463,0,0,0,0,0
66,265,12.08,939.14,71294,0.006644,0,0,0,0,0,0,0,0,0,8.6612,0,0,0,0,0
66,265,12.08,939.14,71294,0,0,0,0,0,0,0.13028,0,0,0,0.77377,0,0,0,0,0
66,265,12.08,939.14,71294,0.00524,0,0,0,0,0.17283,0,0,0,0,0.49027,0,0,0,0,0
66,265,12.08,939.14,71294,0.007221,0,0,0.0021738,0,0,0,0,0,0,1.0897,0,0,0,0,0
66,265,12.08,939.14,71294,4.2442,0,0,0,0,0,0,0,0,0,1.1286,0,0,0,0,0
66,265,12.08,939.14,71294,0.016668,0,0,0,0,0,0,0,0,0,0.072463,0,0,0,0,0
66,265,12.08,939.14,71294,0,0,0,8.2269,9.9303,0,0,0,0,0,0.13348,0,0,0,0,70.435
66,265,12.08,939.14,71294,0,0,0,0,0,0,168.81,0,0,0,0.072463,0,0,0,0,0
66,265,12.08,939.14,71294,27.497,0,0.70553,0.0068531,0,0.009277,0,0,0,0,0.072463,0,0,0,0,0
66,265,12.08,939.14,71294,0,0,0,0.010718,0,0,0.13028,0,0,0,5.5428,0,0,0,143.81,0
66,265,12.08,939.14,71294,2.9202,0,0,0,0,0,0,0,0,0,0.072463,0,0,0,0,0
66,265,12.08,939.14,71294,0.002784,0,0,0,0,0,0,0,0,0,0.78885,0,0,0,0,0
66,265,12.08,939.14,71294,0.008333,0,0,0,0,0,0,0,0,0,0.072463,0,0,0,0,0
66,265,12.08,939.14,71294,0,0,0,220.87,3.2843,0,0,0,0,0,4.2705,0,0,0,0,0
66,265,12.08,939.14,71294,0,0,0,29.729,0,0,0,0,0,0,6.1561,0,0,0,0,0
66,265,12.08,939.14,71294,0.097844,0,0,0.012881,0,0,0.021726,0,0,0.8932,0.072463,0,0,0,0,0
66,265,12.08,939.14,71294,0.032917,0,0,0,0,0,0.008333,0,0,0,0.072463,0,0,0,0,0
66,265,12.08,939.14,71294,0,0,0,0.005239,0,0,0,0,0,0,0.072463,0,0,0,0,42.261
66,265,12.08,939.14,71294,0,0,0,56.899,0,0.79502,0,0,0,0,9.9728,0,0,0,0,0
66,265,12.08,939.14,71294,0.0065058,0,0,3.1049,0,0,0.80873,0,0,0,3.6491,0,0,0,0,0
66,265,12.08,939.14,71294,107.33,0,0,0,0,0,0,0,0,1.057,6.9139,0,0,0,0,0
66,265,12.08,939.14,71294,0.0083792,0,0,0,0,0,0,0,0,0,0.072463,0,0,0,0,0
66,265,12.08,939.14,71294,1.4983,0.13498,0,0,0,0,34.997,0,0,0,0.37531,0,0,0,0,0
66,265,12.08,939.14,71294,0.015329,0,0,9.7744,0,0,0,0,0,0,0.072463,0,0,0,0,0
66,265,12.08,939.14,71294,0.080966,0,0,0,0,0,0,0,0,0,1.0076,0,0,0,0,0
66,265,12.08,939.14,71294,0.008333,0,0,0,0,0.007897,0,0,0,1.5851,0.086791,0,0,0,0,0
66,265,12.08,939.14,71294,5.4745,0,0,0,0.005239,0,0,0,0,0.55196,3.9028,0,0,0,0,0
66,265,12.08,939.14,71294,2.038,0,0,0.016451,0,0.65866,0,0,0,0,40.772,0,0,0,0,0
66,265,12.08,939.14,71294,0.019994,0,0,0.021586,0,0,0.60778,0,0,0,0.79939,0,0,0,0,0
66,265,12.08,939.14,71294,0.008335,0,0,0,0,0,0.13028,0,0,0,0.072463,0,0,0,0,0
66,265,12.08,939.14,71294,0.94326,0,0,0.007328,0,0.8541,0,0,0,0,0.13054,0,0,0,0,0
66,265,12.08,939.14,71294,0.010479,0,0,0,0,0,0,0,0,18.081,5.8763,0,0,0,0,0
66,265,12.08,939.14,71294,0.67789,0,0,0,0,0,0,0,0,0,1.7457,0,0,0,0,0
66,265,12.08,939.14,71294,0.0067312,0,0,0,0,0,0,0,0,0,59.217,0,0,0,0,0
66,265,12.08,939.14,71294,0.008333,0,0,5.6392,0,0,0,0,0,0.76777,27.424,0,0,0,0,0
66,265,12.08,939.14,71294,0.048132,0,0,0,0.84712,0,0.13028,0,0,0,9.9728,0,0,0,0,0
66,265,12.08,939.14,71294,0,0,24.221,0.00524,0,0,0,0,0,0,1.0663,0,0,0,0,0
66,265,12.08,939.14,71294,0,0,0,0.07605,0.18522,0,0,0,0,0,20.534,0,0,0,0,0
66,265,12.08,939.14,71294,35.046,0,0,0,0,0.005239,0,0,0,0,0.072463,0,0,0,0,0
66,265,12.08,939.14,71294,0.013572,0,0,0,0,0,29.215,0,0,0.91947,0.072463,0,0,0,0,0
66,265,12.08,939.14,71294,0,0,0,0,0,0,0.13028,0,0,0,0.13302,0,0,0,0,0
66,265,12.08,939.14,71294,0,0,0,0.00524,0,0,0.60778,0,0,0,0.9086,0,0,0,0,0
66,265,12.08,939.14,71294,0.14452,0,0,0,0,0,0.60778,0,0,0,10.802,0,0,0,0,0
66,265,12.08,939.14,71294,0.027507,0,0,0,0,0,0,0,0,0,4.729,0,0,0,0,0
66,265,12.08,939.14,71294,0,0,0,0,0,0,4.6132,0,0,0,0.072463,0,0,0,0,0
66,265,12.08,939.14,71294,20.062,0,0,0,0,0,25.113,0,0,0,1.0897,0,0,0,0,0
66,265,12.08,939.14,71294,0.008333,0,0,0,0,1.8047,0,0,0,0,0.072463,0,0,0,0,0
66,265,12.08,939.14,71294,0.11856,0,0,0,0,0,0,0,0,0,2.7374,0,0,0,0,0
66,265,12.08,939.14,71294,0.023372,0,0,0,0,0,0.13028,0,0,19.403,0.072463,0,0,0,0,0
66,265,12.08,939.14,71294,0,0,0,0,0,0.0071261,0,0,0,0,0.072463,0,0,0,0,0
66,265,12.08,939.14,71294,0.037792,0,0,0,0,0,0,0,0,0,20.478,0,0,0,0,0
66,265,12.08,939.14,71294,0.035175,0,0,0,0,0,0,0,0,0,0.93212,0,0,0,0,0
66,265,12.08,939.14,71294,0,0,0,0,0,0,0,0,0,0,6.4445,0,0,0,0,0
66,265,12.08,939.14,71294,0.053917,0,0,0,8.2288,0.009277,0,0,0,0,0.33671,0,0,0,0,0
66,265,12.08,939.14,71294,1.6666,0,0,0,0,0.001267,0,0,0,0,1.1327,0,0,0,0,0
66,265,12.08,939.14,71294,0,0,0,0.008333,0,0.005239,0,0,0,0,1.5788,0,0,0,0,0
66,265,12.08,939.14,71294,0.004588,0,0,0,0.00524,0,0,0,0,0,0.072463,0,0,0,0,0
66,265,12.08,939.14,71294,0.001669,0,0,0,0,0,0.42744,0,0,0,0.072463,0,0,0,0,0
66,265,12.08,939.14,71294,0,0,0,0,0,0,29.773,0,0,0,0.50053,0,0,0,0,0
66,265,12.08,939.14,71294,0.016238,0,0,1.7604,0,0,0.021726,0,0,1.1822,1.7395,0,0,0,0,0
66,265,12.08,939.14,71294,0.011015,0,0,0,0,0,0,0,0,0,1.7395,0,0,0,0,0
66,265,12.08,939.14,71294,0.11182,0,0,0,1.6183,0,0,0,0,0,16.683,0,0,0,0,0
66,265,12.08,939.14,71294,0.042855,0,0,0,0,0,0,0,0,0,0.072463,0,0,0,0,0
66,265,12.08,939.14,71294,0,0,0,0,0,0,0,0,0,0,28.485,0,0,0,0,0
66,265,12.08,939.14,71294,8.0087,0,0,0,0,0.79321,0,0,0,0,33.814,0,0,0,0,0
66,265,12.08,939.14,71294,0.053218,0,0,0,0,0,0,0,0,0,0.072463,0,0,0,0,0
66,265,12.08,939.14,71294,0.008333,0,0,0,0,0.000376,0,0,0,0,0.072463,0,0,0,0,2.3478
66,265,12.08,939.14,71294,0,0,0,0,0,0,0,0,0,0.63421,0.072463,0,0,0,0,0
66,265,12.08,939.14,71294,2.1129,0,0,0,0,0,0,0,0,0,4.2705,0,0,0,0,0
66,265,12.08,939.14,71294,0,0,0,0,0,0,0,0,0,0,3.896,0,0,0,0,0
66,265,12.08,939.14,71294,1.3895,0,0,0,0,0,0,0,0,0,0.072463,0,0,0,0,0
66,265,12.08,939.14,71294,0,0,0,0,0,0,0.021726,1.5508,0,16.378,0.62815,0,0,0,0,0
66,265,12.08,939.14,71294,3.228,0,55.587,0,0,0,0.13028,0,0,0.4212,5.6128,0,0,0,0,0
66,265,12.08,939.14,71294,0.023372,0,0,0,0,0,0,0,0,0,0.13329,0,0,0,0,0
66,265,12.08,939.14,71294,0,0,0,0.002139,0,0,0,0,0,0,2.1592,0,0,0,0,0
66,265,12.08,939.14,71294,0.2861,0,0,0,0,0,0,0,0,1.1822,1.1039,0,0,0,0,0
66,265,12.08,939.14,71294,0.035595,0,0,0,0,0,0,0,0,21.917,0.072463,0,0,0,0,0
66,265,12.08,939.14,71294,0.013285,0,0,0,0,0,0.13028,0,0,0,0.17677,0,0,0,0,0
66,265,12.08,939.14,71294,0,0,2.05e-05,0,0,0,0,0,0,0,0.072463,0,0,0,0,0
66,265,12.08,939.14,71294,0.73812,0,0,0,0,0,0.002308,0,0,0,0.33671,0,0,0,12.345,0
66,265,12.08,939.14,71294,0.0067502,0,3.7397,0,0,0.034569,0,0,0,0,0.45229,0,0,0,0,0
66,265,12.08,939.14,71294,0.00524,0,0,0,0,0,0,0,0,0,0.34469,0,0,0,0,0
66,265,12.08,939.14,71294,0.013285,0,0,1.7917,0,0,0,0,0,0,0.97511,0,0,0,0,0
66,265,12.08,939.14,71294,3.4321,0,0,0,0,0,0,0,0,0,0.072463,0,0,0,0,0
66,265,12.08,939.14,71294,0.006644,0,0,0,0,0,0,0,0,0,0.072463,0,0,0,0,0
66,265,12.08,939.14,71294,0.033746,0,0,0,0,0,0,0,0,0,10.052,0,0,0,0,0
66,265,12.08,939.14,71294,0.002011,0,0,0,0,0,0,0,0,0,2.1586,0,0,0,0,0
66,265,12.08,939.14,71294,0.008534,0,0,0,0,0.00036,0,0,0,0,17.634,0,0,0,0,0
66,265,12.08,939.14,71294,1.9374,0,0,0,0,0.016668,0,0,0,0,0.78303,0,0,0,0,0
66,265,12.08,939.14,71294,0.84259,0,0,0,0,0,0.13028,0,0,0,0.072463,0,0,0,0,0
66,265,12.08,939.14,71294,0,0,0,0,0,0.31447,0,0,0,0,4.9522,0,0,0,0,0
66,265,12.08,939.14,71294,0.45089,0,0,0.021586,0,0,0,0,0,0,16.495,0,0,0,0,0
66,265,12.08,939.14,71294,0,0,0,0,0,0,88.83,0,0,0,9.0272,0,0,0,0,0
66,265,12.08,939.14,71294,0,0,0,0,0,0,0,0,0,0,0.072463,0,0,0,0,0
66,265,12.08,939.14,71294,0.076734,0,0,0,0,0,12.271,0,0,0,0.14026,0,0,0,0,0
66,265,12.08,939.14,71294,14.691,0,0,0.008335,0,0,0,0,0,0,7.6519,0,0,0,0,0
66,265,12.08,939.14,71294,0.61115,0,0,0,0,0.13029,0,0,0,0,0.1337,0,0,0,0,0
66,265,12.08,939.14,71294,0.00524,0,0,0,0,0,0,0,0,0,0.072463,0,0,0,0,0
66,265,12.08,939.14,71294,0.060034,0,0,0,0,0,0.13028,0,0,0,16.683,0,0,0,0,0
66,265,12.08,939.14,71294,0,0,0,0,0.007984,0,0,0,0,0,55.647,0,0,0,0,0
66,265,12.08,939.14,71294,0.010002,0,0,0,0,0.10416,0,0,0,0,6.0336,0,0,0,0,0
66,265,12.08,939.14,71294,0.00524,0,0,0,0,0,28.233,0,0,0,4.0845,0,0,0,0,0
66,265,12.08,939.14,71294,0.026894,0,0,0,0,0.79321,0,0,0,0,6.9139,0,0,0,0,0
66,265,12.08,939.14,71294,0.012198,0,0,0.044825,0,0,26.176,0,0,0,0.072463,0,0,0,0,0
66,265,12.08,939.14,71294,0.12346,0,0,0,0,0,0,0,0,0,8.9418,0,0,0,0,0
66,265,12.08,939.14,71294,0.008335,0,0,0,0,0,0,0,0,0.73557,12.291,0,0,0,0,0
66,265,12.08,939.14,71294,0.008333,0,0,0,0,0,0.059897,0,0,0,0.072463,0,0,0,0,0
66,265,12.08,939.14,71294,7.0498,0,1.9513,0,0,0.094549,0,0,0,0,0.072463,0,0,0,0,154.96
66,265,12.08,939.14,71294,0.0055995,0,0,0,0,0,20.735,0,0,0,0.13302,0,0,0,0,0
66,265,12.08,939.14,71294,0.086638,0,0,0,0,0.21503,0.80873,0,0,0,25.166,0,0,0,0,0
66,265,12.08,939.14,71294,0.044491,0,0,1.4225,0,0,0,0,0,0,0.13146,0,0,0,0,0
66,265,12.08,939.14,71294,0.00524,0,0,0,0,0,0.13028,0,0,0,7.6519,0,0,0,0,0
66,265,12.08,939.14,71294,0,0,0,1.4008,0,0.79685,0.42744,0,0,0,11.144,0,0,0,0,0
66,265,12.08,939.14,71294,0,0,0,0,0,0,0.13028,0,0,0,4.729,0,0,0,0,0
66,265,12.08,939.14,71294,0.014045,0,0,0,0,1.2917,0,0,0,0,3.6491,0,0,0,0,0
66,265,12.08,939.14,71294,0.014773,0,0,0,0,0,0,0,0,0,30.131,0,0,0,0,0
66,265,12.08,939.14,71294,0,0,0,0.63056,0,0,0,0,0,0,40.772,0,0,0,0,0
66,265,12.08,939.14,71294,1.8473,0,0,0.008332,0,0,83.098,0,0,0,0.5196,0,0,0,0,0
66,265,12.08,939.14,71294,0,0,0,0.0021738,0,0.0065605,83.098,0,0,0,0.21272,0,0,0,0,0
66,265,12.08,939.14,71294,0,0,0,0,0,0,0,0,0,0,0.072463,0,0,0,0,0
66,265,12.08,939.14,71294,0.024086,0,0,0,0,0,0,0,0,0,0.13598,0,0,0,0,0
66,265,12.08,939.14,71294,0,0,0,0.008333,0,0,0,0,0,21.917,3.1286,0,0,0,0,0
66,265,12.08,939.14,71294,0.005714,0,0.00019,0,0,0,16.762,0,0,0.44682,0.072463,0,0,0,0,0
66,265,12.08,939.14,71294,0,0,0,0.13561,0.030966,0,0,0,0,0,0.37531,0,0,0,0,0
66,265,12.08,939.14,71294,0.0059417,0,0,0.001397,0,0,0,0,0,18.081,0.072463,0,0,0,0,0
66,265,12.08,939.14,71294,0.013872,0,0,0,0,0.81858,24.147,0,0,0,5.0665,0,0,0,0,0
66,265,12.08,939.14,71294,0,0,0,0,0,0,0,0,0,0,7.1646,0,0,0,0,0
66,265,12.08,939.14,71294,0.13369,0,0,0.005239,0,0,0,0,0,0,0.13056,0,0,0,0,0
66,265,12.08,939.14,71294,0,0,0,0,0,0,0.13028,0,0,0.65812,0.49973,0,0,0,0,0
66,265,12.08,939.14,71294,0.23042,0,0,0,0.008333,0,0,0,0,0,3.6687,0,0,0,0,0
66,265,12.08,939.14,71294,0,0,0,0,0,0,12.413,0,0,0,2.3252,0,0,0,0,0
66,265,12.08,939.14,71294,0.008333,0,0,2.0984,0,0,0.40452,0,0,7.8617,5.7504,0,0,0,0,0
66,265,12.08,939.14,71294,0.001436,0,0,0.021739,2.6118,0,0,0,0,0,0.13039,0,0,0,0,0
66,265,12.08,939.14,71294,0,0,0,0,0,0,0,0,0,0,0.13226,0,0,0,0,0
66,265,12.08,939.14,71294,4.1132,0,0,0,0,0,2.6355,0,0,0,1.2836,0,0,0,0,0
66,265,12.08,939.14,71294,3.6309,0,0,0,0,0,0,0,0,0,0.072463,0,0,0,0,0
66,265,12.08,939.14,71294,0,0,0,0.000172,0,0.57676,0,0,0,0,0.072463,0,0,0,0,23.478
66,265,12.08,939.14,71294,0,0,0,0,0,0.86102,0.13028,0,0,0,2.1563,0,0,0,0,0
66,265,12.08,939.14,71294,0.01175,0,0,0.12242,0.0055384,0,0,0,0,0,0.35902,0,0,0,0,0
66,265,12.08,939.14,71294,0,0,0,0,0,20.354,0,0,0,0,14.75,0,0,0,0,0
66,265,12.08,939.14,71294,0.010998,0,0,0,0,0,0,0,0,0,0.37335,0,0,0,0,0
66,265,12.08,939.14,71294,0.23779,0,0,0.15268,0,0,0,0,0,0,1.0181,0,0,0,0,0
66,265,12.08,939.14,71294,3.0601,0,0,0,0,0,0,0,0,0,4.9652,0,0,0,0,0
66,265,12.08,939.14,71294,0.00247,0,0,0,0,0,0,0,0,19.403,6.3875,0,0,0,0,0
66,265,12.08,939.14,71294,0,0,0.008955,0,0,0,0,0,0,0,2.9171,0,0,0,0,0
66,265,12.08,939.14,71294,0.011819,0,0,0,0,0,0,0,0,0,0.072463,0,0,0,0,0
66,265,12.08,939.14,71294,3.4838,0,0,0,0,0,0,0,0,0,6.4445,0,0,0,0,0
66,265,12.08,939.14,71294,206.68,0,1.8955,0,0,0,0.13028,0,0,0,0.072463,0,0,0,0,0
66,265,12.08,939.14,71294,2.3451,0,0,0,0,0,0,0,0,0,27.869,0,0,0,0,0
66,265,12.08,939.14,71294,0.009661,0,0,0,0,0,0,0,0,0,1.8229,0,0,0,41.441,0
66,265,12.08,939.14,71294,0.016724,0,0,0,0,0,0.008333,0,0,0,13.16,0,0,0,0,32.87
66,265,12.08,939.14,71294,0.43118,0,0,1.7917,0,0,0,0,0,0,0.51741,0,0,0,0,0
66,265,12.08,939.14,71294,0.000376,0,0,0,0,0,0.13028,0,0,0,4.2705,0,0,0,0,0
66,265,12.08,939.14,71294,0.008333,0,0,0.005239,0,0,0,0,0,0,0.072463,0,0,0,0,0
66,265,12.08,939.14,71294,0.0071766,0,0,1.0854,0,0,0,0,0,0,0.072463,0,0,0,0,0
66,265,12.08,939.14,71294,0,0,0,0,0,0,0,0,0,0,0.89874,0,0,0,0,0
66,265,12.08,939.14,71294,0,0,0,0,6.4067,0,130.49,0,0,0,0.48889,0,0,0,0,0
66,265,12.08,939.14,71294,0.08836,0,0,0.002031,0,0,0,0,0,0,0.31337,0,0,0,0,0
66,265,12.08,939.14,71294,0.01814,0,0,0,0,0,0,0,0,0,0.072463,0,0,0,0,0
66,265,12.08,939.14,71294,0.88105,0,0,0,0,0.17283,0,0,0,0.18086,0.072463,0,0,0,0,0
66,265,12.08,939.14,71294,0.008402,0,0,0,0,0,0,0,0,0,0.072463,0,0,0,0,0
66,265,12.08,939.14,71294,0.030564,0,0,0,0,0,0,0,0,0,1.1327,0,0,0,0,0
66,265,12.08,939.14,71294,3.5422,0,0,0,0,0,0,0,0,0,0.27752,0,0,0,0,0
66,265,12.08,939.14,71294,0.01175,0,0.049489,0,0,0,0,0,0,0,0.13039,0,0,0,0,0
66,265,12.08,939.14,71294,0.090543,0,0,0,0,0,1.7382,0,0,0,17.634,0,0,0,0,0
66,265,12.08,939.14,71294,0.34502,0,0,5.8596,0,0,0,0,0,0,1.7457,0,0,0,10.59,0
66,265,12.08,939.14,71294,3.6309,0,0,0,0,0,14.995,0,0,0,0.072463,0,0,0,0,0
66,265,12.08,939.14,71294,34.541,0,0,0.93265,0.84712,0,0,0,0,0,0.15843,0,0,0,0,0
66,265,12.08,939.14,71294,0.014229,0,0,0.17047,0,0,0.80873,0,0,0,22.109,0,0,0,0,14.087
66,265,12.08,939.14,71294,0,0,0,0.014978,0,0,0,0,0,16.378,1.5411,0,0,0,0,0
66,265,12.08,939.14,71294,1.0465,0,0,0,0,0,0,0,0,0,21.937,0,0,0,0,0
66,265,12.08,939.14,71294,0.89283,0,0,0,0,0.001267,0,0,0,0,0.072463,0,0,0,0,0
66,265,12.08,939.14,71294,0.00524,0,0,0,0,0,0,0,0,0,4.3421,0,0,0,0,0
66,265,12.08,939.14,71294,0.010507,0,0,0,0,0,0,0,0,0,3.6687,0,0,0,0,0
66,265,12.08,939.14,71294,0.028489,0,0,0,0,0,70.616,0,0,0,2.9171,0,0,0,0,0
66,265,12.08,939.14,71294,0.015752,0,0,0,0,0,0,0,0,1.1822,0.072463,0,0,0,0,0
66,265,12.08,939.14,71294,0.0068531,0,0,0,0,0.79321,0,0,0,0,4.9522,0,0,0,0,0
66,265,12.08,939.14,71294,0.017867,0,0.28576,0.0091806,0,0.005411,0,0,0,0,1.3227,0,0,0,0,0
66,265,12.08,939.14,71294,0.036433,0,0,0,0,0.005239,0,0,0,0,3.9983,0,0,0,0,0
66,265,12.08,939.14,71294,0.91028,0,0,0,6.5041,2.235,0,0,0,0,0.75174,0,0,0,0,63.392
66,265,12.08,939.14,71294,0,0,0,0.65091,0,0.28227,0,0,0,0,0.086791,0,0,0,2.6161,0
66,265,12.08,939.14,71294,0.012093,0,0,0.017077,0,0,18.746,0,0,0,21.049,0,0,0,0,0
66,265,12.08,939.14,71294,0.23802,0,0,0,0,0,0,0,0,0,17.924,0,0,0,0,0
66,265,12.08,939.14,71294,0.001436,0,0,0,0,0,0,0,0,0,0.072463,0,0,0,0,0
66,265,12.08,939.14,71294,0.14015,0,0,0,0,0,0,0,0,0,0.072463,0,0,0,0,0
66,265,12.08,939.14,71294,0,0,0,0,0,0,0.13028,0,0,0,0.13302,0,0,0,0,0
66,265,12.08,939.14,71294,0,0,0,0,0,0,0,0,0,0,13.755,0,0,0,0,0
66,265,12.08,939.14,71294,0.013575,0,0,0.37625,0.0094528,0,5.7629,0,0,0,14.637,0,0,0,0,0
66,265,12.08,939.14,71294,11.841,0,2.9089,0.008333,0,0,0.13028,0,0,0,3.1948,0,0,0,0,0
66,265,12.08,939.14,71294,0.10392,0,0,0,0,0.023001,0,0,0,0,0.072463,0,0,0,0,0
66,265,12.08,939.14,71294,0.014948,0,0,0,0,0,110.03,0,0,0,1.6629,0,0,0,0,0
67,266,25.434,3370.6,2.5588e+05,0,0,0,0,0,0,0,0,0,0,0.072463,0,0,0,0,0
67,266,25.434,3370.6,2.5588e+05,0,0,0,0,0,0,0,0,0,0,14.085,0,0,0,0,0
67,266,25.434,3370.6,2.5588e+05,0.003416,0,0,0,0,0,0,0,0,0,0.072463,0,0,0,0,0
67,266,25.434,3370.6,2.5588e+05,0,0,0,0.008333,0,0.86102,26.176,0,0,0,4.5116,0,0,0,0,0
67,266,25.434,3370.6,2.5588e+05,0.21064,0,0,0.00524,0.76031,0,0,0,0,0,33.184,0,0,0,0,0
67,266,25.434,3370.6,2.5588e+05,0,0,5.8373,0,0,0,7.7093,0,0,0,1.0181,0,0,0,0,0
67,266,25.434,3370.6,2.5588e+05,0.090543,0,0,0,0,0,0.42744,0,0,0,4.6719,0,0,0,0,0
67,266,25.434,3370.6,2.5588e+05,5.3289,0,0,0,0,0,0,0,0,0,0.13394,0,0,0,0,0
67,266,25.434,3370.6,2.5588e+05,0.012953,0,0,3.7016,0,0,27.146,0,0,0,7.1646,0,0,0,0,0
67,266,25.434,3370.6,2.5588e+05,26.694,0,0,0.007121,0.00524,0,0,0,0,0,6.7175,0,0,0,0,0
67,266,25.434,3370.6,2.5588e+05,0.048965,0,0,0,0,0,0,0,0,0,0.072463,0,0,0,0,0
67,266,25.434,3370.6,2.5588e+05,0,0,0,0,0,0,0,0,0,0,3.041,0,0,0,0,0
67,266,25.434,3370.6,2.5588e+05,0.013064,0,0.002895,0,0,0,0.13028,0,0,0,0.072463,0,0,0,0,0
67,266,25.434,3370.6,2.5588e+05,0.080966,0,0,0.11437,2.9103,0,0,0,0,0,0.072463,0,0,0,0,0
67,266,25.434,3370.6,2.5588e+05,0.001397,0,0,0,0,0,0,0,0,0,0.072463,0,0,0,0,0
67,266,25.434,3370.6,2.5588e+05,0.74846,0,0,0,0,0,0,0,0,0,3.9998,0,0,0,8.4395,0
67,266,25.434,3370.6,2.5588e+05,0,0,0,0.023664,0,0,0,0,0,0,30.131,0,0,0,0,0
67,266,25.434,3370.6,2.5588e+05,0.24935,0,0.594,0,0,0,0,0,0,0,0.086791,0,0,0,0,0
67,266,25.434,3370.6,2.5588e+05,0,0,0,0,0,0,0,0,0,0,1.2482,0,0,0,0,0
67,266,25.434,3370.6,2.5588e+05,0.012386,0,0,0,0,47.651,12.951,0,0,0,5.1015,0,0,0,0,0
67,266,25.434,3370.6,2.5588e+05,0.067604,0,0,0,0,0,0,0,0,0,0.072463,0,0,0,0,0
67,266,25.434,3370.6,2.5588e+05,0.0079813,0,0,0,0,0,0,0,0,0,4.1702,0,0,0,0,0
67,266,25.434,3370.6,2.5588e+05,0.41875,0,0,0,0.010483,0,0,0,0,0,0.072463,0,0,0,0,0
67,266,25.434,3370.6,2.5588e+05,0.001292,0,0,0,0,0,0,0,0,0,4.729,0,0,0,0,0
67,266,25.434,3370.6,2.5588e+05,0.61605,0,2.7529,0.042727,0.014072,0,0,0,0,0,4.9522,0,0,0,0,0
67,266,25.434,3370.6,2.5588e+05,0.085655,0,0,0,0,0,13.709,0,0,0,4.2561,0,0,0,0,0
67,266,25.434,3370.6,2.5588e+05,0,0,0,0,0,0,0.13028,0,0,0,0.94482,0,0,0,0,0
67,266,25.434,3370.6,2.5588e+05,0.21233,0,0,0,0,0,0,0,0,0,22.138,0,0,0,0,0
67,266,25.434,3370.6,2.5588e+05,0,0,3.5361,0,0,0.003538,0,0,0,0,0.12844,0,0,0,0,50.559
67,266,25.434,3370.6,2.5588e+05,0.076734,0,0,0.0021738,0,0,0,0,0,0,0.072463,0,0,0,0,0
67,266,25.434,3370.6,2.5588e+05,0.006644,0,0,0.99138,0,0,12.066,0,0,0,2.6155,0,0,0,0,0
67,266,25.434,3370.6,2.5588e+05,2.9202,0,0,0.00524,0,0,28.135,0,0,0,0.072463,0,0,0,0,0
67,266,25.434,3370.6,2.5588e+05,0,0,0,0,0,0.34012,0,0,0,0,5.7504,0,0,0,0,0
67,266,25.434,3370.6,2.5588e+05,0.62801,0,0,0.008333,0,0.016666,0,0,0,0,1.1389,0,0,0,0,0
67,266,25.434,3370.6,2.5588e+05,0.011223,0,0,14.111,0,0,0,0,0,0,0.18601,0,0,0,0,0
67,266,25.434,3370.6,2.5588e+05,0.006701,0,0,0,0,0,28.135,0,0,0,0.072463,0,0,0,0,0
67,266,25.434,3370.6,2.5588e+05,11.584,0,0,0,0,0,0,0,0,0,5.101,0,0,0,0,0
67,266,25.434,3370.6,2.5588e+05,0.013253,0,0,0,0,0,0,0,0,0,1.5788,0,0,0,0,0
67,266,25.434,3370.6,2.5588e+05,0.010521,0,0,0,0.013058,0,0,0,0,0,17.634,0,0,0,0,0
67,266,25.434,3370.6,2.5588e+05,0.003295,0,0,0,0,0,0,0,0,0,0.3717,0,0,0,0,0
67,266,25.434,3370.6,2.5588e+05,0.94326,0,0,0,0,0,0,0,0,0,0.35902,0,0,0,0,0
67,266,25.434,3370.6,2.5588e+05,0.002998,0,0,0.00524,46.036,0.79926,0,0,0,0,0.072463,0,0,0,0,0
67,266,25.434,3370.6,2.5588e+05,0.013573,0,0,0,0,0,0,0,0,0,20.1,0,0,0,0,0
67,266,25.434,3370.6,2.5588e+05,3.6309,0,0,0.00062,0,0,0,0,0,0,26.705,0,0,0,0,0
67,266,25.434,3370.6,2.5588e+05,0.16029,0,0,0,0,0,0,0,0,0,0.14411,0,0,0,0,0
67,266,25.434,3370.6,2.5588e+05,0,0,0,0,0.71303,10.069,0,0,0,0,0.072463,0,0,0,0,0
67,266,25.434,3370.6,2.5588e+05,40.962,0,0,0,0,0.010781,0.13028,0,0,0,27.869,0,0,0,0,0
67,266,25.434,3370.6,2.5588e+05,3.7356,0,0,0,0,0,0,0,0,0,0.072463,0,0,0,0,0
67,266,25.434,3370.6,2.5588e+05,0.3714,0,0,0,0,0,22.816,0,0,0,0.072463,0,0,0,0,0
67,266,25.434,3370.6,2.5588e+05,0.024583,0,0,0.008333,0,0,0,0,0,0,0.072463,0,0,0,0,0
67,266,25.434,3370.6,2.5588e+05,0.001205,0,0,5.4566,0,0,0,0,0,0,0.072463,0,0,0,0,0
67,266,25.434,3370.6,2.5588e+05,0,0,0,0,0,0,0,0,0,0,8.9877,0,0,0,0,0
67,266,25.434,3370.6,2.5588e+05,0.039088,0,0,0,0,0,0,0,0,0,12.207,0,0,0,0,0
67,266,25.434,3370.6,2.5588e+05,0,0,0,0,0.001205,0,0,0,0,0,22.868,0,0,0,0,0
67,266,25.434,3370.6,2.5588e+05,0.49233,0,1.7219,0.003582,0,2.235,0,0,0,0,5.955,0,0,0,2.1739,0
67,266,25.434,3370.6,2.5588e+05,0,0,0,0,0,0,0.13028,0,0,0,2.7374,0,0,0,0,0
67,266,25.434,3370.6,2.5588e+05,1.2683,0,0,0,0.008333,0,0,0,0,9.1412,0.072463,0,0,0,0,0
67,266,25.434,3370.6,2.5588e+05,0.082372,0,0,0,0,0,0,0,0,0,1.0611,0,0,0,0,0
67,266,25.434,3370.6,2.5588e+05,0,0,0,0,0,0,0,0,0,0,16.495,0,0,0,0,0
67,266,25.434,3370.6,2.5588e+05,0,0,0,14.111,0,0,0,0,0,0,0.072463,0,0,0,0,0
67,266,25.434,3370.6,2.5588e+05,0.011819,0,0,3.7881,7.05e-05,0,0,0,0,0,20.278,0,0,0,0,0
67,266,25.434,3370.6,2.5588e+05,0.016724,0,0.005219,0,0,0,28.892,0,0,0,6.9139,0,0,0,0,0
67,266,25.434,3370.6,2.5588e+05,0.011369,0,0,0,0,0,0.42744,0,0,0.68445,9.2784,0,0,0,0,0
67,266,25.434,3370.6,2.5588e+05,0.083807,0,0,0,0,0,0,0,0,0,0.072463,0,0,0,0,0
67,266,25.434,3370.6,2.5588e+05,0.22411,0,0,0.050761,0,0,0,0,0,13.788,1.6272,0,0,0,0,0
67,266,25.434,3370.6,2.5588e+05,2.2391,0,0,0.005239,0,0.86102,0,0,0,0,0.15015,0,0,0,0,0
67,266,25.434,3370.6,2.5588e+05,0,0,0,0,0,0,0,0,0,1.9819,0.072463,0,0,0,0,0
67,266,25.434,3370.6,2.5588e+05,4.5806,0,0,0,0,0,0,0,0,0,0.13581,0,0,0,0,0
67,266,25.434,3370.6,2.5588e+05,0,0,0,0,0,0,0,0,0,0,0.78678,0,0,0,0,0
67,266,25.434,3370.6,2.5588e+05,0.016668,0,0,0,0,0,0,0,0,0,0.072463,0,0,0,0,0
67,266,25.434,3370.6,2.5588e+05,0.007221,0,0,0,0,0,0.021726,0,0,0,0.12844,0,0,0,0,0
67,266,25.434,3370.6,2.5588e+05,0.001397,0,0,0,0,0,0,0,0,0,5.0082,0,0,0,0,0
67,266,25.434,3370.6,2.5588e+05,0,0,0,0,0,0,0,0,0,0,2.9142,0,0,0,0,0
67,266,25.434,3370.6,2.5588e+05,0.25711,0,0,0,0,0,0,0,0,0,5.3297,0,0,0,0,0
67,266,25.434,3370.6,2.5588e+05,0.24935,0,0,0,0,0,0,0,0,0,0.21574,0,0,0,0,0
67,266,25.434,3370.6,2.5588e+05,0.008333,0,0,0,0.008333,0,0,0,0,0.63421,29.357,0,0,0,0,117.97
67,266,25.434,3370.6,2.5588e+05,0,0,0,0,0.6968,0,7.8005,0,0,0,0.072463,0,0,0,56.389,0
67,266,25.434,3370.6,2.5588e+05,0.0097159,0,0,0,0,0.79591,0,0,0,0,0.072463,0,0,0,0,0
67,266,25.434,3370.6,2.5588e+05,0,0,0,0.005239,0,0,0,0,0,0,0.072463,0,0,0,0,0
67,266,25.434,3370.6,2.5588e+05,0.005202,0,0,0,0,0,0,0,0,1.057,0.072463,0,0,0,0,0
67,266,25.434,3370.6,2.5588e+05,0.031726,0,0.98474,0,0,0,0,0,0,0,8.9759,0,0,0,0,0
67,266,25.434,3370.6,2.5588e+05,0.020998,0,0,0,0,0,11.637,0,0,0,83.699,0,0,0,0,0
67,266,25.434,3370.6,2.5588e+05,0,0,0.57493,0,0,0,0,0,0,0,0.072463,0,0,0,0,0
67,266,25.434,3370.6,2.5588e+05,2.1757,0,0,0,0,0,0,0,0,0,0.072463,0,0,0,0,0
67,266,25.434,3370.6,2.5588e+05,0,0,0,0,0,0,0.13028,0,0,0,0.61033,0,0,0,0,0
67,266,25.434,3370.6,2.5588e+05,0.61605,0,0,0,0,0,0,0,0,0,0.89874,0,0,0,0,0
67,266,25.434,3370.6,2.5588e+05,1.5074,0,0,0,0,0,0,0,0,0,3.2962,0,0,0,0,0
67,266,25.434,3370.6,2.5588e+05,0,0,0,1.2368,0.00524,0,0.13028,0,0,0,0.1375,0,0,0,0,0
67,266,25.434,3370.6,2.5588e+05,0.008333,0,0,0,0,0,0,0,0,0,1.1456,0,0,0,45.418,0
67,266,25.434,3370.6,2.5588e+05,4.1132,0,0,0,0,0,0,0,0,0,0.072463,0,0,0,0,0
67,266,25.434,3370.6,2.5588e+05,9.1607,0,0,0,0.00524,0,0,0,0,0.21027,15.494,0,0,0,0,0
67,266,25.434,3370.6,2.5588e+05,0,0,0,1.7917,0,0,0,0,0,0,0.13348,0,0,0,0,0
67,266,25.434,3370.6,2.5588e+05,0,0,0,0,0,0,168.06,0,0,0,2.9142,0,0,0,0,0
67,266,25.434,3370.6,2.5588e+05,38.726,0,0,0,0,0,0,0,0,0,5.5428,0,0,0,0,0
67,266,25.434,3370.6,2.5588e+05,0,0,18.165,0,0,0,0,0,0,2.6253,0.072463,0,0,0,0,0
67,266,25.434,3370.6,2.5588e+05,0.88105,0,0,0,0,0,0,0,0,0,2.3219,0,0,0,0,0
67,266,25.434,3370.6,2.5588e+05,0,0,0,4.6515,0,0,0,0,0,0,0.072463,0,0,0,0,0
67,266,25.434,3370.6,2.5588e+05,0,0,0,1.4008,0,0,0.76915,0,0,5.7109,0.072463,0,0,0,0,0
67,266,25.434,3370.6,2.5588e+05,0.009021,0,0,0,0,0,0,0,0,0,0.072463,0,0,0,0,0
67,266,25.434,3370.6,2.5588e+05,0,0,0,0,0.008333,0,4.9077,0,0,0,3.5283,0,0,0,0,0
67,266,25.434,3370.6,2.5588e+05,30.903,0,0,0,0.00524,0,168.81,0,0,0,0.13039,0,0,0,0,0
67,266,25.434,3370.6,2.5588e+05,0.0055799,0,0,0,0,5.9727,0,0,0,16.378,0.072463,0,0,0,0,0
67,266,25.434,3370.6,2.5588e+05,3.4838,0,0,0,0,0,27.146,0,0,0,22.138,0,0,0,0,0
67,266,25.434,3370.6,2.5588e+05,0.009021,0,0,0,0,0,0,0,0,0,0.1331,0,0,0,0,0
67,266,25.434,3370.6,2.5588e+05,0.017561,0,0,5.5541,0.00524,4.3171,0.002308,0,0,0,1.4363,0,0,0,0,0
67,266,25.434,3370.6,2.5588e+05,0.51874,0,0,0,0,0.030958,0,0,0,0,0.072463,0,0,0,0,0
67,266,25.434,3370.6,2.5588e+05,2.5374,0,0,0,0,0,0,0,0,7.6506,0.072463,0,0,0,0,0
67,266,25.434,3370.6,2.5588e+05,0.008333,0,0,0,0,0,0,0,0,0,20.478,0,0,0,0,0
67,266,25.434,3370.6,2.5588e+05,0,0,0,0.22219,0,0,0,0,0,0,0.94042,0,0,0,0,0
67,266,25.434,3370.6,2.5588e+05,0.003118,0,0,1.3457,0,0,0.42744,0,0,0.65812,0.072463,0,0,0,0,0
67,266,25.434,3370.6,2.5588e+05,0.010804,0,0,0,0,0,0,0,0,0,3.5398,0,0,0,0,0
67,266,25.434,3370.6,2.5588e+05,0.21982,0,0,0,0,0,0,0,0,0,0.072463,0,0,0,0,0
67,266,25.434,3370.6,2.5588e+05,0.23779,0,0.049208,0,0,0.8482,0,0,0,0,0.11545,0,0,0,0,0
67,266,25.434,3370.6,2.5588e+05,0.00524,0,0,0,0.053527,0.82893,35.225,0,0,0,0.072463,0,0,0,0,0
67,266,25.434,3370.6,2.5588e+05,0.070183,0,0,1.2149,0,0,0,0,0,0,3.4466,0,0,0,0,0
67,266,25.434,3370.6,2.5588e+05,3.228,0,0,0,1.8162,0,203.64,0,0,0,0.35902,0,0,0,0,0
67,266,25.434,3370.6,2.5588e+05,0,0,0.64537,0.00524,0,0.001397,0,0,0,0,14.75,0,0,0,0,0
67,266,25.434,3370.6,2.5588e+05,0.033619,0,0,26.564,0,0,4.1134,0,0,4.212,5.7131,0,0,0,0,0
67,266,25.434,3370.6,2.5588e+05,1.4262,0,0,0,0,0,0,0,0,0,19.904,0,0,0,0,0
67,266,25.434,3370.6,2.5588e+05,0.22411,0,0,0,0.005239,0,0,0,0,0,5.8763,0,0,0,0,0
67,266,25.434,3370.6,2.5588e+05,0.27595,0,0,0,0.005239,0.066847,0.13028,0,0,0,5.0665,0,0,0,0,0
67,266,25.434,3370.6,2.5588e+05,4.0215,0,0,0,0,0,0,0,0,0,18.828,0,0,0,0,0
67,266,25.434,3370.6,2.5588e+05,0.16029,0,0,0,0,0,0,0,0,0,0.12913,0,0,0,0,0
67,266,25.434,3370.6,2.5588e+05,0.005239,0,0,0,0,0.013684,0,0,0,0,0.13056,0,0,0,0,0
67,266,25.434,3370.6,2.5588e+05,0,0,0,0.030859,1.2443,0,0,0,0,0,33.814,0,0,0,0,0
67,266,25.434,3370.6,2.5588e+05,2.2569,0,0,0,0,0,0,0,0,0,0.41633,0,0,0,24.538,0
67,266,25.434,3370.6,2.5588e+05,0.0093951,0,0,0.0059417,0.0041235,0,0.13028,0,0,0,0.072463,0,0,0,0,0
67,266,25.434,3370.6,2.5588e+05,0,0,0,0,0,12.374,0,0,0,0,0.072463,0,0,0,0,0
67,266,25.434,3370.6,2.5588e+05,0.006644,0,0,0,0,0.82178,0,0,0,0,0.072463,0,0,0,0,0
67,266,25.434,3370.6,2.5588e+05,0.15085,0,0,0,0,1.3611,0,0,0,0,0.072463,0,0,0,0,0
67,266,25.434,3370.6,2.5588e+05,0.008333,0,0,0,0,0.0071261,0,0,0,0,13.397,0,0,0,0,0
67,266,25.434,3370.6,2.5588e+05,1.5484,0,0,0,0.0094528,0.016666,0,0,0,0.27721,0.072463,0,0,0,0,0
67,266,25.434,3370.6,2.5588e+05,8.8035,0,0,0,0,0,0,0,0,0,1.2482,0,0,0,0,0
67,266,25.434,3370.6,2.5588e+05,0.013575,0,0,0,0,0,0,0,0,0,0.10112,0,0,0,0,0
67,266,25.434,3370.6,2.5588e+05,0,0,0,0,0,0.013684,0.021726,0,0,0,7.6006,0,0,0,0,0
67,266,25.434,3370.6,2.5588e+05,0,0,0,0.008333,0,0,0.059897,0,0,0,39.746,0,0,0,0,0
67,266,25.434,3370.6,2.5588e+05,0,0,0,0,0,0,0,0,0,0,0.072463,0,0,0,0,0
67,266,25.434,3370.6,2.5588e+05,0,0,0,0,0,0,0.13028,0,0,0,8.9418,0,0,0,0,0
67,266,25.434,3370.6,2.5588e+05,0.024709,0,0,0,0,0.067966,0,0,0,0,0.21574,0,0,0,0,0
67,266,25.434,3370.6,2.5588e+05,0,0,0,0,0,0,0,0,0,0,0.072463,0,0,0,0,0
67,266,25.434,3370.6,2.5588e+05,0.00524,0,0,1.0289,0,0,18.746,0,0,0,0.072463,0,0,0,0,0
67,266,25.434,3370.6,2.5588e+05,0,0,0,0,0,0,0,0,0,0,0.072463,0,0,0,0,0
67,266,25.434,3370.6,2.5588e+05,0.21982,0,0,0,0,0,0.13028,0,0,0,2.4056,0,0,0,0,0
67,266,25.434,3370.6,2.5588e+05,0.022631,0,0,4.2962,0,8.1338,0.59876,0,0,0.72035,0.072463,0,0,0,0,0
67,266,25.434,3370.6,2.5588e+05,12.644,0,0,0.00524,0,0,0,0,0,0,0.072463,0,0,0,0,0
67,266,25.434,3370.6,2.5588e+05,0.0055919,0,0,0,0,0,0.13028,0,0,0,0.072463,0,0,0,0,0
67,266,25.434,3370.6,2.5588e+05,6.6077,0,0,1.1407,0,0,0,0,0,0,58.962,0,0,0,0,0
67,266,25.434,3370.6,2.5588e+05,0.008333,0,0,0.00524,0,0,0.42744,0,0,1.0076,0.072463,0,0,0,0,0
67,266,25.434,3370.6,2.5588e+05,0.008333,0,0,0,0,0.004345,0.002308,0,0,0,0.072463,0,0,0,0,0
67,266,25.434,3370.6,2.5588e+05,0.22411,0,0.010538,0,0,0,0,0,0,0,21.593,0,0,0,0,0
67,266,25.434,3370.6,2.5588e+05,2.726,0,0,0,0,0,0,0,0,0,1.2836,0,0,0,0,0
67,266,25.434,3370.6,2.5588e+05,0,0,0,0.00524,0,0.79425,0,0,0,0,7.8571,0,0,0,0,0
67,266,25.434,3370.6,2.5588e+05,1.5484,0,0,0,0,1.2238,0.59876,0,0,0,0.3717,0,0,0,0,0
67,266,25.434,3370.6,2.5588e+05,0.019543,0,0,0,0.24884,0,0,0,0,0,0.072463,0,0,0,0,0
67,266,25.434,3370.6,2.5588e+05,0.028317,0,0,2.7829,0,0,0.59876,0,0,0,0.072463,0,0,0,0,0
67,266,25.434,3370.6,2.5588e+05,0.00524,0,0,0,0,0,0,0,0,0,4.0845,0,0,0,0,0
67,266,25.434,3370.6,2.5588e+05,0.013064,0,0,0.15268,0,7.0118,0,0,0,0.39237,0.072463,0,0,0,0,0
67,266,25.434,3370.6,2.5588e+05,0.0067817,0,0,0,1.4867,0,0,0,0,0,0.12949,0,0,0,44.479,0
67,266,25.434,3370.6,2.5588e+05,0.013064,0,0,0,0,0,0,0,0,0,45.506,0,0,0,0,0
67,266,25.434,3370.6,2.5588e+05,10.716,0,0,0,0,0,0.59876,0,0,0,13.16,0,0,0,0,0
67,266,25.434,3370.6,2.5588e+05,0.00524,0,0,0,0,0.86102,388.02,0,0,0,8.755,0,0,0,0,0
67,266,25.434,3370.6,2.5588e+05,0,0,0,6.1774,0,0,0.69676,0,0,0,0.13922,0,0,0,15.162,0
67,266,25.434,3370.6,2.5588e+05,0.003346,0,0,0,0.026723,0,3.7858,0,0,0,16.626,0,0,0,0,0
67,266,25.434,3370.6,2.5588e+05,0.086638,0,0,0,0,0,0,0,0,0,20.948,0,0,0,0,0
67,266,25.434,3370.6,2.5588e+05,0.53631,0,0,0,0,0,0,0,0,0,5.8934,0,0,0,0,0
67,266,25.434,3370.6,2.5588e+05,0.0053435,0,0,0,0,0,0,0,0,0,0.16521,0,0,0,0,0
67,266,25.434,3370.6,2.5588e+05,0.008335,0,0.010538,0,0,0.00524,0.13028,0,0,0.63421,3.9028,0,0,0,0,0
67,266,25.434,3370.6,2.5588e+05,0.089863,0,0,0,0,2.235,170.68,0,0,1.1822,0.072463,0,0,0,0,0
67,266,25.434,3370.6,2.5588e+05,0,0,0,0,0,0,0,0,0,0,5.2586,0,0,0,0,0
67,266,25.434,3370.6,2.5588e+05,0,0,0,0,0,0,0,0,0,0,83.699,0,0,0,0,151.68
67,266,25.434,3370.6,2.5588e+05,0.008333,0,0,0,0,0,0,0,0,0,0.13394,0,0,0,0,0
67,266,25.434,3370.6,2.5588e+05,0.00524,0,3.401,0,0,0,0,0,0,0,0.48889,0,0,0,0,0
67,266,25.434,3370.6,2.5588e+05,0.008693,0,0,0.0065059,0,0.016666,17.762,0,0,1.0167,0.072463,0,0,0,0,0
67,266,25.434,3370.6,2.5588e+05,0.085073,0,0,0.37439,0.00524,0,0,0,0,0,0.072463,0,0,0,0,0
67,266,25.434,3370.6,2.5588e+05,0.008333,0,0,0,0,0.10028,0,0.015752,0,0,0.43066,0,0,0,0,0
67,266,25.434,3370.6,2.5588e+05,9.7952,0,0,0.021586,0.0069085,0,0,0,0,0,8.2965,0,0,0,0,0
67,266,25.434,3370.6,2.5588e+05,14.691,0,0,0,0.008333,0,0,0,0,0,0.072463,0,0,0,0,151.68
67,266,25.434,3370.6,2.5588e+05,0,0,0,0,0.002868,0,41.059,0,0,6.8425,0.072463,0,0,0,0,0
67,266,25.434,3370.6,2.5588e+05,0,0,0,0,0,0,0,0,0,0,0.072463,0,0,0,0,0
67,266,25.434,3370.6,2.5588e+05,0.036732,0,0,0,0,0.79591,0.13028,0,0,0,0.37335,0,0,0,0,0
67,266,25.434,3370.6,2.5588e+05,0.00524,0,9.8607,0,0,0,0,0,0,0,0.13679,0,0,0,0,0
67,266,25.434,3370.6,2.5588e+05,0,0,0,0,0,0,0,0,0,0,14.186,0,0,0,0,0
67,266,25.434,3370.6,2.5588e+05,0.001436,0,0,0,0,0,0,0,0,0,0.5196,0,0,0,0,0
67,266,25.434,3370.6,2.5588e+05,1.5785,0,0,0,0,0.017703,0,0,0,0,20.478,0,0,0,0,0
67,266,25.434,3370.6,2.5588e+05,0.25711,0,0,0.002508,0,0,0,0,0,0,0.072463,0,0,0,0,0
67,266,25.434,3370.6,2.5588e+05,0.013573,0,0,0,0,0,0,0,0,1.7864,3.2531,0,0,0,0,0
67,266,25.434,3370.6,2.5588e+05,0,0,0,1.8512,0,0,0,0,0,0,0.13353,0,0,0,0,0
67,266,25.434,3370.6,2.5588e+05,0.00036,0,6.2524,0.055891,0,0,0,0,0,0,0.072463,0,0,0,0,0
67,266,25.434,3370.6,2.5588e+05,0,0,0,0,0,0.001267,0,0,0,0,0.072463,0,0,0,0,0
67,266,25.434,3370.6,2.5588e+05,2.6264,0,0,8.4144,0,0,0.021726,0,0,0,0.072463,0,0,0,0,0
67,266,25.434,3370.6,2.5588e+05,2.1757,0,0,0,0.00524,0,168.81,0,0,0,0.072463,0,0,0,0,0
67,266,25.434,3370.6,2.5588e+05,5.6977,0,0,0,0,0,30.454,0,0,0,0.35299,0,0,0,0,0
67,266,25.434,3370.6,2.5588e+05,4.6477,0,0,0,0,0,0,0,0,0,4.643,0,0,0,0,0
67,266,25.434,3370.6,2.5588e+05,0,0,0,53.319,0,0,0.42744,0,0,0,0.17677,0,0,0,0,0
67,266,25.434,3370.6,2.5588e+05,0.82427,0,0,0,0,0,0,0,0,0,7.6506,0,0,0,0,0
67,266,25.434,3370.6,2.5588e+05,1.5338,0,0,0,0,0.80862,0,0,0,0,0.3625,0,0,0,0,0
67,266,25.434,3370.6,2.5588e+05,0,0,0,6.7921,0,0,0.13028,0,0,0,0.072463,0,0,0,0,0
67,266,25.434,3370.6,2.5588e+05,0,0,0,0.0081579,0,0,0,0,0,7.6506,1.2836,0,0,0,0,0
67,266,25.434,3370.6,2.5588e+05,0.59281,0,0,0,0,0,0,0,0,0,1.6706,0,0,0,0,0
67,266,25.434,3370.6,2.5588e+05,0,0,0,0,0.000234,0.47009,0,0,0,0,0.072463,0,0,0,149.5,0
67,266,25.434,3370.6,2.5588e+05,27.951,0,0,0,0,0,88.83,0,0,0,6.7491,0,0,0,0,0
67,266,25.434,3370.6,2.5588e+05,0,0,0,0,0,0,0,0,0,0,2.237,0,0,0,0,0
67,266,25.434,3370.6,2.5588e+05,0,0,0,0,0,0,0,0,0,0,1.86,0,0,0,0,0
67,266,25.434,3370.6,2.5588e+05,0,0,8.232,10.309,0,0,0,0,0,0,11.921,0,0,0,0,0
67,266,25.434,3370.6,2.5588e+05,9.7952,0,1.6628,0.68761,11.896,0,30.454,0,0,0,0.072463,0,0,0,0,0
67,266,25.434,3370.6,2.5588e+05,0,0,0,0.008343,0,0,0,0,0,0.27721,0.13056,0,0,0,0,0
67,266,25.434,3370.6,2.5588e+05,0,0,0,0.17701,0,0,0,0,0,2.6253,0.072463,0,0,0,0,0
67,266,25.434,3370.6,2.5588e+05,0.0094073,0,0,0,0,0,0,0,0,0,7.6006,0,0,0,0,0
67,266,25.434,3370.6,2.5588e+05,0,0,0,6.513,0,0.83596,28.515,0,0,0,0.13394,0,0,0,0,0
67,266,25.434,3370.6,2.5588e+05,0,0,0,0,0.00524,0,0,0,0,0,2.4073,0,0,0,0,0
67,266,25.434,3370.6,2.5588e+05,0.0083355,0,0,0,0,0.040979,0,0,0,0,0.072463,0,0,0,0,0
67,266,25.434,3370.6,2.5588e+05,0.51874,0,10.046,0,0,0.040979,0,0,0,0,58.962,0,0,0,0,0
67,266,25.434,3370.6,2.5588e+05,0,0,0,0.0060235,0,1.1051,0.13028,0,0,0,0.072463,0,0,0,0,0
67,266,25.434,3370.6,2.5588e+05,0.1682,0,0,0,0,0,0,0,0,0,7.2936,0,0,0,0,0
67,266,25.434,3370.6,2.5588e+05,2.726,0,0,30.178,0,0,0,0,0,1.0139,0.072463,0,0,0,0,0
67,266,25.434,3370.6,2.5588e+05,0,0,0.95449,0,0,0,40.56,0,0,0,2.139,0,0,0,0,0
67,266,25.434,3370.6,2.5588e+05,0.13495,0,0,0,0,0,0,0,0,0,0.13598,0,0,0,0,151.68
67,266,25.434,3370.6,2.5588e+05,0.079246,0,0,6.513,0,2.7295,0,0,0,0,4.9652,0,0,0,0,0
67,266,25.434,3370.6,2.5588e+05,0.61605,0,0,0,0,0,0,0,0,13.788,21.937,0,0,0,0,0
67,266,25.434,3370.6,2.5588e+05,0,0,0.08725,0,0,0,0,0,0,0,31.416,0,0,0,0,0
67,266,25.434,3370.6,2.5588e+05,3.2644,0,0,0.00524,0,0,0,0,0,9.1202,18.395,0,0,0,0,0
67,266,25.434,3370.6,2.5588e+05,50.295,0,0,0,0,0.8541,0,0,0,0,0.33671,0,0,0,0,0
67,266,25.434,3370.6,2.5588e+05,0.29308,0,0,0,0,0.00524,0,0,0,0,0.072463,0,0,0,0,0
67,266,25.434,3370.6,2.5588e+05,0,0,0,0.11437,0,0,0.59876,0,0,0,0.072463,0,0,0,0,0
67,266,25.434,3370.6,2.5588e+05,0.0094073,0,0,0,0,0,0,0,0,0,12.207,0,0,0,0,0
67,266,25.434,3370.6,2.5588e+05,0,0,2.4408,0,0,0,0,0,0,1.0834,0.072463,0,0,0,0,0
67,266,25.434,3370.6,2.5588e+05,0,0,0,0,0,0,0,0,0,0,0.62815,0,0,0,0,0
67,266,25.434,3370.6,2.5588e+05,11.584,0,0,0.022995,0,0,50.853,0,0,0,7.0787,0,0,0,0,0
67,266,25.434,3370.6,2.5588e+05,0,0,0,0.00524,0,8.5672,0,0,0,0,0.44804,0,0,0,0,0
67,266,25.434,3370.6,2.5588e+05,0.008333,0,0,0,0,0,0.13028,0,0,0,0.60404,0,0,0,0,0
67,266,25.434,3370.6,2.5588e+05,0.096515,0,0,0,0.0094528,0,0,0,0,0.55196,0.58253,0,0,0,0,0
67,266,25.434,3370.6,2.5588e+05,0.0097855,0,0,0,0,0,0,0,0,0,13.2,0,0,0,0,0
67,266,25.434,3370.6,2.5588e+05,0.09235,0,0,0,2.5197,0,0,0,0,0,20.948,0,0,0,0,117.97
67,266,25.434,3370.6,2.5588e+05,0,0,0,0,0,0,0.093171,0,0,0,0.88914,0,0,0,0,0
67,266,25.434,3370.6,2.5588e+05,0.001436,0,0,0,0,0,0,0.98372,0,0,0.24115,0,0,0,0,0
67,266,25.434,3370.6,2.5588e+05,0.18706,0,0,0,0,0,17.348,0,0,0,0.072463,0,0,0,0,0
67,266,25.434,3370.6,2.5588e+05,0.51874,0,0,0,0,0,0,0,0,0,7.0787,0,0,0,0,0
67,266,25.434,3370.6,2.5588e+05,27.039,0,0,0,0,0,0,0,0,0,0.072463,0,0,0,0,0
67,266,25.434,3370.6,2.5588e+05,0,0,0,0,0,0,0,0,0,0,0.17276,0,0,0,61.919,0
67,266,25.434,3370.6,2.5588e+05,0.025446,0,0,7.2019,0,0.001267,0,0,0,0,10.868,0,0,0,0,0
67,266,25.434,3370.6,2.5588e+05,0.00524,0,0,0,0,0.00014,0,0,0,2.6253,13.2,0,0,0,0,0
67,266,25.434,3370.6,2.5588e+05,0,0,0,1.1126,0,0,0,0,0,0,0.072463,0,0,0,0,0
67,266,25.434,3370.6,2.5588e+05,5.2625,0,1.5121,3.8542,0,0.85832,0,0,0,0,0.13226,0,0,0,0,0
67,266,25.434,3370.6,2.5588e+05,0.7609,0,0,0,0,0,0,0,0,0,0.072463,0,0,0,0,0
67,266,25.434,3370.6,2.5588e+05,0.00524,0,0,0,0,4.6911,0,0,0,0,26.705,0,0,0,0,0
67,266,25.434,3370.6,2.5588e+05,0.005239,0,0,0,0.002139,0,0,0,0,0,7.6506,0,0,0,0,0
67,266,25.434,3370.6,2.5588e+05,0.02506,0,0,0,0,0,0.79397,0,0,0,0.134,0,0,0,0,286.5
67,266,25.434,3370.6,2.5588e+05,30.903,0,0,0,0,0,24.147,0,0,0,1.7457,0,0,0,0,0
67,266,25.434,3370.6,2.5588e+05,0.018811,0,0,0,0,0,12.413,0,0,0,0.072463,0,0,0,0,0
67,266,25.434,3370.6,2.5588e+05,0,0,0,0,0,0.075086,0,0,0,0,0.072463,0,0,0,0,0
67,266,25.434,3370.6,2.5588e+05,4.0215,0,0,0,0,0,0,0,0,21.917,3.041,0,0,0,0,0
67,266,25.434,3370.6,2.5588e+05,0,0,0,0,0,0,3.0021,0,0,0,2.1063,0,0,0,0,0
67,266,25.434,3370.6,2.5588e+05,0.012953,0,0,0,0,0,0,0,0,0,0.79939,0,0,0,0,0
67,266,25.434,3370.6,2.5588e+05,0.010521,0,0,0.00524,0,0,0,0,0,0,0.11545,0,0,0,0,0
67,266,25.434,3370.6,2.5588e+05,0,0,0,0.021909,0,0,0,0,0,0,0.072463,0,0,0,0,0
67,266,25.434,3370.6,2.5588e+05,0,0,0,0.023408,0,0,0,0,0,0,0.072463,0,0,0,0,0
67,266,25.434,3370.6,2.5588e+05,1.5956,0,0,0,0,0,0,0,0,0,1.9775,0,0,0,0,0
67,266,25.434,3370.6,2.5588e+05,0.021906,0,0,0,50.215,0,0.13028,0,0,13.788,0.8268,0,0,0,0,0
67,266,25.434,3370.6,2.5588e+05,7.1486,0,0,0.00524,0,0,0,0,0,0,0.072463,0,0,0,0,0
67,266,25.434,3370.6,2.5588e+05,0.46683,0,0.18214,0,0,0.79321,0,0,0,0,20.534,0,0,0,0,0
67,266,25.434,3370.6,2.5588e+05,0,0,0,7.8571,0,0,0.67053,0,0,0,0.072463,0,0,0,0,0
67,266,25.434,3370.6,2.5588e+05,0.00524,0,0,0.00014,0,0,0,0,0,0,2.2216,0,0,0,203.54,0
67,266,25.434,3370.6,2.5588e+05,0,0,0,0,0,0,0,0,0,0,7.9797,0,0,0,0,0
67,266,25.434,3370.6,2.5588e+05,0.070183,0,0,0.61256,0,0,0,0,0,0,0.072463,0,0,0,0,0
67,266,25.434,3370.6,2.5588e+05,0.008534,0,0,0,0,0,0,0,0,0,4.9522,0,0,0,0,0
67,266,25.434,3370.6,2.5588e+05,2.7519,0,0,0,0,2.7295,0,0,0,0,0.072463,0,0,0,0,0
67,266,25.434,3370.6,2.5588e+05,0,0,0,0,0,0.0062361,0,0.011526,0,0,0.086791,0,0,0,0,0
67,266,25.434,3370.6,2.5588e+05,0.19151,0,0,0,0,0,0,0,0,0,0.88605,0,0,0,0,0
67,266,25.434,3370.6,2.5588e+05,0.12441,0,0,0,0,0,0,0,0,0,0.12844,0,0,0,0,0
67,266,25.434,3370.6,2.5588e+05,2.1129,0,0,2.3177,0.001669,0,0,0,0,0,0.33671,0,0,0,0,0
67,266,25.434,3370.6,2.5588e+05,0.02912,0,0,0.021739,0,0,0,0,0,0,0.072463,0,0,0,0,0
67,266,25.434,3370.6,2.5588e+05,0.00524,0,0,0,0,0,0,0,0,0,16.626,0,0,0,0,0
67,266,25.434,3370.6,2.5588e+05,0,0,0,0,0,0,0,0,0,0,2.6944,0,0,0,0,0
67,266,25.434,3370.6,2.5588e+05,0.046654,0,0,3.9863,0,0,0,0,0,0,0.072463,0,0,0,0,0
67,266,25.434,3370.6,2.5588e+05,5.0722,0,0,0.37625,0,0.79321,0,0,0,1.7864,3.2549,0,0,0,0,0
67,266,25.434,3370.6,2.5588e+05,0,0,0,0.005769,0,0,0,0,0,0,0.072463,0,0,0,0,0
67,266,25.434,3370.6,2.5588e+05,0,0,0,0,0,0.79321,0,0,0,0,0.072463,0,0,0,0,0
67,266,25.434,3370.6,2.5588e+05,0.00524,0,0,0,0,0,0,0,0,0,7.7869,0,0,0,0,0
67,266,25.434,3370.6,2.5588e+05,0,0,0,0.008333,0,206.36,0,0,0,0,0.072463,0,0,0,0,0
67,266,25.434,3370.6,2.5588e+05,0.013573,0,0,0,0,0,0,0,0,0,16.831,0,0,0,0,0
67,266,25.434,3370.6,2.5588e+05,0.0058918,0,0,0,0,0.00036,0,0,0,0,7.8571,0,0,0,0,0
67,266,25.434,3370.6,2.5588e+05,0.039607,0,0,0,0,0,4.9077,0,0,0,7.9797,0,0,0,0,0
67,266,25.434,3370.6,2.5588e+05,0.097844,0,0,0,24.826,0,0,0,0,0,0.086791,0,0,0,0,0
67,266,25.434,3370.6,2.5588e+05,0.005411,0,0,0.005239,0,0,0.13028,0,0,0,0.072463,0,0,0,0.83639,0
67,266,25.434,3370.6,2.5588e+05,2.726,0,0,0,0,14.546,0,0,0,0,29.357,0,0,0,0,0
67,266,25.434,3370.6,2.5588e+05,0.023656,0,0,0.01366,0,0,0.13028,0,0,0,0.18601,0,0,0,0,0
67,266,25.434,3370.6,2.5588e+05,0.073418,0,0,0,0.003821,0,0.13028,0,0,0,0.072463,0,0,0,0,117.97
67,266,25.434,3370.6,2.5588e+05,0.007328,0,0,0,0,0,0,0,0,0,2.139,0,0,0,0,0
67,266,25.434,3370.6,2.5588e+05,0,0,0.010331,0.022416,0,0,0,0,0,0,7.1646,0,0,0,0,0
67,266,25.434,3370.6,2.5588e+05,0,0,0,0.0042695,0,0.20716,0,0,0,0,18.985,0,0,0,0,0
67,266,25.434,3370.6,2.5588e+05,0,0,0,0,0,0,0,0,0,0,18.395,0,0,0,0,0
67,266,25.434,3370.6,2.5588e+05,0.016668,0,0,0,0,0,0,0,0,0,0.072463,0,0,0,0,84.266
67,266,25.434,3370.6,2.5588e+05,0.038667,0,0,0.008333,0,0.005769,0,0,0,0,3.0356,0,0,0,0,0
67,266,25.434,3370.6,2.5588e+05,0.0055384,0,0,0,0,0.040979,0,0,0,0,1.6272,0,0,0,0,0
67,266,25.434,3370.6,2.5588e+05,95.307,0,0,0,0,0.012422,0.80873,0,0,0,0.072463,0,0,0,0,0
67,266,25.434,3370.6,2.5588e+05,0.003538,0,0,0,0,0,22.72,0,0,0,0.13348,0,0,0,0,0
67,266,25.434,3370.6,2.5588e+05,0.033746,0,0,1.4834,0,0.013684,0,0.055676,0,0,0.086791,0,0,0,0,0
67,266,25.434,3370.6,2.5588e+05,0,0,0,0,0,0,0.13028,0,0,0,8.8741,0,0,0,0,0
67,266,25.434,3370.6,2.5588e+05,0.002344,0,0,0.069106,0,0,0,0,0,0,4.2848,0,0,0,0,0
67,266,25.434,3370.6,2.5588e+05,0.008333,0,0,0,0,0,0,0,0,0,0.072463,0,0,0,0,0
67,266,25.434,3370.6,2.5588e+05,0,0,0,0,0,0,0.002308,0,0,0,0.072463,0,0,0,0,0
67,266,25.434,3370.6,2.5588e+05,0,0,0,0,0,0,130.49,0,0,0,1.7918,0,0,0,0,0
67,266,25.434,3370.6,2.5588e+05,0.008333,0,0,0,0,0,0,0,0,0,0.29757,0,0,0,0,0
67,266,25.434,3370.6,2.5588e+05,0.34658,0,0,0,0,0,0.13028,0,0,0,1.6654,0,0,0,0,0
67,266,25.434,3370.6,2.5588e+05,0.008332,0,0,0.0068538,0,0.85571,26.613,0,0,0,2.3236,0,0,0,0,0
67,266,25.434,3370.6,2.5588e+05,0.1702,0,0,0,0,0,0.059897,0,0,0,0.11545,0,0,0,0,0
67,266,25.434,3370.6,2.5588e+05,0,0,0,0,0,0,0.13028,0,0,0,2.9142,0,0,0,0,0
67,266,25.434,3370.6,2.5588e+05,0.003295,0,0,0,0,0.0060315,47.463,0,0,0,4.6719,0,0,0,0,0
67,266,25.434,3370.6,2.5588e+05,0.025974,0,0,62.737,0,0,0,0,0,0,0.11545,0,0,0,0,0
67,266,25.434,3370.6,2.5588e+05,0.17985,0,0,0,0,0,0,0,0,0,0.072463,0,0,0,0,0
67,266,25.434,3370.6,2.5588e+05,0,0,0,0.0001025,0,0.00387,0,0,0,1.5851,46.791,0,0,0,0,0
67,266,25.434,3370.6,2.5588e+05,0.030564,0,0,0,0,206.36,0,0,0,0,3.6687,0,0,0,0,0
67,266,25.434,3370.6,2.5588e+05,0.025941,0,0,0,0,0,0,0,0,0,59.62,0,0,0,0,0
67,266,25.434,3370.6,2.5588e+05,0.89283,0,0,0,0,0,0,0,0,0,0.072463,0,0,0,0,0
67,266,25.434,3370.6,2.5588e+05,0.041493,0,0,0.00833,0,0,0.13028,0,0,0,0.15843,0,0,0,0,0
67,266,25.434,3370.6,2.5588e+05,0,0,0,0.65987,0,0,0,0,0,0,0.072463,0,0,0,0,0
67,266,25.434,3370.6,2.5588e+05,0.001436,0,0,0,0,0,0,0,0,0,0.072463,0,0,0,116.61,0
67,266,25.434,3370.6,2.5588e+05,0.002344,0,0,0,0,0.79321,0,0,0,21.917,0.13056,0,0,0,0,0
67,266,25.434,3370.6,2.5588e+05,0,0,0,0,0,0,0,0,0,0,9.3601,0,0,0,0,0
67,266,25.434,3370.6,2.5588e+05,1.5074,0,0,0,0,0,4.9992,0,0,0,2.139,0,0,0,0,0
67,266,25.434,3370.6,2.5588e+05,1.2045,0,0,0,0,0,0.13028,0,0,0,0.072463,0,0,0,0,0
67,266,25.434,3370.6,2.5588e+05,0.59281,0,0.056031,2.4916,0,0,0,0,0,0,0.072463,0,0,0,0,0
67,266,25.434,3370.6,2.5588e+05,0.002195,0,0,0,0,0,0,0,0,0,6.0336,0,0,0,0,0
67,266,25.434,3370.6,2.5588e+05,0,0,0,0,0,0,0,0,0,0,1.0897,0,0,0,0,0
67,266,25.434,3370.6,2.5588e+05,0.39276,0,0,0.089334,0,0,0,0,0,0,0.13056,0,0,0,0,0
67,266,25.434,3370.6,2.5588e+05,0,0,0,0,0,0,38.153,0,0,0,3.4936,0,0,0,0,0
67,266,25.434,3370.6,2.5588e+05,0.008333,0,0,0,0.005239,1.7006,0,0,0,0,0.072463,0,0,0,0,0
67,266,25.434,3370.6,2.5588e+05,0,0,0,0,0.026284,0,0,0,0,0,58.962,0,0,0,0,0
67,266,25.434,3370.6,2.5588e+05,0.074682,0,0,13.869,0,0,0,0,0,0,1.1039,0,0,0,0,0
67,266,25.434,3370.6,2.5588e+05,0.041493,0,0,0,0,0,0,0,0,5.6716,1.1286,0,0,0,0,0
67,266,25.434,3370.6,2.5588e+05,0.089863,0,0,0,0,0,0,0,0,0,58.962,0,0,0,0,0
67,266,25.434,3370.6,2.5588e+05,0.015752,0,0,0,0,0,0,0,0,0,0.072463,0,0,0,180.55,0
67,266,25.434,3370.6,2.5588e+05,1.2321,0,0,0,0,0,0,0,0,0,2.0951,0,0,0,0,0
67,266,25.434,3370.6,2.5588e+05,0,0,0,0,0,0,0,0,0,0,5.5428,0,0,0,0,0
67,266,25.434,3370.6,2.5588e+05,37.131,0,0,0,0,0.016668,51.065,0,0,0,0.072463,0,0,0,0,0
67,266,25.434,3370.6,2.5588e+05,7.327,0,0,0,0,0,0.40452,0,0,0,0.072463,0,0,0,0,0
67,266,25.434,3370.6,2.5588e+05,0.011015,0,0,0,0,0.84317,0,0,0,0,0.52366,0,0,0,0,0
67,266,25.434,3370.6,2.5588e+05,0,0,0,0,0,0.86913,0.42744,0,0,0,37.282,0,0,0,0,0
67,266,25.434,3370.6,2.5588e+05,34.541,0,0,0,0,0,0,0,0,0,0.072463,0,0,0,0,0
67,266,25.434,3370.6,2.5588e+05,0.0058918,0,0,0,0,0,0,0,0,0,0.45229,0,0,0,0,0
67,266,25.434,3370.6,2.5588e+05,0.21982,0,0,0,0,0,0,0,0,0,5.2552,0,0,0,0,0
67,266,25.434,3370.6,2.5588e+05,0.033619,0,0,1.3036,0,0,0,0,0,0,94.85,0,0,0,0,50.559
67,266,25.434,3370.6,2.5588e+05,0.13495,0,0,0,0,0,0,0,0,0.21027,0.072463,0,0,0,0,0
67,266,25.434,3370.6,2.5588e+05,0.016573,0,0.030387,0,0,0,0,0,0,0,0.14833,0,0,0,0,0
67,266,25.434,3370.6,2.5588e+05,0.38302,0,0,0,0,0,0,0,0,0,0.072463,0,0,0,0,0
67,266,25.434,3370.6,2.5588e+05,3.3912,0,0,0.35837,0,0,0,0,0,0,14.75,0,0,0,0,0
67,266,25.434,3370.6,2.5588e+05,0.11856,0,0,0,0,0,0,0,0,0,0.072463,0,0,0,0,0
67,266,25.434,3370.6,2.5588e+05,0.008333,0,0,0,0,0,0,0,0,0,0.072463,0,0,0,0,0
67,266,25.434,3370.6,2.5588e+05,0,0,0,0,0,0,0,0,0,0,1.5411,0,0,0,0,0
67,266,25.434,3370.6,2.5588e+05,0.002344,0,0,2.2656,0,0,0.13028,0,0,0.72035,1.7457,0,0,0,0,0
67,266,25.434,3370.6,2.5588e+05,0.0055799,0,9.6e-05,0.014574,0,0,0,0,0,0,0.072463,0,0,0,0,0
67,266,25.434,3370.6,2.5588e+05,0.006644,0,0,0,0.006456,0,4.9992,0,0,0,2.4073,0,0,0,0,0
67,266,25.434,3370.6,2.5588e+05,0.2089,0,0,0.010061,0,0,0,0,0,0,0.072463,0,0,0,0,0
67,266,25.434,3370.6,2.5588e+05,20.062,0,0,0,0,0,0,0,0,0,0.072463,0,0,0,0,0
67,266,25.434,3370.6,2.5588e+05,0.067604,0,0,0,0,0,0,0,0,0,0.072463,0,0,0,0,0
67,266,25.434,3370.6,2.5588e+05,0.057399,0,0,0,0,0,0.67053,0,0,0.056957,0.072463,0,0,0,0,0
67,266,25.434,3370.6,2.5588e+05,0.053218,0,0,116.73,0,0,0,0,0,0.44682,0.94645,0,0,0,0,0
67,266,25.434,3370.6,2.5588e+05,0.85591,0,0,0.41214,0,0,0.021726,0,0,0,0.67931,0,0,0,0,0
67,266,25.434,3370.6,2.5588e+05,1.9374,0,0,2.2024,0,4.5986,0,0,0,0,0.072463,0,0,0,0,0
67,266,25.434,3370.6,2.5588e+05,0,0,0,0.002139,0,0.00524,0,0,0,0,0.12949,0,0,0,4.4202,0
67,266,25.434,3370.6,2.5588e+05,0,0,0,0,0,0,0,0,0,0,4.1401,0,0,0,0,0
67,266,25.434,3370.6,2.5588e+05,0.010235,0,0,0,0,0,0,0,0,0,21.937,0,0,0,0,0
67,266,25.434,3370.6,2.5588e+05,0.23802,0,0,0.68805,0,0,0,0,0,0,0.072463,0,0,0,0,185.38
67,266,25.434,3370.6,2.5588e+05,0.00524,0,0,0,0,0,80.361,0,0,0,0.072463,0,0,0,0,0
67,266,25.434,3370.6,2.5588e+05,0,0,0,0,0,2.839,0.002308,0,0,0,0.23007,0,0,0,0,0
67,266,25.434,3370.6,2.5588e+05,0.00524,0,0,0,0,0,0,0,0,0.72035,33.814,0,0,0,853.54,0
67,266,25.434,3370.6,2.5588e+05,0,0,0,0,0,0,0,0,0,0,0.072463,0,0,0,0,0
67,266,25.434,3370.6,2.5588e+05,0.070183,0,0,0,3.1286,0,23.847,0,0,0,20.478,0,0,0,0,0
67,266,25.434,3370.6,2.5588e+05,0,0,0.041982,0,0,0,0,0,0,0,0.072463,0,0,0,0,0
67,266,25.434,3370.6,2.5588e+05,0.0068531,0,0,0,0,0,0,0,0,4.212,0.072463,0,0,0,0,0
67,266,25.434,3370.6,2.5588e+05,0.13174,0,0.008459,0,0,0,168.06,0,0,0,0.13353,0,0,0,0,0
67,266,25.434,3370.6,2.5588e+05,0.008333,0,0,3.1846,0,0,3.1285,0,0,0,5.7504,0,0,0,0,0
67,266,25.434,3370.6,2.5588e+05,0.078597,0,0,0,0,0,0,0,0,0,0.072463,0,0,0,0,0
67,266,25.434,3370.6,2.5588e+05,0,0,0,0.007121,0,0,0,0,0,0,0.52131,0,0,0,0,0
67,266,25.434,3370.6,2.5588e+05,0,0,0,0,0,0,0,0,0,0,1.2482,0,0,0,0,0
67,266,25.434,3370.6,2.5588e+05,0.01698,0,0,0,0,0,0,0,0,0.72035,0.33796,0,0,0,0,0
67,266,25.434,3370.6,2.5588e+05,0.099157,0,0,0,0,0,5.8482,0,0,0,13.755,0,0,0,0,0
67,266,25.434,3370.6,2.5588e+05,0.53631,0,0,0,0,0,0,0,0,0,0.072463,0,0,0,0,0
67,266,25.434,3370.6,2.5588e+05,0.008333,0,0,0.018595,4.891,0,0,0,0,0,0.71652,0,0,0,0,0
67,266,25.434,3370.6,2.5588e+05,0.008333,0,0,0.013049,0.008332,0,0,0,0,0,0.072463,0,0,0,0,0
67,266,25.434,3370.6,2.5588e+05,0.0071766,0,0,0,0,0.83596,0,0,0,0,27.869,0,0,0,0,0
67,266,25.434,3370.6,2.5588e+05,0.21233,0,0,0.008333,0,0,0,0,0,1.808,0.072463,0,0,0,0,0
67,266,25.434,3370.6,2.5588e+05,0.095794,0,0,0,0,0,0,0,0,0,3.1286,0,0,0,0,0
67,266,25.434,3370.6,2.5588e+05,0.083807,0,0,0,0,0,0,0,0,0,0.072463,0,0,0,0,0
67,266,25.434,3370.6,2.5588e+05,0.0055995,0,0,0,0,0,0.13028,0,0,0,0.072463,0,0,0,0,0
67,266,25.434,3370.6,2.5588e+05,0.007328,0,0,0.45356,0,0,0,0,0,0,0.072463,0,0,0,0,8.4266
67,266,25.434,3370.6,2.5588e+05,0.11856,0,0,0,0,0,0,0,0,0,2.3236,0,0,0,0,0
67,266,25.434,3370.6,2.5588e+05,0.008335,0,0,0.0092606,0,0,0.67053,0,0,0,1.3814,0,0,0,0,0
67,266,25.434,3370.6,2.5588e+05,0,0,0,0,0,0,0,0,0,0,0.17677,0,0,0,0,0
67,266,25.434,3370.6,2.5588e+05,0.015329,0,0,0,0,0,0,0.00662,0,0,1.1196,0,0,0,0,0
67,266,25.434,3370.6,2.5588e+05,0,0,0,4.0366,0,0,25.077,0,0,0,0.79939,0,0,0,0,0
67,266,25.434,3370.6,2.5588e+05,0,0,0,0.13217,0,0,0,0,0,0,0.072463,0,0,0,0,0
67,266,25.434,3370.6,2.5588e+05,0,0,0,0,0,0,0,0,0,0,0.11545,0,0,0,0,0
67,266,25.434,3370.6,2.5588e+05,0.008333,0,0,0,0,0,0,0,0,0,0.78885,0,0,0,0,0
67,266,25.434,3370.6,2.5588e+05,0.023372,0,0,0,0,0,0,0,0,0,9.38,0,0,0,8.7405,0
67,266,25.434,3370.6,2.5588e+05,0,0,0,0,0,0,0,0,0,0,8.6117,0,0,0,0,0
67,266,25.434,3370.6,2.5588e+05,0.051946,0,0,0,0,0,6.9489,0,0,8.5959,1.9351,0,0,0,0,0
67,266,25.434,3370.6,2.5588e+05,0.024709,0,0,309.71,0,0,0,0,0,0,2.3236,0,0,0,0,0
67,266,25.434,3370.6,2.5588e+05,0.014229,0,0,24.485,0,0.79321,0,0,0,0,0.072463,0,0,0,0,0
67,266,25.434,3370.6,2.5588e+05,0,0,0,0,0,0,0,0,0,0,2.4569,0,0,0,0,0
67,266,25.434,3370.6,2.5588e+05,0.087612,0,0,0,0,0,0,0,0,0,0.072463,0,0,0,0,0
67,266,25.434,3370.6,2.5588e+05,0.019812,0,0,0,5.704,0,8.8335,0,0,0,51.294,0,0,0,0,0
67,266,25.434,3370.6,2.5588e+05,0.11182,0,0,0,0,0,0,0,0,0,0.17276,0,0,0,0,0
67,266,25.434,3370.6,2.5588e+05,0.003295,0,0,0,0,0.00524,168.81,0,0,0,4.6401,0,0,0,0,0
67,266,25.434,3370.6,2.5588e+05,0,0,0,0,0,0,0,0,0,0,0.75174,0,0,0,0,0
67,266,25.434,3370.6,2.5588e+05,0.0059417,0,0,0,0,5.2472,203.64,0,0,0,7.2936,0,0,0,0,0
67,266,25.434,3370.6,2.5588e+05,1.2683,0,0,0,0,0,109.42,0,0,0,0.072463,0,0,0,0,0
67,266,25.434,3370.6,2.5588e+05,0.51874,0,0,0,0,206.36,0.40452,0,0,0,0.56339,0,0,0,0,0
67,266,25.434,3370.6,2.5588e+05,0,0,0,0,0,0,0,0,0,0,21.049,0,0,0,0,0
67,266,25.434,3370.6,2.5588e+05,0,0,0,0.001434,0,0,0,0,0,0,0.072463,0,0,0,0,0
67,266,25.434,3370.6,2.5588e+05,0.016666,0,0,0.0057794,0,0,15.25,0,0,0,3.0356,0,0,0,0,0
67,266,25.434,3370.6,2.5588e+05,12.644,0,4.0147,0.002031,0,0,0,0,0,0,0.072463,0,0,0,0,0
67,266,25.434,3370.6,2.5588e+05,0.003173,0,0,0,0,0.80058,0,0,0,0.68445,8.2077,0,0,0,0,0
67,266,25.434,3370.6,2.5588e+05,0.88105,0,0,0.006456,0,0,0,0,0,0,0.48889,0,0,0,0,0
67,266,25.434,3370.6,2.5588e+05,1.4983,0,0,0,0,1.2917,0.42744,0,0,0,2.9171,0,0,0,0,0
67,266,25.434,3370.6,2.5588e+05,0.0071224,0,0,0,0,0,1.8779,0,0,0,13.956,0,0,0,0,0
67,266,25.434,3370.6,2.5588e+05,0.3242,0,0,0.00043,0,0.001326,0,0,0,0,0.13302,0,0,0,0,0
67,266,25.434,3370.6,2.5588e+05,0,0,0,0,0,0,0,0.035906,0,0,3.4466,0,0,0,0,0
67,266,25.434,3370.6,2.5588e+05,2.3451,0,0,0.022416,0,0,0,0,0,0,13.956,0,0,0,0,0
67,266,25.434,3370.6,2.5588e+05,0.18967,0,0,0.000739,0,0,0,0,0,0,0.072463,0,0,0,0,0
67,266,25.434,3370.6,2.5588e+05,0.0093951,0,0,0,0.00524,0.004345,0,0,0,0,0.13198,0,0,0,0,0
67,266,25.434,3370.6,2.5588e+05,0.31332,0,0,0,1.3066,0,0,0,0,1.5859,0.13505,0,0,0,0,0
67,266,25.434,3370.6,2.5588e+05,0.00062,0,0,0,0,0,8.6541,0,0,55.455,4.1702,0,0,0,0,0
67,266,25.434,3370.6,2.5588e+05,5.6517,0,0,0,0,0,83.464,0,0,0,0.072463,0,0,0,0,0
67,266,25.434,3370.6,2.5588e+05,0.0098678,0,0,0.000688,0,0,0.13028,0,0,0,0.072463,0,0,0,0,0
67,266,25.434,3370.6,2.5588e+05,0.034307,0,0,0,0,0,0,0,0,1.5079,2.7374,0,0,0,0,0
67,266,25.434,3370.6,2.5588e+05,0.003539,0,0,0,0,0,0,0,0,0,0.44185,0,0,0,0,0
67,266,25.434,3370.6,2.5588e+05,0.003538,0,0,0,0,0,83.098,0,0,18.081,0.89874,0,0,0,0,0
67,266,25.434,3370.6,2.5588e+05,0.00315,0,0,0,0,0,0.059897,0,0,0,3.6687,0,0,0,0,0
67,266,25.434,3370.6,2.5588e+05,8.818,0,0,0,0,0,0,0,0,0,4.1401,0,0,0,0,0
67,266,25.434,3370.6,2.5588e+05,0,0,0,0,0,0,0,0,0,0,4.1988,0,0,0,0,0
67,266,25.434,3370.6,2.5588e+05,0.15897,0,0,0,0,0,0,0,0,0,0.072463,0,0,0,0,0
67,266,25.434,3370.6,2.5588e+05,12.644,0,2.5204,0.012881,0,0.82401,0,0,0,0,5.2662,0,0,0,0,0
67,266,25.434,3370.6,2.5588e+05,0,0,0,0,0,0,0,0,0,4.212,0.072463,0,0,0,0,0
67,266,25.434,3370.6,2.5588e+05,0,0,0,0,0,0,10.054,0,0,0,0.17677,0,0,0,0,0
67,266,25.434,3370.6,2.5588e+05,0,0,0,0,0,0,0,0,0,0,0.072463,0,0,0,0,50.559
67,266,25.434,3370.6,2.5588e+05,0.010507,0,0,0,0,0,0,0,0,0,2.0031,0,0,0,0,0
67,266,25.434,3370.6,2.5588e+05,3.3912,0,0,0,0,20.354,21.105,0,0,0,29.357,0,0,0,0,0
67,266,25.434,3370.6,2.5588e+05,0.49976,0,0,0,0,0.10968,0,0,0,0,1.1286,0,0,0,0,0
67,266,25.434,3370.6,2.5588e+05,8.718,0,0.27042,0,0,0,0,0,0,0,0.072463,0,0,0,0,0
67,266,25.434,3370.6,2.5588e+05,14.131,0,0,0.003481,0,0.86913,0,0,0,0,0.072463,0,0,0,0,0
67,266,25.434,3370.6,2.5588e+05,0.001326,0,0,0.008333,0,0,0,0,0,0,7.1639,0,0,0,0,0
67,266,25.434,3370.6,2.5588e+05,0.011426,0,0,11.848,0,0.79502,0,0,0,0,0.072463,0,0,0,0,0
67,266,25.434,3370.6,2.5588e+05,0.008333,0,0,0,0,0,0,0,0,1.0139,18.07,0,0,0,0,0
67,266,25.434,3370.6,2.5588e+05,0.26008,0,0,0,0,0,0,0,0,18.081,0.70288,0,0,0,0,0
67,266,25.434,3370.6,2.5588e+05,0.00315,0,0,0,0,0,0.008333,0,0,0,4.3915,0,0,0,0,0
67,266,25.434,3370.6,2.5588e+05,0.000688,0,0,0,0,0,20.735,0,0,0,0.072463,0,0,0,0,0
67,266,25.434,3370.6,2.5588e+05,0,0,0,0,0,0.003127,0,0,0,0,14.085,0,0,0,0,0
67,266,25.434,3370.6,2.5588e+05,0,0,0,0.58005,0,0,0,0,0,0,7.5569,0,0,0,0,0
67,266,25.434,3370.6,2.5588e+05,0.00021,0,0,0.069106,0,0,0.40452,0,0,8.0476,0.56072,0,0,0,0,0
67,266,25.434,3370.6,2.5588e+05,0,0,0,0,0,0,543.05,0,0,0,0.88914,0,0,0,0,0
67,266,25.434,3370.6,2.5588e+05,0,0,0,0,0,0,0,0,0,0,10.868,0,0,0,0,0
67,266,25.434,3370.6,2.5588e+05,0.030564,0,0,0,0,0.013684,0,0,0,0,0.13302,0,0,0,0,0
67,266,25.434,3370.6,2.5588e+05,0.057399,0,0,0,0,0,0,0,0,0,0.072463,0,0,0,0,0
67,266,25.434,3370.6,2.5588e+05,0.000716,0,0,0,0,0,110.03,0,0,0,0.072463,0,0,0,0,0
67,266,25.434,3370.6,2.5588e+05,0.008333,0,0,0,0,0,127.55,0,0,0,0.072463,0,0,0,0,0
67,266,25.434,3370.6,2.5588e+05,0.04343,0,0,0,0,0,0.40452,0,0,0.44682,5.8763,0,0,0,0,0
67,266,25.434,3370.6,2.5588e+05,0,0,0,0,0,0,0,0,0,0,3.5283,0,0,0,0,0
67,266,25.434,3370.6,2.5588e+05,0.020276,0,0,0.030859,0,0,0,0,0,0,35.005,0,0,0,0,0
67,266,25.434,3370.6,2.5588e+05,0,0,0,0,0,0.79321,0,0,0,0,0.072463,0,0,0,0,0
67,266,25.434,3370.6,2.5588e+05,0,0,0,0,0,0,0.60778,0,0,0,39.253,0,0,0,0,0
67,266,25.434,3370.6,2.5588e+05,5.0722,0,0,0,0,0,12.547,0,0,0,11.921,0,0,0,0,0
67,266,25.434,3370.6,2.5588e+05,0,0,0,0,0,0,0,0,0,0,4.2561,0,0,0,0,0
67,266,25.434,3370.6,2.5588e+05,0.1169,0,0,0,0,0,0,0,0,0,8.2965,0,0,0,0,0
67,266,25.434,3370.6,2.5588e+05,0.010107,0,0,0,0,0,0,0,0,0,8.2965,0,0,0,178.02,0
67,266,25.434,3370.6,2.5588e+05,0.005239,0,0,0,0.62232,0,0.002308,0,0,0,0.20357,0,0,0,0,0
67,266,25.434,3370.6,2.5588e+05,0.11315,0,0,0,0,0,0,0,0,0,0.072463,0,0,0,0,0
67,266,25.434,3370.6,2.5588e+05,0.008333,0,0,2.1765,0,0,0,0,0,0,9.2784,0,0,0,0,0
67,266,25.434,3370.6,2.5588e+05,0.008333,0,0,0.007984,0,0,0,0,0,0,0.13056,0,0,0,0,0
67,266,25.434,3370.6,2.5588e+05,1.5074,0,0,0,0,0,0,0,0,0,0.072463,0,0,0,0,0
67,266,25.434,3370.6,2.5588e+05,0.008333,0,0,0,0,0,0,0,0,0,21.049,0,0,0,0,0
67,266,25.434,3370.6,2.5588e+05,0.003539,0,0,0,0,0,0,0,0,0.14685,0.072463,0,0,0,0,0
67,266,25.434,3370.6,2.5588e+05,0.0059258,0,0.002355,0,0,0,0.002308,0,0,0,0.072463,0,0,0,0,0
67,266,25.434,3370.6,2.5588e+05,0.011819,0,0.0015715,0,0,0.003416,0,0,0,19.403,0.072463,0,0,0,0,0
67,266,25.434,3370.6,2.5588e+05,0,0,0,0.008333,0,0,0,0,0,0,83.699,0,0,0,0,0
67,266,25.434,3370.6,2.5588e+05,0.79972,0,0,0.000307,0,0,0,0,0,0,0.35299,0,0,0,0,0
67,266,25.434,3370.6,2.5588e+05,0.1285,0,0,0,0,0,0,0,0,0,2.9989,0,0,0,36.257,0
67,266,25.434,3370.6,2.5588e+05,1.2812,0,0,0,0,0,0,0,0,0,9.3601,0,0,0,0,0
67,266,25.434,3370.6,2.5588e+05,0,0,0,13.595,0,0,3.7858,0,0,0,0.072463,0,0,0,0,0
67,266,25.434,3370.6,2.5588e+05,14.131,0,0,0,0,0,0.13028,0,0,0,11.144,0,0,0,0,0
67,266,25.434,3370.6,2.5588e+05,0.003465,0,0,0,2.0857,0.84317,0,0,0,0,31.416,0,0,0,0,0
67,266,25.434,3370.6,2.5588e+05,0.61605,0,0,0,0,0,0,0,0,0,0.88276,0,0,0,0,0
67,266,25.434,3370.6,2.5588e+05,0,0,0,24.485,0,0,0,0,0,0,13.2,0,0,0,0,0
67,266,25.434,3370.6,2.5588e+05,0.016573,0,0.024781,0.005239,0,0,0,0,0,0,3.6491,0,0,0,108.23,0
67,266,25.434,3370.6,2.5588e+05,0.03517,0,0,0.002031,0,0.0062361,0,0,0,3.4087,0.072463,0,0,0,0,0
67,266,25.434,3370.6,2.5588e+05,0.0059258,0,11.393,13.595,0,0,0,0,0,0,1.2644,0,0,0,0,0
67,266,25.434,3370.6,2.5588e+05,0,0,0,0,0,0,0,0,0,0,1.6654,0,0,0,0,0
67,266,25.434,3370.6,2.5588e+05,14.236,0,0,0,0,0,0.13028,0,0,0,16.495,0,0,0,0,0
67,266,25.434,3370.6,2.5588e+05,0,0,0,0,0,0,0,0,0,0,0.94645,0,0,0,0,0
67,266,25.434,3370.6,2.5588e+05,0,0,0,0,0,0,0,0,0,0,0.75032,0,0,0,0,0
67,266,25.434,3370.6,2.5588e+05,0.02506,0,0,0,0,0,0,0,0,0,17.634,0,0,0,0,0
67,266,25.434,3370.6,2.5588e+05,0.004143,0,0,10.613,0,0.005239,0,0,0,0,0.072463,0,0,0,0,0
67,266,25.434,3370.6,2.5588e+05,0.22056,0,0,0,0,0.47009,1.8139,0,0,0,0.072463,0,0,0,0,0
67,266,25.434,3370.6,2.5588e+05,0.070183,0,0,0,0,0,0,0,0,0,0.072463,0,0,0,0,0
67,266,25.434,3370.6,2.5588e+05,0,0,0,0,0.008333,0,0,0,0,0,0.072463,0,0,0,0,0
67,266,25.434,3370.6,2.5588e+05,0,0,0,0,0.040393,0,0,0,0,0,85.278,0,0,0,0,0
67,266,25.434,3370.6,2.5588e+05,166.14,0,0,0,0,0,0,0,0,0,0.15015,0,0,0,0,0
67,266,25.434,3370.6,2.5588e+05,0.010699,0,0,0,0,0,0,0,0,0,0.072463,0,0,0,0,0
67,266,25.434,3370.6,2.5588e+05,0.002195,0,0,0,0,0,0,0,0,0,0.27752,0,0,0,0,0
67,266,25.434,3370.6,2.5588e+05,0.10792,0,0,14.111,0,0,0,0,0,0,33.814,0,0,0,1.7257,0
68,267,10.296,9271.3,7.0383e+05,0,0,0,0.008332,0,0.60971,0.80873,0,0,0,7.2936,0,0,0,0,0
68,267,10.296,9271.3,7.0383e+05,32.217,0.031733,0,0,7.0454,0,0,0,0,0,0.072463,0,0,0,0,0
68,267,10.296,9271.3,7.0383e+05,0.02912,0,0,0,0,0,0,0,0,0,0.072463,0,0,0,0,0
68,267,10.296,9271.3,7.0383e+05,0.14797,0,0,0,0,0.39946,543.05,0,0,0,2.9142,0,0,0,0,0
68,267,10.296,9271.3,7.0383e+05,7.2282,0,0,0,0,0,0.13028,0.3794,0,0,0.75066,0,0,0,0,0
68,267,10.296,9271.3,7.0383e+05,5.2625,0,0,0,0,0,11.006,0,0,0,0.072463,0,0,0,0,0
68,267,10.296,9271.3,7.0383e+05,0,0,0,0,0,0,21.91,0,0,0,11.144,0,0,0,0,0
68,267,10.296,9271.3,7.0383e+05,1.8156,0,0.0015715,0,0,0,0,0,0,0,12.122,0,0,0,0,0
68,267,10.296,9271.3,7.0383e+05,0.008333,0,12.672,0,0,0.00524,0,0,0,5.7231,0.072463,0,0,0,0,0
68,267,10.296,9271.3,7.0383e+05,0.27667,0,0,0,0,0,0,0,0,0,0.13039,0,0,0,0,0
68,267,10.296,9271.3,7.0383e+05,0,0,0,0.023408,0,0.36611,0,0,0,5.7109,0.072463,0,0,0,0,0
68,267,10.296,9271.3,7.0383e+05,0.007987,0,0,0,0,0,53.389,0,0,0,0.072463,0,0,0,0,0
68,267,10.296,9271.3,7.0383e+05,0.0053435,0,0,0,0,0.41957,0,0,0,0,0.15504,0,0,0,0,0
68,267,10.296,9271.3,7.0383e+05,0.14452,0,0,0.003416,0,206.36,0,0,0,0,3.5283,0,0,0,0,0
68,267,10.296,9271.3,7.0383e+05,0,0,0,0,0,0,0,0,0,0,0.89874,0,0,0,0,0
68,267,10.296,9271.3,7.0383e+05,0.003355,0,0,0,0,0,0,0,0,0,5.5039,0,0,0,0,0
68,267,10.296,9271.3,7.0383e+05,0.20337,0,0,0,0,0.80357,0,0,0,0.18355,5.0082,0,0,0,0,0
68,267,10.296,9271.3,7.0383e+05,0.0065058,0,0,0,0,0.81324,0,0,0,0,0.072463,0,0,0,0,0
68,267,10.296,9271.3,7.0383e+05,0.01814,0,0,0,0,0,0,0,0,0,0.13671,0,0,0,0,0
68,267,10.296,9271.3,7.0383e+05,10.716,0,0,0,0,0,0,0,0,1.0245,21.593,0,0,0,0,0
68,267,10.296,9271.3,7.0383e+05,0.01781,0,0,0,0.008333,0,0,0,0,0,0.63695,0,0,0,0,0
68,267,10.296,9271.3,7.0383e+05,0.051946,0,0,0.94614,0,0,0,0,0,0,33.814,0,0,0,0,0
68,267,10.296,9271.3,7.0383e+05,0.024583,0,0,0,0,0.52156,0,0,0,0,20.948,0,0,0,0,0
68,267,10.296,9271.3,7.0383e+05,0.000126,0,0,0,0,0.79926,0,0,0,0,0.15843,0,0,0,0,0
68,267,10.296,9271.3,7.0383e+05,0.54667,0,0,3.6299,0,1.4656,0,0,0,0,2.8119,0,0,0,0,0
68,267,10.296,9271.3,7.0383e+05,0.96353,0,0,0.007221,0,0,0,0,0,0,1.1286,0,0,0,0,0
68,267,10.296,9271.3,7.0383e+05,0.008333,0,0,0,0,0,0.10863,0,0,0,0.52131,0,0,0,0,0
68,267,10.296,9271.3,7.0383e+05,0,0,0,0.60253,0,0,0.42744,0,0,0,0.072463,0,0,0,0,0
68,267,10.296,9271.3,7.0383e+05,0.1851,0,0,0,0,0,0,0,0,13.788,0.072463,0,0,0,0,0
68,267,10.296,9271.3,7.0383e+05,0.013285,0,0,0,0,0,0.13028,0,0,0,0.13146,0,0,0,0,0
68,267,10.296,9271.3,7.0383e+05,0.008335,0,0,0,0,0,0,0,0,0,4.1559,0,0,0,0,0
68,267,10.296,9271.3,7.0383e+05,0.07654,0,0.015817,0,0,0.012422,0,0,0,0,2.5252,0,0,0,0,0
68,267,10.296,9271.3,7.0383e+05,0,0,0,0.002031,0,0,0,0,0,1.0245,13.426,0,0,0,0,0
68,267,10.296,9271.3,7.0383e+05,0.10392,0,0,0.003346,0.00524,2.839,0,0,0,3.4087,1.8818,0,0,0,0,0
68,267,10.296,9271.3,7.0383e+05,0,0,0,0,0,0,0,0,0,0,0.70364,0,0,0,0,0
68,267,10.296,9271.3,7.0383e+05,0,0,0,1.515,0,0,0,0,0,0,21.937,0,0,0,0,0
68,267,10.296,9271.3,7.0383e+05,3.0601,0,0,0,0,6.4575,0.13028,0,0,0,0.086791,0,0,0,0,0
68,267,10.296,9271.3,7.0383e+05,0.00524,0,0,0,0,0,0,0,0,0,0.12977,0,0,0,0,0
68,267,10.296,9271.3,7.0383e+05,0.18706,0,0,0,0,0,0,0,0,0,0.072463,0,0,0,0,0
68,267,10.296,9271.3,7.0383e+05,0.013573,0,0,0,0.042446,0,0,0,0,0,0.072463,0,0,0,0,0
68,267,10.296,9271.3,7.0383e+05,0.080627,0,0,0,0,0,0,0,0,0,1.0611,0,0,0,0,0
68,267,10.296,9271.3,7.0383e+05,0.31332,0,0,0.65091,0,0,0,0,0,0,25.046,0,0,0,0,0
68,267,10.296,9271.3,7.0383e+05,0.007328,0,0,0,0,0,0,0,0,0,9.4141,0,0,0,0,0
68,267,10.296,9271.3,7.0383e+05,8.1e-05,0,0,0,0,0.79591,0,0,0,0,0.61033,0,0,0,0,0
68,267,10.296,9271.3,7.0383e+05,0,0,0,4.6515,0,0,0,0,0,0,0.086791,0,0,0,0,0
68,267,10.296,9271.3,7.0383e+05,0.031326,0,0.56366,0,0,0,0,0,0,0,4.8317,0,0,0,0,0
68,267,10.296,9271.3,7.0383e+05,0.023372,0,0,0,0,0,0,0,0,0,14.637,0,0,0,0,0
68,267,10.296,9271.3,7.0383e+05,0.017176,0,0,0,0,0,30.454,0,0,0,0.072463,0,0,0,111.59,0
68,267,10.296,9271.3,7.0383e+05,0.003734,0,0,0,0,0,0,0,0,0,7.0787,0,0,0,0,0
68,267,10.296,9271.3,7.0383e+05,0.073391,0,0.42921,0,0,0,0,0,0,0,0.56072,0,0,0,0,0
68,267,10.296,9271.3,7.0383e+05,0,0,0,0,0,0,2.4695,0,0,0,0.072463,0,0,0,0,0
68,267,10.296,9271.3,7.0383e+05,0.00062,0,0,0,0,0.83596,0,0,0,0,13.397,0,0,0,0,0
68,267,10.296,9271.3,7.0383e+05,0.45089,0,0,0,0,0,5.6045,0,0,36.785,0.21574,0,0,0,0,0
68,267,10.296,9271.3,7.0383e+05,1.0733,0,0,0,0,0,2.4766,0,0,0,0.91404,0,0,0,0,0
68,267,10.296,9271.3,7.0383e+05,0,0,0,0,0,0.000887,0,0,0,0,0.072463,0,0,0,0,0
68,267,10.296,9271.3,7.0383e+05,2.6595,0,0,0,0.008333,0,0,0,0,0,0.072463,0,0,0,0,0
68,267,10.296,9271.3,7.0383e+05,34.541,0,0,0,0,0,0.13028,0,0,0,0.072463,0,0,0,0,0
68,267,10.296,9271.3,7.0383e+05,0,0,0,0,0,0,0,0,0,0,0.072463,0,0,0,0,0
68,267,10.296,9271.3,7.0383e+05,0.0024845,0,0,0,0,0,0.13028,0,0,0,3.6687,0,0,0,0,0
68,267,10.296,9271.3,7.0383e+05,3.5888,0,0,0,0,0.001463,0,0,0,0,0.072463,0,0,0,0,0
68,267,10.296,9271.3,7.0383e+05,3.9744,0,0,14.814,0,0,0.13028,0,0,0,0.79939,0,0,0,0,0
68,267,10.296,9271.3,7.0383e+05,0.008333,0,0,0.002139,0,0,0,0,0,0,0.086791,0,0,0,0,0
68,267,10.296,9271.3,7.0383e+05,0.011819,0,0,0,0,0,0,0,0,0,0.072463,0,0,0,0,0
68,267,10.296,9271.3,7.0383e+05,0.030564,0,0,0,0,0,0.60778,0,0,1.1034,3.1243,0,0,0,0,0
68,267,10.296,9271.3,7.0383e+05,43.684,0,0,0,0,0,0,0,0,0,7.7869,0,0,0,0,0
68,267,10.296,9271.3,7.0383e+05,0,0,0,0,0,0,0,0,0,0,6.0336,0,0,0,0,0
68,267,10.296,9271.3,7.0383e+05,0.035175,0,0,0,0,0,0,0,0,0,0.072463,0,0,0,0,0
68,267,10.296,9271.3,7.0383e+05,0.058471,0,0,0,0,0,25.566,0,0,1.5851,3.5581,0,0,0,0,0
68,267,10.296,9271.3,7.0383e+05,0,0,0,0.005239,0,0,0,0,0,0,1.86,0,0,0,0,0
68,267,10.296,9271.3,7.0383e+05,0.019391,0,0,0.010527,6.0506,0,0,0,0,0,0.072463,0,0,0,0,0
68,267,10.296,9271.3,7.0383e+05,4.1132,0,0,0.93265,0,0,0,0,0,0,0.072463,0,0,0,0,0
68,267,10.296,9271.3,7.0383e+05,0.077688,0,0,0,0.057708,0,0,0,0,0,0.13056,0,0,0,0,0
68,267,10.296,9271.3,7.0383e+05,5.3289,0,0,0,0,0.85832,0.059897,0,0,0.44575,6.4921,0,0,0,0,0
68,267,10.296,9271.3,7.0383e+05,2.5374,0,0,0,0.06692,0,0,0,0,0,3.8693,0,0,0,0,0
68,267,10.296,9271.3,7.0383e+05,0.013872,0,0,1.0054,0,0,0,0,0,0,0.072463,0,0,0,0,0
68,267,10.296,9271.3,7.0383e+05,0.003355,0,0,0,0,0,0,0,0,0,12.291,0,0,0,0,0
68,267,10.296,9271.3,7.0383e+05,0.00676,0,0,0,0,0.003416,0,0,0,0,12.207,0,0,0,0,0
68,267,10.296,9271.3,7.0383e+05,0,0,0,0,0.048644,0,0,0,0,0,0.072463,0,0,0,0,0
68,267,10.296,9271.3,7.0383e+05,9.7952,0,0,309.71,0,0.36611,0,0,0,9.1622,0.15843,0,0,0,0,0
68,267,10.296,9271.3,7.0383e+05,2.5374,0,0,1.515,0,7.8e-05,0,0,0,7.8617,1.9775,0,0,0,0,0
68,267,10.296,9271.3,7.0383e+05,0.029669,0,0,0,0,0,0,0,0,0,0.072463,0,0,0,0,0
68,267,10.296,9271.3,7.0383e+05,0,0,0,0,0,0,11.006,0,0,0,12.207,0,0,0,0,0
68,267,10.296,9271.3,7.0383e+05,0.0034765,0,0,0,0,0,0,0,0,0,31.829,0,0,0,0,0
68,267,10.296,9271.3,7.0383e+05,0.18706,0,0,0.008333,0,0,0,0,0,0,0.15015,0,0,0,0,0
68,267,10.296,9271.3,7.0383e+05,0,0,0,0.007148,0,0,18.746,0,0,0,3.1177,0,0,0,0,0
68,267,10.296,9271.3,7.0383e+05,0.003416,0,0,0,0,0,0,0,0,0,0.50053,0,0,0,0,0
68,267,10.296,9271.3,7.0383e+05,0.016238,0,0,0,0,0,0,0,0,0,0.072463,0,0,0,0,0
68,267,10.296,9271.3,7.0383e+05,0,0,0,0,0,138.38,0,0,0,0.18355,0.072463,0,0,0,0,0
68,267,10.296,9271.3,7.0383e+05,0.39276,0,0,0,0,0.52156,0,0,0,0,0.88605,0,0,0,0,0
68,267,10.296,9271.3,7.0383e+05,1.3301,0,0,0,0,0,0,0,0,0,7.1639,0,0,0,0,0
68,267,10.296,9271.3,7.0383e+05,0,0,0,0,0.6968,0,0,0,0,0,1.2836,0,0,0,0,0
68,267,10.296,9271.3,7.0383e+05,3.3912,0,0.058099,0,0,0,28.484,0,0,0,0.072463,0,0,0,0,0
68,267,10.296,9271.3,7.0383e+05,0.00714,0,0,0.008333,0.026473,0,0,0,0,0,7.6519,0,0,0,0,0
68,267,10.296,9271.3,7.0383e+05,0.013572,0,78.911,0.17925,0.024069,0,0.80873,0,0,0,14.085,0,0,0,0,0
68,267,10.296,9271.3,7.0383e+05,0.49233,0,0,0,0,0.00524,0,0,0,8.4961,0.072463,0,0,0,0,0
68,267,10.296,9271.3,7.0383e+05,0,0,0,0.014978,0,0,0,0,0,0,3.7338,0,0,0,0,0
68,267,10.296,9271.3,7.0383e+05,0.080627,0,0,0,0,0,252.9,0,0,0,0.072463,0,0,0,0,0
68,267,10.296,9271.3,7.0383e+05,0,0,0,0.021737,0,0,0,0,0,0,0.56339,0,0,0,0,0
68,267,10.296,9271.3,7.0383e+05,0,0,0,0,0,0,0,0,0,0,0.072463,0,0,0,0,0
68,267,10.296,9271.3,7.0383e+05,0.0009755,0,0,0,0,0,0.13028,0,0,0,0.072463,0,0,0,0,0
68,267,10.296,9271.3,7.0383e+05,0.26008,0,0,0,0,0,0,0,0,0,3.1286,0,0,0,0,0
68,267,10.296,9271.3,7.0383e+05,0,0,0,0.17047,0,0,0,0,0,0,1.2836,0,0,0,0,0
68,267,10.296,9271.3,7.0383e+05,0,0,0,0,0,0,0,0,0,0,0.12913,0,0,0,0,0
68,267,10.296,9271.3,7.0383e+05,0.07157,0,0.45522,0.00824,0.008333,0,0,0,0,0.18086,59.217,0,0,0,0,0
68,267,10.296,9271.3,7.0383e+05,0.41171,0,0,0,0,0,0,0,0,0,0.72803,0,0,0,0,0
68,267,10.296,9271.3,7.0383e+05,0.51403,0,0,0,0,0,0,0,0,0,0.086791,0,0,0,0,0
68,267,10.296,9271.3,7.0383e+05,0.015988,0,0,0,0,0,0,0,0,0,0.072463,0,0,0,0,0
68,267,10.296,9271.3,7.0383e+05,1.2812,0,0,0,0,0,0,0,0,1.4449,0.12949,0,0,0,14.872,0
68,267,10.296,9271.3,7.0383e+05,0,0,0,0,0,0,0,0,0,0,0.086791,0,0,0,0,0
68,267,10.296,9271.3,7.0383e+05,0.083807,0,0,0,0,0,1.7382,0,0,0,0.072463,0,0,0,0,0
68,267,10.296,9271.3,7.0383e+05,0.015554,0,0,0,0,0,0.002308,0,0,0,0.072463,0,0,0,0,0
68,267,10.296,9271.3,7.0383e+05,1.0465,0,0,0,0,0,0.13028,0,0,0,0.072463,0,0,0,0,0
68,267,10.296,9271.3,7.0383e+05,34.541,0,0,0,0,0.013573,0,0,0,127.87,5.1452,0,0,0,0,0
68,267,10.296,9271.3,7.0383e+05,0.00524,0,0,0,0,0.007897,0.13028,0,0,0,0.072463,0,0,0,0,0
68,267,10.296,9271.3,7.0383e+05,0.20484,0,0.097814,0,0,5.9727,0.10863,0,0,0,0.25674,0,0,0,0,0
68,267,10.296,9271.3,7.0383e+05,4.3639,0,0,0,0,0,0,0,0,0,1.1327,0,0,0,75.579,0
68,267,10.296,9271.3,7.0383e+05,0.09235,0,0,0.018595,0,0,0,0,0,0,72.134,0,0,0,0,0
68,267,10.296,9271.3,7.0383e+05,0,0,0,0.001493,0,0,0,0,0,0,7.1646,0,0,0,0,0
68,267,10.296,9271.3,7.0383e+05,0.012198,0,0,0,0,0,17.762,0,0,0,17.634,0,0,0,0,0
68,267,10.296,9271.3,7.0383e+05,0.074682,0,0,2.2024,0,0,0,0,0,0,0.072463,0,0,0,0,0
68,267,10.296,9271.3,7.0383e+05,0.008333,0,0,0,0,0,0,0,0,0,10.847,0,0,0,0,0
68,267,10.296,9271.3,7.0383e+05,5.4745,0,0.72456,0,0,0,11.876,0,0,0,0.13302,0,0,0,0,0
68,267,10.296,9271.3,7.0383e+05,0.053218,0,0,3.4064,0,0,0,0,0,0,0.072463,0,0,0,0,0
68,267,10.296,9271.3,7.0383e+05,0.007221,0,0,0,0.008335,0,0,0,0,0.39237,27.869,0,0,0,0,0
68,267,10.296,9271.3,7.0383e+05,1.7901,0,0,0.008333,0,0.016404,0.60778,0,0,0,0.072463,0,0,0,0,0
68,267,10.296,9271.3,7.0383e+05,0,0,0,0.014978,0,0,0,0,0,0,0.072463,0,0,0,0,0
68,267,10.296,9271.3,7.0383e+05,0.018344,0,0,0,5.2355,0,168.81,0,0,0,0.072463,0,0,0,0,0
68,267,10.296,9271.3,7.0383e+05,0.00524,0,0,0,0,0.55962,0,0,0,0,0.072463,0,0,0,0,0
68,267,10.296,9271.3,7.0383e+05,1.5338,0,0,0,0,0.000251,3.7858,0,0,0,83.699,0,0,0,0,0
68,267,10.296,9271.3,7.0383e+05,12.644,0,0,0,0,0,0,0,0,0,7.2936,0,0,0,0,0
68,267,10.296,9271.3,7.0383e+05,0.32813,0,0,0,0,0.79321,0,0,0,0,0.072463,0,0,0,0,0
68,267,10.296,9271.3,7.0383e+05,0.48289,0,0,0.06308,0,0,0,0,0,0,9.4141,0,0,0,0,0
68,267,10.296,9271.3,7.0383e+05,0.008335,0,0,0.32821,0,0,27.37,0,0,0,0.072463,0,0,0,0,0
68,267,10.296,9271.3,7.0383e+05,0.016666,0,0,1.2253,0,0,0.13028,0.084865,0,0,5.955,0,0,0,0,0
68,267,10.296,9271.3,7.0383e+05,0.0072505,0,0,0,0,0,0,0,0,0,0.072463,0,0,0,0,0
68,267,10.296,9271.3,7.0383e+05,0.50894,0,0,0,0,0,5.5119,0,0,0,0.072463,0,0,0,0,0
68,267,10.296,9271.3,7.0383e+05,0.011131,0,0,0.008333,0,0,0,0,0,0,0.072463,0,0,0,0,0
68,267,10.296,9271.3,7.0383e+05,0.3242,0,0,0.008333,0,0,0,0,0,0,6.8752,0,0,0,0,0
68,267,10.296,9271.3,7.0383e+05,0.023679,0,0,14.111,0,2.235,0,0,0,0,6.7491,0,0,0,0,0
68,267,10.296,9271.3,7.0383e+05,0.047045,0,0,0,0.008333,0,0,0,0,3.8254,3.896,0,0,0,0,0
68,267,10.296,9271.3,7.0383e+05,0,0,0,0,0,0,0,0,0,0,0.072463,0,0,0,0,0
68,267,10.296,9271.3,7.0383e+05,0,0,0,0,0,0,0,0,0,0,10.052,0,0,0,0,0
68,267,10.296,9271.3,7.0383e+05,1.2321,0,0,0,0.00043,0,0,0,0,0.65812,0.072463,0,0,0,0,0
68,267,10.296,9271.3,7.0383e+05,0.060034,0,0,0,0,0,486.71,0,0,0,5.1015,0,0,0,0,0
68,267,10.296,9271.3,7.0383e+05,3.1501,0,0,0,0,0,0,0,0,0,3.7338,0,0,0,0,0
68,267,10.296,9271.3,7.0383e+05,1.8842,0,0,0,0,0,0,0,0,0,0.072463,0,0,0,0,0
68,267,10.296,9271.3,7.0383e+05,0,0,0,0,0,0,0,0,0,0,4.643,0,0,0,0,0
68,267,10.296,9271.3,7.0383e+05,0,0,0,0,0,0,0,0,0,0,0.072463,0,0,0,0,0
68,267,10.296,9271.3,7.0383e+05,0.078318,0,0,0.63056,0,0,0,0,0,0,0.13394,0,0,0,0,0
68,267,10.296,9271.3,7.0383e+05,0,0,0,0,0,0,28.892,0,0,0,8.2077,0,0,0,0,1251.6
68,267,10.296,9271.3,7.0383e+05,5.9697,0,0,0,0,0,0,0,0,0,17.924,0,0,0,0,0
68,267,10.296,9271.3,7.0383e+05,0.031726,0,0,3.3159,0,0,0.42744,0,0,0,0.13854,0,0,0,0,0
68,267,10.296,9271.3,7.0383e+05,206.68,0,0,0,0,0,0,0,0,0,0.072463,0,0,0,0,0
68,267,10.296,9271.3,7.0383e+05,0.040277,0,0,0,0,0,0,0,0,0,3.4221,0,0,0,229.31,0
68,267,10.296,9271.3,7.0383e+05,0.005239,0,0,0.0068531,0,0,3.929,0,0,0,0.072463,0,0,0,0,0
68,267,10.296,9271.3,7.0383e+05,0.008333,0,0,0,0,0,0,0,0,0,0.072463,0,0,0,0,0
68,267,10.296,9271.3,7.0383e+05,2.1757,0,0,0,0.053527,0,0,0,0,2.6253,0.072463,0,0,0,0,0
68,267,10.296,9271.3,7.0383e+05,0.016666,0,0,0.008333,13.298,0,0,0,0,0,0.56922,0,0,0,0,0
68,267,10.296,9271.3,7.0383e+05,0.003468,0,0,0,0,7.7207,0,0,0,0,0.086791,0,0,0,0,0
68,267,10.296,9271.3,7.0383e+05,0.0092508,0,0,0,0,0,0.13028,0,0,1.0076,6.7491,0,0,0,0,0
68,267,10.296,9271.3,7.0383e+05,0.063818,0,0,0,0,2.0764,0,0,0,0,2.0425,0,0,0,0,0
68,267,10.296,9271.3,7.0383e+05,0,0,0.028444,0.99138,0,0,0,0,0,0,1.1196,0,0,0,0,0
68,267,10.296,9271.3,7.0383e+05,0.032465,0,0,0,0,0,547,0,0,0,0.12949,0,0,0,0,0
68,267,10.296,9271.3,7.0383e+05,0,0,0,0,0,0,0.059897,0,0,0,0.072463,0,0,0,0,0
68,267,10.296,9271.3,7.0383e+05,0.008333,0,0,0,0,0,0.13028,0,0,0,7.2936,0,0,0,0,0
68,267,10.296,9271.3,7.0383e+05,11.942,0,0,0,0,0,0,0,0,0,1.1196,0,0,0,0,0
68,267,10.296,9271.3,7.0383e+05,0.02506,0,0,0,0,0,0,0,0,0,5.2094,0,0,0,0,0
68,267,10.296,9271.3,7.0383e+05,0.23802,0,0,0,0,0.067966,28.088,0,0,0,0.072463,0,0,0,0,0
68,267,10.296,9271.3,7.0383e+05,0,0,0,0,0,0,0,0,0,0,0.072463,0,0,0,0,0
68,267,10.296,9271.3,7.0383e+05,0,0,0,0,0,0.8482,0,0,0,0,25.166,0,0,0,0,0
68,267,10.296,9271.3,7.0383e+05,0.32104,0,0,0,0,0,0,0,0,0,6.0336,0,0,0,0,0
68,267,10.296,9271.3,7.0383e+05,0.03016,0,0,0.003821,0,0,0,0,0,0,0.072463,0,0,0,0,0
68,267,10.296,9271.3,7.0383e+05,4.4705,0,0,0.50938,0,0,0,0,0,0,0.072463,0,0,0,0,0
68,267,10.296,9271.3,7.0383e+05,0.011627,0,0,0.005239,0,0.013573,0,0,0,0,17.634,0,0,0,0,0
68,267,10.296,9271.3,7.0383e+05,0,0,0,0,0.00524,0,0,0,0,0,0.072463,0,0,0,0,0
68,267,10.296,9271.3,7.0383e+05,0.0048325,0,0,0,0,2.7295,0,0,0,0,0.072463,0,0,0,0,0
68,267,10.296,9271.3,7.0383e+05,1.3271,0,0,0.008333,0,0,0,0.002011,0,0,2.5252,0,0,0,0,0
68,267,10.296,9271.3,7.0383e+05,0.011131,0,18.165,0,0,0,0.13028,0,0,0,2.286,0,0,0,0,0
68,267,10.296,9271.3,7.0383e+05,0,0,0,0,0,0.90217,0,0,0,0,0.072463,0,0,0,0,0
68,267,10.296,9271.3,7.0383e+05,0.077688,0,0,0,0,0,0,0,0,0,14.75,0,0,0,0,0
68,267,10.296,9271.3,7.0383e+05,0,0,0,0,0,0,0,0,0,0,35.005,0,0,0,0,0
68,267,10.296,9271.3,7.0383e+05,47.895,0,0,0,0,0,0,0,0,0,7.5569,0,0,0,0,0
68,267,10.296,9271.3,7.0383e+05,0.0092508,0,0,0,0,0,0,0,0,0,6.7175,0,0,0,0,0
68,267,10.296,9271.3,7.0383e+05,0.010002,0,0,0.008333,0,0,0,0,0,0.4212,0.086791,0,0,0,0,0
68,267,10.296,9271.3,7.0383e+05,1.1355,0,0,0,0,0,0,0,0,0,0.3228,0,0,0,0,0
68,267,10.296,9271.3,7.0383e+05,0.004588,0,0,0.0067817,0,0,0,0,0,1.7327,0.072463,0,0,0,0,0
68,267,10.296,9271.3,7.0383e+05,0.00676,0,0,0,0,1.3611,8.2001,0,0,0,0.072463,0,0,0,0,0
68,267,10.296,9271.3,7.0383e+05,0.031326,0,0,0,0,0,0,0,0,0,0.072463,0,0,0,0,0
68,267,10.296,9271.3,7.0383e+05,0.024709,0,0,0,0,0,0,0,0,0.27721,0.63695,0,0,0,0,0
68,267,10.296,9271.3,7.0383e+05,0.031139,0,0,22.787,0,0,0,0,0,0,1.1451,0,0,0,3.3114,0
68,267,10.296,9271.3,7.0383e+05,0.022631,0,0.030387,0.021906,0.49373,0,0,0,0,0,1.6706,0,0,0,0,0
68,267,10.296,9271.3,7.0383e+05,0,0,0,0,0,0.00524,0,0,0,0,7.6506,0,0,0,0,0
68,267,10.296,9271.3,7.0383e+05,0,0,0,0,0,0,0.13028,0,0,0,3.4221,0,0,0,0,0
68,267,10.296,9271.3,7.0383e+05,0.53631,0,0,0,0,0,0,0,0,0,4.0845,0,0,0,0,0
68,267,10.296,9271.3,7.0383e+05,0.12623,0,0,0,0,0,0,0,0,0,0.13505,0,0,0,0,0
68,267,10.296,9271.3,7.0383e+05,0.036732,0,0,0,0,0,0.021726,0,0,0,0.7142,0,0,0,0,0
68,267,10.296,9271.3,7.0383e+05,2.3451,0,0,0,0,0,0.021726,0,0,1.1822,39.746,0,0,0,0,0
68,267,10.296,9271.3,7.0383e+05,37.131,0,0,0.11161,0,0,0,0,0,0,0.072463,0,0,0,0,0
68,267,10.296,9271.3,7.0383e+05,0.074682,0,0,0,0,0,0.13028,0,0,0,2.0031,0,0,0,0,0
68,267,10.296,9271.3,7.0383e+05,0.0053435,0,0,0.8834,0,0,0,0,0,0,0.072463,0,0,0,0,0
68,267,10.296,9271.3,7.0383e+05,0.067604,0,0,0.0076281,0,0,0,0,0,0,0.072463,0,0,0,0,0
68,267,10.296,9271.3,7.0383e+05,1.0082,0,0,0.008321,0,0,0,0,0,0,0.072463,0,0,0,0,0
68,267,10.296,9271.3,7.0383e+05,32.217,0,0,0.008333,0,0,0,0,0,0,5.1452,0,0,0,0,0
68,267,10.296,9271.3,7.0383e+05,11.129,0,0,2.7423,0,0,0,0,0,0,0.072463,0,0,0,0,0
68,267,10.296,9271.3,7.0383e+05,0.89283,0,0,0,0,0,5.6355,0,0,0,7.0787,0,0,0,0,0
68,267,10.296,9271.3,7.0383e+05,0.00829,0,0,0,0,0,0.13028,0,0,0,3.4936,0,0,0,0,0
68,267,10.296,9271.3,7.0383e+05,0.1851,0,0,6.038,0,0,0,0,0,13.788,3.9998,0,0,0,0,0
68,267,10.296,9271.3,7.0383e+05,0.008567,0,0,0,0,0,0,0.51137,0,0,0.29757,0,0,0,0,0
68,267,10.296,9271.3,7.0383e+05,0.008333,0,0,10.613,0.008333,0,0,0,0,0,71.252,0,0,0,0,0
68,267,10.296,9271.3,7.0383e+05,0,0,0,0.030859,0,0.79321,0,0,0,0,35.011,0,0,0,425.51,0
68,267,10.296,9271.3,7.0383e+05,0,0,0.008584,0,3.2843,0,0,0,0,0,0.13353,0,0,0,0,0
68,267,10.296,9271.3,7.0383e+05,0.004345,0,0,0.000716,0,0,0,0,0,0,2.3236,0,0,0,0,0
68,267,10.296,9271.3,7.0383e+05,2.597,0,0,0,0,0.000887,0,0,0,0,0.13302,0,0,0,0,0
68,267,10.296,9271.3,7.0383e+05,0.85591,0,0,0,0,0,0,0,0,0,0.072463,0,0,0,0,0
68,267,10.296,9271.3,7.0383e+05,0.037248,0,5.7645,0,0,5.4632,18.465,0,0,0,4.1988,0,0,0,0,0
68,267,10.296,9271.3,7.0383e+05,1.8156,0,0,0,0,0,0,0,0,0,0.072463,0,0,0,0,0
68,267,10.296,9271.3,7.0383e+05,0,0,0,0.0053955,0,0,0,0,0,0,10.13,0,0,0,0,0
68,267,10.296,9271.3,7.0383e+05,0,0,0,0.003821,0,0,0,0,0,0,2.4569,0,0,0,0,0
68,267,10.296,9271.3,7.0383e+05,0.078303,0,0,0,0,0,0.13028,0,0,0,9.0272,0,0,0,0,0
68,267,10.296,9271.3,7.0383e+05,0.008333,0,0.13603,0,0,0,0,0,0,0,1.7329,0,0,0,0,0
68,267,10.296,9271.3,7.0383e+05,12.336,0,0,0,0,0.002011,0,0,0,0,0.072463,0,0,0,0,0
68,267,10.296,9271.3,7.0383e+05,0,0,0,0,0.0059417,0,0.13028,0,0,0,3.5398,0,0,0,0,0
68,267,10.296,9271.3,7.0383e+05,0.010107,0,0,0,0,0,0,0,0,0,3.2962,0,0,0,0,0
68,267,10.296,9271.3,7.0383e+05,0.06877,0,0,0,0,0,0,0,0,0,3.4411,0,0,0,0,0
68,267,10.296,9271.3,7.0383e+05,0.94326,0,0,0,0,0,0.002308,0,0,0,0.072463,0,0,0,0,0
68,267,10.296,9271.3,7.0383e+05,0.008333,0,0,0,0,0,0,0,0,8.5959,0.13873,0,0,0,0,0
68,267,10.296,9271.3,7.0383e+05,0,0,0,0.000739,0.0085905,0,0,0,0,0,0.072463,0,0,0,0,0
68,267,10.296,9271.3,7.0383e+05,3.8562,0,0,0.0084,0,0,0,0,0,0,0.072463,0,0,0,0,0
68,267,10.296,9271.3,7.0383e+05,1.8473,0,0,47.505,0.024069,0,0,0,0,0,0.17677,0,0,0,0,0
68,267,10.296,9271.3,7.0383e+05,0.031198,0,0,0,0,0.00014,0.13028,0,0,1.4449,0.072463,0,0,0,0,0
68,267,10.296,9271.3,7.0383e+05,0.074682,0,0,0,0,0,0,0,0,1.0167,11.706,0,0,0,0,0
68,267,10.296,9271.3,7.0383e+05,0.0059258,0,0,0,0,0.0071918,0,0,0,0,2.9989,0,0,0,0,0
68,267,10.296,9271.3,7.0383e+05,0.001292,0,0,0,0.002011,0.005239,34.997,0,0,0,0.072463,0,0,0,0,0
68,267,10.296,9271.3,7.0383e+05,0,0,0,0,0,0.31447,0,0,0,0,1.2644,0,0,0,0,0
68,267,10.296,9271.3,7.0383e+05,0.19151,0,0,1.1407,0,0,130.49,0,0,0,0.37729,0,0,0,0,0
68,267,10.296,9271.3,7.0383e+05,0.011369,0,2.1823,0,0,0,0,0,0,0,18.395,0,0,0,0,0
68,267,10.296,9271.3,7.0383e+05,32.217,0,0,0.008333,0,0,0,0.0068787,0,0,21.049,0,0,0,0,0
68,267,10.296,9271.3,7.0383e+05,0.057399,0,0,0,0,0.79321,127.55,0,0,0,2.2216,0,0,0,0,0
68,267,10.296,9271.3,7.0383e+05,0.20198,0,0,0,0,0,0,0,0,8.5959,0.89874,0,0,0,0,0
68,267,10.296,9271.3,7.0383e+05,3.9401,0,0,0.0095305,0,0,0.059897,0,0,0,0.8268,0,0,0,0,0
68,267,10.296,9271.3,7.0383e+05,0.25547,0,0,0,0,0,0,0,0,0,51.294,0,0,0,334.19,0
68,267,10.296,9271.3,7.0383e+05,0.019812,0,0,0,0,0,3.929,0,0,1.0245,0.56072,0,0,0,0,0
68,267,10.296,9271.3,7.0383e+05,0.12316,0,0,0,0,0,0,0,0,0,0.072463,0,0,0,0,0
68,267,10.296,9271.3,7.0383e+05,0.00524,0,0.76155,0,0,0,0,0,0,0,0.35299,0,0,0,0,0
68,267,10.296,9271.3,7.0383e+05,0.0087785,0,0,0,0,0.002139,0,0,0,0,6.1561,0,0,0,0,0
68,267,10.296,9271.3,7.0383e+05,1.7901,0,0,0,0,0,0,0,0,0,0.47694,0,0,0,0,0
68,267,10.296,9271.3,7.0383e+05,0.002344,0,0,7.8571,0,0,0.60778,0,0,0,8.8741,0,0,0,0,0
68,267,10.296,9271.3,7.0383e+05,0.026637,0,0,0,0,0,0,0,0,0,0.072463,0,0,0,33.831,0
68,267,10.296,9271.3,7.0383e+05,47.895,0,0,0,0,0,0,0,0,0,0.086791,0,0,0,0,0
68,267,10.296,9271.3,7.0383e+05,0.10686,0,0,0.00524,0,0,0,0,0,0,0.134,0,0,0,0,0
68,267,10.296,9271.3,7.0383e+05,0,0,0,0,0,0.001326,0.008333,0,0,0,0.94645,0,0,0,0,0
68,267,10.296,9271.3,7.0383e+05,5.1991,0,0,0.12491,0,0,0,0,0,0,0.27752,0,0,0,0,0
68,267,10.296,9271.3,7.0383e+05,0.2089,0,0,0,0,0,207.8,0,0,1.0834,0.072463,0,0,0,0,0
68,267,10.296,9271.3,7.0383e+05,0.011569,0,0,2.356,0,0,0,0,0,0,1.7395,0,0,0,0,0
68,267,10.296,9271.3,7.0383e+05,0.09235,0,0,309.71,0,0,0,0,0,0,7.9623,0,0,0,0,0
68,267,10.296,9271.3,7.0383e+05,0,0,0,0,0,0,150.43,0,0,0,0.072463,0,0,0,0,0
68,267,10.296,9271.3,7.0383e+05,0.00524,0,0,0,0,0,0,0,0,0,0.35902,0,0,0,0,0
68,267,10.296,9271.3,7.0383e+05,0,0,0,0,0,0,52.868,0,0,0,0.072463,0,0,0,0,0
68,267,10.296,9271.3,7.0383e+05,0,0,0,5.8596,0,0.035094,0,0,0,0,0.072463,0,0,0,0,0
68,267,10.296,9271.3,7.0383e+05,0.1702,0,0,0.007221,0,0,170.68,0,0,0,0.072463,0,0,0,0,0
68,267,10.296,9271.3,7.0383e+05,0.32104,0,0,0,0.026723,0,0,0,0,0,0.33594,0,0,0,0,0
68,267,10.296,9271.3,7.0383e+05,0.0048325,0,0,0.023986,0,0,0.021726,0,0,0,2.6944,0,0,0,0,0
68,267,10.296,9271.3,7.0383e+05,0,0,0,4.2962,0,0,0.10863,0,0,0.14685,0.20142,0,0,0,0,0
68,267,10.296,9271.3,7.0383e+05,0.077688,0,0,0.008333,0,0,0,0,0,0,6.7491,0,0,0,0,0
68,267,10.296,9271.3,7.0383e+05,0.33412,0,0,0,0,0,0,0,0,0,4.9652,0,0,0,0,0
68,267,10.296,9271.3,7.0383e+05,7.4982,0,0,0,0,0.85136,0,0,0,0,72.134,0,0,0,0,0
68,267,10.296,9271.3,7.0383e+05,0.011131,0,0,0,0,0,0,0,0,0,0.13394,0,0,0,0,0
68,267,10.296,9271.3,7.0383e+05,3.0075,0,0,0.17047,0,0,0,0,0,0,0.072463,0,0,0,0,0
68,267,10.296,9271.3,7.0383e+05,0.99954,0,0,0,0,0,0,0,0,5.6716,0.072463,0,0,0,0,0
68,267,10.296,9271.3,7.0383e+05,0,0,0,0,0,0,0,0,0,0,0.072463,0,0,0,0,0
68,267,10.296,9271.3,7.0383e+05,27.497,0,0,0,0,0.016668,0,0,0,0,0.072463,0,0,0,0,0
68,267,10.296,9271.3,7.0383e+05,0,0,0,0.005239,0,0,0,0,0,0,0.56922,0,0,0,0,0
68,267,10.296,9271.3,7.0383e+05,0.008333,0,0,0,0,0,0.059897,0,0,0,6.9139,0,0,0,0,0
68,267,10.296,9271.3,7.0383e+05,0.91028,0,0,0.002031,0,0.003127,0,0,0,0,31.522,0,0,0,0,0
68,267,10.296,9271.3,7.0383e+05,0.007328,0,0,0,0,5.2472,0,0,0,0,3.2531,0,0,0,0,0
68,267,10.296,9271.3,7.0383e+05,0,0,0,0,0,0,0,1.9481,0,0,0.35902,0,0,0,0,0
68,267,10.296,9271.3,7.0383e+05,0.025446,0,0,0,0,0.001463,0,0,0,21.917,20.948,0,0,0,0,0
68,267,10.296,9271.3,7.0383e+05,1.1355,0,0,0,0,0.013684,1.7382,0,0,0,17.634,0,0,0,0,0
68,267,10.296,9271.3,7.0383e+05,0.0065058,0,0,0,0,0,0,0,0,0,0.51741,0,0,0,0,0
68,267,10.296,9271.3,7.0383e+05,0,0,0,1.7917,0,0,0,0,0,0,0.072463,0,0,0,0,0
68,267,10.296,9271.3,7.0383e+05,5.771,0,0,3.0656,0,0,0,0,0,5.6716,0.072463,0,0,0,0,0
68,267,10.296,9271.3,7.0383e+05,0.097844,0,0,2.8544,0,0.79425,0,0,0,0,0.37729,0,0,0,0,0
68,267,10.296,9271.3,7.0383e+05,0,0,0,0,0,0,0.13028,0,0,0,0.12977,0,0,0,0,0
68,267,10.296,9271.3,7.0383e+05,0.00315,0,0,0.003538,0,0,5.6045,0,0,0,6.7175,0,0,0,0,0
68,267,10.296,9271.3,7.0383e+05,0.003118,0,0,0,0,0,0,0,0,0,0.072463,0,0,0,20.878,0
68,267,10.296,9271.3,7.0383e+05,0.01814,0,0,16.78,0,0.79321,0,0,0,0,0.072463,0,0,0,0,0
68,267,10.296,9271.3,7.0383e+05,3.3912,0,0,0,0,0.80357,0,0,0,0,0.072463,0,0,0,0,0
68,267,10.296,9271.3,7.0383e+05,0.099157,0,0,1.8767,0,0,0,0,0,0,1.6706,0,0,0,0,0
68,267,10.296,9271.3,7.0383e+05,0.014045,0,0,0,0,0,0,0,0,0,3.5581,0,0,0,0,0
68,267,10.296,9271.3,7.0383e+05,0.008333,0,0,0,0,0,0,0,0,0,0.072463,0,0,0,0,0
68,267,10.296,9271.3,7.0383e+05,172.6,0,0,0,0,0,0,0,0,0,3.9028,0,0,0,0,0
68,267,10.296,9271.3,7.0383e+05,0.01698,0,0,0.003173,0,0,109.42,0,0,0,3.3687,0,0,0,0,0
68,267,10.296,9271.3,7.0383e+05,0.17985,0,0,0,0,0,0,0,0,0,3.5168,0,0,0,0,0
68,267,10.296,9271.3,7.0383e+05,0.41171,0,0,0,0,0,0.13028,0,0,0,0.072463,0,0,0,0,0
68,267,10.296,9271.3,7.0383e+05,0.00714,0,0,0,0,5.4632,14.995,0,0,0,14.085,0,0,0,0,0
68,267,10.296,9271.3,7.0383e+05,1.9374,0,0,0,0,0,111.37,0,0,1.9819,5.1452,0,0,0,0,0
68,267,10.296,9271.3,7.0383e+05,1.8842,0,0,0.008333,0,0.86102,0,0,0,0,1.4363,0,0,0,0,0
68,267,10.296,9271.3,7.0383e+05,0.031198,0,0,0.014574,0,0.003468,0,0,0,0,0.12844,0,0,0,0,0
68,267,10.296,9271.3,7.0383e+05,0.011131,0,0,0,0,0,0,0,0,0,0.072463,0,0,0,0,0
68,267,10.296,9271.3,7.0383e+05,0.031326,0,0,0,0,0,0.59876,0,0,0,1.208,0,0,0,0,0
68,267,10.296,9271.3,7.0383e+05,0,0,0,0,0,7.7207,0,0,0,3.4087,0.072463,0,0,0,0,0
68,267,10.296,9271.3,7.0383e+05,0,0,0,0,0,0.79321,0,0,0,0,31.837,0,0,0,0,0
68,267,10.296,9271.3,7.0383e+05,0,0,3.1989,0,0,0,0,0,0,0,16.495,0,0,0,0,0
68,267,10.296,9271.3,7.0383e+05,0,0,0,0,0,0,0,0,0,0,14.75,0,0,0,0,0
68,267,10.296,9271.3,7.0383e+05,1.6324,0,0,0,0,0,0,0,0,0,0.70364,0,0,0,91.171,0
68,267,10.296,9271.3,7.0383e+05,0.11856,0,0,0,0,0.001326,70.512,0,0,0,0.15843,0,0,0,0,0
68,267,10.296,9271.3,7.0383e+05,1.6666,0,0,0,0.008333,0,0,0,0,0,20.1,0,0,0,0,0
68,267,10.296,9271.3,7.0383e+05,2.827,0,0,0,0,0,0,0,0,0,5.1452,0,0,0,0,0
68,267,10.296,9271.3,7.0383e+05,0.011131,0,0,0,0,14.546,0,0,0,0,8.9418,0,0,0,0,0
68,267,10.296,9271.3,7.0383e+05,0.12316,0,0,0,0,0,0,0,0,0,12.291,0,0,0,339.01,0
68,267,10.296,9271.3,7.0383e+05,0.010507,0,0,0,0,0,5.8482,0,0,0,7.1646,0,0,0,0,0
68,267,10.296,9271.3,7.0383e+05,0.0065058,0,0,10.845,0,0,0,0,0,0,0.072463,0,0,0,0,0
68,267,10.296,9271.3,7.0383e+05,0,0,0,0,0,0,44.417,0,0,0,0.15843,0,0,0,0,0
68,267,10.296,9271.3,7.0383e+05,0.012093,0,0,0,0,0.31447,0,0,0,0,0.072463,0,0,0,0,0
68,267,10.296,9271.3,7.0383e+05,0.84259,0,0,0,0,0,0.67053,0,0,5.7231,0.17677,0,0,0,0,0
68,267,10.296,9271.3,7.0383e+05,37.764,0,0,0,0,0,20.735,0,0,0,14.185,0,0,0,0,0
68,267,10.296,9271.3,7.0383e+05,0.016668,0,0,1.0054,0,0,0.021726,0,0,0,0.072463,0,0,0,0,0
68,267,10.296,9271.3,7.0383e+05,0.011015,0,0,0,0,0,0,0,0,0,0.072463,0,0,0,0,0
68,267,10.296,9271.3,7.0383e+05,1.0337,0,0,1.3691,0,0.0087021,0,0,0,0,1.8818,0,0,0,246.81,0
68,267,10.296,9271.3,7.0383e+05,0.003485,0,0,0.21451,0,0,0,0,0,0,6.9139,0,0,0,0,0
68,267,10.296,9271.3,7.0383e+05,1.5074,0,0,0,0,0,0.13028,0,0,0,0.072463,0,0,0,0,0
68,267,10.296,9271.3,7.0383e+05,0,0,0.13603,0,0,0,0,0,0,0,0.072463,0,0,0,0,0
68,267,10.296,9271.3,7.0383e+05,0.00524,0,0,0.005769,0,0,0,0,0,0,0.88605,0,0,0,0,0
68,267,10.296,9271.3,7.0383e+05,0.008333,0,0,53.319,0.06404,0,0,0,0,0,0.072463,0,0,0,0,0
68,267,10.296,9271.3,7.0383e+05,0.0062716,0,0,0,0,0,0,0,0,3.8254,1.7329,0,0,0,0,0
68,267,10.296,9271.3,7.0383e+05,0.096515,0,0,0,0,0,0,0,0,0,71.252,0,0,0,88.004,0
68,267,10.296,9271.3,7.0383e+05,0,0,0,0,0,0.0076587,0,0,0,0,0.072463,0,0,0,0.7187,0
68,267,10.296,9271.3,7.0383e+05,0,0,0,0,0,0.79502,0,0,0,0,0.072463,0,0,0,0,0
68,267,10.296,9271.3,7.0383e+05,0.20337,0,0,0,0,0,0,0,0,0,1.2954,0,0,0,0,0
68,267,10.296,9271.3,7.0383e+05,0,0,0,0,11.896,0,0,0,0,3.4087,0.11545,0,0,0,0,0
68,267,10.296,9271.3,7.0383e+05,0.008333,0,0,0,0,0,0,0,0,0,0.072463,0,0,0,0,0
68,267,10.296,9271.3,7.0383e+05,0,0,0,0.00524,0,0,0,0,0,0,0.072463,0,0,0,0,0
68,267,10.296,9271.3,7.0383e+05,0.96353,0,0,0,0,0,0.008333,0,0,0,5.6128,0,0,0,0,0
68,267,10.296,9271.3,7.0383e+05,5.3485,0,0,0,0,0,0,0,0,0,0.12893,0,0,0,0,0
68,267,10.296,9271.3,7.0383e+05,0,0,0,0,0,0,0,0,0,0,0.072463,0,0,0,0,0
68,267,10.296,9271.3,7.0383e+05,0.11315,0,0.10163,0,0,0,0,0,0,0,1.2482,0,0,0,0,0
68,267,10.296,9271.3,7.0383e+05,0.49233,0,0,0,0,0,0.13028,0,0,0,0.072463,0,0,0,0,0
68,267,10.296,9271.3,7.0383e+05,0.05624,0,0,0,0,0,0,0,0,0,10.13,0,0,0,0,0
68,267,10.296,9271.3,7.0383e+05,0,0,0,0.00524,0,0,0,0,0,0,2.0425,0,0,0,0,0
68,267,10.296,9271.3,7.0383e+05,0.031326,0,0.025634,0,0,0,0,0,0,0,1.4938,0,0,0,0,0
68,267,10.296,9271.3,7.0383e+05,0.38302,0,0,0,0,0,0,0,0,0,5.0665,0,0,0,0,0
68,267,10.296,9271.3,7.0383e+05,0,0,0,0,0,0,0,0,0,0,0.47694,0,0,0,0,0
68,267,10.296,9271.3,7.0383e+05,0.026637,0,0,0,0,0,0,0,0,0,0.13055,0,0,0,0,0
68,267,10.296,9271.3,7.0383e+05,0,0,0,0.21131,0,0.013684,0.60778,0,0,0,0.072463,0,0,0,0,0
68,267,10.296,9271.3,7.0383e+05,0.10979,0,0.008543,0,0,0,0.13028,0,0,0,1.6706,0,0,0,0,0
68,267,10.296,9271.3,7.0383e+05,0.018891,0,0,0,0,0.0058398,94.609,0,0,0,20.478,0,0,0,0,0
68,267,10.296,9271.3,7.0383e+05,0,0,0,0,0,0,0,0,0,0,0.51741,0,0,0,90.979,0
68,267,10.296,9271.3,7.0383e+05,0.008567,0,0,3.6299,0,0,0,0,0,0,1.4169,0,0,0,0,0
68,267,10.296,9271.3,7.0383e+05,0.007221,0,0,0,39.695,0.00036,0.80873,0,0,0,0.33671,0,0,0,0,0
68,267,10.296,9271.3,7.0383e+05,0,0,0,0,0,0,0,0,0,0,0.072463,0,0,0,0,0
68,267,10.296,9271.3,7.0383e+05,0,0,0,0.45592,0,0.82492,0,0,0,0,0.072463,0,0,0,0,0
68,267,10.296,9271.3,7.0383e+05,0,0,0.41902,0,0,0,12.901,0,0,1.0167,0.072463,0,0,0,0,0
68,267,10.296,9271.3,7.0383e+05,1.1717,0,0,0,0,0,0,0,0,0,0.13226,0,0,0,0,0
68,267,10.296,9271.3,7.0383e+05,1.5082,0,0,0,0,0,0,0,0,0,0.14008,0,0,0,0,0
68,267,10.296,9271.3,7.0383e+05,1.5956,0,0,3.9026,0,0,0,0,0,0,0.072463,0,0,0,0,0
68,267,10.296,9271.3,7.0383e+05,43.684,0,0,0.003538,0,0,0,0,0,0,0.072463,0,0,0,0,0
68,267,10.296,9271.3,7.0383e+05,0,0,0,0,0,0,0,0,0,0,0.48889,0,0,0,0,0
68,267,10.296,9271.3,7.0383e+05,0.040277,0,0,0.48983,0,0,0,0,0,0,7.3168,0,0,0,0,0
68,267,10.296,9271.3,7.0383e+05,0,0,0,0,0,0,0,0,0,0,0.086791,0,0,0,0,0
68,267,10.296,9271.3,7.0383e+05,0.013472,0,0,0,0,0,0,0,0,0,0.27752,0,0,0,0,0
68,267,10.296,9271.3,7.0383e+05,34.541,0,0,0.30419,0,0.85832,70.616,0,0,0,0.072463,0,0,0,0,0
68,267,10.296,9271.3,7.0383e+05,0.62352,0,0,0,0,0,0,0,0,0,0.13679,0,0,0,0,0
68,267,10.296,9271.3,7.0383e+05,0.29308,0,0,0.003346,0,0,47.013,0,0,0,2.5972,0,0,0,0,0
68,267,10.296,9271.3,7.0383e+05,0.037248,0,0,0,0,0,0,0,0,0,14.186,0,0,0,0,0
68,267,10.296,9271.3,7.0383e+05,0,0,0,0,0,0,0,0,0,0,0.072463,0,0,0,0,0
68,267,10.296,9271.3,7.0383e+05,0.008333,0,0,2.7423,0.00524,0,0,0,0,0,5.0784,0,0,0,0,0
68,267,10.296,9271.3,7.0383e+05,0,0,0,0.0082868,0.00524,0,0,0.87961,0,0,0.072463,0,0,0,0,0
68,267,10.296,9271.3,7.0383e+05,0,0,0,0,0,0,35.101,0,0,0,0.072463,0,0,0,0,0
68,267,10.296,9271.3,7.0383e+05,0.00524,0,0,216.51,0,0,30.39,0,0,0,7.2936,0,0,0,0,0
68,267,10.296,9271.3,7.0383e+05,0.13041,0,0,0,0,0,0,0,0,0,4.9522,0,0,0,0,0
68,267,10.296,9271.3,7.0383e+05,11.841,0,0,0,0,0,0.059897,0,0,0,0.24115,0,0,0,0,0
68,267,10.296,9271.3,7.0383e+05,0,6.3156,0,0,0,0,0,0,0,0,0.83183,0,0,0,0,0
68,267,10.296,9271.3,7.0383e+05,0.008333,0,0,0,0,0,0,0,0,0,0.67805,0,0,0,0,0
68,267,10.296,9271.3,7.0383e+05,3.1501,0,0,0.71703,0,0.79885,0.76915,0,0,0,0.13353,0,0,0,0,0
68,267,10.296,9271.3,7.0383e+05,0.014229,0,0,0,0,0,0,0,0,0,0.072463,0,0,0,0,0
68,267,10.296,9271.3,7.0383e+05,0.002344,0,0,0,0,0.006504,0,0,0,0,32.545,0,0,0,0,0
68,267,10.296,9271.3,7.0383e+05,0.18967,0,0,0,0,0,0,0,0,18.081,0.134,0,0,0,0,0
68,267,10.296,9271.3,7.0383e+05,0,0,0,0,0,0,0,0,0,0,0.072463,0,0,0,0,0
68,267,10.296,9271.3,7.0383e+05,0.004588,0,0,0,0,0,0,0,0,0,0.072463,0,0,0,0,0
68,267,10.296,9271.3,7.0383e+05,0.21233,0,0,0,0,0,0,0,0,0,0.27752,0,0,0,0,0
68,267,10.296,9271.3,7.0383e+05,0.085073,0,0,0,0,0,0,0,0,0,12.291,0,0,0,0,0
68,267,10.296,9271.3,7.0383e+05,0.32104,0,0,0,0,0,388.02,0,0,0,2.3219,0,0,0,0,0
68,267,10.296,9271.3,7.0383e+05,0.21064,0,0,0,0,0,0,0,0,0,4.0802,0,0,0,0,0
68,267,10.296,9271.3,7.0383e+05,0.01781,0,0,4.3987,0,0,0,0,0,0,0.072463,0,0,0,0,0
68,267,10.296,9271.3,7.0383e+05,0.00524,0,0,0,0,0,0.059897,0,0,0,17.634,0,0,0,0,0
68,267,10.296,9271.3,7.0383e+05,0.1851,0,0,0,0,0.57676,4.3863,0,0,0,3.5581,0,0,0,0,0
68,267,10.296,9271.3,7.0383e+05,0.008567,0,0,0,0,0,0,0,0,0,6.1183,0,0,0,0,0
68,267,10.296,9271.3,7.0383e+05,0,0,0,0,0,0.005769,18.746,0,0,0,0.072463,0,0,0,0,0
68,267,10.296,9271.3,7.0383e+05,0.006701,0,0,0.007148,0,7.0118,20.735,0,0,0,0.13505,0,0,0,0,0
68,267,10.296,9271.3,7.0383e+05,0.029669,0.005491,0,0.00524,11.529,0,0,0,0,0,0.072463,0,0,0,0,0
68,267,10.296,9271.3,7.0383e+05,1.0526,0,0,0.000688,0,0,0,0,0,0,3.4411,0,0,0,0,0
68,267,10.296,9271.3,7.0383e+05,0.74846,0,0,0.000172,0,0,0,0,0,0,14.511,0,0,0,0,0
68,267,10.296,9271.3,7.0383e+05,0,0,0,0,0,0,0,0,0,0,6.8752,0,0,0,0,0
68,267,10.296,9271.3,7.0383e+05,0,0,0,0,0,0,0,0,0,0,4.9522,0,0,0,0,0
68,267,10.296,9271.3,7.0383e+05,0.21392,0,0,0,0,0,0.13028,0,0,21.917,0.21272,0,0,0,0,0
68,267,10.296,9271.3,7.0383e+05,0,0,0,0,0,0,0.42744,0,0,0,0.70288,0,0,0,0,0
68,267,10.296,9271.3,7.0383e+05,0.008333,0,0,0,0.36118,0,0,0.000251,0,0,0.072463,0,0,0,0,0
68,267,10.296,9271.3,7.0383e+05,0.03186,0,0,0.008333,0,0,0,0,0,0,0.072463,0,0,0,0,0
68,267,10.296,9271.3,7.0383e+05,0.008333,0,0,0.008333,0,0,0,0,0,0,0.14026,0,0,0,10.184,0
68,267,10.296,9271.3,7.0383e+05,0.048132,0,0,1.3691,0,0,0,0,0,0,0.78303,0,0,0,0,0
68,267,10.296,9271.3,7.0383e+05,0.40545,0,0,0,0,0,0,0,0,0,0.15015,0,0,0,0,0
68,267,10.296,9271.3,7.0383e+05,43.684,0,0,0,0,0,0.13028,0,0,0,0.67931,0,0,0,0,0
68,267,10.296,9271.3,7.0383e+05,0.007328,0,0,0.023709,0,0,0,0,0,0,0.072463,0,0,0,0,0
68,267,10.296,9271.3,7.0383e+05,0.12346,0,0,0,0,0,0,0,0,0,2.237,0,0,0,0,0
68,267,10.296,9271.3,7.0383e+05,0,0,0,0,0,0,0,0,0,0,7.9797,0,0,0,0,0
68,267,10.296,9271.3,7.0383e+05,13.999,0,0,0.008333,0,0,0,0,0,0,0.12893,0,0,0,0,0
68,267,10.296,9271.3,7.0383e+05,0.008333,0,0,0.00021,0,0.79591,0.13028,0,0,0,0.13039,0,0,0,0,0
68,267,10.296,9271.3,7.0383e+05,2.6595,0,0,2.2224,0,0,0,0,0,0,28.754,0,0,0,105.59,0
68,267,10.296,9271.3,7.0383e+05,0,0,0.040674,0,0,0.0055814,0,0,0,0,6.7175,0,0,0,0,0
68,267,10.296,9271.3,7.0383e+05,0,0,0,0.033787,0,0.0071918,0.059897,0,0,0,1.0897,0,0,0,0,0
68,267,10.296,9271.3,7.0383e+05,3.8562,0,0,0,0.013058,0,15.25,0,0,0,0.40718,0,0,0,0,0
68,267,10.296,9271.3,7.0383e+05,1.0971,0,0,0,0,0,0,0.0086745,0,0,0.21574,0,0,0,0,0
68,267,10.296,9271.3,7.0383e+05,0,0,0,0,0,0,0.13028,0,0,0,0.13354,0,0,0,0,0
68,267,10.296,9271.3,7.0383e+05,13.455,0,0,0,0,0,0,0,0,0,0.072463,0,0,0,0,0
68,267,10.296,9271.3,7.0383e+05,0.001292,0,0,0,6.0506,0,0,0,0,0,0.94482,0,0,0,0,0
68,267,10.296,9271.3,7.0383e+05,10.716,0,0,0,0,0.016666,0,0,0,0,0.77377,0,0,0,0,0
68,267,10.296,9271.3,7.0383e+05,0.008333,0,0,0,0,0,0,0,0,0,4.0845,0,0,0,0,0
68,267,10.296,9271.3,7.0383e+05,0,0,0,0,0,0,0.67053,0,0,21.917,27.869,0,0,0,0,0
68,267,10.296,9271.3,7.0383e+05,6.9953,0,0,0,0,0.60971,41.059,0,0,0,13.437,0,0,0,0,0
68,267,10.296,9271.3,7.0383e+05,0,0,0,0,0,0,0,0,0,0,0.072463,0,0,0,0,0
68,267,10.296,9271.3,7.0383e+05,0.000254,0,0.008333,0,0,0,0,0,0,0,0.072463,0,0,0,0,0
68,267,10.296,9271.3,7.0383e+05,0,0,5.3283,0,0,0,0,0,0,0,7.9623,0,0,0,0,0
68,267,10.296,9271.3,7.0383e+05,0.055763,0,0,0,0,0,0,0,0,0,0.072463,0,0,0,0,0
68,267,10.296,9271.3,7.0383e+05,0.0083792,0,0,0,0,0.00052,0,0,0,0,2.4241,0,0,0,0,0
68,267,10.296,9271.3,7.0383e+05,0.008333,0,0,0.020539,0,0,0.13028,0,0,0,0.13615,0,0,0,0,0
68,267,10.296,9271.3,7.0383e+05,0.007697,0,0,0.30419,0,0,0,0,0,0,0.072463,0,0,0,0,0
68,267,10.296,9271.3,7.0383e+05,0.015329,0,0,0,0,0.79685,0,0,0,0,0.78303,0,0,0,0,0
68,267,10.296,9271.3,7.0383e+05,3.7661,0,0,0,0,0.009277,0,0,0,0,0.072463,0,0,0,0,0
68,267,10.296,9271.3,7.0383e+05,0.59281,0,0,0,0,0,0,0,0,1.0076,0.072463,0,0,0,0,0
68,267,10.296,9271.3,7.0383e+05,2.5177,0,0,2.2024,0,0.007826,30.39,0,0,0,21.593,0,0,0,0,0
68,267,10.296,9271.3,7.0383e+05,0.00021,0,0,0.07605,0,0,0.13028,0,0,0.056957,1.9852,0,0,0,0,0
68,267,10.296,9271.3,7.0383e+05,0.001669,0,0,0,0,0,0,0,0,0,5.5428,0,0,0,0,0
68,267,10.296,9271.3,7.0383e+05,5.8407,0,0,0.003465,0,0,0,0,0,0,8.2778,0,0,0,0,0
68,267,10.296,9271.3,7.0383e+05,1.1355,0,0,0,0,0,0,0,0,0,13.437,0,0,0,0,0
68,267,10.296,9271.3,7.0383e+05,0.027974,0,3.8683,0,0,0,0,0,0,0,10.052,0,0,0,0,0
68,267,10.296,9271.3,7.0383e+05,0.023372,0,0,0.021741,0,0,0,0,0,0.76777,0.072463,0,0,0,0,0
68,267,10.296,9271.3,7.0383e+05,7.1348,0,0.85112,0,0,0,0,0,0,0,0.072463,0,0,0,0,0
68,267,10.296,9271.3,7.0383e+05,0.003346,0,0,0,0,0,0,0,0,1.261,0.072463,0,0,0,0,0
68,267,10.296,9271.3,7.0383e+05,0,0,0,0,0,0,0,0,0,0,0.13782,0,0,0,0,0
68,267,10.296,9271.3,7.0383e+05,0,0,0,5.7384,0,0,22.72,0,0,0,1.7269,0,0,0,0,0
68,267,10.296,9271.3,7.0383e+05,0.008333,0,0,0.089334,0,0.000234,0,0,0,0,28.485,0,0,0,0,0
68,267,10.296,9271.3,7.0383e+05,0.20793,0,0,0,0.030965,0,0,0,0,0,0.51662,0,0,0,0,0
68,267,10.296,9271.3,7.0383e+05,0.008335,0,0,0,0,0.016666,0,0,0,1.7327,0.072463,0,0,0,0,0
68,267,10.296,9271.3,7.0383e+05,0.021397,0,0,0,0,0,0.13028,0,0,0,0.072463,0,0,0,0,0
68,267,10.296,9271.3,7.0383e+05,0.010235,0,0,0,0,0,0,0,0,0,0.13679,0,0,0,0,0
68,267,10.296,9271.3,7.0383e+05,0.015988,0,0,0,3.809,0,0,0,0,0,0.072463,0,0,0,0,0
68,267,10.296,9271.3,7.0383e+05,0.001434,0,0,0,0,0,0,0,0,0,0.072463,0,0,0,0,0
68,267,10.296,9271.3,7.0383e+05,0.013064,0,0,0.000234,0,0,0,0,0,0,1.2862,0,0,0,0,0
68,267,10.296,9271.3,7.0383e+05,0.20337,0,0,1.3036,0,0,338.29,0,0,10.481,8.2965,0,0,0,0,0
68,267,10.296,9271.3,7.0383e+05,0,0,0,0,0,0,0,0,0,0,6.9139,0,0,0,0,0
68,267,10.296,9271.3,7.0383e+05,0.031326,0,0,1.4008,0,0,0,0,0,0,2.2044,0,0,0,0,0
68,267,10.296,9271.3,7.0383e+05,0.02912,0,0,0,0.003821,0,12.951,0,0,0,0.13394,0,0,0,0,0
68,267,10.296,9271.3,7.0383e+05,0.23802,0,0,15.364,0,0.067966,0.42744,0,0,0,0.072463,0,0,0,0,0
68,267,10.296,9271.3,7.0383e+05,0.0094073,0,0,0,16.562,0,0,0,0,0.76777,0.072463,0,0,0,405.48,0
68,267,10.296,9271.3,7.0383e+05,0.018891,0,0.29954,0,0.71759,0.005411,0,0,0,0,0.072463,0,0,0,0,0
68,267,10.296,9271.3,7.0383e+05,0.016666,0,0,1.3457,0,0,0.67053,0,0,0,0.50053,0,0,0,0,0
68,267,10.296,9271.3,7.0383e+05,0.008333,0,0,0,0,0,0,0,0,0.18355,0.16445,0,0,0,0,0
68,267,10.296,9271.3,7.0383e+05,1.2045,0,0,0,0,0,0,0,0,0,7.9797,0,0,0,0,0
68,267,10.296,9271.3,7.0383e+05,4.2054,0,0,0,0,0,0,0,0,0,0.89874,0,0,0,0,0
68,267,10.296,9271.3,7.0383e+05,2.2391,0,0,0,0,0,0,0,0,13.788,0.072463,0,0,0,0,0
68,267,10.296,9271.3,7.0383e+05,0.0068531,0,0,0.017454,0,0,0,0,0,0,7.7869,0,0,0,0,0
68,267,10.296,9271.3,7.0383e+05,0.007328,0,0,0,0,0,0.008333,0,0,0,8.9877,0,0,0,0,0
68,267,10.296,9271.3,7.0383e+05,0,0,0,0,0,0,0,0,0,0,58.962,0,0,0,0,0
68,267,10.296,9271.3,7.0383e+05,0.008587,0,7e-05,0,0,0,0,0.94851,0,0,22.603,0,0,0,0,0
68,267,10.296,9271.3,7.0383e+05,0.45297,0,0,0.001434,0,0.79321,0.13028,0,0,0,31.522,0,0,0,0,0
68,267,10.296,9271.3,7.0383e+05,1.0082,0,0,0,0,0,0.10863,0,0,0,0.072463,0,0,0,0,0
68,267,10.296,9271.3,7.0383e+05,0.042855,0,0,0,0,0,0.13028,0,0,0,0.072463,0,0,0,0,0
68,267,10.296,9271.3,7.0383e+05,0,0,0.00047,0.0095305,0,0,0,0,0,0,33.814,0,0,0,0,0
68,267,10.296,9271.3,7.0383e+05,0,0,0,0.000172,0,0.005239,0.059897,0,0,0,4.9522,0,0,0,0,0
68,267,10.296,9271.3,7.0383e+05,0.083807,0,0,0.0001025,0,0,0,0,0,0,0.072463,0,0,0,0,0
68,267,10.296,9271.3,7.0383e+05,12.21,0,0,0,0,0,0,0,0,0.72035,0.13302,0,0,0,0,0
68,267,10.296,9271.3,7.0383e+05,0,0,0,0,0,0,0,0,0,0,4.9652,0,0,0,0,0
68,267,10.296,9271.3,7.0383e+05,0.00824,0,0,0.085993,0,0,0,0,0,0,2.9188,0,0,0,0,0
68,267,10.296,9271.3,7.0383e+05,0.011131,0,0,0,0,0.00524,0,0,0,0,3.1243,0,0,0,0,0
68,267,10.296,9271.3,7.0383e+05,1.0082,0,0,0,0,0,0,0,0,0,27.869,0,0,0,0,0
68,267,10.296,9271.3,7.0383e+05,0.008333,0,0,0.006701,0.37727,0,0,0,0,0,18.07,0,0,0,0,0
68,267,10.296,9271.3,7.0383e+05,0.27667,0,0,0,0,0,0,0,0,0,0.13353,0,0,0,0,0
68,267,10.296,9271.3,7.0383e+05,95.909,0,0,0,0,0,72.465,0,0,0,0.072463,0,0,0,0,0
68,267,10.296,9271.3,7.0383e+05,0,0,0,0,0,0,0,0,0,0,0.17677,0,0,0,0,0
68,267,10.296,9271.3,7.0383e+05,0.15427,0,0,0,0,0,0,0,0,0,4.0874,0,0,0,0,0
68,267,10.296,9271.3,7.0383e+05,0,0,0,0.11792,0,0.00524,0.13028,0,0,0,0.25106,0,0,0,0,0
68,267,10.296,9271.3,7.0383e+05,2.2569,0,1.2476,0,0,0.053919,0.10863,0,0,0,0.072463,0,0,0,0,0
68,267,10.296,9271.3,7.0383e+05,0.008333,0,0.34008,0,0,0,10.305,0,0,0,2.4241,0,0,0,0,0
68,267,10.296,9271.3,7.0383e+05,0.008335,0,0,0,0,0,0.008333,0,0,0,0.072463,0,0,0,0,0
68,267,10.296,9271.3,7.0383e+05,0.29308,0,0,0,0,0,0,0,0,0,1.7329,0,0,0,0,0
68,267,10.296,9271.3,7.0383e+05,0,0,0,0,0.0055384,0,0,0,0,0,3.4221,0,0,0,0,0
68,267,10.296,9271.3,7.0383e+05,0.14015,0,0,24.485,0,0,0,0,0,0,31.829,0,0,0,0,0
68,267,10.296,9271.3,7.0383e+05,0,0,0,0.0025115,0,0,0,0,0,0,0.072463,0,0,0,0,0
68,267,10.296,9271.3,7.0383e+05,0.0068531,0,0,0,0.00524,0,0,0,0,0,0.82163,0,0,0,0,0
68,267,10.296,9271.3,7.0383e+05,3.1081,0,0,0,0,0,0,0,0,0,0.1375,0,0,0,0,0
68,267,10.296,9271.3,7.0383e+05,0.047045,0,0,0,0,0.8541,0,0,0,0,4.2848,0,0,0,0,0
68,267,10.296,9271.3,7.0383e+05,0.008333,0,0,0.37344,0,0,0,0,0,0,9.38,0,0,0,0,0
68,267,10.296,9271.3,7.0383e+05,3.4321,0,0,0,0,0.80137,0,0,0,0,0.072463,0,0,0,0,0
68,267,10.296,9271.3,7.0383e+05,0.019391,0,0,0.63056,0,0,0,0,0,0,1.2482,0,0,0,0,0
68,267,10.296,9271.3,7.0383e+05,0,0,0,0,0,0,0,0,0,0,2.5252,0,0,0,0,0
68,267,10.296,9271.3,7.0383e+05,0,0,0,0,0,0,0,0,0,0,0.13854,0,0,0,0,0
68,267,10.296,9271.3,7.0383e+05,11.584,0,0,0,0,0,0,0,0,0,5.5039,0,0,0,0,0
68,267,10.296,9271.3,7.0383e+05,0.00524,0,0,0.35837,0,0,0,0,0,0,33.814,0,0,0,0,0
68,267,10.296,9271.3,7.0383e+05,0,0,0,0.008347,0,0,0,0,0,0,2.9188,0,0,0,189.03,0
68,267,10.296,9271.3,7.0383e+05,13.836,0,0.0099285,0.00021,0,0,0,0,0,0,0.086791,0,0,0,0,0
69,268,7.738,23980,1.8205e+06,0,0,0,0.16395,0,0,0,0,0,0,13.397,0,0,0,0,0
69,268,7.738,23980,1.8205e+06,0.008333,0,0,0,0,0,0,0,0,0,0.11545,0,0,0,0,0
69,268,7.738,23980,1.8205e+06,4.3542,0,0,0,0,0,0,0,0,0,2.3236,0,0,0,0,0
69,268,7.738,23980,1.8205e+06,0,0,0,0,0,0,45.671,0,0,0.27721,10.13,0,0,0,0,0
69,268,7.738,23980,1.8205e+06,0.008333,0,0,0,0,7.0118,0,0,0,0,0.072463,0,0,0,0,0
69,268,7.738,23980,1.8205e+06,1.5082,0,0,0,0,0,0,0,0,0,0.072463,0,0,0,0,0
69,268,7.738,23980,1.8205e+06,0.0099708,0,0,8.1748,0,0,0.42744,0,0,0,0.18601,0,0,0,0,0
69,268,7.738,23980,1.8205e+06,0.00829,0,0,0,0,0.86102,0.13028,0,0,0,2.4569,0,0,0,0,0
69,268,7.738,23980,1.8205e+06,0,0,0,0,0,0,0,0,0,0,0.072463,0,0,0,0,0
69,268,7.738,23980,1.8205e+06,0,0,0,0,0,0,0,0,0,0,5.0784,0,0,0,0,0
69,268,7.738,23980,1.8205e+06,0,0,0,0,0,0,0.13028,0,0,0,0.5281,0,0,0,0,0
69,268,7.738,23980,1.8205e+06,0,0,0,0,0,0,1.7382,0,0,9.1202,0.14026,0,0,0,0,0
69,268,7.738,23980,1.8205e+06,0.051946,0,0,0,0,0,0,0,0,1.7864,3.6257,0,0,0,0,0
69,268,7.738,23980,1.8205e+06,0.0094073,0,0,0,0,0.00062,0,0,0,0,0.072463,0,0,0,0,0
69,268,7.738,23980,1.8205e+06,0,0,0,0,0,0,0.059897,0,0,0,3.1243,0,0,0,0,839.32
69,268,7.738,23980,1.8205e+06,0,0,0,0.002011,0,0,0,0,0,0,0.93212,0,0,0,0,0
69,268,7.738,23980,1.8205e+06,3.9744,0,0.011194,0,0,0,0,0,0,0,0.67805,0,0,0,0,0
69,268,7.738,23980,1.8205e+06,0.008333,0,0,0,0,0,0,0,0,0,0.086791,0,0,0,0,0
69,268,7.738,23980,1.8205e+06,0.080966,0,0,0,0,0,0,0,0,0,0.33796,0,0,0,0,0
69,268,7.738,23980,1.8205e+06,0,0,0,0,0,0,0,0,0,0,8.8741,0,0,0,0,0
69,268,7.738,23980,1.8205e+06,0.018891,0,0,0.0055799,0,0,10.054,0,0,0,0.12913,0,0,0,0,0
69,268,7.738,23980,1.8205e+06,0.010235,0,0,0,0.14727,0,388.02,0,0,0,0.072463,0,0,0,0,0
69,268,7.738,23980,1.8205e+06,0.0067312,0,0,0,0,0.8541,0,0,0,0,1.1327,0,0,0,0,0
69,268,7.738,23980,1.8205e+06,35.046,0,0,0.007729,0.0025209,0,0,0,0,0,0.072463,0,0,0,0,0
69,268,7.738,23980,1.8205e+06,0,0,0,0,0,0,0,0,0,0,0.3625,0,0,0,0,0
69,268,7.738,23980,1.8205e+06,0.019994,0,0,0.000251,0,0,0,0,0,0,0.93212,0,0,0,0,0
69,268,7.738,23980,1.8205e+06,0.0262,0,0,0.00524,0,0,0,0,0,0,0.13598,0,0,0,0,0
69,268,7.738,23980,1.8205e+06,0.003468,0,0,0,0,0,0,0,0,0,8.2778,0,0,0,0,0
69,268,7.738,23980,1.8205e+06,0.00524,0,0,0,0,0,0,0,0,0,0.072463,0,0,0,0,0
69,268,7.738,23980,1.8205e+06,2.2144,0,0,0.0057794,0,0,17.762,0,0,0,1.5788,0,0,0,0,0
69,268,7.738,23980,1.8205e+06,0,0,0,0,0,0,0,0,0,0,0.072463,0,0,0,0,0
69,268,7.738,23980,1.8205e+06,1.3009,0,0,0,0,1.6193,0,0,0,0,0.072463,0,0,0,0,0
69,268,7.738,23980,1.8205e+06,0.011627,0,0,0,0,0,0.60778,0,0,0,14.703,0,0,0,0,0
69,268,7.738,23980,1.8205e+06,0.029669,0,0,0,0.026284,0,0,0,0,0,1.1327,0,0,0,0,0
69,268,7.738,23980,1.8205e+06,0.016666,0,0,0,0,0,0.40452,0,0,0,0.13146,0,0,0,0,0
69,268,7.738,23980,1.8205e+06,0.017561,0,0,0,0,0,0,0,0,0,1.7918,0,0,0,0,0
69,268,7.738,23980,1.8205e+06,0.14015,0,0,1.515,0,0,0,0,0,0,0.072463,0,0,0,0,0
69,268,7.738,23980,1.8205e+06,0,0,0,23.861,0,0,0.13028,0,0,0,0.1337,0,0,0,13.487,0
69,268,7.738,23980,1.8205e+06,1.3271,0,0,0,0,18.806,0,0,0,1.0167,0.072463,0,0,0,0,0
69,268,7.738,23980,1.8205e+06,7.0498,0,0,2.1765,0,0,0,0,0,0,0.13054,0,0,0,0,0
69,268,7.738,23980,1.8205e+06,5.1991,0,0,0,0.53455,0,0,0,0,0,6.7491,0,0,0,0,0
69,268,7.738,23980,1.8205e+06,0.00524,0,0,0,0,0,0,0,0,0,0.072463,0,0,0,0,0
69,268,7.738,23980,1.8205e+06,0.009661,0,0,0,0,0,0,0,0,0,59.62,0,0,0,0,0
69,268,7.738,23980,1.8205e+06,0.053218,0,0,0,0,0.00524,0,0,0,0,0.072463,0,0,0,0,0
69,268,7.738,23980,1.8205e+06,0,0,0,0,60.663,0,0,0,0,0,4.1702,0,0,0,0,0
69,268,7.738,23980,1.8205e+06,0,0,0,0.001434,0,0.000376,0.13028,0,0,0,6.4445,0,0,0,0,0
69,268,7.738,23980,1.8205e+06,0,0,0,0,0,0,0,0,0,0,0.072463,0,0,0,0,0
69,268,7.738,23980,1.8205e+06,0,0,0,40.485,0,0,0,0,0,0,0.072463,0,0,0,0,0
69,268,7.738,23980,1.8205e+06,9.6675,0,0,0,0,0,0,0,0,0,0.14833,0,0,0,0,0
69,268,7.738,23980,1.8205e+06,0.080966,0,0,0,0,0,0,0,0,0,2.9989,0,0,0,0,0
69,268,7.738,23980,1.8205e+06,0.035175,0,0,0,0,0,0,0,0,0,0.13353,0,0,0,130.93,0
69,268,7.738,23980,1.8205e+06,0.093737,0,0,0.002031,0,0,16.555,0,0,0,0.072463,0,0,0,0,0
69,268,7.738,23980,1.8205e+06,0,0,38.163,0,0,0.79321,10.987,0,0,0,1.9351,0,0,0,0,0
69,268,7.738,23980,1.8205e+06,6.9953,0,0,0,0,7.8e-05,388.02,0,0,0,0.072463,0,0,0,0,0
69,268,7.738,23980,1.8205e+06,0,0,0,0.00524,0,5.9727,0,0,0,0,0.25106,0,0,0,0,0
69,268,7.738,23980,1.8205e+06,0.003118,0,0,0,0,0,0,0,0,13.788,4.1559,0,0,0,0,0
69,268,7.738,23980,1.8205e+06,0.000126,0,0,0,53.2,0,0,0,0,0,0.21574,0,0,0,0,0
69,268,7.738,23980,1.8205e+06,0.025446,0,0,0,0,0,0,0,0,0,0.11545,0,0,0,0,0
69,268,7.738,23980,1.8205e+06,0,0,0,0,0.11859,0,16.555,0,0,0,1.3204,0,0,0,0,0
69,268,7.738,23980,1.8205e+06,50.295,0,0,0,0,0,0,0,0,0,0.11545,0,0,0,0,0
69,268,7.738,23980,1.8205e+06,0,0,0,0,0,0,51.065,0,0,0,4.1988,0,0,0,0,0
69,268,7.738,23980,1.8205e+06,1.3552,0,0,0,0,0.012958,0,0,0,1.0139,0.072463,0,0,0,0,0
69,268,7.738,23980,1.8205e+06,6.9953,0,0,0.000376,8.7634,0,0,2.6427,0,0,0.3228,0,0,0,0,0
69,268,7.738,23980,1.8205e+06,0.005239,0,0,0,0,0,0,0,0,0,3.4986,0,0,0,0,0
69,268,7.738,23980,1.8205e+06,0.07157,0,0,0.008333,0,0.90217,0.80878,0,0,0,5.7131,0,0,0,0,0
69,268,7.738,23980,1.8205e+06,0.003346,0,0.000123,0,0,0,0,0,0,0,0.17023,0,0,0,0,0
69,268,7.738,23980,1.8205e+06,0,0,0,0,0,0.005239,0,0,0,0,0.072463,0,0,0,0,0
69,268,7.738,23980,1.8205e+06,0.61605,0,0,0,0,0,0,0,0,0,0.072463,0,0,0,0,0
69,268,7.738,23980,1.8205e+06,0,0,0,0,0.15324,0,0,0,0,0,4.6719,0,0,0,0,0
69,268,7.738,23980,1.8205e+06,0,0,0,0.008343,0,0,0,0,0,0,1.7457,0,0,0,0,1079.1
69,268,7.738,23980,1.8205e+06,0.21982,0,0,0,0,0,0,0,0,0,13.16,0,0,0,0,839.32
69,268,7.738,23980,1.8205e+06,0.10024,0,0,0,0,0,0,0,0,0,0.072463,0,0,0,0,0
69,268,7.738,23980,1.8205e+06,0.082372,0,0,4.2962,8.9903,0,0,0,0,0,0.072463,0,0,0,0,0
69,268,7.738,23980,1.8205e+06,0,0,0,0,0,0,0,0,0,0.68445,0.072463,0,0,0,0,0
69,268,7.738,23980,1.8205e+06,0,0,0,0,1.0375,0,0.42744,0,0,0,0.072463,0,0,0,0,0
69,268,7.738,23980,1.8205e+06,0.020568,0,0,0.002868,0,0,0,0,0,0,3.6491,0,0,0,0,0
69,268,7.738,23980,1.8205e+06,0,0,0,0,0,0,0,0,0,0,5.3297,0,0,0,0,0
69,268,7.738,23980,1.8205e+06,2.827,0,0,0.07168,0,0,1.7382,0,0,0,0.77392,0,0,0,129.7,0
69,268,7.738,23980,1.8205e+06,2.2391,0,0,0,0,0,0.002308,0,0,0,0.13056,0,0,0,0,0
69,268,7.738,23980,1.8205e+06,0.0095061,0,0,0,0,0,22.72,0,0,13.788,2.0951,0,0,0,0,0
69,268,7.738,23980,1.8205e+06,0.038667,0,0,0,0,0,0,0,0,0,0.072463,0,0,0,0,0
69,268,7.738,23980,1.8205e+06,0.002011,0,0,0,0,0,0,0,0,0,40.772,0,0,0,0,0
69,268,7.738,23980,1.8205e+06,0,0,0,0,0,0,9.0842,0,0,0,0.072463,0,0,0,0,0
69,268,7.738,23980,1.8205e+06,38.726,0,0,0.050761,0,0,0,0,0,0,0.072463,0,0,0,0,0
69,268,7.738,23980,1.8205e+06,0.0053435,0,0,0.008333,0,0.002011,0,0,0,0,0.072463,0,0,0,0,0
69,268,7.738,23980,1.8205e+06,0.048132,0,0,0.007328,0,0.8491,0,0,0,0.65812,3.6257,0,0,0,0,0
69,268,7.738,23980,1.8205e+06,0.0034765,0,0,0,0,0,0,0,0,0,4.9652,0,0,0,0,0
69,268,7.738,23980,1.8205e+06,0.0083792,0,0,0,0.076873,0,0,0,0,0,0.15843,0,0,0,0,0
69,268,7.738,23980,1.8205e+06,0.13651,0,0,1.7917,0,0,11.637,0,0,0,1.7457,0,0,0,0,1079.1
69,268,7.738,23980,1.8205e+06,0.3242,0,0,0,0,0,0,0,0,0,1.9852,0,0,0,0,0
69,268,7.738,23980,1.8205e+06,0.001669,0,0,0,0,0,0,0,0,0,12.122,0,0,0,584.55,0
69,268,7.738,23980,1.8205e+06,0.13495,0,0,0,0,0,6.9489,0,0,0,0.072463,0,0,0,0,0
69,268,7.738,23980,1.8205e+06,0.085655,0,0,0.000234,0,0,0,0,0,0,2.286,0,0,0,0,0
69,268,7.738,23980,1.8205e+06,18.124,0,9.6e-05,0,0,0.00524,12.413,0,0,0,0.81487,0,0,0,0,0
69,268,7.738,23980,1.8205e+06,32.783,0,0,0,0,0.55962,0,0,0,0,2.9142,0,0,0,0,0
69,268,7.738,23980,1.8205e+06,7.4982,0,0,0,0,0,225,0,0,0,0.072463,0,0,0,0,0
69,268,7.738,23980,1.8205e+06,0.001669,0,0,0,0,0,0,0,0,0,0.50053,0,0,0,0,0
69,268,7.738,23980,1.8205e+06,0.039088,0,0,0,0.001434,0,0,0,0,0,7.9623,0,0,0,0,0
69,268,7.738,23980,1.8205e+06,0,0,0,0,0,0,0,0,0,0,0.072463,0,0,0,0,0
69,268,7.738,23980,1.8205e+06,0.016724,0,0,0,0,0.005239,0,0,0,0,6.7491,0,0,0,0,0
69,268,7.738,23980,1.8205e+06,0.20198,0,0,0,0,0,0,0,0,0,1.7918,0,0,0,0,0
69,268,7.738,23980,1.8205e+06,0.010699,0,0,0,0,0.00387,0,0,0,0,0.072463,0,0,0,0,0
69,268,7.738,23980,1.8205e+06,0.025974,0,0,0.000376,0,0,242.13,0,0,0,0.072463,0,0,0,0,0
69,268,7.738,23980,1.8205e+06,0.11856,0,0,0,0,0,300.07,0,0,0,0.072463,0,0,0,0,0
69,268,7.738,23980,1.8205e+06,0.34658,0,0,0,0,0.000133,0,0,0,0.056957,0.072463,0,0,0,0,0
69,268,7.738,23980,1.8205e+06,0.008333,0,0,14.814,0,0,0,0,0,0,0.52131,0,0,0,0,0
69,268,7.738,23980,1.8205e+06,0.013575,0,0,1.8512,0,0,0,0,0,127.87,3.5581,0,0,0,0,0
69,268,7.738,23980,1.8205e+06,0.11182,0,0,0,0,0,0,0,0,0,0.072463,0,0,0,0,0
69,268,7.738,23980,1.8205e+06,0,0,0,0,0,2.235,0,0,0,0,0.072463,0,0,0,0,0
69,268,7.738,23980,1.8205e+06,0.016666,0,0,0,0,0,0,0,0,0,0.072463,0,0,0,0,0
69,268,7.738,23980,1.8205e+06,0.000376,0,0,0,0,0,74.991,0,0,0,0.98417,0,0,0,0,0
69,268,7.738,23980,1.8205e+06,0.001205,0,0,0,0,0.00524,246.03,0,0,0,8.2588,0,0,0,0,0
69,268,7.738,23980,1.8205e+06,26.694,0,0,0.058428,0,0,0.002308,0,0,0,0.072463,0,0,0,0,0
69,268,7.738,23980,1.8205e+06,0.0067502,0,0,6.2288,0,0,0,0,0,0,18.985,0,0,0,504.3,0
69,268,7.738,23980,1.8205e+06,0.016666,0,0,0,0.007697,0,0,0,0,0,0.072463,0,0,0,0,0
69,268,7.738,23980,1.8205e+06,0,0,0,0,0,0,0,0,0,0,37.282,0,0,0,0,0
69,268,7.738,23980,1.8205e+06,0.003355,0,0,0,0,0,0,0,0,0,0.072463,0,0,0,0,0
69,268,7.738,23980,1.8205e+06,0,0,0,0,0,0,0,0,0,0,1.2644,0,0,0,0,0
69,268,7.738,23980,1.8205e+06,0.08836,0,0,0,0,0,0,0,0,0,0.56072,0,0,0,0,0
69,268,7.738,23980,1.8205e+06,338.53,0,0,0,0,0,0.10863,0,0,0,0.072463,0,0,0,0,0
69,268,7.738,23980,1.8205e+06,1.6324,0,0,0.058428,0,0,0,0,0,0,45.506,0,0,0,0,0
69,268,7.738,23980,1.8205e+06,0.13651,0,0,0,0,0,0,0,0,0,0.17677,0,0,0,0,0
69,268,7.738,23980,1.8205e+06,0.001436,0,0,0,0,4.3171,4.9992,0,0,0,0.3625,0,0,0,0,0
69,268,7.738,23980,1.8205e+06,0.87441,0,0,0,0,0,0,0,0,0,0.26171,0,0,0,0,0
69,268,7.738,23980,1.8205e+06,0,0,0,0,0,0,0,0,0,0,0.072463,0,0,0,0,0
69,268,7.738,23980,1.8205e+06,0,0,0,20.937,0,0,242.13,0,0,0,6.7175,0,0,0,0,0
69,268,7.738,23980,1.8205e+06,2.7866,0,0,1.4834,0,0,0,0,0,0,0.13039,0,0,0,0,0
69,268,7.738,23980,1.8205e+06,0,0,0,0,0,0,0,0,0,0,0.072463,0,0,0,0,0
69,268,7.738,23980,1.8205e+06,0.20484,0,0,0,0,0,0,0,0,0,0.072463,0,0,0,0,0
69,268,7.738,23980,1.8205e+06,1.1717,0,3.5583,0,0,0.005239,0,0,0,0,0.13056,0,0,0,37.405,0
69,268,7.738,23980,1.8205e+06,13.455,0,0,0,0,0,0,0,0,0,0.072463,0,0,0,0,0
69,268,7.738,23980,1.8205e+06,0,0,0,0,0,0,0,0,0,0,0.072463,0,0,0,0,0
69,268,7.738,23980,1.8205e+06,0.085655,0,0.008414,0,0,0,0,0,0,0,0.75066,0,0,0,0,0
69,268,7.738,23980,1.8205e+06,5.9697,0,0,0,0.62232,0,44.732,0,0,0,3.8826,0,0,0,0,0
69,268,7.738,23980,1.8205e+06,0.000716,0,0,0,0,0,0,0,0,0,0.072463,0,0,0,0,0
69,268,7.738,23980,1.8205e+06,0.58388,0,0,5.0098,0,0,0,0,0,0,4.643,0,0,0,0,0
69,268,7.738,23980,1.8205e+06,0.085655,0,0,0,0,0,0.80873,0,0,1.7864,0.072463,0,0,0,0,0
69,268,7.738,23980,1.8205e+06,0,0,0,0,0,0,0,0,0,0,0.37335,0,0,0,0,0
69,268,7.738,23980,1.8205e+06,0.017867,0,1.004,0,0,0,0,0,0,0,0.072463,0,0,0,0,0
69,268,7.738,23980,1.8205e+06,0,0,0,0,0,0,0,0,0,0,7.7869,0,0,0,0,0
69,268,7.738,23980,1.8205e+06,0.016668,0,0,0.001292,0,0,0,0,0,0,0.072463,0,0,0,127.26,0
69,268,7.738,23980,1.8205e+06,0.039088,0,0,0.00824,0,0.00524,0,0,0,0,0.072463,0,0,0,0,0
69,268,7.738,23980,1.8205e+06,0.00021,0,0,0.017454,0,3.4113,0,0,0,0,4.5076,0,0,0,0,0
69,268,7.738,23980,1.8205e+06,0,0,0,0,0.38599,0,0,0,0,0,0.67805,0,0,0,0,0
69,268,7.738,23980,1.8205e+06,0,0,0,0,0,0,0,0,0,5.6716,0.072463,0,0,0,597.23,0
69,268,7.738,23980,1.8205e+06,8.818,0,0,0,0,0,28.892,0,0,0,0.072463,0,0,0,0,0
69,268,7.738,23980,1.8205e+06,0.014554,0,0,0,0,0,0,0,0,0,0.21574,0,0,0,0,0
69,268,7.738,23980,1.8205e+06,0.0053435,0,0,0,0.0067502,0,0,0,0,0,0.072463,0,0,0,0,0
69,268,7.738,23980,1.8205e+06,0.051946,0,0,0,0,0,0,0,0,0,0.072463,0,0,0,0,0
69,268,7.738,23980,1.8205e+06,0.078318,0,0,0,0,0,0.13028,0,0,0,0.072463,0,0,0,0,0
69,268,7.738,23980,1.8205e+06,0.0024845,0,0,0.008333,0,0.00524,0.13028,0,0,0,3.6687,0,0,0,0,0
69,268,7.738,23980,1.8205e+06,0.04343,0,1.3747,0,0,0.00387,0,0,0,0,0.072463,0,0,0,0,0
69,268,7.738,23980,1.8205e+06,0.016668,0,0,0,0,0,0,0,0,0,0.072463,0,0,0,0,0
69,268,7.738,23980,1.8205e+06,0,0,0,0,0,0,0,0,0,0,59.217,0,0,0,0,0
69,268,7.738,23980,1.8205e+06,0,0,0,0,0,0,0,0,0,0,0.072463,0,0,0,0,0
69,268,7.738,23980,1.8205e+06,0.001434,0,0,0,0,0.0058398,0,0,0,0,0.072463,0,0,0,0,0
69,268,7.738,23980,1.8205e+06,0.025941,0,0,0,0,0,0,0,0,0,0.072463,0,0,0,0,0
69,268,7.738,23980,1.8205e+06,0.010507,0,0,0,0.030966,0,0,0,0,0,0.072463,0,0,0,0,0
69,268,7.738,23980,1.8205e+06,13.076,0,0,0,0,0.001463,0,0,0,0,0.52131,0,0,0,0,0
69,268,7.738,23980,1.8205e+06,0.025446,0,0,4.1125,0,0,0,0,0,2.6253,0.086791,0,0,0,0,0
69,268,7.738,23980,1.8205e+06,1.5074,0,0,0,0,0.83988,23.562,0,0,0,4.2561,0,0,0,0,0
69,268,7.738,23980,1.8205e+06,1.5338,0,0,0,0,0,0,0,0,0,0.42312,0,0,0,0,0
69,268,7.738,23980,1.8205e+06,0.56963,0,47.232,0,0.088175,0,0,0,0,0,5.0665,0,0,0,0,0
69,268,7.738,23980,1.8205e+06,0,0,0,0,0,0,0,0,0,0,0.072463,0,0,0,0,0
69,268,7.738,23980,1.8205e+06,0,0,0,0.00524,0.025097,0,0.42744,0,0,0,5.6128,0,0,0,0,0
69,268,7.738,23980,1.8205e+06,0.01698,0,0,0,0,0,0,0,0,0,0.072463,0,0,0,0,0
69,268,7.738,23980,1.8205e+06,1.8842,0,0,0,0,0,24.147,0,0,0.72035,3.6257,0,0,0,0,0
69,268,7.738,23980,1.8205e+06,0.84484,0,0,0.008333,0,0,0,0,0,0,1.1039,0,0,0,0,0
69,268,7.738,23980,1.8205e+06,0,0,0,0,0,0.79774,0,0,0,0,0.75066,0,0,0,0,0
69,268,7.738,23980,1.8205e+06,0.048132,0,0,0,0,0,0.008333,0,0,0,0.1484,0,0,0,0,0
69,268,7.738,23980,1.8205e+06,0.019253,0,0,0,0,0,47.013,0,0,0,40.772,0,0,0,0,0
69,268,7.738,23980,1.8205e+06,0,0,0,0,0,0,0,0,0,0,0.24115,0,0,0,0,0
69,268,7.738,23980,1.8205e+06,0.003822,0,1.173,0,0,0,0,0,0,0,2.9989,0,0,0,0,0
69,268,7.738,23980,1.8205e+06,0,0,0,0,0,0,0,0,0,0,0.13234,0,0,0,0,0
69,268,7.738,23980,1.8205e+06,0.0053435,0,0,0,0,0,0,0,0,0,5.5926,0,0,0,0,0
69,268,7.738,23980,1.8205e+06,0.21982,0,0,7.8571,0,0,0,0,0,0,0.13056,0,0,0,0,0
69,268,7.738,23980,1.8205e+06,0.072327,0,0,0.007472,0,0,0.13028,0,0,0,41.799,0,0,0,0,0
69,268,7.738,23980,1.8205e+06,0.001326,0,0,0,0,0,0.60778,0,0,0,0.13302,0,0,0,0,0
69,268,7.738,23980,1.8205e+06,0,0,0,0,0,0,0,0,0,0,0.11545,0,0,0,0,0
69,268,7.738,23980,1.8205e+06,0.0067312,0,0,0,0,0.80357,0,0,0,0,0.072463,0,0,0,0,0
69,268,7.738,23980,1.8205e+06,1.3895,0,0,0,0.17543,0,0,0,0,0,0.072463,0,0,0,0,0
69,268,7.738,23980,1.8205e+06,0,0,0,0,0.002344,0,0,0,0,0,4.8911,0,0,0,0,0
69,268,7.738,23980,1.8205e+06,0,0,0,0,0,0,0,0,0,0,6.7491,0,0,0,369.34,0
69,268,7.738,23980,1.8205e+06,0,0,2.05e-05,0,0,0,0,0,0,0,4.3915,0,0,0,0,0
69,268,7.738,23980,1.8205e+06,0,0,0,8.2269,0,0,19.738,0,0,0,0.072463,0,0,0,439.06,0
69,268,7.738,23980,1.8205e+06,0.099157,0,0,0.022416,0,0.25263,0,0,0,0,71.252,0,0,0,0,0
69,268,7.738,23980,1.8205e+06,0.005714,0,0,0,0,3.1882,0,0,0,0,0.1375,0,0,0,140.26,0
69,268,7.738,23980,1.8205e+06,0.005239,0,0.86595,0.0030625,0,0,0,0,0,0,37.282,0,0,0,0,0
69,268,7.738,23980,1.8205e+06,0.008335,0,0,0,0,0,16.236,0,0,0,0.072463,0,0,0,0,0
69,268,7.738,23980,1.8205e+06,1.5074,0,0,0,0,0,0.13028,0,0,0,0.13146,0,0,0,0,0
69,268,7.738,23980,1.8205e+06,0.0055995,0,0,0,0,0,0,0,0,0,0.086791,0,0,0,467.52,0
69,268,7.738,23980,1.8205e+06,0,0,0,30.178,0,0,0,0,0,0,0.072463,0,0,0,0,0
69,268,7.738,23980,1.8205e+06,0.00524,0,22.605,0,0,0,0.69676,0,0,0,3.3687,0,0,0,0,0
69,268,7.738,23980,1.8205e+06,0.63264,0,0,0,0,0.00524,0.10863,0,0,0,0.072463,0,0,0,0,0
69,268,7.738,23980,1.8205e+06,0.017176,0,0,0.008333,0,0,0,0,0,0.27721,0.072463,0,0,0,0,0
69,268,7.738,23980,1.8205e+06,0.016438,0,0,0,0,0,0.021726,0,0,0,0.58253,0,0,0,0,0
69,268,7.738,23980,1.8205e+06,0.001493,0,0,0.41214,0,0,0,0,0,2.6253,13.2,0,0,0,0,0
69,268,7.738,23980,1.8205e+06,0.21982,0,0,0.008343,0,0,0,0,0,0,0.072463,0,0,0,0,0
69,268,7.738,23980,1.8205e+06,0.14452,0,0,0,0,0,0,0,0,0,0.072463,0,0,0,0,0
69,268,7.738,23980,1.8205e+06,0.004371,0,0,0,0,0,0,0,0,0,0.072463,0,0,0,0,0
69,268,7.738,23980,1.8205e+06,0.072327,0,0,0,0,4.1389,0,0,0,0,58.962,0,0,0,0,0
69,268,7.738,23980,1.8205e+06,13.076,0,0,0.00524,0.94839,0.34012,0,0,0,0,0.072463,0,0,0,0,0
69,268,7.738,23980,1.8205e+06,2.038,0,0,0,0,0,0,0,0,0,0.23007,0,0,0,0,0
69,268,7.738,23980,1.8205e+06,0.016238,0,0,1.0474,0,0,0,0,0,0,33.184,0,0,0,0,0
69,268,7.738,23980,1.8205e+06,0,0,0,1.6118,0,0,0,0,0,2.6253,94.85,0,0,0,0,0
69,268,7.738,23980,1.8205e+06,0.011426,0,0,0,0.24884,0,0,0,0,1.9819,0.072463,0,0,0,0,0
69,268,7.738,23980,1.8205e+06,11.942,0,0,0.011301,0,0,0.13028,0,0,0,9.9728,0,0,0,0,0
69,268,7.738,23980,1.8205e+06,0.001436,0,0,1.6948,0,40.3,0,0,0,0,5.2552,0,0,0,0,0
69,268,7.738,23980,1.8205e+06,14.691,0,0,0,0,0,0,0,0,0,0.072463,0,0,0,0,0
69,268,7.738,23980,1.8205e+06,0,0,0,0,0.094637,0,31.923,0,0,0,0.072463,0,0,0,0,0
69,268,7.738,23980,1.8205e+06,0,0,0,0.0065059,0,0.0071261,25.113,0,0,0,4.643,0,0,0,0,0
69,268,7.738,23980,1.8205e+06,0.008333,0,0,0,0,9.1723,0,0,0,0,0.77392,0,0,0,0,0
69,268,7.738,23980,1.8205e+06,0.05624,0,0,0,0,0,0,0,0,0,39.746,0,0,0,0,0
69,268,7.738,23980,1.8205e+06,0.16206,0,0,0.45356,0,0,439.12,0,0,0,0.072463,0,0,0,0,0
69,268,7.738,23980,1.8205e+06,11.425,0,0,0.49605,0,3.6746,0,0,0,1.0167,0.35902,0,0,0,0,0
69,268,7.738,23980,1.8205e+06,0.006456,0,0,0,0,0,127.55,0,0,1.4449,4.5804,0,0,0,0,0
69,268,7.738,23980,1.8205e+06,0.080627,0,0,0.22953,0,0,0.67053,0,0,0,0.94645,0,0,0,0,0
69,268,7.738,23980,1.8205e+06,0.001493,0,0,0,0,0,0.13028,0,0,0,0.17677,0,0,0,0,0
69,268,7.738,23980,1.8205e+06,1.5082,0,0,1.5581,0.028292,0,0,0,0,0,59.62,0,0,0,0,0
69,268,7.738,23980,1.8205e+06,0.00036,0,0,2.9195,0,0,0,0,0,0,0.48881,0,0,0,0,0
69,268,7.738,23980,1.8205e+06,0.019543,0,0,0.055891,0,0,0,0,0,0,5.5428,0,0,0,0,0
69,268,7.738,23980,1.8205e+06,0,0,0,0,0,0,0,0,0,0,10.804,0,0,0,0,0
69,268,7.738,23980,1.8205e+06,5.3289,0,0,0.35837,0,0.053919,0.021726,0,0,0,1.2482,0,0,0,0,0
69,268,7.738,23980,1.8205e+06,5.6517,0,0,0,2.4205,0,0,0,0,0,0.072463,0,0,0,0,0
69,268,7.738,23980,1.8205e+06,0.00524,0,0,1.7917,0,46.03,0,0,0,0,0.072463,0,0,0,0,0
69,268,7.738,23980,1.8205e+06,0.003538,0,32.541,0,0,0,0,0,0,0,7.9974,0,0,0,0,0
69,268,7.738,23980,1.8205e+06,0.85407,0,0,0,0,0,0,0,0,0,0.072463,0,0,0,0,0
69,268,7.738,23980,1.8205e+06,0.05624,0,0,0,0,2.1018,0,0,0,0,0.072463,0,0,0,0,0
69,268,7.738,23980,1.8205e+06,0.16206,0,0,0,0,0,0,0,0,0,0.072463,0,0,0,0,0
69,268,7.738,23980,1.8205e+06,0.18967,0,0,40.485,0,0.31447,0,0,0,0,0.15843,0,0,0,0,0
69,268,7.738,23980,1.8205e+06,0,0,0,0.007472,0,0,0,0,0,0,0.072463,0,0,0,0,0
69,268,7.738,23980,1.8205e+06,0.096515,0,0,0,0,0,0,0,0,0.44682,0.52131,0,0,0,0,0
69,268,7.738,23980,1.8205e+06,0.10141,0,0,0,0,0,0,0,0,0,13.956,0,0,0,47.989,0
69,268,7.738,23980,1.8205e+06,0,0,0.18828,0.005239,0,0,0,0,0,0,0.072463,0,0,0,0,0
69,268,7.738,23980,1.8205e+06,0.098373,0,0,0,0.048644,0,0.67053,0,0,0,0.072463,0,0,0,0,0
69,268,7.738,23980,1.8205e+06,0.0067502,0,0,0,0.18522,0,0,0,0,0,0.75066,0,0,0,0,0
69,268,7.738,23980,1.8205e+06,0,0,0,0,0.000688,0,21.052,0,0,0,0.13054,0,0,0,0,0
69,268,7.738,23980,1.8205e+06,0,0,0,3.3159,6.3e-05,0.002139,279.38,0,0,0,0.072463,0,0,0,0,0
69,268,7.738,23980,1.8205e+06,0,0,0,0,0,0,0.42744,0,0,0.76777,0.12844,0,0,0,0,0
69,268,7.738,23980,1.8205e+06,0.032465,0,0,16.103,0,0,26.613,0,0,0,39.253,0,0,0,129.7,0
69,268,7.738,23980,1.8205e+06,0.023372,0,0,0,0,0,0,0,0,0,0.072463,0,0,0,0,0
69,268,7.738,23980,1.8205e+06,0.010002,0,0.45522,0,0,0,0,0,0,0,5.7504,0,0,0,0,0
69,268,7.738,23980,1.8205e+06,0,0,0,0,0,0,0.13028,0,0,0,4.1988,0,0,0,0,0
69,268,7.738,23980,1.8205e+06,2.6264,0,0,3.7016,0,0,30.454,0,0,0,0.14008,0,0,0,0,0
69,268,7.738,23980,1.8205e+06,0,0,0,0.0209,0,0,0,0,0,0,0.44683,0,0,0,0,0
69,268,7.738,23980,1.8205e+06,0.080966,0,0,1.515,0,0,0,0,0,0,8.8741,0,0,0,127.42,0
69,268,7.738,23980,1.8205e+06,0.078318,0,0,0,0,0.005769,0,0,0,0,35.005,0,0,0,0,0
69,268,7.738,23980,1.8205e+06,3.4321,0,0,0,0.71303,0,0,0,0,0,6.6447,0,0,0,0,0
69,268,7.738,23980,1.8205e+06,0,0,0,0,0,0,0,0,0,0.73557,2.6155,0,0,0,0,0
69,268,7.738,23980,1.8205e+06,0,0,0,0,0,0.094549,0,0.14277,0,0,2.1206,0,0,0,0,0
69,268,7.738,23980,1.8205e+06,0.035175,0,0,0,0,0,0.13028,0.005202,0,0,37.282,0,0,0,0,0
69,268,7.738,23980,1.8205e+06,0.27667,0,0,0.0084869,0,0,0.13028,0,0,0.44575,0.34469,0,0,0,0,0
69,268,7.738,23980,1.8205e+06,0.78022,0,0,0.012001,0,0,0,0,0,0,4.3915,0,0,0,0,0
69,268,7.738,23980,1.8205e+06,0.010235,0,0,0.086736,0,0,0,0,0,0,0.072463,0,0,0,0,0
69,268,7.738,23980,1.8205e+06,0,0,0,0,0,0,0,0,0,0,4.9652,0,0,0,0,0
69,268,7.738,23980,1.8205e+06,0.010235,0,0,0,0,0,0,0,0,0,0.56922,0,0,0,0,0
69,268,7.738,23980,1.8205e+06,0.011941,0,0,0,0,8.1338,0,0,0,0,0.402,0,0,0,0,0
69,268,7.738,23980,1.8205e+06,0.018052,0,0,0,0,1.0744,0,0,0,0,0.18612,0,0,0,0,0
69,268,7.738,23980,1.8205e+06,0.020568,0,0,0,0,0,40.56,0,0,0,0.10112,0,0,0,0,0
69,268,7.738,23980,1.8205e+06,0.048965,0,0,0,3.1286,0,0,0,0,0,0.82163,0,0,0,0,0
69,268,7.738,23980,1.8205e+06,0.013472,0,0.016263,0,0,0,26.176,0,0,0.73557,0.072463,0,0,0,0,0
69,268,7.738,23980,1.8205e+06,0,0,0.014613,0.93265,0,0,0.008333,0,0,0,0.072463,0,0,0,0,0
69,268,7.738,23980,1.8205e+06,206.68,0,0,0,0,1.3611,0,0,0,0,0.072463,0,0,0,0,0
69,268,7.738,23980,1.8205e+06,0.014773,0,0,4.6515,0,0,0,0,0,8.4961,7.8571,0,0,0,157.33,0
69,268,7.738,23980,1.8205e+06,0.0076281,0,0,0,0,0,0.60778,0,0,0,0.072463,0,0,0,0,0
69,268,7.738,23980,1.8205e+06,0.070183,0,0,0,1.8693,0,0,0,0,0,0.072463,0,0,0,0,0
69,268,7.738,23980,1.8205e+06,0.019994,0,0,0.067402,0,0,0,0,0,0,0.17677,0,0,0,0,0
69,268,7.738,23980,1.8205e+06,0.22056,0,0,0,0,0,0,0,0,0,4.9522,0,0,0,0,0
69,268,7.738,23980,1.8205e+06,7.1348,0,0,1.0054,0,0,0,0,0,0.73557,19.904,0,0,0,0,0
69,268,7.738,23980,1.8205e+06,0.00062,0,0,0.002868,0.30855,0.094549,0,0,0,3.8254,0.072463,0,0,0,0,0
69,268,7.738,23980,1.8205e+06,12.644,0,0,0.00524,0,0,0.13028,0,0,0,0.12977,0,0,0,0,0
69,268,7.738,23980,1.8205e+06,0.008333,0,0,0.000126,0,0,5.6355,0,0,0,0.70288,0,0,0,0,0
69,268,7.738,23980,1.8205e+06,0,0,0,0,0,0,0,0,0,0,1.7457,0,0,0,0,0
69,268,7.738,23980,1.8205e+06,0.026894,0,0,0,0.002139,0,7.8005,0,0,0,4.3421,0,0,0,0,0
69,268,7.738,23980,1.8205e+06,7.1486,0,0,0,0,0,0,0,0,6.8425,0.072463,0,0,0,0,0
69,268,7.738,23980,1.8205e+06,0.46683,0,0,0.008335,0,7.0118,0,0,0,1.7327,0.072463,0,0,0,0,0
69,268,7.738,23980,1.8205e+06,0.008587,0,0,0,0.008333,7.8e-05,0,0,0,1.261,8.6612,0,0,0,0,0
69,268,7.738,23980,1.8205e+06,0,0,2.4876,0.001669,0,0,0,0,0,0,0.072463,0,0,0,0,0
69,268,7.738,23980,1.8205e+06,0,0,0,0,0,0,0,0,0,0,0.072463,0,0,0,0,0
69,268,7.738,23980,1.8205e+06,1.0082,0,0,0,0,0,0,0,0,0,0.072463,0,0,0,0,0
69,268,7.738,23980,1.8205e+06,0.003465,0,0,0.00043,0,0,0,0,0,0,0.072463,0,0,0,0,0
69,268,7.738,23980,1.8205e+06,0.006456,0,0,0,0,0,0,0,0,0.73557,27.869,0,0,0,0,0
69,268,7.738,23980,1.8205e+06,0.01814,0,0,2.7829,0,0,0.79397,0,0,0,1.2482,0,0,0,0,0
69,268,7.738,23980,1.8205e+06,4.5068,0,0,0,0.002868,0,0.002308,0,0,0,1.2836,0,0,0,0,0
69,268,7.738,23980,1.8205e+06,0,0,0,0,0,0,0,0,0,0,2.5252,0,0,0,0,0
69,268,7.738,23980,1.8205e+06,0.014948,0,0,0,0.005239,0,0,0.00524,0,0,4.0845,0,0,0,0,0
69,268,7.738,23980,1.8205e+06,0.033619,0,0,0.13561,0,0,0,0,0,0,0.072463,0,0,0,0,0
69,268,7.738,23980,1.8205e+06,0.00829,0,0,0.17047,0.008333,0,0,0,0,0,0.134,0,0,0,0,0
69,268,7.738,23980,1.8205e+06,0,0,0,0,0,0,0,0,0,0,0.29757,0,0,0,0,0
69,268,7.738,23980,1.8205e+06,0.011426,0,0,0,0,0,0.13028,0,0,0,2.4569,0,0,0,5.3579,0
69,268,7.738,23980,1.8205e+06,0.08836,0,0,0,0,0,0,0,0,0,0.086791,0,0,0,0,0
69,268,7.738,23980,1.8205e+06,0.012093,0,0,0,0,0,0,0,0,0,14.703,0,0,0,0,0
69,268,7.738,23980,1.8205e+06,0.11856,0,0,0,0,0,0,0,0,0,18.07,0,0,0,0,0
69,268,7.738,23980,1.8205e+06,0.07157,0,0,0.007328,0,0,0,0,0,0,0.086791,0,0,0,0,0
69,268,7.738,23980,1.8205e+06,0.094834,0,0,0.006456,0,0.0097,0,0,0,0,0.11545,0,0,0,0,0
69,268,7.738,23980,1.8205e+06,0.015554,0,0,0,0,0,7.7093,0,0,0,1.1244,0,0,0,0,0
69,268,7.738,23980,1.8205e+06,38.726,0,0,0,0,0,0,0,0,0,0.072463,0,0,0,0,0
69,268,7.738,23980,1.8205e+06,0,0,0,0,1.0375,0,21.91,0,0,0,2.9989,0,0,0,0,0
69,268,7.738,23980,1.8205e+06,0.49233,0,0,0,0,0.0066788,0.002308,0,0,0.65812,3.5398,0,0,0,0,0
69,268,7.738,23980,1.8205e+06,0.001493,0,0,0,0,0,0,0,0,0,0.072463,0,0,0,0,0
69,268,7.738,23980,1.8205e+06,5.3485,0,0,0.001434,0,0,0.69676,0,0,0,0.072463,0,0,0,0,0
69,268,7.738,23980,1.8205e+06,0.045569,0,0,0,0,0,12.259,0,0,0,13.171,0,0,0,0,0
69,268,7.738,23980,1.8205e+06,185.35,0,0,0,0,0,0,0,0,0,0.072463,0,0,0,0,0
69,268,7.738,23980,1.8205e+06,0.12316,0,0,0,0,34.296,0,0,0,0,0.20142,0,0,0,0,0
69,268,7.738,23980,1.8205e+06,0.41171,0,0,0.07605,0,0,0.13028,0,0,0,0.12977,0,0,0,0,0
69,268,7.738,23980,1.8205e+06,0.018052,0,0,0,0,0,0,0,0,1.2479,2.1592,0,0,0,0,0
69,268,7.738,23980,1.8205e+06,9.6675,0,0,0,0,0,388.02,0,0,0,14.187,0,0,0,48.64,0
69,268,7.738,23980,1.8205e+06,0.21982,0,0,0,0,0,0,0,0,0.39237,0.072463,0,0,0,0,0
69,268,7.738,23980,1.8205e+06,0.024086,0,0,0.55882,0,0,0,0,0,0,0.072463,0,0,0,0,0
69,268,7.738,23980,1.8205e+06,0.074682,0,0,0,0,0,0,0,0,0,0.072463,0,0,0,0,0
69,268,7.738,23980,1.8205e+06,0.010479,0,0,0.26203,0.53455,0,0,0,0,0,0.072463,0,0,0,0,0
69,268,7.738,23980,1.8205e+06,0.016666,0,0,0.0087665,0,0,0,0,0,0,4.8317,0,0,0,0,0
69,268,7.738,23980,1.8205e+06,0.0095061,0,0,0,0,0,0,0,0,0,0.5196,0,0,0,0,0
69,268,7.738,23980,1.8205e+06,0.71409,0,0,0,0,0,0,0,0,0.4212,0.072463,0,0,0,0,0
69,268,7.738,23980,1.8205e+06,0.008332,0,0,0,0,0,0,0,0,0,0.49027,0,0,0,0,0
69,268,7.738,23980,1.8205e+06,0.010699,0,0,0.018595,0,0,0,0,0,0,0.072463,0,0,0,0,0
69,268,7.738,23980,1.8205e+06,0.035595,0,0,0,0,0,0,0,0,0,0.072463,0,0,0,0,0
69,268,7.738,23980,1.8205e+06,0,0,0,0.0093126,0.011755,0,0.13028,0,0,0,2.1163,0,0,0,0,0
69,268,7.738,23980,1.8205e+06,0,0,0,0,0,0,26.911,0,0,0,10.847,0,0,0,0,0
69,268,7.738,23980,1.8205e+06,0.00524,0,0,4.595,0,0,0.021726,0,0,0,1.8818,0,0,0,0,0
69,268,7.738,23980,1.8205e+06,32.217,0,0,0,0,0,0,0,0,0,0.072463,0,0,0,0,0
69,268,7.738,23980,1.8205e+06,0.16029,0,0,0,0,0,0,0,0,0,0.13302,0,0,0,0,0
69,268,7.738,23980,1.8205e+06,0.008333,0,0,0.005239,0,0,0.67927,0,0,0,0.072463,0,0,0,0,0
69,268,7.738,23980,1.8205e+06,0,0,0,0,0,0,4.9077,0,0,0,0.94482,0,0,0,0,0
69,268,7.738,23980,1.8205e+06,0,0,0,0,0,0,0,0,0,0,0.17276,0,0,0,0,0
69,268,7.738,23980,1.8205e+06,0,0,0,0,0,0,0,0,0,0,0.072463,0,0,0,0,0
69,268,7.738,23980,1.8205e+06,0,0,0,0,0,0,44.732,0,0,0,0.072463,0,0,0,0,0
69,268,7.738,23980,1.8205e+06,0.008567,0,0,1.7917,0,0,0,0,0,0,0.072463,0,0,0,0,0
69,268,7.738,23980,1.8205e+06,39.916,0,0,0,0,0,70.616,0,0,0,3.4986,0,0,0,0,0
69,268,7.738,23980,1.8205e+06,0.0062716,0,0,0.37625,29.406,0,0,0,0,0,12.207,0,0,0,0,0
69,268,7.738,23980,1.8205e+06,3.1081,0,0,0,0,0,30.099,0,0,0,0.33767,0,0,0,0,0
69,268,7.738,23980,1.8205e+06,0,0,0,0,0,0,4.9077,0,0,1.0834,0.26171,0,0,0,0,839.32
69,268,7.738,23980,1.8205e+06,0.098373,0,0,0.022416,0,0.47009,0,0,0,0,0.072463,0,0,0,0,0
69,268,7.738,23980,1.8205e+06,0.011819,0,0,0.00524,0,0.000251,203.64,0,0,0,5.5428,0,0,0,0,0
69,268,7.738,23980,1.8205e+06,0.005239,0,0,0,0,0,0,0.0068787,0,0,0.072463,0,0,0,0,0
69,268,7.738,23980,1.8205e+06,2.597,0,0,0,0,0,0,0,0,0,0.21272,0,0,0,0,0
69,268,7.738,23980,1.8205e+06,0,0,0,0.37625,0,0,0.002308,0,0,4.212,0.93212,0,0,0,0,0
69,268,7.738,23980,1.8205e+06,0.16029,0,0,0.0091806,0,0,0,0,0,2.6253,0.072463,0,0,0,0,0
69,268,7.738,23980,1.8205e+06,0,0,0,0,0,0,0,0,0,0,0.072463,0,0,0,0,0
69,268,7.738,23980,1.8205e+06,0.005714,0,0,0,0,0.000688,16.762,0,0,0,0.072463,0,0,0,0,0
69,268,7.738,23980,1.8205e+06,1.0733,0,0,0,0,0,0,0,0,0,7.5569,0,0,0,0,0
69,268,7.738,23980,1.8205e+06,0,0,1.6628,0,0,0,0,0,0,0,4.3421,0,0,0,0,0
69,268,7.738,23980,1.8205e+06,0,0,0,0,0,0,0,0,0,0,0.072463,0,0,0,0,0
69,268,7.738,23980,1.8205e+06,0.11182,0,0,0,0,0,0,0,0,1.4449,0.072463,0,0,0,0,0
69,268,7.738,23980,1.8205e+06,1.3895,0,0,0,0.4298,0,10.054,0,0,0,0.134,0,0,0,0,0
69,268,7.738,23980,1.8205e+06,0.31332,0,0,0,0,0,0,0,0,0,8.755,0,0,0,0,0
69,268,7.738,23980,1.8205e+06,7.327,0,0,0,0,0,0,0,0,0,0.41236,0,0,0,0,0
69,268,7.738,23980,1.8205e+06,0.32104,0,0,0,0,0,11.006,0,0,0,0.072463,0,0,0,0,0
69,268,7.738,23980,1.8205e+06,0.004143,0,0,0,0,0,0,0.009383,0,0,0.086791,0,0,0,26.73,0
69,268,7.738,23980,1.8205e+06,0.0021738,0,0,0.24489,0,0,0,0,0,0,0.11545,0,0,0,0,0
69,268,7.738,23980,1.8205e+06,0.21492,0,0,0,0,0,0,0,0,0,0.3625,0,0,0,0,0
69,268,7.738,23980,1.8205e+06,0.008333,0,0,0.03244,0,0,0,0,0,0,0.072463,0,0,0,0,0
69,268,7.738,23980,1.8205e+06,0,0,0,0,0,0,0,0,0,0,0.072463,0,0,0,0,0
69,268,7.738,23980,1.8205e+06,0.21064,0,0,10.309,0,0.082908,0,0,0,0,1.1456,0,0,0,0,0
69,268,7.738,23980,1.8205e+06,0,0,0,4.6515,7.9462,0,0,0,0,0,0.11545,0,0,0,0,0
69,268,7.738,23980,1.8205e+06,0,0,0,0,0,0.016404,0,0,0,0,0.25674,0,0,0,0,0
69,268,7.738,23980,1.8205e+06,0.000251,0,0,0.023709,0,0,77.672,0,0,0,8.9759,0,0,0,0,0
69,268,7.738,23980,1.8205e+06,0.84484,0,0,0,0,0,0,0,0,0,0.13329,0,0,0,0,0
69,268,7.738,23980,1.8205e+06,0.0059417,0,0,0,8.9903,0,0,0,0,0,0.072463,0,0,0,0,0
69,268,7.738,23980,1.8205e+06,0.096515,0,0,0,0,0,0,0,0,0,0.072463,0,0,0,0,0
69,268,7.738,23980,1.8205e+06,0,0,0,0.47877,0,0,0,0,0,0.44682,0.20142,0,0,0,0,0
69,268,7.738,23980,1.8205e+06,0.030564,0,0,0,0,0,0.13028,0,0,0,9.0272,0,0,0,0,0
69,268,7.738,23980,1.8205e+06,0.008335,0,0,0.023408,0,0,0,0,0,0,9.38,0,0,0,0,0
69,268,7.738,23980,1.8205e+06,4.4488,0,0,187.43,0,0,0.10863,0,0,0,0.072463,0,0,0,0,0
69,268,7.738,23980,1.8205e+06,0.02912,0,0,0,0,0,0,0,0,0,0.072463,0,0,0,0,599.51
69,268,7.738,23980,1.8205e+06,1.2812,0,0,0.017077,0.036158,4.6911,0,0,0,0,0.13581,0,0,0,0,0
69,268,7.738,23980,1.8205e+06,0,0,0.39992,0.35837,0,0,0,0,0,0,1.2954,0,0,0,0,0
69,268,7.738,23980,1.8205e+06,0,0,0,0,4.483,0,0,0,0,0,0.072463,0,0,0,0,0
69,268,7.738,23980,1.8205e+06,0.008333,0,0,0,0,0.001267,0,0,0,16.378,0.12844,0,0,0,46.793,0
69,268,7.738,23980,1.8205e+06,0.021397,0,0,0,0,0,0,0,0,0,94.85,0,0,0,0,0
69,268,7.738,23980,1.8205e+06,0,0,0,0.003821,0,0,0,0,0,9.1202,0.072463,0,0,0,0,0
69,268,7.738,23980,1.8205e+06,0.014338,0,0,0,0,0,0,0,0,0,5.5428,0,0,0,0,0
69,268,7.738,23980,1.8205e+06,1.5785,0,0,0,0,0,0,0,0,0,0.072463,0,0,0,0,0
69,268,7.738,23980,1.8205e+06,0.010002,0,0,0.005239,47.735,0,0,0,0,0,0.072463,0,0,0,0,0
69,268,7.738,23980,1.8205e+06,0.79641,0,0,0,0,0,0,0,0,0,2.6841,0,0,0,0,0
69,268,7.738,23980,1.8205e+06,0.13495,0,0,0,0,0.10028,0,0,0,0,11.921,0,0,0,0,0
69,268,7.738,23980,1.8205e+06,2.5177,0,0,0,0,0,0,0,0,0,3.4032,0,0,0,302.17,0
69,268,7.738,23980,1.8205e+06,0,0,0,0,0,0,0,0,0,10.481,3.6257,0,0,0,0,0
69,268,7.738,23980,1.8205e+06,0.008333,0,0,0,0,0,29.213,0,0,0,0.072463,0,0,0,0,0
69,268,7.738,23980,1.8205e+06,0.26453,0,0,0,0,0,7.7093,0,0,0,0.13039,0,0,0,0,0
69,268,7.738,23980,1.8205e+06,0,0,7e-05,0,0,0,29.213,0,0,0,35.005,0,0,0,0,0
69,268,7.738,23980,1.8205e+06,0.0021738,0,0,0.000842,0,0,0,0,0,0,5.1015,0,0,0,0,0
69,268,7.738,23980,1.8205e+06,1.8156,0,0,0,0,0,0,0,0,1.7327,0.33671,0,0,0,0,0
69,268,7.738,23980,1.8205e+06,0,0,0,0,3.3531,0.34012,0,0,0,0,0.89874,0,0,0,0,0
69,268,7.738,23980,1.8205e+06,0.11602,0,0,0,0,0,0,0,0,0,0.15015,0,0,0,0,0
69,268,7.738,23980,1.8205e+06,1.7297,0,0,0,0,0,0.59876,0,0,0,28.485,0,0,0,0,0
69,268,7.738,23980,1.8205e+06,0.474,0,0,0,0,0,0.008333,0,0,0,10.802,0,0,0,0,0
69,268,7.738,23980,1.8205e+06,0.20793,0,0,0,0,0,0.13028,0,0,0,0.072463,0,0,0,0,0
69,268,7.738,23980,1.8205e+06,0,0,0,6.6114,0,0.85832,0,0,0,0,2.1163,0,0,0,0,0
69,268,7.738,23980,1.8205e+06,0.008333,0,0,0.000234,0,0,0,0,0,0,7.1639,0,0,0,0,0
69,268,7.738,23980,1.8205e+06,1.5338,0,0,0.008333,0,0.000887,0,0,0,7.8617,0.094364,0,0,0,0,0
69,268,7.738,23980,1.8205e+06,1.2812,0,13.727,0,0,0,0,0,0,0,14.637,0,0,0,0,0
69,268,7.738,23980,1.8205e+06,0.18277,0,0,0,0,0,21.105,0,0,0,7.7869,0,0,0,0,0
69,268,7.738,23980,1.8205e+06,0.022995,0,0,0,0,0.82492,0,0,0,0,10.847,0,0,0,0,0
69,268,7.738,23980,1.8205e+06,0.015554,0,0,0,0.12707,0,7.8005,0,0,0,2.7374,0,0,0,0,0
69,268,7.738,23980,1.8205e+06,0.43482,0,0,0.79052,0,0,0,0,0,0,0.072463,0,0,0,0,0
69,268,7.738,23980,1.8205e+06,0.03517,0,0,0,0,0,12.901,0,0,1.9819,14.187,0,0,0,0,0
69,268,7.738,23980,1.8205e+06,0,0,0,0,0,0,0,0,0,18.081,0.072463,0,0,0,0,0
69,268,7.738,23980,1.8205e+06,0,0,0,0.021741,0,0.003539,285.2,0,0,0,0.072463,0,0,0,0,0
69,268,7.738,23980,1.8205e+06,0,0,0,0,0,0,2.4766,0,0,0,0.072463,0,0,0,0,0
69,268,7.738,23980,1.8205e+06,19,0,0,0,0,0,0,0,0,0.44682,3.4986,0,0,0,0,0
69,268,7.738,23980,1.8205e+06,0.008333,0,0,0,0,0,0,0,0,0,0.072463,0,0,0,0,0
69,268,7.738,23980,1.8205e+06,0,0,0,0.042727,0,0,0,0,0,0,0.072463,0,0,0,0,0
69,268,7.738,23980,1.8205e+06,10.245,0,0,0.042727,0,0,0,0,0,0,0.14852,0,0,0,0,0
69,268,7.738,23980,1.8205e+06,0.001292,0,0,0.021254,0.007697,0,0,0,0,0,10.847,0,0,0,0,0
69,268,7.738,23980,1.8205e+06,0.000126,0,0,0,0,0,0,0,0,0,3.6687,0,0,0,0,0
69,268,7.738,23980,1.8205e+06,0.008587,0,0,0,0,1.2917,0,0,0,0,5.2094,0,0,0,0,0
69,268,7.738,23980,1.8205e+06,0.0055919,0,0,0,0,0,0.13028,0,0,0,1.6629,0,0,0,0,0
69,268,7.738,23980,1.8205e+06,962.11,0,0,0,0,0,0,0,0,0,0.072463,0,0,0,0,0
69,268,7.738,23980,1.8205e+06,1.8156,0,0.11991,0.005239,0,0,0,0,0,0,0.072463,0,0,0,0,0
69,268,7.738,23980,1.8205e+06,0.008333,0,0,0,0,0.010513,0,0,0,0,12.291,0,0,0,0,0
69,268,7.738,23980,1.8205e+06,5.3289,0,0,0,0,0.80274,0,0,0,0,0.17677,0,0,0,0,0
69,268,7.738,23980,1.8205e+06,0.10392,0,0,0,0,0,0,0,0,127.87,0.072463,0,0,0,0,0
69,268,7.738,23980,1.8205e+06,0.008333,0,0,0,0.000251,0,0,0,0,0,0.072463,0,0,0,0,0
69,268,7.738,23980,1.8205e+06,0,0,0,0,0,0,0,0,0,0,4.729,0,0,0,0,0
69,268,7.738,23980,1.8205e+06,0.65712,0,0,0.008333,0,0,0,0,0,0,0.13198,0,0,0,0,0
69,268,7.738,23980,1.8205e+06,0.010235,0,0,0.00524,0,0,0,0,0,0,8.8741,0,0,0,0,0
69,268,7.738,23980,1.8205e+06,0.0088426,0,0,0,0,0,0.67927,169.47,0,0,5.2662,0,0,0,0,0
69,268,7.738,23980,1.8205e+06,0.010479,0,0,0,0,0,0,0,0,0,0.072463,0,0,0,0,0
69,268,7.738,23980,1.8205e+06,0.010998,0,0,0,0,0.001326,0.13028,0.00524,0,0,0.072463,0,0,0,0,0
69,268,7.738,23980,1.8205e+06,0,0,0,0.021905,0,0,0,0,0,0.44682,0.072463,0,0,0,0,0
69,268,7.738,23980,1.8205e+06,0.003539,0,0,0.65091,0,0,0,0,0,0,0.17677,0,0,0,0,0
69,268,7.738,23980,1.8205e+06,0.0058918,0,0,0,0,0,0,0,0,0,0.072463,0,0,0,0,0
69,268,7.738,23980,1.8205e+06,0.15897,0,0,0,0,0,0,0,0,0,1.2458,0,0,0,0,0
69,268,7.738,23980,1.8205e+06,0.008567,0,5.6342,0,0.033812,0,13.709,0,0,0,5.8591,0,0,0,0,0
69,268,7.738,23980,1.8205e+06,0.78022,0,0.091029,0,0,0,0,0,0,0,0.15843,0,0,0,0,0
69,268,7.738,23980,1.8205e+06,0.017176,0,0,0,0,0,0,0,0,0,0.086791,0,0,0,303.99,0
69,268,7.738,23980,1.8205e+06,0,0,0,5.4566,0,0,0,0,0,0,3.8826,0,0,0,0,0
69,268,7.738,23980,1.8205e+06,0.008333,0,0,0,0,0,0,0,0,1.5079,0.29757,0,0,0,0,0
69,268,7.738,23980,1.8205e+06,0,0,0.008333,0,0,0,0,0,0,0,26.814,0,0,0,0,0
69,268,7.738,23980,1.8205e+06,13.836,0,0,0,0,0,0,0,0,1.5851,0.072463,0,0,0,0,0
69,268,7.738,23980,1.8205e+06,1.1717,0,0,0,0,4.5986,0,0,0,1.808,0.072463,0,0,0,0,0
69,268,7.738,23980,1.8205e+06,0.0055384,0,0,0,0,0,0.059897,0,0,0,0.072463,0,0,0,0,0
69,268,7.738,23980,1.8205e+06,0,0,21.883,0,0,0,0,0,0,0,0.34469,0,0,0,60.349,0
69,268,7.738,23980,1.8205e+06,0,0,0,0,0,0,0,0,0,0,13.2,0,0,0,0,0
69,268,7.738,23980,1.8205e+06,0.042855,0,0,0,0.000172,0,0.59876,0,0,0,2.1063,0,0,0,0,0
69,268,7.738,23980,1.8205e+06,1.0465,0,0,0,0,7.7207,439.12,0,0,0,0.072463,0,0,0,0,0
69,268,7.738,23980,1.8205e+06,0,0,0,0,0,0,0,0,0,0,0.072463,0,0,0,8.1577,0
69,268,7.738,23980,1.8205e+06,0.008333,0,0,0,0,0,0,0,0,0,0.072463,0,0,0,0,0
69,268,7.738,23980,1.8205e+06,1.3301,0,0,0,0,0,127.38,0,0,0,0.072463,0,0,0,0,0
69,268,7.738,23980,1.8205e+06,0.00315,0,0,0,0,0.005411,0,0,0,0,8.2965,0,0,0,0,0
69,268,7.738,23980,1.8205e+06,0.000126,0,0,0,0,0,0,0,0,0,0.072463,0,0,0,0,3477.2
69,268,7.738,23980,1.8205e+06,0.012093,0,0,0,0,0,0,0,0,0,0.13782,0,0,0,0,0
69,268,7.738,23980,1.8205e+06,0.010521,0,0,0,0.00014,2.4189,0,0,0,0,0.21574,0,0,0,0,0
69,268,7.738,23980,1.8205e+06,18.124,0,0,0,0,0,0,0,0,36.785,1.0611,0,0,0,0,0
69,268,7.738,23980,1.8205e+06,0.022631,0,0,0,0,0,0,0,0,0,6.7491,0,0,0,0,0
69,268,7.738,23980,1.8205e+06,0.016573,0,0,0,0,0,0,0,0,0,1.2482,0,0,0,0,0
69,268,7.738,23980,1.8205e+06,0.12441,0,0,0,0,0,0.40452,0,0,0,0.072463,0,0,0,0,0
69,268,7.738,23980,1.8205e+06,0,0,0,0,0,0.003416,0.13028,0,0,0,3.3678,0,0,0,0,0
69,268,7.738,23980,1.8205e+06,0.0098678,0,0,0,0,0,0,0,0,0,21.049,0,0,0,0,0
69,268,7.738,23980,1.8205e+06,0.001436,0,0,0,0,0.36611,0,12.142,0,0,0.086791,0,0,0,0,0
69,268,7.738,23980,1.8205e+06,0.007697,0,0,0,0,0,0,0,0,0,0.072463,0,0,0,0,0
69,268,7.738,23980,1.8205e+06,0.13495,0,0,0,0,0,0,0,0,0,8.9877,0,0,0,0,0
69,268,7.738,23980,1.8205e+06,0,0,0,0,9.5551,0,0,0,0,0,0.072463,0,0,0,0,0
69,268,7.738,23980,1.8205e+06,0,0,0,0,0,0,0,0,0,0,6.4921,0,0,0,0,0
69,268,7.738,23980,1.8205e+06,0,0,0,1.0474,0,0,0,0,0,0,0.072463,0,0,0,0,0
69,268,7.738,23980,1.8205e+06,0.00524,0,0,0,0,0,0,0,0,0,6.4921,0,0,0,0,0
69,268,7.738,23980,1.8205e+06,2.9202,0,0,0.00524,0,0,0,0,0,0,0.52131,0,0,0,0,0
69,268,7.738,23980,1.8205e+06,0.26552,0,0,0,0,0,0,0,0,0.76342,0.56072,0,0,0,0,0
69,268,7.738,23980,1.8205e+06,0.027507,0,0,0,0,0,25.566,0,0,0,0.072463,0,0,0,0,0
69,268,7.738,23980,1.8205e+06,0.00524,0,0,0.21451,0,0,0,0,0,0,0.75066,0,0,0,151.66,0
69,268,7.738,23980,1.8205e+06,0.15581,0,0,6.038,0,0,0,0,0,0,0.072463,0,0,0,0,0
69,268,7.738,23980,1.8205e+06,0.18277,0,0,0.023408,0,0,0,0,0,0,0.072463,0,0,0,0,0
69,268,7.738,23980,1.8205e+06,0.008333,0,0,0.000842,0,0,0,0,0,0,1.2836,0,0,0,0,0
69,268,7.738,23980,1.8205e+06,3.3912,0,0,0.64732,0,0,0,0,0,0,5.2552,0,0,0,0,0
69,268,7.738,23980,1.8205e+06,0.10141,0,0,0,0.006566,0,30.39,0,0,0,0.44683,0,0,0,0,0
69,268,7.738,23980,1.8205e+06,0.01814,0,0,0.002741,0,0.005239,0,0,0,0,1.9351,0,0,0,0,0
69,268,7.738,23980,1.8205e+06,0,0,0.3141,0,0,0,0,3.2815,0,0,3.8826,0,0,0,0,0
69,268,7.738,23980,1.8205e+06,0.013253,0,0,0,0,0.82893,0,0,0,0,33.184,0,0,0,0,0
69,268,7.738,23980,1.8205e+06,0.005239,0,9.6e-05,0,0,52.722,0.13028,0,0,0.76342,0.072463,0,0,0,0,0
69,268,7.738,23980,1.8205e+06,0.15581,0,0,0,0.005239,0,0,0,0,0,0.9086,0,0,0,0,0
69,268,7.738,23980,1.8205e+06,0.008333,0,0,0,0,0,0,0,0,0,39.253,0,0,0,0,0
69,268,7.738,23980,1.8205e+06,0.21492,0,0,0,0,0,0,0,0,0,22.868,0,0,0,0,0
69,268,7.738,23980,1.8205e+06,0,0,0,0,0,0,0,0,0,0,5.5792,0,0,0,0,0
69,268,7.738,23980,1.8205e+06,0.008333,0,0,0,1.4867,0,0,0,0,0,5.1874,0,0,0,0,0
69,268,7.738,23980,1.8205e+06,0.014229,0,0,0,0,0,0,0,0,0,6.9139,0,0,0,0,0
69,268,7.738,23980,1.8205e+06,0.028378,0,0,0.0025115,0,0,28.233,0,0,0,0.072463,0,0,0,0,0
69,268,7.738,23980,1.8205e+06,0.65712,0,0,0,0,0,0,0,0,0,10.13,0,0,0,0,0
69,268,7.738,23980,1.8205e+06,0.023372,0,0,0,0,0,0,0,0,0,7.5569,0,0,0,0,0
69,268,7.738,23980,1.8205e+06,1.6666,0,0,0,0,0,0,0,0,0,1.1327,0,0,0,0,0
69,268,7.738,23980,1.8205e+06,0.60166,0,0,0,0,0,0,0,0,0,0.072463,0,0,0,0,0
69,268,7.738,23980,1.8205e+06,0.016666,0,0,0,0,0,27.391,0,0,4.212,0.63867,0,0,0,0,0
69,268,7.738,23980,1.8205e+06,1.9374,0,0,0,0,0,0,0,0,0,3.2549,0,0,0,0,0
69,268,7.738,23980,1.8205e+06,0.005239,0,0,0,0,0,0.13028,0,0,0,0.43066,0,0,0,0,0
69,268,7.738,23980,1.8205e+06,0.024086,0,0,0,0,34.296,0.42744,0,0,0,0.072463,0,0,0,0,0
69,268,7.738,23980,1.8205e+06,0.50894,0,0,0.32723,0,0,0,0,0,18.081,9.38,0,0,0,0,0
69,268,7.738,23980,1.8205e+06,0.34658,0,0,16.103,0.000688,0,18.387,0,0,0,1.0569,0,0,0,0,0
69,268,7.738,23980,1.8205e+06,0.001292,0,0,0.20117,0,0,0,0,0,0,5.8591,0,0,0,0,0
69,268,7.738,23980,1.8205e+06,0.46683,0,0,0,0,0,0,0,0,0,0.072463,0,0,0,0,0
69,268,7.738,23980,1.8205e+06,0.49233,0,0,0.001493,0.00043,0,0,0,0,0,5.1874,0,0,0,0,0
69,268,7.738,23980,1.8205e+06,0.003355,0,0,0,0,0,24.854,0,0,0,0.072463,0,0,0,0,0
69,268,7.738,23980,1.8205e+06,0,0,0,0,0.003346,0,10.054,0,0,0,0.072463,0,0,0,0,0
69,268,7.738,23980,1.8205e+06,0.018052,0,0,0,0,0,0,0,0,1.5851,0.072463,0,0,0,0,0
69,268,7.738,23980,1.8205e+06,0,0,0,0,0,0,0,0,0,0,0.072463,0,0,0,0,0
69,268,7.738,23980,1.8205e+06,0.087821,0,0,0,0,0,0,0,0,0,0.072463,0,0,0,0,0
69,268,7.738,23980,1.8205e+06,0.004345,0,0,0.00014,0,2.4189,70.512,0,0,0,0.55863,0,0,0,0,0
69,268,7.738,23980,1.8205e+06,0,0,0,0,0,0,0,0,0,0,0.072463,0,0,0,0,0
69,268,7.738,23980,1.8205e+06,0.008332,0,0,0,0,0,0,0,0,0,0.43066,0,0,0,0,0
69,268,7.738,23980,1.8205e+06,0.008333,0,0,0,0,0,0,0,0,0,0.072463,0,0,0,0,0
69,268,7.738,23980,1.8205e+06,0,0,0,0,0,0,0,0,0,0,5.8763,0,0,0,0,0
70,269,1,1.4008e+05,1.0634e+07,3.2089,0,0,0,0,0,0,0,0,0,0.37335,0,0,0,0,0
70,269,1,1.4008e+05,1.0634e+07,0.080627,0,0,0.030859,0,0,0.13028,0,0,0,0.13056,0,0,0,0,0
70,269,1,1.4008e+05,1.0634e+07,0.022379,0,0,0,0.011461,0.79321,0,0,0,1.0245,0.072463,0,0,0,0,0
70,269,1,1.4008e+05,1.0634e+07,0.50894,0,0,0,0,0.83487,0,0,0,0,0.072463,0,0,0,0,0
71,270,18.622,2.4285,184.36,0,0,0.029289,0,0,0,0,0,0,0,0.35902,0,0,0,0,0.060712
71,270,18.622,2.4285,184.36,0.00829,0,0,0,0,0,0,0,0,0,0.072463,0,0,0,0,0
71,270,18.622,2.4285,184.36,0.1702,0,0,0,0,0,0,0,0,0,0.13348,0,0,0,0,0
71,270,18.622,2.4285,184.36,0.18967,0,0,0,0,0.001326,0,0,0,0.72035,0.072463,0,0,0,0,0
71,270,18.622,2.4285,184.36,0.094834,0,0,0.0060235,0,0,0.13028,0,0,0,0.34469,0,0,0,0,0
71,270,18.622,2.4285,184.36,0.0068538,0,0,0,0,0,0,0,0,0,0.13146,0,0,0,0,0
71,270,18.622,2.4285,184.36,0,0,0,0,0,0,0,0,0,0,0.072463,0,0,0,0,0
71,270,18.622,2.4285,184.36,0.00829,0,0,0,0.20313,0.0016215,0,0,0,0,0.072463,0,0,0,0,0
71,270,18.622,2.4285,184.36,0.086638,0,0,0.089334,0,0,0.13028,0,0,0,0.072463,0,0,0,0,0
71,270,18.622,2.4285,184.36,0.1702,0,0,0.089334,0,0,0,0,0,0,0.50053,0,0,0,0,0
71,270,18.622,2.4285,184.36,0.002195,0,0,0,0,0,0,0,0,1.4449,0.072463,0,0,0,0,0
71,270,18.622,2.4285,184.36,0.098373,0,0,0,0,0,0,0,0,0,1.4169,0,0,0,0,0
71,270,18.622,2.4285,184.36,0.25711,0,0,0,0,0,0,0,0,0,0.13649,0,0,0,0,0
71,270,18.622,2.4285,184.36,0.73812,0,0.23695,0,0,0,0,0,0,0,0.91404,0,0,0,0,0.0060712
71,270,18.622,2.4285,184.36,0.30411,0,0,0,0,0,0,0,0,0,0.56339,0,0,0,0,0
71,270,18.622,2.4285,184.36,0.000126,0,0,0,0,0,0,0,0,0,0.12844,0,0,0,0,0
71,270,18.622,2.4285,184.36,1.4262,0,0,0,0,0,0.008333,0,0,0,0.17677,0,0,0,0,0
71,270,18.622,2.4285,184.36,0.01698,0,0,0,0,0,0,0,0,0,0.072463,0,0,0,0,0.0060712
71,270,18.622,2.4285,184.36,0,0,0,0,0,0,0,0,0,0,0.072463,0,0,0,0,0
71,270,18.622,2.4285,184.36,0,0,0,0,0,0,0,0.010819,0,0,1.8229,0,0,0,0,0
71,270,18.622,2.4285,184.36,0.21392,0,0,0,0,0,0,0,0,0,0.13505,0,0,0,0,0
71,270,18.622,2.4285,184.36,0.1682,0,0,0,0,0.00524,0,0,0,0,2.1592,0,0,0,0,0
71,270,18.622,2.4285,184.36,0.022631,0,0,0.61256,0.008333,0,0,0,0,0,0.20142,0,0,0,0,0
71,270,18.622,2.4285,184.36,0.093737,0,0,0.12242,0,0,0,0,0,0,0.14008,0,0,0,0,0.060712
71,270,18.622,2.4285,184.36,0.002031,0,0,0,0.20003,0.14687,0,0,0,0,0.13226,0,0,0,0,0
71,270,18.622,2.4285,184.36,0.010558,0,0,0,0,0,0,0,0,0,0.94645,0,0,0,0,0
71,270,18.622,2.4285,184.36,0,0,0,0,0,0.047757,0.67053,0,0,0,0.072463,0,0,0,0,0
71,270,18.622,2.4285,184.36,0.1702,0,0,0,0,0,0.13028,0,0,0,0.34495,0,0,0,0,0
71,270,18.622,2.4285,184.36,0.059062,0,0,0,0,0,0,0,0,0,1.3043,0,0,0,0,0
71,270,18.622,2.4285,184.36,0.0094073,0,0,0,0,0,0,0,0,0,0.072463,0,0,0,0,1.9428
71,270,18.622,2.4285,184.36,0.033746,0,0,0,0,0,0,0,0,0,0.086791,0,0,0,0,0
71,270,18.622,2.4285,184.36,0.085655,0,0,0,0.008333,0,0,0,0,0,0.75066,0,0,0,0,0
71,270,18.622,2.4285,184.36,0,0,0,0,0,0,0,0,0,0,0.072463,0,0,0,0,0.16392
71,270,18.622,2.4285,184.36,0,0,0,0,0,0,0,0.00036,0,0,0.63867,0,0,0,0,0
71,270,18.622,2.4285,184.36,0,0,0,0,0,0,0.13028,0,0,0,0.072463,0,0,0,0,0.10928
71,270,18.622,2.4285,184.36,0.073391,0,0,0,0,0,0,0,0,0,0.15843,0,0,0,0,0.30356
71,270,18.622,2.4285,184.36,0.32104,0,0,0,0,0,0,0,0,0,0.072463,0,0,0,0,0
71,270,18.622,2.4285,184.36,0,0,0,0.0030625,0,0,0,0,0,0,0.13039,0,0,0,0,0
71,270,18.622,2.4285,184.36,0.033827,0,0,0,0,0,0,0,0,0,0.29757,0,0,0,0,0
71,270,18.622,2.4285,184.36,0,0,0,0.005239,0,0.00524,0,0,0,0,0.072463,0,0,0,0,0
71,270,18.622,2.4285,184.36,0.38302,0,0,0,0,0.00036,0,0,0,0,0.072463,0,0,0,0,0
71,270,18.622,2.4285,184.36,0.080627,0,0,0,0,0,0,0,0,1.808,0.072463,0,0,0,0,0
71,270,18.622,2.4285,184.36,0.022631,0,0,0,0,0,0,0,0,0,0.086791,0,0,0,0,0
71,270,18.622,2.4285,184.36,0.027507,0,0,0.00524,0,0,0,0,0,0,0.13364,0,0,0,0,0
71,270,18.622,2.4285,184.36,0.016724,0,0,0,0,0,0,0,0,1.7864,0.072463,0,0,0,0,0
71,270,18.622,2.4285,184.36,0,0,1.2e-05,0,0,0,0.13028,0,0,0,0.072463,0,0,0,0,0
71,270,18.622,2.4285,184.36,0.003932,0,0,0,0,0,0,0,0,0,0.56072,0,0,0,0,0.44927
71,270,18.622,2.4285,184.36,0.15897,0,0,0,0,0,0,0,0,0,0.134,0,0,0,0,0
71,270,18.622,2.4285,184.36,0,0,0,0.001493,0,0,0,0,0,0.8932,0.072463,0,0,0,0,0
71,270,18.622,2.4285,184.36,0,0,0,0,0,0,0,0,0,0,0.18601,0,0,0,0,0
71,270,18.622,2.4285,184.36,0.028317,0,0,0,0,0,0,0,0,0,0.072463,0,0,0,0,0
71,270,18.622,2.4285,184.36,0.008333,0,0,0,0,0,0.59876,0,0,0,0.072463,0,0,0,0,0
71,270,18.622,2.4285,184.36,0,0,0,0,0,0,0,0,0,0,0.10112,0,0,0,0,0.084996
71,270,18.622,2.4285,184.36,0,0,0,0.067402,0,0,0,0,0,0,0.12977,0,0,0,0,0
71,270,18.622,2.4285,184.36,0.00524,0,0,1.0474,0,0,0,0,0,0,0.072463,0,0,0,0,0.52212
71,270,18.622,2.4285,184.36,0,0,0,0,0,0.80058,0,0,0,0,0.13039,0,0,0,0,0
71,270,18.622,2.4285,184.36,0.015093,0,0,0,0,0,0.059897,0.97544,0,0,0.13302,0,0,0,0,0
71,270,18.622,2.4285,184.36,0,0,0,0,0,0,0.021726,0,0,0,2.1163,0,0,0,0,0
71,270,18.622,2.4285,184.36,0.43118,0,0,0.021906,0,0,0,0,0,0,0.072463,0,0,0,0,0
71,270,18.622,2.4285,184.36,0.003538,0,0,0,0,0,0,0,0,0,0.072463,0,0,0,0,0
71,270,18.622,2.4285,184.36,0.61605,0,0,0,0,0,0,0,0,0,0.13354,0,0,0,0,0
71,270,18.622,2.4285,184.36,0.011526,0,0,0,0,0,0,0,0,0,0.072463,0,0,0,0,0
71,270,18.622,2.4285,184.36,0.035595,0,0.12995,0,0,0,0,0,0,0,0.072463,0,0,0,0,0.32784
71,270,18.622,2.4285,184.36,0.00036,0,0,0,0,0.0065605,0,0,0,0,0.13394,0,0,0,0,0
71,270,18.622,2.4285,184.36,0,0,0,0,0,0,0,0.27803,0,0,0.072463,0,0,0,0,0
71,270,18.622,2.4285,184.36,0,0,0,0,0,0,0,0,0,0,0.072463,0,0,0,0,0
71,270,18.622,2.4285,184.36,0.011131,0,0,0,0,0.003468,0,0,0,0,0.78303,0,0,0,0,0
71,270,18.622,2.4285,184.36,0.0083792,0,0,0.0083675,0,0.002438,0,0,0,0,0.13056,0,0,0,0,0
71,270,18.622,2.4285,184.36,0.000126,0,0,0,0,0,0,1.0098,0,0,0.072463,0,0,0,0,0
71,270,18.622,2.4285,184.36,0.014773,0,0,0,0,0,0.13028,0,0,0,0.67805,0,0,0,0,0
71,270,18.622,2.4285,184.36,0,0,0,0,0,0,0,0,0,0,0.072463,0,0,0,0,0
71,270,18.622,2.4285,184.36,0.001292,0,0,0,0,0,0.13028,0,0,0,0.37335,0,0,0,0,0
71,270,18.622,2.4285,184.36,0.10979,0,0.058099,0,0,0,0,0,0,0,0.21272,0,0,0,0,0
71,270,18.622,2.4285,184.36,0.008333,0,0,0,0.38599,0,0,0,0,0,0.072463,0,0,0,0,0
71,270,18.622,2.4285,184.36,0.50894,0,0,0.000251,0,0,0,0,0,0,0.35902,0,0,0,0,0
71,270,18.622,2.4285,184.36,0,0,0.3141,0,0,0.79321,0,0,0,0,0.072463,0,0,0,0,0
71,270,18.622,2.4285,184.36,0.039088,0,0,0.008333,0,0,0,0,0,0,0.13198,0,0,0,0,0
71,270,18.622,2.4285,184.36,0.00021,0,0,0.00524,0,0,0,0,0,0,0.072463,0,0,0,0,0
71,270,18.622,2.4285,184.36,0.0009755,0,0,0,0,0,0.13028,0,0,0,0.072463,0,0,0,0,0.060712
71,270,18.622,2.4285,184.36,0.12623,0,0,0,0,0,0,0,0,0,1.2644,0,0,0,0,0
71,270,18.622,2.4285,184.36,0.013872,0,0,0,0,0,0,0,0,0,0.072463,0,0,0,0,0
71,270,18.622,2.4285,184.36,0,0,0,0,0,0.8491,0,0,0,0,0.40718,0,0,0,0,0
71,270,18.622,2.4285,184.36,0.045569,0,0,0.082483,0,0.005411,0,0,0,0,0.13364,0,0,0,0,0
71,270,18.622,2.4285,184.36,0,0,0,0,0,0,0,0,0,0,0.3625,0,0,0,0,0
71,270,18.622,2.4285,184.36,0.008333,0,0,0,0,0,0,0,0,0,2.3219,0,0,0,0,0
71,270,18.622,2.4285,184.36,0,0,0,1.8512,0,0,0.13028,0,0,0,0.072463,0,0,0,0,0
71,270,18.622,2.4285,184.36,0.00524,0,0,0,0,0,0,0,0,0,1.0611,0,0,0,0,0
71,270,18.622,2.4285,184.36,0.001292,0,0,0,0,0,0,0,0,0,0.072463,0,0,0,0,0
71,270,18.622,2.4285,184.36,0,0,0,0,0,0,0.13028,0,0,0,0.072463,0,0,0,0,0
71,270,18.622,2.4285,184.36,0.000716,0,0,0,0,0,0.42744,0,0,0,1.4938,0,0,0,0,0
71,270,18.622,2.4285,184.36,0.001397,0,0,0.023664,0,0,0,0,0,0.21027,0.17276,0,0,0,0,0
71,270,18.622,2.4285,184.36,0,0,0,0,0,0,0,0,0,0,0.072463,0,0,0,0,0.036427
71,270,18.622,2.4285,184.36,0.85591,0,0,0,0,0,0,0,0,0,0.072463,0,0,0,0,0
71,270,18.622,2.4285,184.36,0.028489,0,0,0,0,0,0,0,0,0,0.14833,0,0,0,0,0
71,270,18.622,2.4285,184.36,0.005239,0,0,0,0,0,0,0,0,0,0.10112,0,0,0,0,0
71,270,18.622,2.4285,184.36,0,0,0,0,0.15581,0,0,0,0,0,0.13615,0,0,0,0,0.084996
71,270,18.622,2.4285,184.36,0.91028,0,0,0,0,0,0,0,0,0,0.21272,0,0,0,0,0
71,270,18.622,2.4285,184.36,0.048965,0,0,0.006701,0,0.00062,0,0,0,0,0.072463,0,0,0,0,0
71,270,18.622,2.4285,184.36,0,0,0,0,0,0.00524,0,0,0,0,0.072463,0,0,0,0,0
71,270,18.622,2.4285,184.36,0.00524,0,0.2013,0.0068531,0,0,0,0,0,0,0.072463,0,0,0,0,0
71,270,18.622,2.4285,184.36,0,0,0,0.0068538,0,0,0,0,0,1.0834,0.13302,0,0,0,0,0
71,270,18.622,2.4285,184.36,0,0,0,0,0,0,0,0,0,0,0.13505,0,0,0,0,0.27927
71,270,18.622,2.4285,184.36,0.013285,0,0.30049,0.007102,0,0,0,0,0,0,0.072463,0,0,0,0,0
71,270,18.622,2.4285,184.36,0,0,0,0,0,0,0,0,0,0,1.7457,0,0,0,0,0
71,270,18.622,2.4285,184.36,0.039088,0,0,0,0,0,0,0,0,0,0.072463,0,0,0,0,0
71,270,18.622,2.4285,184.36,1.5338,0,0,0,0,0,0.021726,0,0,0,0.1375,0,0,0,0,0.10928
71,270,18.622,2.4285,184.36,0,0,0,0,0,0,0,0,0,0,0.072463,0,0,0,0,0
71,270,18.622,2.4285,184.36,0,0,0,0.008333,0,0,0,0,0,0,0.13663,0,0,0,0,0
71,270,18.622,2.4285,184.36,0,0,0,0,0,0,0,0,0,0,1.1196,0,0,0,0,0
71,270,18.622,2.4285,184.36,0.001009,0,0,0,0,0,0,0,0,0,0.072463,0,0,0,0,0
71,270,18.622,2.4285,184.36,0.0098678,0,0,0.14847,0.0069085,0.00524,0,0,0,0,0.44683,0,0,0,0,0
71,270,18.622,2.4285,184.36,0.14797,0,0,0,0,0.00524,0,0,0,0,0.13354,0,0,0,0,0
71,270,18.622,2.4285,184.36,0.011941,0,0,0,0,0,0,0,0,0,1.1327,0,0,0,0,0
71,270,18.622,2.4285,184.36,0,0,0,0,0,0,0,0,0,0,0.072463,0,0,0,0,0
71,270,18.622,2.4285,184.36,0,0,0,0,0,0,0.13028,0,0,0,0.072463,0,0,0,0,0
71,270,18.622,2.4285,184.36,0,0,0,0.021906,0,0.0062361,0,0,0,0,1.9775,0,0,0,0,0
71,270,18.622,2.4285,184.36,0.008333,0,0,0,0,0,0,0,0,0,0.072463,0,0,0,0,0
71,270,18.622,2.4285,184.36,0.00524,0,0,0,0,0.0071918,0,0,0,0,0.072463,0,0,0,0,0
71,270,18.622,2.4285,184.36,0.008333,0,0,0,0,0,0,0,0,0,0.97511,0,0,0,0,0.060712
71,270,18.622,2.4285,184.36,0.032465,0,0,0,0,0,0,0,0,0,0.60404,0,0,0,0,0
71,270,18.622,2.4285,184.36,0.0055384,0,0,0,0,0,0,0,0,0,0.12977,0,0,0,0,0
71,270,18.622,2.4285,184.36,0.073391,0,0,0,0,0,0,0,0,0,0.072463,0,0,0,0,0.13357
71,270,18.622,2.4285,184.36,0.006644,0,0,0.35723,0,0,0,0,0,0,0.48881,0,0,0,0,0
71,270,18.622,2.4285,184.36,0,0,0,0,0,0,0,0,0,0,0.072463,0,0,0,0,0
71,270,18.622,2.4285,184.36,0.008333,0,0,0,0.73439,0,0,0,0,0,0.072463,0,0,0,0,0.10928
71,270,18.622,2.4285,184.36,0.008335,0,0,0.03615,0,0,0,0,0,0,0.072463,0,0,0,0,0.4007
71,270,18.622,2.4285,184.36,0.035595,0,0,0.59053,0,0,0,0,0,0,0.072463,0,0,0,0,0
71,270,18.622,2.4285,184.36,0.0062716,0,0.28576,0,0,0,0,0,0,0,0.15843,0,0,0,0,0.0060712
71,270,18.622,2.4285,184.36,0.48289,0,0,0.001669,0,0,0,0,0,0,0.072463,0,0,0,0,0
71,270,18.622,2.4285,184.36,0.0055384,0,0,0,0,0,1.7382,0,0,0,0.072463,0,0,0,0,0
71,270,18.622,2.4285,184.36,0.18967,0,0,0,0,0,0,0,0,0,0.14008,0,0,0,0,0.16392
71,270,18.622,2.4285,184.36,0.000473,0,0,0,0,0,0,0,0,0,0.1375,0,0,0,0,0
71,270,18.622,2.4285,184.36,0.019253,0,0,0,0,0,0,0,0,0.91947,0.072463,0,0,0,0,0
71,270,18.622,2.4285,184.36,2.2569,0,0,0.0083405,0,0,0,0,0,0,0.072463,0,0,0,0,0
71,270,18.622,2.4285,184.36,0.008333,0,0,0,0,0,0,0,0,0,0.072463,0,0,0,0,0
71,270,18.622,2.4285,184.36,0.039088,0,0,0,0,0,0,0,0,0,0.072463,0,0,0,0,0
71,270,18.622,2.4285,184.36,0,0,0.008333,0,0,0.0060315,0,0,0,0.27721,0.16445,0,0,0,0,0
71,270,18.622,2.4285,184.36,0,0,0,0,0,0.082908,0,0,0,0,0.51741,0,0,0,0,0
71,270,18.622,2.4285,184.36,0,0,0,0,0,0,0,0,0,0,0.1484,0,0,0,0,0
71,270,18.622,2.4285,184.36,0.0088426,0,0,0,0,0,0,0,0,0,0.072463,0,0,0,0,0
71,270,18.622,2.4285,184.36,0.016666,0,0,0,0,0.016668,0,0,0,0,0.072463,0,0,0,0,0
71,270,18.622,2.4285,184.36,0.057399,0,0,0.049199,0.005239,0,0,0,0,0,0.072463,0,0,0,0,0.036427
71,270,18.622,2.4285,184.36,0,0,0,0,0,0.79926,0,0,0,0,0.072463,0,0,0,0,0
71,270,18.622,2.4285,184.36,0,0,0,0,0,0.010781,0,0,0,0,0.072463,0,0,0,0,0.036427
71,270,18.622,2.4285,184.36,0.078318,0,0,0,0,0,0,0,0,0,0.072463,0,0,0,0,0
71,270,18.622,2.4285,184.36,0.00524,0,0,0,0,0,0.059897,0,0,0,0.41633,0,0,0,0,0
71,270,18.622,2.4285,184.36,0.010804,0,0,0,0,0,0.13028,0,0,0,0.072463,0,0,0,0,0.036427
71,270,18.622,2.4285,184.36,0.07654,0,0,0,0,0.0076587,0,0,0,0,0.072463,0,0,0,0,0
71,270,18.622,2.4285,184.36,0.003485,0,0,0,0,0,0,0,0,0,0.072463,0,0,0,0,0.084996
71,270,18.622,2.4285,184.36,0.0072505,0,0,0,0,0,0,0,0,0,0.13302,0,0,0,0,0
71,270,18.622,2.4285,184.36,0.00524,0,0,0,0,0,0,0,0,0,0.072463,0,0,0,0,0
71,270,18.622,2.4285,184.36,0.02912,0,0,0,0,0,0,0,0,0,0.072463,0,0,0,0,0
71,270,18.622,2.4285,184.36,0,0,0,0,0,0,0,0,0,0,0.072463,0,0,0,0,0.10928
71,270,18.622,2.4285,184.36,0.096515,0,0,0,0,0,0.13028,0,0,0,1.8818,0,0,0,0,0
71,270,18.622,2.4285,184.36,0.035175,0,0,0,0,0,0,0,0,0,0.13054,0,0,0,0,0.060712
71,270,18.622,2.4285,184.36,0.010421,0,0,0,0,0,0,0,0,0,0.072463,0,0,0,0,0
71,270,18.622,2.4285,184.36,0.077688,0,0,0,0,0,0,0,0,0,0.072463,0,0,0,0,0
71,270,18.622,2.4285,184.36,0.24935,0,0,0.13561,0.001309,0,0.13028,0,0,0,0.072463,0,0,0,0,0
71,270,18.622,2.4285,184.36,0,0,0,0,0,0,0,0,0,0,0.072463,0,0,0,0,0
71,270,18.622,2.4285,184.36,0,0,0,0,0,0,0,0,0,0,0.48889,0,0,0,0,0
71,270,18.622,2.4285,184.36,0.34502,0,0,0,0,0,0,0,0,0,0.13873,0,0,0,0,0
71,270,18.622,2.4285,184.36,0.45297,0,0,0,0,0,0,0,0,0,0.072463,0,0,0,0,0
71,270,18.622,2.4285,184.36,0.008333,0,0,0.00524,0,0,0,0,0,0,0.072463,0,0,0,0,0
71,270,18.622,2.4285,184.36,0.32813,0,0,0,0,0,0,0,0,0,0.34469,0,0,0,0,0
71,270,18.622,2.4285,184.36,0,0,0,0,0,0,0,0,0,0,0.072463,0,0,0,0,0
71,270,18.622,2.4285,184.36,0.011526,0,0,0,0,0,0,0,0,0,0.64921,0,0,0,0,0.060712
71,270,18.622,2.4285,184.36,0.001192,0,0,0,0,0,0,0,0,0,0.072463,0,0,0,0,0
71,270,18.622,2.4285,184.36,0.45297,0,0,0,0,0,0,0,0,0,0.78303,0,0,0,0,0
71,270,18.622,2.4285,184.36,0,0,0,0,0.026284,0,0,0.0072565,0,0,0.13302,0,0,0,0,0
71,270,18.622,2.4285,184.36,0.23779,0,0,0,0,0,0,0,0,0,0.3228,0,0,0,0,0
71,270,18.622,2.4285,184.36,0,0,0,0,0,0,0,0,0,0,0.13302,0,0,0,0,0
71,270,18.622,2.4285,184.36,0,0,0,0.34133,0,0,0,0,0,0,0.89874,0,0,0,0,0
71,270,18.622,2.4285,184.36,0.19461,0,0,0,0,1.8047,0.10863,0,0,0,0.072463,0,0,0,0,0
71,270,18.622,2.4285,184.36,0.22056,0,0,0,0,0,0,0,0,0,0.072463,0,0,0,0,0
71,270,18.622,2.4285,184.36,0.008333,0,0,0,0,0,0.59876,0,0,0.27721,0.49027,0,0,0,0,0
71,270,18.622,2.4285,184.36,0.1851,0,0.14965,0,0.65608,0,0,0,0,0,0.072463,0,0,0,0,0.060712
71,270,18.622,2.4285,184.36,0.013573,0,0,0,0,0,0,0,0,0,1.4938,0,0,0,0,0
71,270,18.622,2.4285,184.36,0.71409,0.008333,0,0,0.000251,0,0,0,0,0,0.072463,0,0,0,0,0
71,270,18.622,2.4285,184.36,0.007328,0,0,0,0.008333,0,0,0,0,0,0.072463,0,0,0,0,0
71,270,18.622,2.4285,184.36,0.023656,0,0,0.058428,0,0,0.60778,0,0,0,0.94645,0,0,0,0,0.060712
71,270,18.622,2.4285,184.36,0.49976,0,0,0,0,0.82492,0,0,0,0,0.072463,0,0,0,0,0
71,270,18.622,2.4285,184.36,0.59833,0,0,0,0,0,0,0,0,0,0.83183,0,0,0,0,0.036427
71,270,18.622,2.4285,184.36,0,0,0,0,0,1.7006,0.13028,0,0,0,0.17276,0,0,0,0,0.084996
71,270,18.622,2.4285,184.36,0.38302,0,0,0,0,0.00524,0,0,0,0,0.33671,0,0,0,0,0
71,270,18.622,2.4285,184.36,0.62801,0,0,0,0,0,0.59876,0,0,0,0.072463,0,0,0,0,0
71,270,18.622,2.4285,184.36,0.003734,0,0,0.049009,0,0,0,0,0,0,0.13302,0,0,0,0,0
71,270,18.622,2.4285,184.36,0.009021,0,0.026684,0.046298,0,0,0,0,0,0,0.072463,0,0,0,0,0
71,270,18.622,2.4285,184.36,0,0,0,0,0,0,0.13028,0,0,0,0.072463,0,0,0,0,0
71,270,18.622,2.4285,184.36,0.12346,0,0,0.003173,0,0,0,0,0,0,1.7395,0,0,0,0,0
71,270,18.622,2.4285,184.36,0.005411,0,0,0.008333,0,0,0,0,0,0,0.1331,0,0,0,0,0
71,270,18.622,2.4285,184.36,1.6666,0,0,0,0,0,0,0,0,0,0.21272,0,0,0,0,0
71,270,18.622,2.4285,184.36,0.1682,0,0,0,0,0,0,0,0,0,0.13354,0,0,0,0,0
71,270,18.622,2.4285,184.36,0.011223,0,0.0091745,0,0,0.0055814,0,0,0,0,0.072463,0,0,0,0,0
71,270,18.622,2.4285,184.36,0,0,0,0,0,0,0.008333,0,0,0,0.13302,0,0,0,0,0
71,270,18.622,2.4285,184.36,0.011569,0,0,0,0,0,0,0,0,0,0.072463,0,0,0,0,0
71,270,18.622,2.4285,184.36,0.008333,0,0,0,0,0,0,0,0,0,0.072463,0,0,0,0,0.13357
71,270,18.622,2.4285,184.36,0,0,0,0,0.002784,0,0,0,0,0,0.21574,0,0,0,0,0
71,270,18.622,2.4285,184.36,0,0,0,0,0,0,0,0.0021738,0,0,0.072463,0,0,0,0,0
71,270,18.622,2.4285,184.36,0.000716,0,0,0.0076281,0,0,0,0,0,0,0.072463,0,0,0,0,0
71,270,18.622,2.4285,184.36,0,0,0,0,0,0,0,0,0,0,1.6272,0,0,0,0,0
71,270,18.622,2.4285,184.36,0,0,0,0,0,0,0,0,0,0,0.072463,0,0,0,0,0.084996
71,270,18.622,2.4285,184.36,0.001292,0,0,0,0,0,0,0,0,0,0.072463,0,0,0,0,0
71,270,18.622,2.4285,184.36,0.17142,0,0,0,0,0.55962,0.021726,0,0,0,0.13055,0,0,0,0,0.084996
71,270,18.622,2.4285,184.36,0.050303,0,0,0,0,0,0,0,0,0,0.072463,0,0,0,0,1.9428
71,270,18.622,2.4285,184.36,0.26552,0,0,0,0,0,0.67053,0,0,0,1.1327,0,0,0,0,0
71,270,18.622,2.4285,184.36,0,0,0,0,0,0.0066788,0,0,0,0,0.072463,0,0,0,0,0
71,270,18.622,2.4285,184.36,0.0065058,0,0,0.21793,0,0,0,0,0,0,0.072463,0,0,0,0,0
71,270,18.622,2.4285,184.36,0,0,0,0,0.002011,0,0,0,0,0,0.072463,0,0,0,0,0
71,270,18.622,2.4285,184.36,0.000251,0,0,0.0060235,0,0.016666,0,0,0,0,0.13663,0,0,0,0,0.060712
71,270,18.622,2.4285,184.36,1.1355,0,0,0.0001025,0,0,0,0,0,0,1.1286,0,0,0,0,0
71,270,18.622,2.4285,184.36,0.00524,0,0,0,0,0,0.13028,0,0,0,0.072463,0,0,0,0,0
71,270,18.622,2.4285,184.36,0.0095061,0,0,0,0,0,0,0,0,0,0.072463,0,0,0,0,0
71,270,18.622,2.4285,184.36,0.94326,0,0,0,0,0,0,0,0,0,1.2482,0,0,0,0,0
71,270,18.622,2.4285,184.36,0,0,0,0.001463,0,0,0,0,0,0,0.072463,0,0,0,0,0
71,270,18.622,2.4285,184.36,0,0,0,0,0,0,0,0,0,0,0.072463,0,0,0,0,0
71,270,18.622,2.4285,184.36,0.008333,0,0,0.14847,0.000376,0,0,0,0,0,0.072463,0,0,0,0,0
71,270,18.622,2.4285,184.36,0.096515,0,0,0,0,0,0,0,0,0,0.072463,0,0,0,0,0.084996
71,270,18.622,2.4285,184.36,0.018344,0,0,0,0,0,0,0,0,0,0.44683,0,0,0,0,0
71,270,18.622,2.4285,184.36,1.3009,0,0,0,0,0,0,0,0,0,0.072463,0,0,0,0,0
71,270,18.622,2.4285,184.36,0,0,0,0,0,0,0,0,0,0,0.10112,0,0,0,0,0
71,270,18.622,2.4285,184.36,0,0,0,0,0,0,0,0,0,0,0.78885,0,0,0,0,0
71,270,18.622,2.4285,184.36,0,0,0,0,0,0,0,0,0,0,1.5788,0,0,0,0,0
71,270,18.622,2.4285,184.36,0.016238,0,0,0,0,0,0.059897,0,0,0,0.13353,0,0,0,0,0
71,270,18.622,2.4285,184.36,0.0099708,0,0,0,0,0,0,0,0,0,1.6629,0,0,0,0,0.060712
71,270,18.622,2.4285,184.36,0.001292,0,0,0,0,0,0,0,0,0,0.072463,0,0,0,0,0
71,270,18.622,2.4285,184.36,0.11315,0,0,0,0,0,0,0,0,0,0.13615,0,0,0,0,0
71,270,18.622,2.4285,184.36,2.2144,0,0,0.029652,0,0,0,0,0,0,0.086791,0,0,0,0,0
71,270,18.622,2.4285,184.36,0.19151,0,0,0,0,0,0,0,0,0,0.072463,0,0,0,0,0
71,270,18.622,2.4285,184.36,0,0,0,0,0,0,0,0.26341,0,0,0.072463,0,0,0,0,0.060712
71,270,18.622,2.4285,184.36,0.016666,0,0,0,0,0,0,0,0,0,0.072463,0,0,0,0,0.13357
71,270,18.622,2.4285,184.36,0.048965,0,0,0,0,0,1.8139,0,0,0,0.086791,0,0,0,0,0
71,270,18.622,2.4285,184.36,0,0,0,0.0025115,0,0.025079,0,0,0,0,0.072463,0,0,0,0,0.084996
71,270,18.622,2.4285,184.36,0.0088426,0,0,0,0.001205,0,0,0,0,0,0.89874,0,0,0,0,0
71,270,18.622,2.4285,184.36,0.00524,0,0,0,0,0,0,0,0,0,0.55863,0,0,0,0,0
71,270,18.622,2.4285,184.36,0.017176,0,0,0,0,0,0,0,0,0,0.13039,0,0,0,0,0
71,270,18.622,2.4285,184.36,0,0,0,0,1.3226,0,0.008333,0,0,0,0.13679,0,0,0,0,0
71,270,18.622,2.4285,184.36,0.073418,0,0.026684,0,0,0,0,0,0,0,0.1375,0,0,0,0,0
71,270,18.622,2.4285,184.36,0.27595,0,0,0.014978,0,0,0,0,0,0,0.072463,0,0,0,0,0.084996
71,270,18.622,2.4285,184.36,0.0034765,0,0,0,0,0,0,0,0,0,0.072463,0,0,0,0,0
71,270,18.622,2.4285,184.36,0.0021738,0,0,0.0068531,0,0,0,0,0,0,0.13329,0,0,0,0,0
71,270,18.622,2.4285,184.36,0,0,0,0,0,0,0.093171,0,0,0,0.072463,0,0,0,0,0
71,270,18.622,2.4285,184.36,0.13948,0,0,0,0,0,0,0,0,0,0.93212,0,0,0,0,0
71,270,18.622,2.4285,184.36,0,0,0,0,0,0.00524,0,0,0,0,2.139,0,0,0,0,0
71,270,18.622,2.4285,184.36,0,0,0,0.008333,0,0,0,0,0,0,0.45229,0,0,0,0,0
71,270,18.622,2.4285,184.36,0.085655,0,0,0,0,0,0,0,0,0,0.33594,0,0,0,0,0
71,270,18.622,2.4285,184.36,0.0009755,0,0,0,0,0,0,0,0,0,0.072463,0,0,0,0,0
71,270,18.622,2.4285,184.36,0,0,0,0.021586,0,0,0,0,0,0,2.2216,0,0,0,0,0
71,270,18.622,2.4285,184.36,0,0,0,0,0,0,0.13028,0,0,0,0.072463,0,0,0,0,0.20642
71,270,18.622,2.4285,184.36,0.0079813,0,0,0,0,0,0.13028,0,0,0,0.072463,0,0,0,0,0.084996
71,270,18.622,2.4285,184.36,0,0,0,0,0,0,0,0,0,0,0.072463,0,0,0,0,0.16392
71,270,18.622,2.4285,184.36,0.005239,0,0,0.000376,0,0.79321,0,0,0,0,0.12977,0,0,0,0,0
71,270,18.622,2.4285,184.36,0,0,0,0.037416,0,0,0,0,0,0,0.072463,0,0,0,0,0.13357
71,270,18.622,2.4285,184.36,0.074682,0,0,0,0,0,0,0,0,0,0.072463,0,0,0,0,0
71,270,18.622,2.4285,184.36,0,0,8.1e-05,0,0,0,0,0,0,0,1.9064,0,0,0,0,0.13357
71,270,18.622,2.4285,184.36,0.028378,0,0,0,0,0,0,0,0,0,0.072463,0,0,0,0,0.16392
71,270,18.622,2.4285,184.36,0,0,0,0,0,0.00524,0.76915,0,0,0,0.072463,0,0,0,0,0.084996
71,270,18.622,2.4285,184.36,0.53125,0,0,0.14281,0,0,0,0,0,0,0.072463,0,0,0,0,0
71,270,18.622,2.4285,184.36,0.85591,0,0,0,0,0,0,0,0,0,0.072463,0,0,0,0,0.060712
71,270,18.622,2.4285,184.36,0.02912,0,0,0,0,0,0,0,0,0,0.072463,0,0,0,0,0
71,270,18.622,2.4285,184.36,0,0,0,0,0,0,0,0,0,0,0.072463,0,0,0,0,0.084996
71,270,18.622,2.4285,184.36,0.60166,0,0,0.1328,0,0,0,0.75847,0,0,0.70364,0,0,0,0,0
71,270,18.622,2.4285,184.36,0,0,0,0,0.000251,0,0,0,0,0,0.64921,0,0,0,0,0
71,270,18.622,2.4285,184.36,1.4262,0,0,0,0,0,0,0,0,0,0.13039,0,0,0,0,0
71,270,18.622,2.4285,184.36,0,0,0,0,0,0,0,0,0,0,0.072463,0,0,0,0,0
71,270,18.622,2.4285,184.36,0.12441,0,0,0,0,0,0,0,0,0,0.072463,0,0,0,0,0
71,270,18.622,2.4285,184.36,0.80755,0,0,0,0,0,0,0,0,0,0.13615,0,0,0,0,0
71,270,18.622,2.4285,184.36,0,0,0,0,0,0,0,0,0,0,0.13054,0,0,0,0,0
71,270,18.622,2.4285,184.36,0.20337,0,0,0,0,0,0,0,0,0,0.072463,0,0,0,0,0
71,270,18.622,2.4285,184.36,0.017867,0,0,0,0.31909,0,0.13028,0,0,0,0.072463,0,0,0,0,0
71,270,18.622,2.4285,184.36,0,0,0,0.008332,0,0,0,0,0,0,0.072463,0,0,0,0,0
71,270,18.622,2.4285,184.36,0,0,0,0,0,0.00524,0,0,0,0,0.072463,0,0,0,0,0.44927
71,270,18.622,2.4285,184.36,0.27595,0,0,0.18588,0,0.0060315,0,0,0,0,0.072463,0,0,0,0,0
71,270,18.622,2.4285,184.36,0.21982,0,0,0.00043,0,0,0,0,0,0,0.3717,0,0,0,0,0
71,270,18.622,2.4285,184.36,0.003465,0,0,0,0,0,0,0,0,0,0.072463,0,0,0,0,0
71,270,18.622,2.4285,184.36,1.7297,0,0,0,0,0,0.13028,0,0,0,0.072463,0,0,0,0,0.060712
71,270,18.622,2.4285,184.36,1.8156,0,0,0,0,0,0,0,0,0,0.51741,0,0,0,0,0
71,270,18.622,2.4285,184.36,0,0,0,0,0.0087695,0,0,0.15416,0,0,0.086791,0,0,0,0,0
71,270,18.622,2.4285,184.36,0,0,0,0.001326,0,0,0,0,0,0,0.072463,0,0,0,0,0
71,270,18.622,2.4285,184.36,0.003416,0,0,0,0,0,0,0.61592,0,0,0.072463,0,0,0,0,0.084996
71,270,18.622,2.4285,184.36,0.85407,0,0.071228,0,0.1506,0,0,0,0,0,0.072463,0,0,0,0,0
71,270,18.622,2.4285,184.36,0,0,0,0,0,0,0,0,0,0,0.13598,0,0,0,0,0
71,270,18.622,2.4285,184.36,0.008333,0,0,0.002741,0,0,0,0,0,0,0.072463,0,0,0,0,0.37641
71,270,18.622,2.4285,184.36,0.008333,0,0,0,0,0,0,0,0,0,0.89874,0,0,0,0,0
71,270,18.622,2.4285,184.36,0,0,0,0.47877,0,0,0,0,0,0,0.14411,0,0,0,0,0
71,270,18.622,2.4285,184.36,0,0,0,0.008333,0,0,0,0,0,0,0.63867,0,0,0,0,0
71,270,18.622,2.4285,184.36,0.2089,0,0,0,0,0,0,0,0,0,0.072463,0,0,0,0,0
71,270,18.622,2.4285,184.36,0,0,0,0,0.008333,0,0.13028,0,0,0,0.072463,0,0,0,0,0.20642
71,270,18.622,2.4285,184.36,0.00524,0,0,0.10768,0,0,0,0,0,0,0.072463,0,0,0,0,0.060712
71,270,18.622,2.4285,184.36,0.008335,0,0,0,0.0306,0,0,0,0,0,1.6272,0,0,0,0,0.036427
71,270,18.622,2.4285,184.36,0.011015,0,0,0,0,0,0.60778,0,0,0,0.072463,0,0,0,0,0
71,270,18.622,2.4285,184.36,0.002031,0,0,0.76078,0.00524,0,0,0,0,0,0.13302,0,0,0,0,0
71,270,18.622,2.4285,184.36,0,0,0,0.005239,0,0,0,0,0,0,0.072463,0,0,0,0,0
71,270,18.622,2.4285,184.36,0.91028,0,0,0,0,0.84317,0,0,0,0,0.21574,0,0,0,0,0
71,270,18.622,2.4285,184.36,0.011131,0,0,0,0,0,0,0,0,0,0.11545,0,0,0,0,0
71,270,18.622,2.4285,184.36,0,0,0,0,0,0,0,0,0,0,0.13198,0,0,0,0,0
71,270,18.622,2.4285,184.36,0,0,0,0,0,0,0,0,0,0,0.12949,0,0,0,0,0
71,270,18.622,2.4285,184.36,0.008333,0,0,0,0,0,0,0,0,0,0.072463,0,0,0,0,0.060712
71,270,18.622,2.4285,184.36,0,0,0,0,0,0,0,0,0,0,0.98417,0,0,0,0,0.036427
71,270,18.622,2.4285,184.36,0.016666,0,0,2.2224,0,0,0,0,0,0,0.072463,0,0,0,0,0
71,270,18.622,2.4285,184.36,0.008333,0,0,0,0.0306,0.035094,0.13028,0,0,0,0.072463,0,0,0,0,0
71,270,18.622,2.4285,184.36,0.019391,0,0,0,0,0,0.13028,0,0,0,0.072463,0,0,0,0,0
71,270,18.622,2.4285,184.36,0.000716,0,0,0,0,0,0,0,0,0,0.086791,0,0,0,0,0
71,270,18.622,2.4285,184.36,0.00036,0,0,0,0,0,0,0,0,0,1.1451,0,0,0,0,0
71,270,18.622,2.4285,184.36,0.033746,0,0,0,0,0,0,0,0,0,0.88605,0,0,0,0,0
71,270,18.622,2.4285,184.36,0,0,0,0,0,0,0,0,0,0,0.44185,0,0,0,0,0
71,270,18.622,2.4285,184.36,0.3363,0,0,0,0,0,0,0,0,0,0.072463,0,0,0,0,0
71,270,18.622,2.4285,184.36,0,0,0,0.085993,0,0,0.13028,0,0,0,0.072463,0,0,0,0,0
71,270,18.622,2.4285,184.36,0.0093951,0,0,0,0.03285,0,0,0,0,0,0.67805,0,0,0,0,0
71,270,18.622,2.4285,184.36,0.0072505,0,0,0,0.71759,0.00524,0,0,0,0,1.2647,0,0,0,0,0
71,270,18.622,2.4285,184.36,0,0,0,0,0,0,0,0.008333,0,0,0.56072,0,0,0,0,0
71,270,18.622,2.4285,184.36,0.072327,0,0,0,0,0,0,0,0,0,0.072463,0,0,0,0,0
71,270,18.622,2.4285,184.36,0.53125,0,0,0.14281,0,0,0.13028,0,0,0,0.072463,0,0,0,0,0
71,270,18.622,2.4285,184.36,0,0,0.64938,0,0.11859,0.17283,0,0,0,0,0.072463,0,0,0,0,0
71,270,18.622,2.4285,184.36,0.008333,0,0,0,0,0,0,0,0,0,1.6272,0,0,0,0,0.084996
71,270,18.622,2.4285,184.36,0,0,0,0.000842,0,0,0,0,0,0,0.13348,0,0,0,0,0
71,270,18.622,2.4285,184.36,0.059062,0,0,0,0,0,0,0,0,0,0.072463,0,0,0,0,0.084996
71,270,18.622,2.4285,184.36,0.008333,0,0,0,0,0,0,0,0,0,2.3398,0,0,0,0,0
71,270,18.622,2.4285,184.36,0,0,0,0,0,0,0,0,0,0,0.072463,0,0,0,0,0
71,270,18.622,2.4285,184.36,1.1355,0,0,0,0,0,0,0,0,0,0.072463,0,0,0,0,0.060712
71,270,18.622,2.4285,184.36,0.3004,0,0,0,0,0,0,0,0,0,1.2862,0,0,0,0,0
71,270,18.622,2.4285,184.36,0.010558,0,0,0,0.008333,0,0,0,0,0,0.43066,0,0,0,0,0
71,270,18.622,2.4285,184.36,1.8842,0,0,0,0,0,0,0,0,0,0.13302,0,0,0,0,0.10928
71,270,18.622,2.4285,184.36,0.026894,0,0,0,0,0,0,0,0,0,0.072463,0,0,0,0,0
71,270,18.622,2.4285,184.36,0.0021738,0,0,0,0,0,0.13028,0,0,0,0.072463,0,0,0,0,0
71,270,18.622,2.4285,184.36,0,0,0,0,0,0.00062,0,0,0,0,0.072463,0,0,0,0,0
71,270,18.622,2.4285,184.36,1.3301,0,0,0,0,0,0,0,0,0,0.41633,0,0,0,0,0
71,270,18.622,2.4285,184.36,0.0072505,0,0,0,0,0,0,0,0,0,0.072463,0,0,0,0,0
71,270,18.622,2.4285,184.36,0.0262,0,0,0.106,0,0,0,0,0,0,0.072463,0,0,0,0,0.084996
71,270,18.622,2.4285,184.36,0.0097855,0,0,0,0,0,0.13028,0,0,0,0.072463,0,0,0,0,0
71,270,18.622,2.4285,184.36,0.01814,0,0,0,0,0.79321,0,0,0,0,0.072463,0,0,0,0,0
71,270,18.622,2.4285,184.36,0.61115,0,0,0.30419,0,0.85571,0,0,0,0,0.072463,0,0,0,0,0.084996
71,270,18.622,2.4285,184.36,0.036732,0,0,0,0,0,0,0,0,0,0.18601,0,0,0,0,0
71,270,18.622,2.4285,184.36,0.008335,0,0,0,0,0,0,0,0,0,0.072463,0,0,0,0,0.35213
71,270,18.622,2.4285,184.36,0.25407,0,0,0,0,0,0.13028,0,0,0,0.072463,0,0,0,0,0
71,270,18.622,2.4285,184.36,0,0,0,0.008333,0,0,0,0,0,0,0.072463,0,0,0,0,0.0060712
71,270,18.622,2.4285,184.36,0.008335,0,0,0,0,0,0.13028,0,0,0,1.3043,0,0,0,0,0
71,270,18.622,2.4285,184.36,0,0,0,0,0,0,0,0,0,0,0.13198,0,0,0,0,0
71,270,18.622,2.4285,184.36,0.0055919,0,0,0,0,0,0,0,0,0,1.5788,0,0,0,0,0
71,270,18.622,2.4285,184.36,0.021397,0,0,0,0,0.85832,0,0,0,0,1.0569,0,0,0,0,0.060712
71,270,18.622,2.4285,184.36,0,0,0,0,0,0,0,0,0,0,0.072463,0,0,0,0,0
71,270,18.622,2.4285,184.36,0.59833,0,0,0,0,0,0,0.000376,0,0,0.072463,0,0,0,0,0
71,270,18.622,2.4285,184.36,0.013253,0,0.23199,0,0,0,0,0,0,0,0.34495,0,0,0,0,0
71,270,18.622,2.4285,184.36,0,0,0,0,0,0,0,0,0,0,0.13056,0,0,0,0,1.9428
71,270,18.622,2.4285,184.36,0.008335,0,0,1.1994,0,0.094549,0,0,0,0,0.072463,0,0,0,0,0
71,270,18.622,2.4285,184.36,0.008333,0,0,0,0,0,0,0,0,0,0.94042,0,0,0,0,0
71,270,18.622,2.4285,184.36,0.016668,0,0,0,0,0,0,0,0,0,0.072463,0,0,0,0,0.10928
71,270,18.622,2.4285,184.36,0.015554,0,0,0,0,0,0,0,0,0,0.086791,0,0,0,0,0
71,270,18.622,2.4285,184.36,0.24153,0,0,0,0,0,0,0,0,0,0.78885,0,0,0,0,0
71,270,18.622,2.4285,184.36,0,0,0,0.071033,0,0,0,0,0,0,0.072463,0,0,0,0,0.0060712
71,270,18.622,2.4285,184.36,0.008333,0,0,0,0,0.79685,0.59876,0,0,0,0.94482,0,0,0,0,0
71,270,18.622,2.4285,184.36,0,0,0,0,0,0,0,0,0,0,0.56339,0,0,0,0,0
71,270,18.622,2.4285,184.36,0.085655,0,0,0,0.030965,0,0,0,0,0.27721,0.086791,0,0,0,0,0
71,270,18.622,2.4285,184.36,0.004143,0,0,0,0,0,0,0,0,0,0.072463,0,0,0,0,0.036427
71,270,18.622,2.4285,184.36,0.008333,0,0,0,0,0,0,0,0,0,0.16445,0,0,0,0,0
71,270,18.622,2.4285,184.36,0,0,0,0.21451,0,0.003539,0,0,0,0,0.072463,0,0,0,0,0
71,270,18.622,2.4285,184.36,0.013572,0,0,0,0,0,0,0,0,0,0.072463,0,0,0,0,1.9428
71,270,18.622,2.4285,184.36,0.00315,0,0,0,0,0,0,0,0,0,0.072463,0,0,0,0,0
71,270,18.622,2.4285,184.36,0.013573,0,0,0,0,0.55962,0,0,0,0,0.26171,0,0,0,0,0
71,270,18.622,2.4285,184.36,0.082372,0,0,0,0,0,0,0,0,0,0.72803,0,0,0,0,0
71,270,18.622,2.4285,184.36,0.005239,0,0,0.013049,0,0,0.13028,0,0,0,0.75049,0,0,0,0,0
71,270,18.622,2.4285,184.36,0.07157,0,0,0.12242,0,0.83487,0,0,0,0,0.072463,0,0,0,0,0.13357
71,270,18.622,2.4285,184.36,0.0060235,0,0,0,0,0,0,0,0,0,0.072463,0,0,0,0,0
71,270,18.622,2.4285,184.36,0.025974,0,0,0,0,0,0,0,0,0.65812,0.8268,0,0,0,0,0
71,270,18.622,2.4285,184.36,0.0068531,0,0,0,0,0.017703,0,0,0,0,0.33671,0,0,0,0,0
71,270,18.622,2.4285,184.36,0,0,0,0,0,0,0,0,0,0,0.70288,0,0,0,0,0
71,270,18.622,2.4285,184.36,0.018052,0,0,0,0,0,0,0,0,0.63421,0.072463,0,0,0,0,0
71,270,18.622,2.4285,184.36,0.075794,0,0,0,0,0,0,0,0,0.18086,1.1196,0,0,0,0,0
71,270,18.622,2.4285,184.36,0,0,0,0,0,0.34012,0,0.0037805,0,0,0.56339,0,0,0,0,0
71,270,18.622,2.4285,184.36,0.00021,0,0,0,0,0,0,0,0,0,0.1337,0,0,0,0,0
71,270,18.622,2.4285,184.36,0,0,0,0,0,0,0,0,0,0,0.072463,0,0,0,0,0
71,270,18.622,2.4285,184.36,0.073391,0,0,0,0,0,0,0,0,0,0.072463,0,0,0,0,0.036427
71,270,18.622,2.4285,184.36,0,0,0,0,0.0062156,0,0,0,0,0,0.072463,0,0,0,0,0.060712
71,270,18.622,2.4285,184.36,0.56963,0,0,0,0,0,0,0,0,0,0.61033,0,0,0,0,0
71,270,18.622,2.4285,184.36,1.2045,0,0,0.000126,0,0,0,0,0,0,0.072463,0,0,0,0,0
71,270,18.622,2.4285,184.36,0.36186,0,0,0,0,0,0.13028,0,0,0,0.18601,0,0,0,0,0
71,270,18.622,2.4285,184.36,0,0,0,0,0,0,0,0,0,0,0.13615,0,0,0,0,0
71,270,18.622,2.4285,184.36,0,0,0,0.0090555,0,0,0.10863,0,0,0,0.072463,0,0,0,0,0.27927
71,270,18.622,2.4285,184.36,0.021397,0,0,0.002741,0,0,0,0,0,0,0.94482,0,0,0,0,0
71,270,18.622,2.4285,184.36,0.035175,0,0,0.003346,0,0,0,0,0,0,0.12977,0,0,0,0,0.20642
71,270,18.622,2.4285,184.36,0.00524,0,0,0,0.002139,0,0,0,0,0,0.072463,0,0,0,0,0
71,270,18.622,2.4285,184.36,0.015329,0,0,0.47877,0.047561,0,0,0,0,0,0.072463,0,0,0,0,0
71,270,18.622,2.4285,184.36,0,0,0,0,0,0,0.059897,0,0,0,0.072463,0,0,0,0,0
71,270,18.622,2.4285,184.36,0,0,0,0.005239,0,0,0,0,0,0,0.072463,0,0,0,0,0
71,270,18.622,2.4285,184.36,0.20484,0,0,0,0,0,0,0,0,0,1.0076,0,0,0,0,0
71,270,18.622,2.4285,184.36,0.008335,0,0,0.00524,0,0,0,0,0,0,0.072463,0,0,0,0,0
71,270,18.622,2.4285,184.36,0.001434,0,0,0,0,0,0,0,0,0,0.072463,0,0,0,0,0.036427
71,270,18.622,2.4285,184.36,0.024583,0,0,0,0,0.79321,0,0,0,0,0.10112,0,0,0,0,0.16392
71,270,18.622,2.4285,184.36,0,0,0,0,0,0.34012,0,0,0,0,0.41633,0,0,0,0,0
71,270,18.622,2.4285,184.36,0.000126,0,0,0.14847,0,0,0,0,0,0,0.072463,0,0,0,0,0.060712
71,270,18.622,2.4285,184.36,0.014773,0,0,0,0,0,0,0,0,0,0.17677,0,0,0,0,0.036427
71,270,18.622,2.4285,184.36,0,0,0,0.002139,0,0,0,0,0,0,0.072463,0,0,0,0,0
71,270,18.622,2.4285,184.36,0,0,0,0,0,0.79766,0,0,0,0,0.33767,0,0,0,0,0.060712
71,270,18.622,2.4285,184.36,0.080966,0,0,0.008333,0,0,0,0,0,0,0.072463,0,0,0,0,0.0060712
71,270,18.622,2.4285,184.36,0.15897,0,0,0.007472,0,0,0,0,0,0,0.1375,0,0,0,0,0
71,270,18.622,2.4285,184.36,0.014773,0,0,0.0067817,0,0,0,0,0,0,0.77377,0,0,0,0,0.036427
71,270,18.622,2.4285,184.36,0,0,0,0,0,0,0,0,0,0,0.12844,0,0,0,0,0
71,270,18.622,2.4285,184.36,0,0,0,0.008333,0,0,0,0,0,0,0.072463,0,0,0,0,0
71,270,18.622,2.4285,184.36,0,0,0,0.00524,0,0,1.7382,0,0,0,0.50053,0,0,0,0,0
71,270,18.622,2.4285,184.36,0,0,0,0,0,0,0,0,0,0,0.072463,0,0,0,0,0
71,270,18.622,2.4285,184.36,0,0,0,0.046298,0,0.52156,0,0,0,0,0.55863,0,0,0,0,0
71,270,18.622,2.4285,184.36,0.11182,0,0,0,0.010842,0,0,0,0,0,0.072463,0,0,0,0,1.9428
71,270,18.622,2.4285,184.36,0.085655,0,0,0,0,0,0,0,0,0,1.0897,0,0,0,0,0
71,270,18.622,2.4285,184.36,0,0,0,0.61256,0,0,0,0,0,0,0.42312,0,0,0,0,0
71,270,18.622,2.4285,184.36,0,0,0,0,0.018236,0,0,0,0,1.4449,0.072463,0,0,0,0,0
71,270,18.622,2.4285,184.36,0.021397,0,0,0,0,0,0,0,0,0,0.072463,0,0,0,0,0
71,270,18.622,2.4285,184.36,0,0,0,0,0,0,0.059897,0,0,0,1.7269,0,0,0,0,0
71,270,18.622,2.4285,184.36,0.011819,0,0,0,0,0,0,0,0,0,0.75174,0,0,0,0,0
71,270,18.622,2.4285,184.36,0.011131,0,0,0.16395,0,0.0071261,0,0,0,0,1.0543,0,0,0,0,0.10928
71,270,18.622,2.4285,184.36,0.019543,0,0,0,0,0,0,0,0,0,0.072463,0,0,0,0,0
71,270,18.622,2.4285,184.36,2.2144,0,0,0,0,0,0,0,0,0,0.072463,0,0,0,0,0
71,270,18.622,2.4285,184.36,0,0,0,0,0,0,0,0,0,0,0.072463,0,0,0,0,0
71,270,18.622,2.4285,184.36,0.010421,0,0,0.021739,0.0087695,0,0,0,0,0,0.072463,0,0,0,0,0
71,270,18.622,2.4285,184.36,0,0,0,0,0,0,0.13028,0,0,0,0.13581,0,0,0,0,0.036427
71,270,18.622,2.4285,184.36,0.10792,0,0,0,0,0,0,0,0,0,0.3625,0,0,0,0,0
71,270,18.622,2.4285,184.36,0.23042,0,1.2705,0.008333,0,0,0,0,0,0,0.1375,0,0,0,0,0
71,270,18.622,2.4285,184.36,0.016666,0,0,0,0,2.0764,0,0,0,0,0.072463,0,0,0,0,0
71,270,18.622,2.4285,184.36,0.001192,0,0,0.00524,0,0,0,0,0,0,0.13056,0,0,0,0,0
71,270,18.622,2.4285,184.36,0.010804,0,0,0,0,0,0,0,0,0,0.13039,0,0,0,0,0
71,270,18.622,2.4285,184.36,0,0,0,0,0,0,0,0,0,0,0.072463,0,0,0,0,0
71,270,18.622,2.4285,184.36,0,0,0,0.008333,0,0.006504,0.13028,0,0,0,0.12844,0,0,0,0,0
71,270,18.622,2.4285,184.36,2.1129,0,0,0,0,0,0,0,0,0,0.072463,0,0,0,0,0
71,270,18.622,2.4285,184.36,0,0,0,0,0,0,0,0,0,0,0.072463,0,0,0,0,0
71,270,18.622,2.4285,184.36,0,0,0,0.38591,0,0,0,0,0,0,0.13039,0,0,0,0,0
71,270,18.622,2.4285,184.36,0.005239,0,0,0,0,0,0.42744,0,0,0,0.13302,0,0,0,0,0
71,270,18.622,2.4285,184.36,1.5785,0,0,0,0,0,0,0,0,0,0.072463,0,0,0,0,0
71,270,18.622,2.4285,184.36,0,0,0,0,0,0,0,0,0,0,0.13055,0,0,0,0,0
71,270,18.622,2.4285,184.36,0.010521,0,0,0.005239,0,7.8e-05,0.13028,0,0,0,0.56339,0,0,0,0,0
71,270,18.622,2.4285,184.36,0,0,0,0,0,0.0097,0,0,0,0,0.13039,0,0,0,0,0
71,270,18.622,2.4285,184.36,1.3301,0,0,0,0,0,0.40452,0,0,0,0.072463,0,0,0,0,0
71,270,18.622,2.4285,184.36,0.008333,0,0.000338,0,0,0,0,0,0,0,1.2679,0,0,0,0,0
71,270,18.622,2.4285,184.36,0.036732,0,0,0,0,0,0,0,0,0,0.32655,0,0,0,0,0
71,270,18.622,2.4285,184.36,1.4262,0,0,0,0,0,0,0,0,0,0.072463,0,0,0,0,0
71,270,18.622,2.4285,184.36,0.0034765,0,0,0,0,0,0,0,0,0,0.072463,0,0,0,0,0
71,270,18.622,2.4285,184.36,0.025941,0,0,0,0,0,0,0,0,0,0.086791,0,0,0,0,0
71,270,18.622,2.4285,184.36,0.025974,0,0,1.0474,0,0,0,0,0,0,0.072463,0,0,0,0,0.18213
71,270,18.622,2.4285,184.36,0.001205,0,0,0,0,0,0,0,0,0,0.072463,0,0,0,0,0.18213
71,270,18.622,2.4285,184.36,0.033746,0,0,0,0,0,0,0,0,0,0.072463,0,0,0,0,0
71,270,18.622,2.4285,184.36,0,0,0,0,0,0,0,0,0,0,0.91404,0,0,0,0,0
71,270,18.622,2.4285,184.36,0.011426,0,0,0,0,0,0,0,0,0,0.072463,0,0,0,0,0.036427
71,270,18.622,2.4285,184.36,0.063818,0,0,0,0.00524,0,0,0,0,0,0.072463,0,0,0,0,0
71,270,18.622,2.4285,184.36,0.0099708,0,0.049489,0,0,0,0,0,0,0,1.7395,0,0,0,0,0
71,270,18.622,2.4285,184.36,0.001009,0,0,0,0,0,0,0,0,0,0.12949,0,0,0,0,0.060712
71,270,18.622,2.4285,184.36,0.089227,0,0,0.008333,0,0,0,0,0,0,0.072463,0,0,0,0,0
71,270,18.622,2.4285,184.36,0.008333,0,0,0.082483,0,0,0,0,0,0,0.072463,0,0,0,0,0
71,270,18.622,2.4285,184.36,0,0,0,0,0,0,0,0,0,0,0.072463,0,0,0,0,0
71,270,18.622,2.4285,184.36,0.001669,0,0,0,0,0,0,0,0,0,0.072463,0,0,0,0,0
71,270,18.622,2.4285,184.36,0.31332,0,0,0,0,0,0,0,0,0,0.072463,0,0,0,0,0
71,270,18.622,2.4285,184.36,0.094834,0,0,0.17925,0,0,0,0,0,0.18355,0.072463,0,0,0,0,0
71,270,18.622,2.4285,184.36,0,0,0,0,0,0,0,0,0,0,0.072463,0,0,0,0,0.0060712
71,270,18.622,2.4285,184.36,0,0,0,0,0,0,0,0,0,0,1.0897,0,0,0,0,0
71,270,18.622,2.4285,184.36,0.008333,0,0.008955,0.001669,0,0,0,0,0,0,0.13226,0,0,0,0,0.4007
71,270,18.622,2.4285,184.36,0.000716,0,0,0,0,0.47009,0,0,0,0.76342,0.072463,0,0,0,0,0.0060712
71,270,18.622,2.4285,184.36,0.14452,0,0,0,0.005239,0,0,0,0,0,0.072463,0,0,0,0,0
71,270,18.622,2.4285,184.36,0.13495,0,0,0,0,0,0,0,0,0,0.94482,0,0,0,0,0.084996
71,270,18.622,2.4285,184.36,0.013285,0,0,0.005239,0,0,0,0,0,0,0.072463,0,0,0,0,0
71,270,18.622,2.4285,184.36,0,0,0,0,0,0.034569,0,0,0,0,0.37531,0,0,0,0,0
71,270,18.622,2.4285,184.36,0,0,0,0.00036,0,0,0,0,0,0,0.072463,0,0,0,0,0
71,270,18.622,2.4285,184.36,0.011369,0,0,0.001205,0,0,0,0,0,0,0.67805,0,0,0,0,0.060712
71,270,18.622,2.4285,184.36,0.12346,0,0,0,0,0,0,0,0,0,0.91404,0,0,0,0,0
71,270,18.622,2.4285,184.36,0.019253,0,0,0,0,0,0,0,0,0,0.086791,0,0,0,0,0.036427
71,270,18.622,2.4285,184.36,0.15897,0,0,0,0,0,0,0,0,0,0.072463,0,0,0,0,0
71,270,18.622,2.4285,184.36,0.008333,0,0,0,0,0.001267,0,0,0,0.68445,0.072463,0,0,0,0,0.036427
71,270,18.622,2.4285,184.36,0.12346,0,0,0,0,0.001267,0,0,0,0,0.072463,0,0,0,0,0
71,270,18.622,2.4285,184.36,0.87441,0,0,0,0,0,0,0,0,0,0.072463,0,0,0,0,0
71,270,18.622,2.4285,184.36,0.008333,0,0,0.008417,0,0,0,0,0,0,0.072463,0,0,0,0,0.13357
71,270,18.622,2.4285,184.36,0,0,0,0,0,0,0,0,0,0,0.072463,0,0,0,0,0.13357
71,270,18.622,2.4285,184.36,0,0,0,0,0,0,0,0,0,0,0.88605,0,0,0,0,0
71,270,18.622,2.4285,184.36,0.015554,0,0,0,0,0,0,0,0,0,0.072463,0,0,0,0,0
71,270,18.622,2.4285,184.36,0.0099708,0,0,0,0,0,0,0,0,0,0.072463,0,0,0,0,0
71,270,18.622,2.4285,184.36,0.022995,0,0,0,0,0,0,0,0,0,0.072463,0,0,0,0,0.060712
71,270,18.622,2.4285,184.36,0.74846,0,0,0,0.17543,0,0.002308,0,0,0,0.072463,0,0,0,0,0
71,270,18.622,2.4285,184.36,0.0055799,0,0.64537,0,0,0.21503,0,0,0,0,0.072463,0,0,0,0,0
71,270,18.622,2.4285,184.36,1.3301,0,0,0,0,0.81858,0,0,0,0,0.072463,0,0,0,0,0
71,270,18.622,2.4285,184.36,0.053917,0,0,0.007221,0,0,0,0,0,0,0.072463,0,0,0,0,0
71,270,18.622,2.4285,184.36,0.85591,0,0,0,0.088175,0,0.13028,0,0,1.1822,0.072463,0,0,0,0,0.036427
71,270,18.622,2.4285,184.36,0,0,0,0,0,0,0,0,0,0,0.072463,0,0,0,0,0
71,270,18.622,2.4285,184.36,0.008567,0,0,0,0,0,0,0,0,0,0.072463,0,0,0,0,0.036427
71,270,18.622,2.4285,184.36,0.003295,0,0,0,0,0,0.059897,0,0,0,0.072463,0,0,0,0,0
71,270,18.622,2.4285,184.36,0,0,0,0,0,0.86216,0,0,0,0,0.47694,0,0,0,0,0
71,270,18.622,2.4285,184.36,0.005202,0,0,0,0,0,0,0,0,0,0.14008,0,0,0,0,0
71,270,18.622,2.4285,184.36,0,0,0,0,0,0,0,0,0,0,0.12913,0,0,0,0,0.13357
71,270,18.622,2.4285,184.36,0,0,0,0,0,0,0,0,0,0,0.70288,0,0,0,0,0.060712
71,270,18.622,2.4285,184.36,0.020998,0,0,0.00524,0,0,0,0,0,0,0.3228,0,0,0,0,0
71,270,18.622,2.4285,184.36,0.53631,0,0,0.001292,0,0,0,0,0,0,0.13302,0,0,0,0,0
71,270,18.622,2.4285,184.36,0.085655,0,0,0,1.7684,0,0,0,0,0,0.072463,0,0,0,0,0
71,270,18.622,2.4285,184.36,0.0009755,0,0,0,0,0.005239,0,0,0,0,1.5411,0,0,0,0,0
71,270,18.622,2.4285,184.36,0.080966,0,0,0,0,0.066847,0,0,0,0,0.34469,0,0,0,0,0
71,270,18.622,2.4285,184.36,0.71409,0,0,0,0,0,0,0,0,0,0.18601,0,0,0,0,0
71,270,18.622,2.4285,184.36,0.024709,0,0,0,0,0,0.67053,0,0,0,0.072463,0,0,0,0,0
71,270,18.622,2.4285,184.36,0.011683,0,0,0.002741,0,0,0,0,0,0,2.237,0,0,0,0,0
71,270,18.622,2.4285,184.36,0.00247,0,0,0.008333,0,0,0,0,0,0,0.56072,0,0,0,0,0
71,270,18.622,2.4285,184.36,0.085655,0,0,0,0,0,0,0,0,0,0.072463,0,0,0,0,0
71,270,18.622,2.4285,184.36,0.0098678,0,0,0,0,0,0,0,0,0,1.0569,0,0,0,0,0
71,270,18.622,2.4285,184.36,0.011683,0,0,0,0.024956,0,0,0,0,0,0.072463,0,0,0,0,0
71,270,18.622,2.4285,184.36,0,0,0,0,0,0,0,0,0,0,0.13922,0,0,0,0,0
71,270,18.622,2.4285,184.36,0.001434,0,0,0.2645,0,0.00524,0,0,0,0,0.38768,0,0,0,0,0.084996
71,270,18.622,2.4285,184.36,0,0,0,0,0,0,0,0,0,0,0.072463,0,0,0,0,0
71,270,18.622,2.4285,184.36,0.005239,0,0,0,0,0.047757,0,0,0,0,0.52366,0,0,0,0,0
71,270,18.622,2.4285,184.36,0.011369,0,0,0,0,0.0087021,0.13028,0,0,0.18355,0.072463,0,0,0,0,0
71,270,18.622,2.4285,184.36,0,0,0,0,0,0,0.40452,0,0,0,0.42312,0,0,0,0,0
72,271,6.074,9.4218,715.25,0,0,0,0,0,0,0,0,0,0,0.072463,0,0,0,0,0
72,271,6.074,9.4218,715.25,0.014229,0,0,0.00524,0,0,0,0,0,0,0.072463,0,0,0,0,0
72,271,6.074,9.4218,715.25,0,0,0,0.000842,0,0,0,0,0,0,0.072463,0,0,0,0,0
72,271,6.074,9.4218,715.25,0.03517,0,0,0,0,0,4.6132,0,0,0,0.072463,0,0,0,0,0
72,271,6.074,9.4218,715.25,0.15897,0,0,0,0,0,0,0,0,0,0.41633,0,0,0,0,0
72,271,6.074,9.4218,715.25,0.001669,0,0,0,0,0,0,0,0,0.27721,7.1646,0,0,0,0,0
72,271,6.074,9.4218,715.25,2.6595,0,0,0,0,0,0,0,0,0,0.072463,0,0,0,0,0
72,271,6.074,9.4218,715.25,1.5074,0,0,5.8596,0.030801,0,0,0,0,0,0.072463,0,0,0,0,0
72,271,6.074,9.4218,715.25,0,0,0,0,0,0,0,0,0,0,0.17677,0,0,0,0,0
72,271,6.074,9.4218,715.25,0.007697,0,0,0,0,0,0,0,0,0,0.14008,0,0,0,0,0
72,271,6.074,9.4218,715.25,8.1e-05,0,0,0,0,0.81324,0,0,0,0,6.11,0,0,0,0,0
72,271,6.074,9.4218,715.25,0.015554,0,0,0.53146,0,1.3611,0,0,0,1.164,1.8818,0,0,0,0,0
72,271,6.074,9.4218,715.25,0.73042,0,0,0,0,0.00036,0.13028,0,0,0,6.2907,0,0,0,0,0
72,271,6.074,9.4218,715.25,7.0498,0,0,0,0,0,0,0,0,1.164,0.072463,0,0,0,0,0
72,271,6.074,9.4218,715.25,0,0,0,0,0,0.00524,0,0,0,0,5.955,0,0,0,0,0
72,271,6.074,9.4218,715.25,0,0,0,0,0,0,0,0,0,0,0.94482,0,0,0,0,0
72,271,6.074,9.4218,715.25,1.022,0,0,0,0.008333,0,0,0,0,0,0.56339,0,0,0,0,0
72,271,6.074,9.4218,715.25,0.12441,0,0,0,0,0,0,0,0,1.5859,0.072463,0,0,0,0,0
72,271,6.074,9.4218,715.25,0.008333,0,0,0,0,0,0.13028,0,0,1.164,0.072463,0,0,0,0,0
72,271,6.074,9.4218,715.25,0.10979,0,0,3.1846,0,0,0,0,0,0,1.8818,0,0,0,0,0
72,271,6.074,9.4218,715.25,0.03016,0,0,0.00833,0,0,0.13028,0,0,0,0.94482,0,0,0,0,0
72,271,6.074,9.4218,715.25,0.002998,0,0,0,0,0,0.021726,0,0,0,0.072463,0,0,0,0,0
72,271,6.074,9.4218,715.25,0.018811,0,0,0.022995,0,0.82492,0,0,0,0,0.15843,0,0,0,0,0
72,271,6.074,9.4218,715.25,0.13041,0,0,0,0,2.839,0,0,0,0,0.072463,0,0,0,0,0
72,271,6.074,9.4218,715.25,0,0,0,0.021741,0,0,0,0,0,0,3.9028,0,0,0,0,0
72,271,6.074,9.4218,715.25,0.000765,0,0,0,0,0.005239,0,0,0,0,0.072463,0,0,0,0,0
72,271,6.074,9.4218,715.25,0,0,0,0,0,0,0,0,0,0,0.63695,0,0,0,0,0
72,271,6.074,9.4218,715.25,0.002011,0,0,0,0,0,1.8139,0,0,0,0.072463,0,0,0,0,0
72,271,6.074,9.4218,715.25,0,0,0,0.003822,0,2.1018,0,0,0,0,0.072463,0,0,0,0,0
72,271,6.074,9.4218,715.25,0,0,0,0.003901,0,0,0,0,0,0,0.072463,0,0,0,0,0
72,271,6.074,9.4218,715.25,0.003822,0,0,0,0,0,0,0,0,0,0.072463,0,0,0,0,0
72,271,6.074,9.4218,715.25,0.014662,0,0,3.2645,0,0,0,0,0,0.27721,0.072463,0,0,0,0,0
72,271,6.074,9.4218,715.25,0.00524,0,0,0,0,0,0,0,0,0,0.40718,0,0,0,0,0.23554
72,271,6.074,9.4218,715.25,0,0,0,0,0,0,0,0,0,0,6.4637,0,0,0,0,0
72,271,6.074,9.4218,715.25,0.098373,0,0,0.00524,0,0.85136,0,0,0,0,5.7131,0,0,0,0,0
72,271,6.074,9.4218,715.25,0,0,0,0,0,0,0,0,0,0,1.4049,0,0,0,0,0
72,271,6.074,9.4218,715.25,0,0,0,0,0,0,0,0,0,0,0.072463,0,0,0,0,0
72,271,6.074,9.4218,715.25,0.00524,0,0,0.044825,0,0,0,0,0,0,0.072463,0,0,0,0,0
72,271,6.074,9.4218,715.25,0,0,0,0,0,0,0,0,0,0,0.072463,0,0,0,0,0
72,271,6.074,9.4218,715.25,0,0,0,0,0,0.017703,0,0,0,0,0.13505,0,0,0,0,0
72,271,6.074,9.4218,715.25,0,0,0,0,0,0,0,0,0,0,0.072463,0,0,0,0,0
72,271,6.074,9.4218,715.25,0.00524,0,0,0,0,0,0,0,0,0,0.072463,0,0,0,0,0
72,271,6.074,9.4218,715.25,0.0055384,0,0,0,0,0,0,0,0,0,4.5096,0,0,0,0,0
72,271,6.074,9.4218,715.25,8.718,0,0,0,0.008335,0,0,0.001493,0,0,0.15843,0,0,0,0,0
72,271,6.074,9.4218,715.25,0.013472,0,0.043457,0,0,0,0,0,0,0,1.9852,0,0,0,0,0
72,271,6.074,9.4218,715.25,0.003355,0,0,0,0,0,0.13028,0,0,0,0.072463,0,0,0,0,0
72,271,6.074,9.4218,715.25,0,0,0,0.58005,0,0,0,0,0,0,6.8926,0,0,0,0,0
72,271,6.074,9.4218,715.25,0,0,0,0,0,0,0,0,0,0,0.13854,0,0,0,0,0
72,271,6.074,9.4218,715.25,0.30411,0,0,0,0,0.00524,0.40452,0,0,0,0.072463,0,0,0,0,0
72,271,6.074,9.4218,715.25,0,0,0,0,0,0,0,0,0,0,0.072463,0,0,0,0,0
72,271,6.074,9.4218,715.25,0.1285,0,0,0,0,0,0,0,0,0,0.71652,0,0,0,0,0
72,271,6.074,9.4218,715.25,0,0,0,0,0,0,0,0,0,0,8.2778,0,0,0,0,0
72,271,6.074,9.4218,715.25,0.001434,0,0,0,0,0,0,0,0,0,1.1039,0,0,0,0,0
72,271,6.074,9.4218,715.25,0.010804,0,0,0.10063,0,0,0,0,0,0,0.072463,0,0,0,0,0
72,271,6.074,9.4218,715.25,0,0,0.13056,0,0,0,0,0,0,0,6.0336,0,0,0,0,0
72,271,6.074,9.4218,715.25,0.026894,0,0,0.00014,0,0.9447,0.13028,0,0,0,0.70288,0,0,0,0,1.1777
72,271,6.074,9.4218,715.25,0,0,0,0,0,0.61804,0,0,0,0,1.0181,0,0,0,0,0.23554
72,271,6.074,9.4218,715.25,0,0,0,0.11792,0,0,0,0,0,0,0.086791,0,0,0,0,0
72,271,6.074,9.4218,715.25,0.001205,0,0,0.005239,0,0,0,0,0,0,0.12844,0,0,0,0,0
72,271,6.074,9.4218,715.25,0,0,0,0,0,0,0,0.013573,0,0,4.643,0,0,0,0,0
72,271,6.074,9.4218,715.25,0.008587,0,0,0,0,0,0,0,0,0,5.6128,0,0,0,0,0
72,271,6.074,9.4218,715.25,0.053917,0,0,0.016451,0,0.067966,0,0,0,0,0.89874,0,0,0,0,0
72,271,6.074,9.4218,715.25,0.077688,0,0,0,0,0,0,0,0,0,0.13302,0,0,0,0,0
72,271,6.074,9.4218,715.25,0.11315,0,0.73469,0,0,0.47009,0,0,0,0,0.072463,0,0,0,0,0
72,271,6.074,9.4218,715.25,1.5484,0,0,4.0366,0,0,0.69676,0,0,0,0.21574,0,0,0,0,0
72,271,6.074,9.4218,715.25,0.00014,0,0,0,0,0,0,0,0,0,0.1337,0,0,0,0,0
72,271,6.074,9.4218,715.25,4.3542,0,0,0,0,0,0,0,0,0,0.1484,0,0,0,0,0
72,271,6.074,9.4218,715.25,0,0,0,0,0,0,0,0,0,0,0.072463,0,0,0,0,0
72,271,6.074,9.4218,715.25,5.0722,0,0,0.002139,0,0,0,0,0,0,0.086791,0,0,0,0,0
72,271,6.074,9.4218,715.25,0.80755,0,0,0,0,0,0,0,0,0,7.3168,0,0,0,0,0
72,271,6.074,9.4218,715.25,0,0,0.26298,0.00824,0.030801,0.000251,0,0,0,0,0.44683,0,0,0,0,0
72,271,6.074,9.4218,715.25,0.014948,0,0,0.024832,0,0,0,0,0,0,0.072463,0,0,0,0,0
72,271,6.074,9.4218,715.25,0,0,0,0,0,0,0,0,0,0,0.35902,0,0,0,0,0
72,271,6.074,9.4218,715.25,0,0,0,0,0,0,0,0,0,0,0.072463,0,0,0,0,0.32976
72,271,6.074,9.4218,715.25,0.85591,0,0,0.82696,0,0,0,0,0,0,0.78885,0,0,0,0,0
72,271,6.074,9.4218,715.25,0.001434,0,0,0,0,0,0,0,0,0,1.5788,0,0,0,0,0
72,271,6.074,9.4218,715.25,0,0,0,0,0,0,0,0,0,0,0.13615,0,0,0,0,0
72,271,6.074,9.4218,715.25,0,0,0,0,0,0,0,0,0,0,0.072463,0,0,0,0,0
72,271,6.074,9.4218,715.25,0.008333,0,0,0,0,0,0,0,0,0,0.78303,0,0,0,0,0
72,271,6.074,9.4218,715.25,0,0,0,0,0,0,0,0,0,1.1822,0.072463,0,0,0,0,0
72,271,6.074,9.4218,715.25,0,0,0,0,0,0,0,0,0,1.0167,0.13505,0,0,0,0,0
72,271,6.074,9.4218,715.25,0.19741,0,0,0.10768,0,0,0,0,0,0,0.072463,0,0,0,0,0
72,271,6.074,9.4218,715.25,0.01814,0,0,0,0,0,0,0,0,0,2.7374,0,0,0,0,0
72,271,6.074,9.4218,715.25,0.84259,0,0,0.00524,0,0,0.13028,0,0,0,0.34495,0,0,0,0,0
72,271,6.074,9.4218,715.25,0.10979,0,0,0,0,0,0,0,0,0,0.13302,0,0,0,0,0
72,271,6.074,9.4218,715.25,0,0,0,3.2645,0.003416,0,0,0,0,0,0.13679,0,0,0,0,0.023554
72,271,6.074,9.4218,715.25,0.003173,0,0,0,0.22749,0,0,0,0,0,0.13056,0,0,0,0,0
72,271,6.074,9.4218,715.25,0.3714,0,0,0,0,0,0,0,0,0,0.072463,0,0,0,0,0
72,271,6.074,9.4218,715.25,0.016666,0,0,0,0,0.00524,0,0,0,0,0.13056,0,0,0,0,0.023554
72,271,6.074,9.4218,715.25,0.19823,0,0,0,0,0,0,0,0,0,1.2836,0,0,0,0,0
72,271,6.074,9.4218,715.25,0.0093951,0,0,0,0,0,0,0,0,0,0.072463,0,0,0,0,0
72,271,6.074,9.4218,715.25,0.12939,0,0,0,0,0,0,0,0,0,4.729,0,0,0,0,0
72,271,6.074,9.4218,715.25,0.05624,0,0,0.00824,0,0,0,0,0,0,4.729,0,0,0,0,0
72,271,6.074,9.4218,715.25,0.11856,0,0,0,0,0,0.69676,0,0,0,0.58253,0,0,0,0,0
72,271,6.074,9.4218,715.25,2.6595,0,0,0,0,0,0,0,0,0,1.1456,0,0,0,0,0
72,271,6.074,9.4218,715.25,0.0097159,0,0,0,0,0,0,0,0,1.5859,0.072463,0,0,0,0,0
72,271,6.074,9.4218,715.25,0.016724,0,0,0,0.016085,3.4113,0.10863,0,0,0,4.2848,0,0,0,0,0
72,271,6.074,9.4218,715.25,0.051946,0,0,0.50938,0,0,0,0,0,0,2.3219,0,0,0,0,0
72,271,6.074,9.4218,715.25,0,0,0,0,0,0,0,0,0,0,1.2482,0,0,0,0,0
72,271,6.074,9.4218,715.25,0.0071766,0,0,0.00524,0.00524,0.002438,0,0,0,0,5.7131,0,0,0,0,0
72,271,6.074,9.4218,715.25,0.06877,0,0,0,0,0.001326,0,0,0,0,0.072463,0,0,0,0,0
72,271,6.074,9.4218,715.25,0.21392,0,0,0,0,0,4.6132,0,0,0,2.1063,0,0,0,0,0
72,271,6.074,9.4218,715.25,0.17455,0,0,0,0,0,0,0,0,0,3.3687,0,0,0,0,0
72,271,6.074,9.4218,715.25,1.5082,0,0,0.008333,0,0,0,0,0,0.21027,0.24115,0,0,0,0,0
72,271,6.074,9.4218,715.25,0,0,0,0,0,0,0,0,0,0,2.4191,0,0,0,0,0
72,271,6.074,9.4218,715.25,0.84259,0,3.3509,0,0,0,0,0,0,0,0.072463,0,0,0,0,0
72,271,6.074,9.4218,715.25,5.1991,0,0,0.058428,0,1.6193,0,0,0,0,0.63695,0,0,0,0,0
72,271,6.074,9.4218,715.25,3.3257,0,0,0,0,0,0,0,0,0,0.12949,0,0,0,0,0
72,271,6.074,9.4218,715.25,0.00524,0,0,0,0,0,0,0,0,0,0.072463,0,0,0,0,0
72,271,6.074,9.4218,715.25,0,0,0,0,0,0,0,0,0,8.5959,0.072463,0,0,0,0,0
72,271,6.074,9.4218,715.25,0,0,0,0,0,0,0,0,0,0,0.072463,0,0,0,0,0
72,271,6.074,9.4218,715.25,0.010521,0,0,0,0,0,0.059897,0,0,0,0.13039,0,0,0,0,0
72,271,6.074,9.4218,715.25,0.32813,0,0,0.64479,0,0,0,0,0,0,0.27752,0,0,0,0,0
72,271,6.074,9.4218,715.25,0.013575,0,0,0.003901,0,0,0,0,0,0,0.072463,0,0,0,0,0.023554
72,271,6.074,9.4218,715.25,1.0337,0,0,0.069106,0,0,0,0,0,0,0.13039,0,0,0,0,0
72,271,6.074,9.4218,715.25,0,0,0,0.021909,0,0,0,0,0,0,0.072463,0,0,0,0,0
72,271,6.074,9.4218,715.25,0,0,0,0,0,0,0,0,0,0.55196,0.17276,0,0,0,0,0
72,271,6.074,9.4218,715.25,0,0,0,0,0,0,0,0,0,0,6.1561,0,0,0,0,0
72,271,6.074,9.4218,715.25,0,0,0,0,0.8179,0,0,0,0,0,2.286,0,0,0,0,0.14133
72,271,6.074,9.4218,715.25,3.7661,0,0,0.019128,0,0,0.40452,0,0,0,0.072463,0,0,0,0,0
72,271,6.074,9.4218,715.25,0.018811,0,0,0,0,0,0,0,0,0,0.56339,0,0,0,0,0
72,271,6.074,9.4218,715.25,0.008333,0,0,0,0,0,0,0,0,0,0.072463,0,0,0,0,0
72,271,6.074,9.4218,715.25,0.019812,0,0,0,0,0,0,0,0,0,0.072463,0,0,0,0,0
72,271,6.074,9.4218,715.25,3.4882,0,0,0,0,0,0.13028,0,0,1.9819,1.1456,0,0,0,0,0
72,271,6.074,9.4218,715.25,1.5082,0,0,0,0,0,0,0,0,0,0.072463,0,0,0,0,0
72,271,6.074,9.4218,715.25,0,0,0,0,0,0,0,0,0,0,0.072463,0,0,0,0,0
72,271,6.074,9.4218,715.25,0.095794,0,0,0.09603,0,0,0,0,0,0,0.75174,0,0,0,0,0
72,271,6.074,9.4218,715.25,0.39276,0,0,0,0,0.002011,0,0.0068531,0,0,1.6706,0,0,0,0,0
72,271,6.074,9.4218,715.25,0.11602,0,0,0,0,0,0,0,0,0,0.072463,0,0,0,0,0
72,271,6.074,9.4218,715.25,0.008587,0,0.34008,0,0,0.0097,0,0,0,0,0.49027,0,0,0,0,0
72,271,6.074,9.4218,715.25,0,0,0,0,0,0.61804,0.42744,0,0,0,5.2552,0,0,0,0,0
72,271,6.074,9.4218,715.25,0,0,0,0.007729,0,0,0.13028,0,0,0,2.3013,0,0,0,0,0
72,271,6.074,9.4218,715.25,0,0,0.12995,0,2.2325,0.86216,0,0,0,0,0.072463,0,0,0,0,0
72,271,6.074,9.4218,715.25,0.0059258,0,0,0.00524,1.3066,0.79321,0,0,0,0,1.1196,0,0,0,0,0.14133
72,271,6.074,9.4218,715.25,0.008333,0,0,0.0081579,0,0,0,0,0,0,0.072463,0,0,0,0,0
72,271,6.074,9.4218,715.25,0,0,0,0.79052,0,0,0,0,0,0,0.56072,0,0,0,0,0
72,271,6.074,9.4218,715.25,0,0,0,0.00036,0,0,0,0,0,0,7.3168,0,0,0,0,0.14133
72,271,6.074,9.4218,715.25,0.003468,0,0,0,0,0,0,0,0,0,5.8763,0,0,0,0,0
72,271,6.074,9.4218,715.25,0.073391,0,0,0,0,0,0,0,0,0,5.955,0,0,0,0,0
72,271,6.074,9.4218,715.25,0.002011,0,0,0,0,0,0,0,0,0,0.072463,0,0,0,0,0
72,271,6.074,9.4218,715.25,0.71409,0,0.080379,0,0,0,0,0,0,0,0.072463,0,0,0,0,0
72,271,6.074,9.4218,715.25,0.038667,0,0,0,0,0,0,0,0,0,0.072463,0,0,0,0,0
72,271,6.074,9.4218,715.25,5.2625,0,0,0.0095305,0,0,0,0,0,0,2.1541,0,0,0,0,0
72,271,6.074,9.4218,715.25,0.85591,0,0,0,0,0.8541,0,0,0,0,0.13348,0,0,0,0,0
72,271,6.074,9.4218,715.25,0,0,0,0,0,0,0.13028,0,0,0,8.8741,0,0,0,0,0
72,271,6.074,9.4218,715.25,0.00021,0,0,0.00524,0,0,0,0,0,0,1.2836,0,0,0,0,0
72,271,6.074,9.4218,715.25,0,0,0,0,0,0,0,0,0,0,0.072463,0,0,0,0,0
72,271,6.074,9.4218,715.25,0,0,0,0,0,0,0,0,0,0,4.9652,0,0,0,0,0
72,271,6.074,9.4218,715.25,0.023679,0,0,0,0,0,0,0,0,1.0245,7.5569,0,0,0,0,0
72,271,6.074,9.4218,715.25,0.008402,0,0,0,0,0,0,0,0,0,1.5411,0,0,0,0,0.23554
72,271,6.074,9.4218,715.25,0.12316,0,0,0,0,0,0,0,0,0,3.8826,0,0,0,0,0
72,271,6.074,9.4218,715.25,0.006644,0,0,0,0,0.035094,0,0,0,0,6.3875,0,0,0,0,0
72,271,6.074,9.4218,715.25,0,0,0,0.93265,0,0,0,0,0,0,5.1015,0,0,0,0,0.023554
72,271,6.074,9.4218,715.25,0.01781,0,0,0,0,0,0.70468,0,0,0,0.072463,0,0,0,0,0
72,271,6.074,9.4218,715.25,0,0,0,0,0,0,0,0,0,0,0.33671,0,0,0,0,0
72,271,6.074,9.4218,715.25,1.7297,0,0,0,0,0,0,0,0,0,0.072463,0,0,0,0,0
72,271,6.074,9.4218,715.25,0.010507,0,0,0,0,0,0,0,0,0,1.1286,0,0,0,0,0
72,271,6.074,9.4218,715.25,0.00524,0,0,0,0,0,0.13028,0,0,0,5.0665,0,0,0,0,0
72,271,6.074,9.4218,715.25,0.015752,0,0,0,0,0,0.13028,0,0,0,0.072463,0,0,0,0,0
72,271,6.074,9.4218,715.25,0.015186,0,0,1.1126,0,3.6746,0,0,0,0,0.072463,0,0,0,0,0
72,271,6.074,9.4218,715.25,1.0082,0,0.20312,0,0,0,0,0,0,0,0.072463,0,0,0,0,0
72,271,6.074,9.4218,715.25,0.024583,0,0,0,0,0,0,0,0,0,3.2962,0,0,0,0,0
72,271,6.074,9.4218,715.25,0.02106,0,0,0,0,0,0,0,0,0,4.0845,0,0,0,0,0
72,271,6.074,9.4218,715.25,0.0097855,0,0,0,0,0,0,0,0,0,6.8926,0,0,0,0,0
72,271,6.074,9.4218,715.25,0,0,0,0,0,0,0,0,0,0,1.1286,0,0,0,0,0
72,271,6.074,9.4218,715.25,0,0,0,0,0,0,0,0,0,0,5.0784,0,0,0,0,0
72,271,6.074,9.4218,715.25,0,0,0,0,0,0.00524,0.13028,0,0,0,4.5116,0,0,0,0,0
72,271,6.074,9.4218,715.25,0,0,0,0,0,0,0,0,0,0,0.072463,0,0,0,0,0
72,271,6.074,9.4218,715.25,0.008587,0,0,0.00043,0.002508,0,0,0,0,0,6.0336,0,0,0,0,0
72,271,6.074,9.4218,715.25,0.011015,0,0,0.1328,0,0,0,0,0,0,0.37335,0,0,0,0,0
72,271,6.074,9.4218,715.25,0.21233,0,0,1.0258,0,0,0,0,0,0,1.2482,0,0,0,0,0
72,271,6.074,9.4218,715.25,2.7519,0,0,0,0,1.0744,0.59876,0,0,0,0.072463,0,0,0,0,0
72,271,6.074,9.4218,715.25,1.5082,0,0,0.008333,0,0,0,0,0,0,0.13234,0,0,0,0,0
72,271,6.074,9.4218,715.25,0.04343,0,0,0,0,0,0,0,0,0.55196,0.072463,0,0,0,0,0
72,271,6.074,9.4218,715.25,0.10979,0,0,0,0,0,0,0,0,0,7.5569,0,0,0,0,0
72,271,6.074,9.4218,715.25,0.003295,0,0,0,0,0,0,0,0,0,0.21272,0,0,0,0,0
72,271,6.074,9.4218,715.25,0,0,0,0,0,0,0,0,0,1.0834,0.13663,0,0,0,0,0
72,271,6.074,9.4218,715.25,0.075794,0,0,0,0,0,0,0,0,0,0.78885,0,0,0,0,0
72,271,6.074,9.4218,715.25,0.23779,0,0,0.034488,0,0.79351,0,0,0,0,0.072463,0,0,0,0,0
72,271,6.074,9.4218,715.25,0.61115,0,0,0,0,0,0.13028,0,0,0,0.3625,0,0,0,0,0
72,271,6.074,9.4218,715.25,0.00524,0,0,0.53146,0,0,0.008333,0,0,0,0.072463,0,0,0,0,0
72,271,6.074,9.4218,715.25,1.8156,0,0,0,0,0,0,0,0,0,0.072463,0,0,0,0,0
72,271,6.074,9.4218,715.25,0.0095061,0,0,0,0,0,0.67053,0,0,0,3.5398,0,0,0,0,0
72,271,6.074,9.4218,715.25,0.008333,0,0,0,0.00833,0,0,0,0,0,0.072463,0,0,0,0,0
72,271,6.074,9.4218,715.25,0.004345,0,0,1.6745,0,0,0,0,0,0,0.086791,0,0,0,0,0
72,271,6.074,9.4218,715.25,0,0,0,0,0,0,0,0,0,0,0.13394,0,0,0,0,0
72,271,6.074,9.4218,715.25,0,0,0.011947,0,0,0,0.13028,0,0,0,0.072463,0,0,0,0,0
72,271,6.074,9.4218,715.25,0.090543,0,0,0,0,0.83988,0.67053,0,0,3.4087,0.63867,0,0,0,0,0
72,271,6.074,9.4218,715.25,0,0,0,0.00524,0,0.0076587,0,0,0,0,2.4569,0,0,0,0,0
72,271,6.074,9.4218,715.25,0.00524,0,0,0,0,0,0.008333,0,0,0,0.82163,0,0,0,0,0
72,271,6.074,9.4218,715.25,0.007697,0,0,3.7016,0,0,0,0,0,0,0.1337,0,0,0,0,0
72,271,6.074,9.4218,715.25,0.003465,0,0,0,0,0.005239,0,0,0,0,0.1484,0,0,0,0,0
72,271,6.074,9.4218,715.25,0.23042,0,0,0.32821,0,0,0.10863,0,0,0,0.13302,0,0,0,0,0.023554
72,271,6.074,9.4218,715.25,0.13369,0,0,0,0,0,0,0,0,0,2.6944,0,0,0,0,0
72,271,6.074,9.4218,715.25,0,0,0,0,0,0,0,0,0,0,0.56339,0,0,0,0,0
72,271,6.074,9.4218,715.25,0.059062,0,0,0.042727,0.00829,0.0060315,1.4676,0,0,0,0.072463,0,0,0,0,0
72,271,6.074,9.4218,715.25,0.008333,0,0,0,0,0,0.13028,0,0,0,0.072463,0,0,0,0,0
72,271,6.074,9.4218,715.25,0.003932,0,0,0,0,0,0.13028,0,0,0,0.33767,0,0,0,0,0
72,271,6.074,9.4218,715.25,0.011627,0,0,0.023408,0,0,0,0,0,0,0.072463,0,0,0,0,0
72,271,6.074,9.4218,715.25,0.015705,0,0,0,0,0.013684,0,0,0,0,0.072463,0,0,0,0,0
72,271,6.074,9.4218,715.25,0,0,0,0.008333,0,4.1389,0.13028,0,0,0,0.67931,0,0,0,0,0
72,271,6.074,9.4218,715.25,0.07654,0,0,0,0,0,0,0,0,0,0.072463,0,0,0,0,0
72,271,6.074,9.4218,715.25,0.16029,0,0.024781,0,0,0,0,0,0,0.8932,2.1163,0,0,0,0,0
72,271,6.074,9.4218,715.25,0,0,0,0,0,0,0,0,0,0,0.21272,0,0,0,0,0
72,271,6.074,9.4218,715.25,0.07364,0,0,0,0.002998,0,0.59876,0,0,0,0.072463,0,0,0,0,0
72,271,6.074,9.4218,715.25,0.008335,0,0,0,0,0,0,0,0,0,0.072463,0,0,0,0,0.14133
72,271,6.074,9.4218,715.25,0.000254,0,0,0.022995,0,0,0,0,0,0,0.41633,0,0,0,0,0
72,271,6.074,9.4218,715.25,1.1024,0,0,0.20117,0,0.57676,0,0,0,0,0.072463,0,0,0,0,0
72,271,6.074,9.4218,715.25,0.028317,0,0,0,0,0,0,0,0,0,0.072463,0,0,0,0,0
72,271,6.074,9.4218,715.25,0.0068538,0,0.10984,2.6237,0,0,0,0,0,0,0.072463,0,0,0,0,0
72,271,6.074,9.4218,715.25,0.008333,0,0,0.008347,0,0,0,0.005239,0,0,0.9086,0,0,0,0,0
72,271,6.074,9.4218,715.25,0,0,0,0,0,0,0.13028,0,0,0,0.37335,0,0,0,0,0
72,271,6.074,9.4218,715.25,0.43482,0,0,0.007221,0.00524,0,0,0,0,0,0.072463,0,0,0,0,0
72,271,6.074,9.4218,715.25,0.00524,0,0,0,0,0,0,0,0,0,2.9171,0,0,0,0,0.23554
72,271,6.074,9.4218,715.25,0.089227,0,0,0,0,0,5.5119,0,0,0,0.49973,0,0,0,0,0.23554
72,271,6.074,9.4218,715.25,0.016666,0,0,0,0,0,0.67053,0,0,0,0.086791,0,0,0,0,0
72,271,6.074,9.4218,715.25,0.0059258,0,0,0,0,0,0,0,0,1.0076,1.8229,0,0,0,0,0
72,271,6.074,9.4218,715.25,1.5484,0,0,0,0,0,0,0,0,0,0.13394,0,0,0,0,0
72,271,6.074,9.4218,715.25,0.0053435,0,0,0,0,0,0,0,0,0,0.072463,0,0,0,0,0
72,271,6.074,9.4218,715.25,0.019543,0,0,0,0,0,0,0,0,0,0.072463,0,0,0,0,0.80085
72,271,6.074,9.4218,715.25,0.15581,0,0,0,0,0,0.059897,0,0,0,4.0845,0,0,0,0,0
72,271,6.074,9.4218,715.25,0,0,0,0,0,0,0,0.00524,0,0,0.072463,0,0,0,0,0
72,271,6.074,9.4218,715.25,0,0,0,0,0,0,0,0,0,0,0.40718,0,0,0,0,0
72,271,6.074,9.4218,715.25,0,0,0,0,0,0.79885,0,0,0,0,0.072463,0,0,0,0,0
72,271,6.074,9.4218,715.25,0,0,2.5204,0,0,0.10416,0,0,0,0,0.13922,0,0,0,0,0
72,271,6.074,9.4218,715.25,0.033619,0,0.049489,0,0,0,0,0,0,0,0.072463,0,0,0,0,0
72,271,6.074,9.4218,715.25,0,0,0,0.026943,0,0,0.40452,0,0,0,0.072463,0,0,0,0,0
72,271,6.074,9.4218,715.25,3.0075,0,0,0.1328,0,0,0,0,0,1.164,0.072463,0,0,0,0,0
72,271,6.074,9.4218,715.25,0,0,0,0,0,0,0,0,0,0,0.47694,0,0,0,0,0
72,271,6.074,9.4218,715.25,0.022631,0,0,0.00524,0,0,0,0,0,0,7.9974,0,0,0,0,0
72,271,6.074,9.4218,715.25,0,0,0,0,0,0,0,0,0,0,0.072463,0,0,0,0,0
72,271,6.074,9.4218,715.25,0.019543,0,0,0,0,0,0,0,0,0,0.072463,0,0,0,0,0
72,271,6.074,9.4218,715.25,0,0,0,1.6745,0,0,0,0,0,0,2.3236,0,0,0,0,0
72,271,6.074,9.4218,715.25,0.0068538,0,0,0.0021738,0,0,0,0,0,0,5.8934,0,0,0,0,0
72,271,6.074,9.4218,715.25,0.01272,0,0,1.9759,0,0,0,0,0,0,0.13348,0,0,0,0,0.42398
72,271,6.074,9.4218,715.25,0,0,0,0,0.00524,0,0,0,0,0,0.33671,0,0,0,0,0
72,271,6.074,9.4218,715.25,0.14452,0,0,0,0,0,0,0,0,0,0.072463,0,0,0,0,0
72,271,6.074,9.4218,715.25,0,0,0,0,0,0.005239,0.002308,0,0,0,0.072463,0,0,0,0,0
72,271,6.074,9.4218,715.25,0.057399,0,0,0,0,0,0,0,0,0,0.13124,0,0,0,0,0
72,271,6.074,9.4218,715.25,0.001669,0,0,0,0,0,0,0,0,0,1.5788,0,0,0,0,0
72,271,6.074,9.4218,715.25,0.008333,0,0,0,0,0,0,0,0,0,1.5501,0,0,0,0,0
72,271,6.074,9.4218,715.25,0,0,0,0,0,0,0,0,0,0,0.13054,0,0,0,0,0
72,271,6.074,9.4218,715.25,0.003538,0,0.14103,0.0091806,0,0,0,0,0,0,0.072463,0,0,0,0,0
72,271,6.074,9.4218,715.25,0.019994,0,0,0,0,0,0,0,0,0,4.729,0,0,0,0,0.42398
72,271,6.074,9.4218,715.25,0.008333,0,0,0,0.008336,0,0,0,0,0,1.2836,0,0,0,0,0
72,271,6.074,9.4218,715.25,0.0092508,0,0,0,0,0,0,1.063,0,0,0.072463,0,0,0,0,0
72,271,6.074,9.4218,715.25,0,0,0,0,0,0,0,0,0,0,0.072463,0,0,0,0,0
72,271,6.074,9.4218,715.25,0.011015,0,0,0,0,0,0,0,0,1.6593,0.072463,0,0,0,0,0
72,271,6.074,9.4218,715.25,0,0,0.27232,0.45356,0,0,0,0,0,0,0.37335,0,0,0,0,0
72,271,6.074,9.4218,715.25,7.6985,0,0,0,0,0,0,0,0,0,0.072463,0,0,0,0,0
72,271,6.074,9.4218,715.25,0.15427,0,0,0,0,0,0,0,0,0,0.37335,0,0,0,0,0
72,271,6.074,9.4218,715.25,0.16029,0,0,0,0,0,0,0,0,0,0.072463,0,0,0,0,0
72,271,6.074,9.4218,715.25,0,0,0,0,0,0,0,0,0,0,9.2784,0,0,0,0,0
72,271,6.074,9.4218,715.25,0.62352,0,0,0,0,0,0,0,0,0,0.14411,0,0,0,0,0
72,271,6.074,9.4218,715.25,0.14365,0,0,0.008333,0,0,0,0,0,1.0167,0.13711,0,0,0,0,0
72,271,6.074,9.4218,715.25,0,0,0,0,0,0,0,1.063,0,0,0.072463,0,0,0,0,0
72,271,6.074,9.4218,715.25,0,0,0,0,0,0.002139,0,0,0,0,0.086791,0,0,0,0,0
72,271,6.074,9.4218,715.25,0.1851,0,0,0,0,0,0,0,0,0,0.072463,0,0,0,0,0
72,271,6.074,9.4218,715.25,1.0526,0,0,3.8542,0,0.81858,0.13028,0,0,0,0.51741,0,0,0,0,0
72,271,6.074,9.4218,715.25,0.42108,0,0,0,0,0.00062,0,0,0,0,0.072463,0,0,0,0,0
72,271,6.074,9.4218,715.25,0,0,0,0,0,0.79685,0,0,0,0,0.15015,0,0,0,0,0.23554
72,271,6.074,9.4218,715.25,0,0,0,0.65987,0,0.012422,0,0,0,0,0.072463,0,0,0,0,0
72,271,6.074,9.4218,715.25,0,0,0,0,0,0.000234,0,0,0,0,0.94482,0,0,0,0,0
72,271,6.074,9.4218,715.25,0.18277,0,0,0.032559,0,0,0,0,0,0,0.072463,0,0,0,0,0
72,271,6.074,9.4218,715.25,0.001205,0,0,0,0,0,0,0,0,0,0.072463,0,0,0,0,0
72,271,6.074,9.4218,715.25,0.010002,0,0,0,0.048644,0,0,0,0,0,0.072463,0,0,0,0,0
72,271,6.074,9.4218,715.25,0,0,0,0,0,0.001267,0,0,0,0,0.072463,0,0,0,0,0
72,271,6.074,9.4218,715.25,0.45089,0,0,0,0,0,0.59876,0,0,0,0.072463,0,0,0,0,0.023554
72,271,6.074,9.4218,715.25,0.49976,0,0,0.012001,0,0.00524,0.42744,0,0,0,0.13039,0,0,0,0,0
72,271,6.074,9.4218,715.25,0.008333,0,0,0,0,0,0,0,0,0,0.3228,0,0,0,0,0.23554
72,271,6.074,9.4218,715.25,0,0,0,0,0,0.85832,0.13028,0,0,0,0.78303,0,0,0,0,0
72,271,6.074,9.4218,715.25,0.26008,0,0,0,0,0,0.13028,0,0,0,0.072463,0,0,0,0,0
72,271,6.074,9.4218,715.25,0,0,0,0.48983,0,0,0,0,0,0,0.34495,0,0,0,0,0
72,271,6.074,9.4218,715.25,0.045569,0,0,0,0,0,0,0,0,0,0.072463,0,0,0,0,0
72,271,6.074,9.4218,715.25,0,0,0,0,0,0,0,0,0,1.5859,0.072463,0,0,0,0,0.5182
72,271,6.074,9.4218,715.25,0,0,0,0.008333,0,0,0,0,0,0,1.2482,0,0,0,0,0
72,271,6.074,9.4218,715.25,0.65712,0,0,0,0,0,0,0,0,0,0.49027,0,0,0,0,0
72,271,6.074,9.4218,715.25,0.052552,0,0,0,0,0,0.13028,0,0,0,0.072463,0,0,0,0,0.42398
72,271,6.074,9.4218,715.25,0,0,0,0,1.1882,0.79766,0,0,0,0,0.072463,0,0,0,0,0.23554
72,271,6.074,9.4218,715.25,0.64268,0,0,0,0,0,0.40452,0,0,0,0.072463,0,0,0,0,0
72,271,6.074,9.4218,715.25,0.001669,0,0,0.013887,0,0,0,0,0,0,0.072463,0,0,0,0,0
72,271,6.074,9.4218,715.25,0.008335,0,0,0.008333,0,0,0,0,0,0,0.072463,0,0,0,0,0
72,271,6.074,9.4218,715.25,0,0,0,0,0,0,0,0,0,0,0.072463,0,0,0,0,0
72,271,6.074,9.4218,715.25,0,0,0,0,0,0,0.059897,0,0,0,1.1327,0,0,0,0,0
72,271,6.074,9.4218,715.25,0,0,0,0,0,0,0,0,0,0,0.072463,0,0,0,0,0
72,271,6.074,9.4218,715.25,0.59281,0,0,0,0,0.002011,0,0,0,0,0.94482,0,0,0,0,0
72,271,6.074,9.4218,715.25,0.03016,0,0,0.35723,0,0,0,0,0,0,0.072463,0,0,0,0,0
72,271,6.074,9.4218,715.25,0.089227,0,0,0.008333,0.00833,0,0,0,0,1.5851,0.072463,0,0,0,0,0
72,271,6.074,9.4218,715.25,0.020998,0,0,0,0,0,0.13028,0,0,0,7.3168,0,0,0,0,0
72,271,6.074,9.4218,715.25,0.008333,0,0,4.1575,0.008333,0,0,0,0,0,0.072463,0,0,0,0,0
72,271,6.074,9.4218,715.25,0,0,0,0,0,0,0,0,0,0,0.072463,0,0,0,0,0
72,271,6.074,9.4218,715.25,0.0071224,0,0,0,0,0,0,0,0,0,0.072463,0,0,0,0,0
72,271,6.074,9.4218,715.25,0.005239,0,0,0,0,0,0.60778,0,0,0,4.729,0,0,0,0,0
72,271,6.074,9.4218,715.25,0,0,0,0,0,0,0,0,0,0,0.072463,0,0,0,0,0
72,271,6.074,9.4218,715.25,0.076734,0,0,0,0,0,0.13028,0,0,0,1.2647,0,0,0,0,0
72,271,6.074,9.4218,715.25,0,0,0,0,0,0,0.008333,0,0,1.5851,0.7142,0,0,0,0,0
72,271,6.074,9.4218,715.25,0.0087785,0,0,0,0,0,0,0,0,0,0.072463,0,0,0,0,0
72,271,6.074,9.4218,715.25,3.0601,0,0.594,0,0,0,0,0,0,0,0.094364,0,0,0,0,0
72,271,6.074,9.4218,715.25,0,0,0,0,0,0,0,0,0,0,0.78678,0,0,0,0,0
72,271,6.074,9.4218,715.25,0.007697,0,0,0,0,0,0,0,0,0,0.79939,0,0,0,0,0
72,271,6.074,9.4218,715.25,0,0,0,0,0,0,0,0,0,0,1.2482,0,0,0,0,0
72,271,6.074,9.4218,715.25,0.001009,0,0,0,0,0,0,0,0,0,1.7457,0,0,0,0,0
72,271,6.074,9.4218,715.25,0.042315,0,0,0.001397,1.4317,0,0,0,0,0,2.1592,0,0,0,0,0
72,271,6.074,9.4218,715.25,0.087612,0,0,0,0,0,0,0,0,0,0.072463,0,0,0,0,0
72,271,6.074,9.4218,715.25,0,0,0,0,0,0,0.42744,0,0,0,0.072463,0,0,0,0,0
72,271,6.074,9.4218,715.25,0,0,0,8.7186,0,0,0,0,0,0,0.13671,0,0,0,0,0
72,271,6.074,9.4218,715.25,0.008335,0,0,0,0,4.5986,0,0,0,0,4.3915,0,0,0,0,0
72,271,6.074,9.4218,715.25,0.018891,0,0,0,0,0,0,0,0,0,0.81487,0,0,0,0,0
72,271,6.074,9.4218,715.25,0,0,0,0,0,0,0,0,0,0,2.7374,0,0,0,0,0
72,271,6.074,9.4218,715.25,0.047045,0,0.008333,0,0,0,0,0,0,0,0.072463,0,0,0,0,0
72,271,6.074,9.4218,715.25,0.014554,0,0,0.007148,0,0,0,0,0,8.0476,0.29757,0,0,0,0,0
72,271,6.074,9.4218,715.25,0.030564,0,0,0.38591,0,0,0,0,0,0,0.072463,0,0,0,0,0
72,271,6.074,9.4218,715.25,0.14365,0,0,0.017454,0,0,0.021726,0,0,0,0.3228,0,0,0,0,0
72,271,6.074,9.4218,715.25,0.020568,0,0,0,0,0,0,0,0,0,0.33671,0,0,0,0,0
72,271,6.074,9.4218,715.25,0.00524,0,0,0,0,0,0,0,0,0,0.072463,0,0,0,0,0
72,271,6.074,9.4218,715.25,0.0058918,0,0,0,0,0,0,0,0,0,0.072463,0,0,0,0,0
72,271,6.074,9.4218,715.25,0,0,0,1.7604,0,0,0.13028,0,0,0,0.072463,0,0,0,0,0
72,271,6.074,9.4218,715.25,0,0,0,0,0,0,0,0,0,0,0.072463,0,0,0,0,0
72,271,6.074,9.4218,715.25,2.5177,0,5.4532,0.005239,0,0,0,0,0,0,0.072463,0,0,0,0,0.23554
72,271,6.074,9.4218,715.25,0.000765,0,0,0.0068531,0,0,0,0,0,0,0.072463,0,0,0,0,0
72,271,6.074,9.4218,715.25,0.003295,0,1.7219,0.004876,0,0.79321,0,0,0,0,0.072463,0,0,0,0,0
72,271,6.074,9.4218,715.25,0,0,0,0.008333,0,0,0,0,0,0.21027,0.072463,0,0,0,0,0
72,271,6.074,9.4218,715.25,0.01814,0,0,0.28013,0,0,0,0,0,0,1.1327,0,0,0,0,0
72,271,6.074,9.4218,715.25,0.005239,0,0,0.25328,0,0,0,0,0,0,0.11545,0,0,0,0,0
72,271,6.074,9.4218,715.25,0.000234,0,0,0.037416,0,0,0,0,0,0,0.072463,0,0,0,0,0
72,271,6.074,9.4218,715.25,5.771,0,0,0,0,0,0,0,0,0,2.4999,0,0,0,0,0
72,271,6.074,9.4218,715.25,0.84484,0,0,0,0,0,0,0,0,0,0.072463,0,0,0,0,0
72,271,6.074,9.4218,715.25,0.003932,0,0,0,0,0,0,0,0,0,7.5569,0,0,0,0,0
72,271,6.074,9.4218,715.25,0,0,0,0.14726,0,0,0.13028,0,0,0,0.072463,0,0,0,0,0
72,271,6.074,9.4218,715.25,0.96353,0,0,0.00524,0,0,0,0,0,0,0.072463,0,0,0,0,0
72,271,6.074,9.4218,715.25,3.2644,0,0,0,0,0,0,0,0,0,0.072463,0,0,0,0,0
72,271,6.074,9.4218,715.25,0,0,0,0,0,0,0,0,0,0,0.5281,0,0,0,0,0
72,271,6.074,9.4218,715.25,0.008334,0,0,0,0,0,0,0,0,9.1202,0.072463,0,0,0,0,0
72,271,6.074,9.4218,715.25,0.011131,0,0,0,0,0,0,0,0,0,0.072463,0,0,0,0,0
72,271,6.074,9.4218,715.25,0.001292,0,0,0.13217,0,0.00014,0,0,0,0.27721,0.7142,0,0,0,0,0.32976
72,271,6.074,9.4218,715.25,0,0,0,0,0,0.82492,0,0,0,0,0.40718,0,0,0,0,0
72,271,6.074,9.4218,715.25,0.7609,0,0,0,0,0,0.008333,0,0,0,4.1702,0,0,0,0,0
72,271,6.074,9.4218,715.25,0.025974,0,0,0.008333,0,0,0,0.015555,0,0,0.7142,0,0,0,0,0
72,271,6.074,9.4218,715.25,0.008333,0,0,0,0,0.00524,0,0,0,0,1.9852,0,0,0,0,0
72,271,6.074,9.4218,715.25,0.13651,0,0,0,0,0.002438,0,0,0,0,0.072463,0,0,0,0,0
72,271,6.074,9.4218,715.25,0.64268,0,0,0,0.48115,0,0,0,0,0,0.072463,0,0,0,0,0
72,271,6.074,9.4218,715.25,0.00524,0,0,0,0,0,0,0,0,0,4.5076,0,0,0,0,0
72,271,6.074,9.4218,715.25,3.1501,0,0,0,0,0,0,0,0,0,0.072463,0,0,0,0,0
72,271,6.074,9.4218,715.25,0.0068531,0,0,0,0,0.79766,0,0,0,0,4.1559,0,0,0,0,0
72,271,6.074,9.4218,715.25,2.7519,0,0,0.071033,0,0,0,0,0,0,0.072463,0,0,0,0,0
72,271,6.074,9.4218,715.25,0,0,0,0,0,0,0,0,0,0,0.44185,0,0,0,0,0
72,271,6.074,9.4218,715.25,0,0,0,0,0,0,0,0.96769,0,0,0.072463,0,0,0,0,0
72,271,6.074,9.4218,715.25,0.008332,0,0,0,0,0,0,0,0,0,0.072463,0,0,0,0,0
72,271,6.074,9.4218,715.25,0,0,0,0,0,0.000234,0,0,0,0,0.44185,0,0,0,0,0.14133
72,271,6.074,9.4218,715.25,0.0067502,0,0,0,0.003821,0,0,0,0,0,0.072463,0,0,0,0,0
72,271,6.074,9.4218,715.25,0,0,0,0.026943,0,0.39946,0,0,0,0.39237,0.13922,0,0,0,0,0
72,271,6.074,9.4218,715.25,0.015988,0,0,0,0,0,0,0,0,0,0.072463,0,0,0,0,0
72,271,6.074,9.4218,715.25,0.008333,0,0,0,0,0,0,0,0,0,0.072463,0,0,0,0,0
72,271,6.074,9.4218,715.25,0.016666,0,0,0,0,0,0,0,0,0,0.34469,0,0,0,0,0.70663
72,271,6.074,9.4218,715.25,0.002031,0,0,0,7.0454,0,0,0,0,0,0.086791,0,0,0,0,0
72,271,6.074,9.4218,715.25,3.9401,0,0,0,0,0,0,0,0,0,0.072463,0,0,0,0,0
72,271,6.074,9.4218,715.25,0.00524,0,0,0.00524,0,0,0,0,0,0,0.072463,0,0,0,0,0
72,271,6.074,9.4218,715.25,0,0,0,0.25328,0,0,0,0,0,0.44575,0.072463,0,0,0,0,0
72,271,6.074,9.4218,715.25,0.15085,0,0,0.11792,0,0,0,0,0,0,0.072463,0,0,0,0,0
72,271,6.074,9.4218,715.25,0,0,0.56366,0,0,0,0,0,0,0,6.0336,0,0,0,0,0
72,271,6.074,9.4218,715.25,0.0088426,0,0,0,0,0,0,0,0,0,0.49973,0,0,0,0,0
72,271,6.074,9.4218,715.25,0.2089,0,0,0,2.0857,0.81858,0,0,0,0,4.2102,0,0,0,0,0
72,271,6.074,9.4218,715.25,0.013064,0,0,0,0,0,0,0,0,0,0.072463,0,0,0,0,0
72,271,6.074,9.4218,715.25,0,0,0,0,0,0,0,0,0,0,0.33796,0,0,0,0,0
72,271,6.074,9.4218,715.25,0.000126,0,0,0,0,0.000172,0,0,0,0,0.072463,0,0,0,0,0.32976
72,271,6.074,9.4218,715.25,0.0095061,0,0,0,0.010272,0,0,0,0,0,5.3297,0,0,0,0,0
72,271,6.074,9.4218,715.25,0,0,0,0,5.2355,0,0.002308,0,0,0,1.9775,0,0,0,0,0
72,271,6.074,9.4218,715.25,0,0,0,0,0,0,0,0,0,0,6.1183,0,0,0,0,0
72,271,6.074,9.4218,715.25,0,0,0,0,0,0,0,0,0,0,0.56072,0,0,0,0,0.42398
72,271,6.074,9.4218,715.25,0.012386,0,0,0.023408,0,0,0,0,0,0,0.13353,0,0,0,0,0
72,271,6.074,9.4218,715.25,0.0024845,0,0,0,0,0,0,0,0,0,0.14026,0,0,0,0,0
72,271,6.074,9.4218,715.25,0.12623,0,0.75023,0,0.008333,0,0.13028,0,0,0,0.072463,0,0,0,0,0
72,271,6.074,9.4218,715.25,0,0,0,0,0,0,0.67053,0,0,0,1.7457,0,0,0,0,0
72,271,6.074,9.4218,715.25,0.032917,0,0,0,0,0,0,0,0,7.6506,0.072463,0,0,0,0,0
72,271,6.074,9.4218,715.25,0.025974,0,0,0,0,0,0,0,0,0,0.072463,0,0,0,0,0
72,271,6.074,9.4218,715.25,0.0083355,0,0,0,0,0,0,0,0,0,0.072463,0,0,0,0,0
72,271,6.074,9.4218,715.25,0,0,0,0.00524,0,0,0.13028,0,0,0,0.086791,0,0,0,0,0
72,271,6.074,9.4218,715.25,0.083807,0,0,0,0,0.20716,0,0,0,0,0.072463,0,0,0,0,0
72,271,6.074,9.4218,715.25,0.012198,0,0,0.026134,0,0,0.13028,0,0,0,0.63695,0,0,0,0,0
72,271,6.074,9.4218,715.25,0.038667,0,0,0,0,0.00524,0,0,0,0,7.6506,0,0,0,0,0
72,271,6.074,9.4218,715.25,1.6324,0,0,0,0,0,0.13028,0.000716,0,0,0.94482,0,0,0,0,0
72,271,6.074,9.4218,715.25,0.0069085,0,0,0,0,0,0,0,0,0,4.6401,0,0,0,0,0
72,271,6.074,9.4218,715.25,0.06877,0,0,0,0,0,0,0,0,0,0.086791,0,0,0,0,0
72,271,6.074,9.4218,715.25,0,0,0,0,0,0,5.6045,0,0,0,0.072463,0,0,0,0,0
72,271,6.074,9.4218,715.25,0.008587,0,0,0,0,0,0,0,0,0,0.072463,0,0,0,0,0
72,271,6.074,9.4218,715.25,0,0,0,0,0,0,0.60778,0,0,1.057,3.6257,0,0,0,0,0
72,271,6.074,9.4218,715.25,0.25407,0,0,0,0,0,0,0,0,0,8.2778,0,0,0,0,0
72,271,6.074,9.4218,715.25,0.085655,0,5.3283,0.14726,0,0,0,0,0,0,0.072463,0,0,0,0,0
72,271,6.074,9.4218,715.25,0,0,0,0.00524,0,0,3.0021,0,0,0,2.1163,0,0,0,0,0
72,271,6.074,9.4218,715.25,0.62801,0,0,0,0.00524,0,0,0,0,0,4.1988,0,0,0,0,0
72,271,6.074,9.4218,715.25,0.000254,0,0,0,0,0,0,0,0,0,0.072463,0,0,0,0,0
72,271,6.074,9.4218,715.25,0,0,0,0.0081579,0,0,0,0,0,0,0.83183,0,0,0,0,0
72,271,6.074,9.4218,715.25,2.9202,0,0,0,0,0,0,0,0,0,0.072463,0,0,0,0,0
72,271,6.074,9.4218,715.25,0.008333,0,0,0,0,0,0,0,0,0,0.072463,0,0,0,0,0
72,271,6.074,9.4218,715.25,0,0,0,0,0,0,0.13028,0,0,0,0.072463,0,0,0,0,0
72,271,6.074,9.4218,715.25,0.00524,0,0,0,0,0,0,0,0,0,0.78678,0,0,0,0,0
72,271,6.074,9.4218,715.25,0,0,0,0,0,0,0.10863,0,0,0,0.072463,0,0,0,0,0
72,271,6.074,9.4218,715.25,0,0,0,0,0,0,0.13028,0,0,0,0.67805,0,0,0,0,0
72,271,6.074,9.4218,715.25,5.771,0,0,0,0,0,0,0,0,0,0.072463,0,0,0,0,0
72,271,6.074,9.4218,715.25,0.008333,0,0,0,0,0,0,0,0,0.73557,0.072463,0,0,0,0,0
72,271,6.074,9.4218,715.25,0,0,0,0,0,0.035094,0,0,0,0,0.072463,0,0,0,0,0
72,271,6.074,9.4218,715.25,0,0,0,0,0,0,0,0,0,1.808,0.072463,0,0,0,0,0
72,271,6.074,9.4218,715.25,0.004345,0,0,1.7917,0,0,0,0,0,0,0.072463,0,0,0,0,0
72,271,6.074,9.4218,715.25,0,0,0,0.00524,0,0,0.13028,0,0,0,0.072463,0,0,0,0,0
72,271,6.074,9.4218,715.25,0.10024,0,0,0,0,0,0,0,0,0,1.2482,0,0,0,0,0
72,271,6.074,9.4218,715.25,0,0,0,0,0,0,0,0,0,0,0.41236,0,0,0,0,0.023554
72,271,6.074,9.4218,715.25,6.9953,0,0,0.8834,0,0.003539,0,0,0,0,0.13615,0,0,0,0,0
72,271,6.074,9.4218,715.25,0.008402,0,0,0,0,0,0.13028,0,0,0,0.1484,0,0,0,0,0
72,271,6.074,9.4218,715.25,0,0,0,0,0,0,0,0,0,0,0.072463,0,0,0,0,0
72,271,6.074,9.4218,715.25,2.9202,0,0,0,0,0,0,0,0,0,0.18601,0,0,0,0,0.42398
72,271,6.074,9.4218,715.25,0.008333,0,0,0,0,0,0.008333,0,0,1.261,0.072463,0,0,0,0,0
72,271,6.074,9.4218,715.25,1.0465,0,0,0,0,0,0,0,0,0,1.2836,0,0,0,0,0
72,271,6.074,9.4218,715.25,0.073391,0,0,0,0,0,0.13028,0,0,0,0.072463,0,0,0,0,0
72,271,6.074,9.4218,715.25,3.4882,0,0,0,0,0,0,0,0,0,0.40718,0,0,0,0,0
72,271,6.074,9.4218,715.25,0.002068,0,0,0,0,0,0,0,0,0,0.072463,0,0,0,0,0
72,271,6.074,9.4218,715.25,0,0,2.2826,0,0,0,0,0,0,0,0.17276,0,0,0,0,0
72,271,6.074,9.4218,715.25,0.0099708,0,0,0,0,0,0,0,0,0,0.072463,0,0,0,0,0
72,271,6.074,9.4218,715.25,0.54667,0,0,0,0,0,0,0,0,0,0.15843,0,0,0,0,0
72,271,6.074,9.4218,715.25,0,0,0,0,0.008321,0,3.1285,0,0,0,0.13353,0,0,0,0,0
72,271,6.074,9.4218,715.25,0,0,0,0.008333,0,0,0.13028,0,0,0,0.072463,0,0,0,0,0
72,271,6.074,9.4218,715.25,0.17142,0,0,0,0.025097,0,0,0,0,0,0.13353,0,0,0,0,0
72,271,6.074,9.4218,715.25,0,0,0,0,0,0,0.13028,0,0,0,0.072463,0,0,0,0,0
72,271,6.074,9.4218,715.25,0.047741,0,0,0.001434,0,0,0,0,0,0,1.2458,0,0,0,0,0
72,271,6.074,9.4218,715.25,0,0,0,0,0,3.4113,0,0,0,0,1.5788,0,0,0,0,0
72,271,6.074,9.4218,715.25,0.015329,0,0,0.0084,0,0,0,0,0,0,3.8693,0,0,0,0,0
72,271,6.074,9.4218,715.25,0,0,0,0,0,4.6911,0,0,0,0,0.9086,0,0,0,0,0.023554
72,271,6.074,9.4218,715.25,0.23042,0,0,0,0,0,0,0,0,0,0.072463,0,0,0,0,0
72,271,6.074,9.4218,715.25,0.008333,0,0,0,0,0,0,0,0,1.7864,0.072463,0,0,0,0,0
72,271,6.074,9.4218,715.25,0,0,0,0,0,0,0,0,0,0,3.2549,0,0,0,0,0
72,271,6.074,9.4218,715.25,0.011569,0,0,0.021741,0,0,0,0,0,0,0.13054,0,0,0,0,0
72,271,6.074,9.4218,715.25,0,0.029823,4.0767,0,0.00043,0,0,0,0,0,0.11545,0,0,0,0,0
72,271,6.074,9.4218,715.25,3.7661,0,0,0,0,0.60971,0,0,0,0,0.072463,0,0,0,0,0.5182
72,271,6.074,9.4218,715.25,0.003355,0,0,0,0.005769,0,0,0,0,0,4.0802,0,0,0,0,0
72,271,6.074,9.4218,715.25,0.49233,0,0,0.014574,0,0.016404,0,0,0,0,5.2094,0,0,0,0,0
72,271,6.074,9.4218,715.25,0.017561,0,0,0,0,0,0,0,0,0,0.56339,0,0,0,0,0
72,271,6.074,9.4218,715.25,1.8156,0,0,0,0,0,0.13028,0,0,0,0.072463,0,0,0,0,0.023554
72,271,6.074,9.4218,715.25,0.32104,0,0,0,0.45268,0,0,0,0,0,0.12913,0,0,0,0,0
72,271,6.074,9.4218,715.25,1.4262,0,0,0,0,0,0,0,0,0,0.072463,0,0,0,0,0
72,271,6.074,9.4218,715.25,0.64268,0,0,0,0,0,0,0,0,0,0.072463,0,0,0,0,0
72,271,6.074,9.4218,715.25,0.0083355,0,0,0,0.009052,0,0.13028,0,0,0,0.47694,0,0,0,0,0
72,271,6.074,9.4218,715.25,0.025446,0,0,0,0,0,0,0,0,0,3.1177,0,0,0,0,0
72,271,6.074,9.4218,715.25,0.031139,0,0,0,0,0,0,0,0,0,0.072463,0,0,0,0,0
72,271,6.074,9.4218,715.25,0.011941,0,1.3117,0.020134,0,0.0060315,0,0,0,0,4.3421,0,0,0,0,0
72,271,6.074,9.4218,715.25,2.2569,0,0,0,0,0,0,0,0,0,0.072463,0,0,0,0,0
72,271,6.074,9.4218,715.25,0.30411,0,0,0,0,0,0.13028,0,0,0,0.072463,0,0,0,0,0
72,271,6.074,9.4218,715.25,0.011369,0,0,0,0,0,0,0,0,0,0.072463,0,0,0,0,0
72,271,6.074,9.4218,715.25,0.002998,0,0,0,5.704,0,0,0,0,0,1.8229,0,0,0,0,0
72,271,6.074,9.4218,715.25,0.014662,0,0,0.020539,0,0,0.13028,0,0,0.76777,0.7142,0,0,0,0,0
72,271,6.074,9.4218,715.25,0.007697,0,0,0.58005,0,0,0,0,0,0,4.1401,0,0,0,0,0
72,271,6.074,9.4218,715.25,0.008335,0,0,0,0,0,0,0,0,0,0.27752,0,0,0,0,0.23554
72,271,6.074,9.4218,715.25,0.023372,0,1.7219,0.001205,0,3.6746,0,0,0,0,0.17677,0,0,0,0,0
72,271,6.074,9.4218,715.25,0,0,0,0.002139,0,0,0,0,0,0,0.072463,0,0,0,0,0
72,271,6.074,9.4218,715.25,0.087821,0,0,0,0,0,0,0,0,0,2.5252,0,0,0,0,0
72,271,6.074,9.4218,715.25,0,0,0,0,0,0,0,0,0,0,0.35902,0,0,0,0,0
72,271,6.074,9.4218,715.25,0.015554,0,0,0,0,0.007897,0,0,0,0,3.5168,0,0,0,0,0
72,271,6.074,9.4218,715.25,0.00545,0,0,0,0,0,0,0,0,0,0.072463,0,0,0,0,0
72,271,6.074,9.4218,715.25,0.21392,0,0,2.8544,0,0,0.13028,0,0,0,2.9989,0,0,0,0,0
72,271,6.074,9.4218,715.25,0.016666,0,0,0.005239,0,0.79321,0,0,0,0,0.072463,0,0,0,0,0
72,271,6.074,9.4218,715.25,0.03186,0,0,0,0,0,0,0,0,0,4.2102,0,0,0,0,0
72,271,6.074,9.4218,715.25,3.4562,0,0,0,0,0,0,0,0,0,0.072463,0,0,0,0,0.023554
72,271,6.074,9.4218,715.25,0.008335,0,0,0.001205,0,0.79546,0,0,0,0,0.072463,0,0,0,0,0
72,271,6.074,9.4218,715.25,0.0083355,0,0,0,0,0,0,0,0,0,0.072463,0,0,0,0,0
72,271,6.074,9.4218,715.25,0.003539,0,0,1.1407,0,0,0,0,0,0,1.3814,0,0,0,0,0
72,271,6.074,9.4218,715.25,0.020998,0,0,0,0,0,0,0,0,0,0.23007,0,0,0,0,0
72,271,6.074,9.4218,715.25,0,0,0,0,0,0,0.13028,0,0,0,0.072463,0,0,0,0,0
72,271,6.074,9.4218,715.25,0.11602,0,0,0,0,0.0076587,0.13028,0,0,0,0.13671,0,0,0,0,0
72,271,6.074,9.4218,715.25,0,0,0,0,0,0,0,0,0,0,0.15504,0,0,0,0,0
72,271,6.074,9.4218,715.25,5.4745,0,0,0.007328,0,0,0.40452,0,0,0.73557,0.072463,0,0,0,0,0
72,271,6.074,9.4218,715.25,0,0,0,0,0,0,0,0,0,0,5.7349,0,0,0,0,0
72,271,6.074,9.4218,715.25,0.015752,0,0,0,0,0,2.6355,0,0,0,0.072463,0,0,0,0,0
72,271,6.074,9.4218,715.25,0.014948,0,0,0,0,0,0,0,0,1.0139,2.4569,0,0,0,0,0
72,271,6.074,9.4218,715.25,0.25407,0,0,0,0.008333,0,0,0,0,0,0.12977,0,0,0,0,0
72,271,6.074,9.4218,715.25,0,0,0,0.006701,0,1.2917,0,0,0,0,0.072463,0,0,0,0,0
72,271,6.074,9.4218,715.25,0,0,0,0,0,0,0,0,0,0,0.37335,0,0,0,0,0
72,271,6.074,9.4218,715.25,0,0,0,0,0,0,4.8659,0,0,0,0.072463,0,0,0,0,0
72,271,6.074,9.4218,715.25,0.013573,0,0,0,0,0,0,0,0,0,0.78885,0,0,0,0,0
72,271,6.074,9.4218,715.25,0.023679,0,0,0,0,0,0,0,0,0,0.072463,0,0,0,0,0
72,271,6.074,9.4218,715.25,0.003295,0,0,0,0,0,0,0,0,0,0.072463,0,0,0,0,0
72,271,6.074,9.4218,715.25,0.0095061,0,0,0.0025115,0,0,0,0,0,0,0.48889,0,0,0,0,0
72,271,6.074,9.4218,715.25,0.11182,0,0,0,0,0,0,0,0,9.1622,0.072463,0,0,0,0,0
72,271,6.074,9.4218,715.25,0.085655,0,0,0,0,0,0,0,0,0,0.072463,0,0,0,0,0
72,271,6.074,9.4218,715.25,6.265,0,0,0,0.009052,0,0,0,0,0,0.1484,0,0,0,0,0
72,271,6.074,9.4218,715.25,0.010507,0,0,0,0,0,0,0,0,0,0.56339,0,0,0,0,0
72,271,6.074,9.4218,715.25,0.014338,0,0,0,0,0,3.7858,0,0,0,0.072463,0,0,0,0,0
72,271,6.074,9.4218,715.25,0.033746,0,0,0,0,0,0,0,0,5.6716,0.072463,0,0,0,0,0
72,271,6.074,9.4218,715.25,0.2861,0,0,0,0,0.000376,0,0,0,0,0.41633,0,0,0,0,0.42398
72,271,6.074,9.4218,715.25,0.0067502,0,0,0,0,0,0,0,0,0,5.8934,0,0,0,0,0
72,271,6.074,9.4218,715.25,0.031139,0,0,0,0,0,0,0,0,0,0.072463,0,0,0,0,0
72,271,6.074,9.4218,715.25,0.001493,0,0,0,0,0,0,0,0,0,0.82163,0,0,0,0,0
72,271,6.074,9.4218,715.25,0.12316,0,0,0,0,0,0,0,0,0,0.072463,0,0,0,0,0
72,271,6.074,9.4218,715.25,0,0,0,0,0,0,0.59876,0,0,0,0.12844,0,0,0,0,0
72,271,6.074,9.4218,715.25,1.6324,0,0,0,0,0,3.635,0,0,0,0.072463,0,0,0,0,0
72,271,6.074,9.4218,715.25,0.020568,0,0,0.021741,0,0,0,0,0,0,0.48889,0,0,0,0,0
72,271,6.074,9.4218,715.25,0.01121,0,0,0,0,0,0,0,0,0,0.072463,0,0,0,0,0
72,271,6.074,9.4218,715.25,0.84484,0,0,0,0,0,0,0,0,0,0.072463,0,0,0,0,0
72,271,6.074,9.4218,715.25,0.037792,0,0,0,0,0,0,0,0,0,0.56339,0,0,0,0,0
72,271,6.074,9.4218,715.25,0.02311,0,0,0.003901,0,0,0,0,0,0,2.3252,0,0,0,0,0
72,271,6.074,9.4218,715.25,0.00524,0,0.02042,0,0,0,0,0,0,0,0.25674,0,0,0,0,0
72,271,6.074,9.4218,715.25,0.00524,0,0,0,0,0,0,0,0,0,0.072463,0,0,0,0,0
72,271,6.074,9.4218,715.25,0.012953,0,0,0,0,0,0,0,0,0,0.75174,0,0,0,0,0
73,272,10.47,36.433,2765.8,0,0,0,0,0,0,0.13028,0,0,0,0.072463,0,0,0,0,0
73,272,10.47,36.433,2765.8,0,0,0,0,0,0,0,0,0,0,4.729,0,0,0,0,0
73,272,10.47,36.433,2765.8,0,0,0,0,0,0,0,0,0,0,13.755,0,0,0,0,0
73,272,10.47,36.433,2765.8,0.0068538,0,0,0,0,0,0,0,0,0,0.072463,0,0,0,0,0
73,272,10.47,36.433,2765.8,0,0,0,0,0,0,1.7382,0,0,0,1.9775,0,0,0,0,0
73,272,10.47,36.433,2765.8,0.00524,0,0,0,0,0,0.13028,0,0,0,1.8818,0,0,0,0,0
73,272,10.47,36.433,2765.8,0.27667,0,0,0,0,0,0,0,0,0,0.072463,0,0,0,0,0
73,272,10.47,36.433,2765.8,0.006456,0,0,0,0,0,0,0,0,0,0.94482,0,0,0,0,0
73,272,10.47,36.433,2765.8,0,0,0,0.33591,0,1.4656,0,0,0,0,1.7395,0,0,0,0,0
73,272,10.47,36.433,2765.8,0,0,0,1.3691,0,0,0,0,0,0,0.072463,0,0,0,0,0
73,272,10.47,36.433,2765.8,0,0,0,0,0,0,0,0,0,0,10.89,0,0,0,0,0
73,272,10.47,36.433,2765.8,0.008333,0,0,0,0,0,0,0,0,1.1822,5.0665,0,0,0,0,0
73,272,10.47,36.433,2765.8,0.017867,0,0,0,0,0,0,0,0,0.39237,0.072463,0,0,0,0,0
73,272,10.47,36.433,2765.8,0,0,0,0,0,0,0,0,0,0,0.11545,0,0,0,0,0
73,272,10.47,36.433,2765.8,0,0,0,0.00524,0,0,0,0,0,0,8.9759,0,0,0,0,0
73,272,10.47,36.433,2765.8,0.096515,0,0,0,0,0,0.13028,0,0,4.212,0.072463,0,0,0,0,0
73,272,10.47,36.433,2765.8,2.4706,0,0,0.30419,0,0.79591,0,0,0,0,0.072463,0,0,0,0,0
73,272,10.47,36.433,2765.8,0.057399,0,0,0.01618,0,0.19371,0,0,0,0,0.82163,0,0,0,0,0
73,272,10.47,36.433,2765.8,0.25547,0,0,0.00524,0,0,30.39,0,0,0,3.0356,0,0,0,0,0
73,272,10.47,36.433,2765.8,0,0,0,0,0,0,0,0,0,0,0.072463,0,0,0,0,0
73,272,10.47,36.433,2765.8,0,0,0.137,0.007148,0,0,0.13028,0,0,0,0.072463,0,0,0,0,0
73,272,10.47,36.433,2765.8,0.003485,0,0,0,0,0.85571,0,0,0,0,9.2109,0,0,0,0,0
73,272,10.47,36.433,2765.8,0,0,0,0,0,0.010513,0.10863,26.48,0,0,0.072463,0,0,0,0,0
73,272,10.47,36.433,2765.8,13.836,0,0,0.000172,0,0,0,0,0,0,0.072463,0,0,0,0,0
73,272,10.47,36.433,2765.8,0,0,0,0,0,0.001434,0,0,0,0,0.072463,0,0,0,0,0
73,272,10.47,36.433,2765.8,0.49976,0,0,0,0,0.004345,0,0,0,0,16.683,0,0,0,0,0
73,272,10.47,36.433,2765.8,5.2625,0,0,1.2253,0,0,0.13028,0,0,0,0.072463,0,0,0,0,0
73,272,10.47,36.433,2765.8,0,0,0,2.2224,0,0,0,0,0,0,14.75,0,0,0,0,0
73,272,10.47,36.433,2765.8,0,0,0,0,0,0,0,0,0,1.261,0.12949,0,0,0,0,0
73,272,10.47,36.433,2765.8,0,0,0,0,0,0.21503,0,0,0,0,0.35299,0,0,0,0,0
73,272,10.47,36.433,2765.8,0,0,0,0,0,0,15.432,0,0,0,0.44185,0,0,0,0,0
73,272,10.47,36.433,2765.8,1.5956,0,0,0.18588,16.562,0,0,0,0,0,0.67805,0,0,0,0,0
73,272,10.47,36.433,2765.8,0,0,0,0,0,0,0,0,0,0,19.904,0,0,0,0,0
73,272,10.47,36.433,2765.8,0.0055919,0,0,0,0,0.00524,5.3525,0,0,1.5851,4.1401,0,0,0,0,0
73,272,10.47,36.433,2765.8,0.07157,0,0,0.046298,0,0,0,0,0,0,0.072463,0,0,0,0,0
73,272,10.47,36.433,2765.8,0.003173,0,0,0.008333,0,0.016666,0,0,0,0,0.51741,0,0,0,0,0
73,272,10.47,36.433,2765.8,0,0,0,0,0.007697,0,0,0,0,0,0.072463,0,0,0,0,0.091083
73,272,10.47,36.433,2765.8,0.00824,0,0,0,0,0.029094,0,0,0,0,0.21574,0,0,0,0,0
73,272,10.47,36.433,2765.8,8.0087,0,0,0,0,0,0,0,0,0,6.4921,0,0,0,0,0
73,272,10.47,36.433,2765.8,0.024086,0,0,0.00014,0,0.90217,0,0,0,0,0.072463,0,0,0,0,0
73,272,10.47,36.433,2765.8,0.011131,0,0,0,0,0,0,0,0,0,0.72803,0,0,0,0,0
73,272,10.47,36.433,2765.8,0.003346,0,0.27193,0,0,0,0,0,0,0,4.6719,0,0,0,0,0.091083
73,272,10.47,36.433,2765.8,2.8971,0,0,0.005239,3.203,0,0,0,0,5.6716,0.072463,0,0,0,0,0
73,272,10.47,36.433,2765.8,27.039,0,0,0,0,0,0,0,0,0,0.78303,0,0,0,0,0
73,272,10.47,36.433,2765.8,1.2045,0,0,0,0,0,0,0,0,0,0.072463,0,0,0,0,0
73,272,10.47,36.433,2765.8,0.093737,0,0,0.005239,0,0.55962,12.547,0,0,0,2.9953,0,0,0,0,0
73,272,10.47,36.433,2765.8,0.005239,0,0,0,0,0,0,0,0,0,3.6687,0,0,0,0,0
73,272,10.47,36.433,2765.8,0.016666,0,0,0,0,0,0.13028,0,0,0,0.072463,0,0,0,0,0
73,272,10.47,36.433,2765.8,0.32813,0,0,0,0.14727,0,0.008333,0,0,0,0.70288,0,0,0,0,0
73,272,10.47,36.433,2765.8,0,0,0,0,0,0.002011,0,0,0,0,2.6841,0,0,0,0,0
73,272,10.47,36.433,2765.8,0,0,0,4.1575,0,0.001397,0,0,0,0,0.24115,0,0,0,0,0
73,272,10.47,36.433,2765.8,0.10392,0,0,0,0,0,0,0,0,0,0.78885,0,0,0,0,0
73,272,10.47,36.433,2765.8,0.033619,0,0,0,0,0,0,0,0,0,0.27752,0,0,0,0,0
73,272,10.47,36.433,2765.8,32.783,0,0,0,0,0,0,0,0,0,2.1206,0,0,0,0,0
73,272,10.47,36.433,2765.8,0.0068538,0,0,0,0,0.79926,0.59876,0,0,0,1.1196,0,0,0,0,0
73,272,10.47,36.433,2765.8,0.0068531,0,0,0,0,0,0.13028,0,0,0,0.072463,0,0,0,0,0
73,272,10.47,36.433,2765.8,0.00524,0,0,0,0,0,0,0,0,0,1.9775,0,0,0,0,0
73,272,10.47,36.433,2765.8,0.82427,0,0,0,0,0,0,0,0,0,13.956,0,0,0,0,0
73,272,10.47,36.433,2765.8,13.999,0,0,0,0,0,0,0,0,0,1.0569,0,0,0,0,0
73,272,10.47,36.433,2765.8,0,0,0,0,0,0,0.13028,0,0,0,6.1561,0,0,0,0,0
73,272,10.47,36.433,2765.8,0,0,0,0.007148,0,0.001463,7.7093,0,0,0,0.072463,0,0,0,0,0
73,272,10.47,36.433,2765.8,0.48289,0,0,0,0,0,0,0,0,0.18355,0.072463,0,0,0,0,0
73,272,10.47,36.433,2765.8,0.033827,0,0,0,0,0,0.13028,0,0,0,2.1206,0,0,0,0,0
73,272,10.47,36.433,2765.8,2.1757,0,0,6.3498,0,0,0,0,0,0,5.955,0,0,0,0,0
73,272,10.47,36.433,2765.8,0,0,0,0,0,0,0,0,0,0,0.13649,0,0,0,0,0
73,272,10.47,36.433,2765.8,0.011569,0,0,0,0,0,0,0,0,0,5.1452,0,0,0,0,0
73,272,10.47,36.433,2765.8,0.000254,0,0.041773,0.002344,0,0,0.13028,0,0,0.91947,0.56072,0,0,0,0,0
73,272,10.47,36.433,2765.8,0.19151,0,0,0.00524,8.4038,0,0,0,0,0,1.6629,0,0,0,0,0
73,272,10.47,36.433,2765.8,1.3301,0,0,0,0,0,0,0,0,0,0.072463,0,0,0,0,0
73,272,10.47,36.433,2765.8,0.081766,0,0,0,0,0.8491,0,0,0,0,0.072463,0,0,0,0,0
73,272,10.47,36.433,2765.8,0.008333,0,0,0,0,0,0,0,0,0.44682,0.072463,0,0,0,0,0
73,272,10.47,36.433,2765.8,0.004345,0,0,0,0,0,0,0,0,0,2.3219,0,0,0,0,0
73,272,10.47,36.433,2765.8,0,0,0,0,0,0,0,0,0,0,1.2862,0,0,0,0,0
73,272,10.47,36.433,2765.8,0,0,0,0,0,0,0,0,0,0,12.205,0,0,0,0,0
73,272,10.47,36.433,2765.8,0.27667,0,0,6.9748,0,0,0,0,0,0,0.072463,0,0,0,0,0
73,272,10.47,36.433,2765.8,0.20337,0,0,0,0,0.013573,0,0,0,0,0.12913,0,0,0,0,0
73,272,10.47,36.433,2765.8,0,0,0,0,0,0,0,0,0,0,0.072463,0,0,0,0,0
73,272,10.47,36.433,2765.8,0,0,0,0,0,0,0,0,0,0,1.1389,0,0,0,0,0
73,272,10.47,36.433,2765.8,0.011369,0,0,0,0,0,0,0,0,0,0.072463,0,0,0,0,0
73,272,10.47,36.433,2765.8,0.010804,0,0,0,0.00524,0.79321,0,0,0,0,3.6491,0,0,0,0,0
73,272,10.47,36.433,2765.8,0.022631,0,0,0,0,0,0,0,0,8.0476,10.13,0,0,0,0,0
73,272,10.47,36.433,2765.8,0.046654,0,0,0,0,0.79321,0.40452,0,0,0,0.13302,0,0,0,0,0
73,272,10.47,36.433,2765.8,0.14452,0,0,0,0,0,0,0,0,0,0.13348,0,0,0,0,0
73,272,10.47,36.433,2765.8,32.783,0,0,0,0,0,0,0,0,0,0.16521,0,0,0,0,0
73,272,10.47,36.433,2765.8,0.005239,0,0,0,0,0,0,0,0,0,0.072463,0,0,0,0,0
73,272,10.47,36.433,2765.8,0.00524,0,0,0,0,0,0.13028,0,0,0,2.9142,0,0,0,0,0
73,272,10.47,36.433,2765.8,0.002344,0,0,0,0,0,0,0,0,0,1.7918,0,0,0,0,0
73,272,10.47,36.433,2765.8,0,0,0,0,0,0.83596,0,0,0,0,7.2745,0,0,0,0,0
73,272,10.47,36.433,2765.8,0.19823,0,0,0.00524,0,0,0,0,0,0,0.072463,0,0,0,0,0
73,272,10.47,36.433,2765.8,0.013572,0,0,0,0,0,0,0,0,0,0.086791,0,0,0,0,0
73,272,10.47,36.433,2765.8,0.16029,0,0,0.8834,0,0,5.6355,0,0,0,0.13198,0,0,0,0,0
73,272,10.47,36.433,2765.8,0,0,0,0,0,0.79502,0.60778,0,0,0,0.072463,0,0,0,0,0
73,272,10.47,36.433,2765.8,0.45297,0,0,0,0,0,0.13028,0,0,0,0.70288,0,0,0,0,0
73,272,10.47,36.433,2765.8,0.020568,0,0,0.71118,0,0,0,0,0,0,0.072463,0,0,0,0,0
73,272,10.47,36.433,2765.8,0,0,0,0,0,0,0,0,0,0,3.1286,0,0,0,0,0
73,272,10.47,36.433,2765.8,0,0,0,0,0,0,0,0,0,0,0.072463,0,0,0,0,0
73,272,10.47,36.433,2765.8,0.34658,0,0,0,0,0,0.059897,0,0,0,0.072463,0,0,0,0,0
73,272,10.47,36.433,2765.8,0,0,0,0,0,0,0,0,0,0,0.072463,0,0,0,0,0
73,272,10.47,36.433,2765.8,0.011627,0,0,0,0,0,0,0,0,0,2.9142,0,0,0,0,0
73,272,10.47,36.433,2765.8,0,0,0,0,0,0,0,0,0,0,0.072463,0,0,0,0,0
73,272,10.47,36.433,2765.8,0,0,0,0,0,0.79817,0,0,0,0,0.072463,0,0,0,0,0
73,272,10.47,36.433,2765.8,0.002031,0,0,0,0,0,0.13028,0,0,0,5.955,0,0,0,0,0
73,272,10.47,36.433,2765.8,0.00524,0,0,0,0,0.013573,0,0,0,0,0.17023,0,0,0,0,0
73,272,10.47,36.433,2765.8,0,0,0,0,0,0,0,0,0,0,0.072463,0,0,0,0,0
73,272,10.47,36.433,2765.8,0.3363,0,0,0,0,0.79926,0,0,0,8.0476,3.4986,0,0,0,0,0
73,272,10.47,36.433,2765.8,0.007328,0,0,0,0,0,0,0,0,1.0167,1.2862,0,0,0,0,0
73,272,10.47,36.433,2765.8,0.015186,0,0,0,0,0,0,0,0,5.7231,0.12949,0,0,0,0,0
73,272,10.47,36.433,2765.8,0,0,0,0,0,0,0,0,0,0,7.6006,0,0,0,0,0
73,272,10.47,36.433,2765.8,0.0071224,0,0,0,0,0,0,0,0,0,1.1286,0,0,0,0,0
73,272,10.47,36.433,2765.8,0.057399,0,0,0,0,0,0,0,0,0,0.072463,0,0,0,0,0
73,272,10.47,36.433,2765.8,6.6077,0,0,0,0,0,0,0,0,0,0.13786,0,0,0,0,0
73,272,10.47,36.433,2765.8,0.16674,0,0,0,0,0,0,0,0,0,16.683,0,0,0,0,0
73,272,10.47,36.433,2765.8,0.023656,0,0,0,0,1.8047,24.147,0,0,0,5.7349,0,0,0,0,0
73,272,10.47,36.433,2765.8,0,0,0,0,0,0.79321,0,0,0,0,35.011,0,0,0,0,0
73,272,10.47,36.433,2765.8,0.3363,0,0,0,0,0,0,0,0,0,0.072463,0,0,0,0,0
73,272,10.47,36.433,2765.8,0,0,0,0,0,0,0,0,0,0,0.24539,0,0,0,0,0
73,272,10.47,36.433,2765.8,0.001326,0,0,0,0,0.001267,0,0,0,0,0.072463,0,0,0,0,0
73,272,10.47,36.433,2765.8,0,0,0,0.26203,1.7214,0,0,0,0,1.7327,0.70288,0,0,0,0,0
73,272,10.47,36.433,2765.8,0.00014,0,0,4.595,0,0,0.059897,0,0,0,0.072463,0,0,0,0,0
73,272,10.47,36.433,2765.8,0.89283,0,0,0,0,0,0,0,0,0,0.072463,0,0,0,0,0.091083
73,272,10.47,36.433,2765.8,0,0,0,0,0,1.3611,0,0,0,0,0.072463,0,0,0,0,0
73,272,10.47,36.433,2765.8,34.541,0,0,0,0,0,0,0,0,0,1.1327,0,0,0,0,0
73,272,10.47,36.433,2765.8,0.041493,0,1.4684,0,0,0,0,0,0,0,2.4056,0,0,0,0,0
73,272,10.47,36.433,2765.8,0.078597,0,0,0,0,0,0,0,0,0,0.072463,0,0,0,0,0
73,272,10.47,36.433,2765.8,0,0,0,0,0,0.016668,0,0,0,0,4.0802,0,0,0,0,0
73,272,10.47,36.433,2765.8,0.014662,0,0,0,0,0,0,0,0,0,0.072463,0,0,0,0,0
73,272,10.47,36.433,2765.8,0.029669,0,0,0,0,0,0,0,0,0,0.24115,0,0,0,0,0
73,272,10.47,36.433,2765.8,0.008333,0,0,0.18089,0,0,0.13028,0,0,0,5.7025,0,0,0,0,0
73,272,10.47,36.433,2765.8,0.018811,0,0,0.49605,0,0,0.13028,0,0,0,1.0897,0,0,0,0,0
73,272,10.47,36.433,2765.8,1.0971,0,0,0,0,0,0.40452,0,0,0,12.052,0,0,0,0,0
73,272,10.47,36.433,2765.8,0.51874,0,0.35154,0,0,0,0,0,0,0,0.072463,0,0,0,0,0
73,272,10.47,36.433,2765.8,0,0,3.047,0.60253,0,0,0,0,0,0,0.072463,0,0,0,0,0
73,272,10.47,36.433,2765.8,0.008335,0,0,0,0,0,0,0,0,0,0.072463,0,0,0,0,0
73,272,10.47,36.433,2765.8,8.8035,0,0,0.60253,0,0,0.13028,0,0,0,0.072463,0,0,0,0,0
73,272,10.47,36.433,2765.8,0,0,0,0,0,0,0.13028,0,0,7.8617,3.6687,0,0,0,0,0
73,272,10.47,36.433,2765.8,0.003538,0,0,0,0,0,0,0,0,0,0.072463,0,0,0,0,0
73,272,10.47,36.433,2765.8,3.8562,0,0,0.00524,0,0,0.008333,0,0,0,0.072463,0,0,0,0,0
73,272,10.47,36.433,2765.8,0.008333,0,0,0,0,0.005239,0,0,0,3.4087,0.13302,0,0,0,0,0
73,272,10.47,36.433,2765.8,1.1024,0,0,0,0,0,0,0,0,0,0.13598,0,0,0,0,0
73,272,10.47,36.433,2765.8,0,0,0,0,0,4.6911,0,0,0,0,6.0336,0,0,0,0,0
73,272,10.47,36.433,2765.8,1.0526,0,0,0,0,0,0,0,0,0,4.3915,0,0,0,0,0
73,272,10.47,36.433,2765.8,1.0526,0,0,1.4008,0,0,0,0,0,0,0.1337,0,0,0,0,0
73,272,10.47,36.433,2765.8,0.010699,0,0,0,0,0,0,0,0,0,0.56072,0,0,0,0,0
73,272,10.47,36.433,2765.8,0,0,0,1.8767,0,0,0.13028,0,0,0,0.402,0,0,0,0,0
73,272,10.47,36.433,2765.8,0.10314,0,0,0,0,0,0,0,0,0,11.921,0,0,0,0,0
73,272,10.47,36.433,2765.8,0,0,0,0,0,0,0,0,0,0,0.24115,0,0,0,0,0
73,272,10.47,36.433,2765.8,0,0,0,0,0.010483,0,0.60778,0,0,0,14.511,0,0,0,0,0
73,272,10.47,36.433,2765.8,0.016668,0,0,0.47502,0,0,0.13028,0,0,0,0.13226,0,0,0,0,0
73,272,10.47,36.433,2765.8,1.8842,0,0,0.8834,0,10.069,0,0,0,0.14685,0.13056,0,0,0,0,0
73,272,10.47,36.433,2765.8,0,0,0,0,0,0,0,0,0,18.081,1.0897,0,0,0,0,0
73,272,10.47,36.433,2765.8,0.028378,0,0,0.067402,0,0,0.13028,0,0,0,3.5581,0,0,0,0,0
73,272,10.47,36.433,2765.8,0.07364,0,0,0,0,0,7.556,0,0,0,0.072463,0,0,0,0,0
73,272,10.47,36.433,2765.8,1.1717,0,0,0,0,0,0,0,0,1.1822,0.072463,0,0,0,0,0
73,272,10.47,36.433,2765.8,0.008587,0,1.6475,0,0,0,0,0,0,0,4.1702,0,0,0,0,0
73,272,10.47,36.433,2765.8,0.89283,0,20.966,0.10768,0,0,0,0,0,0,4.5096,0,0,0,0,0
73,272,10.47,36.433,2765.8,0.0067312,0,0,0,0,0,0,0,0,0,0.40718,0,0,0,0,0
73,272,10.47,36.433,2765.8,0.099157,0,0,0,0,0,0,0,0,0,33.184,0,0,0,0,0
73,272,10.47,36.433,2765.8,0.000254,0,0,0,0,0,0,0,0,0,29.357,0,0,0,0,0
73,272,10.47,36.433,2765.8,0.014045,0,0,0,0,0,0.13028,0,0,0.18355,7.5569,0,0,0,0,0
73,272,10.47,36.433,2765.8,0,0,0,0.011438,0,0,0,0,0,0,0.81487,0,0,0,0,1.2752
73,272,10.47,36.433,2765.8,0,0,0,0,0,0,0.59876,0,0,0,3.4535,0,0,0,0,0
73,272,10.47,36.433,2765.8,0.070183,0,0,0,0,0,0,0,0,3.4087,14.186,0,0,0,0,0
73,272,10.47,36.433,2765.8,0.016724,0,0,0,0,0,11.637,0,0,0,0.52366,0,0,0,0,0
73,272,10.47,36.433,2765.8,0,0,0,0.00524,0.013829,0,0,0,0,0,0.072463,0,0,0,0,0
73,272,10.47,36.433,2765.8,0.12441,0,0.66784,0,0,0,0,0,0,0,0.072463,0,0,0,0,0
73,272,10.47,36.433,2765.8,0.21064,0,0,0,0,0,0,0,0,0,3.7404,0,0,0,0,0
73,272,10.47,36.433,2765.8,0,0,0,0.002031,0,0,0,0,0,0,0.072463,0,0,0,0,0
73,272,10.47,36.433,2765.8,0.34658,0,0,0.0076281,0,0,0,0,0,0,0.16445,0,0,0,0,0
73,272,10.47,36.433,2765.8,0.41171,0,0,0,0,0,0,0,0,0,0.072463,0,0,0,0,0
73,272,10.47,36.433,2765.8,0,0,0,5.7384,0.003538,0,0,0,0,0,0.072463,0,0,0,0,0
73,272,10.47,36.433,2765.8,3.2644,0,0,0,0,0,0,0,0,0,4.0083,0,0,0,0,0
73,272,10.47,36.433,2765.8,0,0,0,0,0,0,35.101,0,0,0,0.072463,0,0,0,0,0
73,272,10.47,36.433,2765.8,0,0,0,0,0,0,0,0,0,0,25.166,0,0,0,0,0
73,272,10.47,36.433,2765.8,0.41875,0,0,0,0,0,0,0,0,0,0.13873,0,0,0,0,0
73,272,10.47,36.433,2765.8,0.62801,0,0,0,0,0,0,0,0,0,0.072463,0,0,0,0,0
73,272,10.47,36.433,2765.8,0,0,0,0,0,0,0,0,0,0,0.13124,0,0,0,0,0
73,272,10.47,36.433,2765.8,0.42108,0,0,0,0,0,10.054,0,0,0,2.9989,0,0,0,0,0
73,272,10.47,36.433,2765.8,0.24635,0,0,0.021586,0,0,0,0,0,0,0.13234,0,0,0,0,0
73,272,10.47,36.433,2765.8,0.008333,0,0,0,0,0,0.80873,0,0,0,9.3601,0,0,0,0,0
73,272,10.47,36.433,2765.8,0,0,0,0,0,0,0,0,0,0,0.78885,0,0,0,0,0
73,272,10.47,36.433,2765.8,0.031139,0,0,0.42506,0,0,0,0,0,0,0.94482,0,0,0,0,0
73,272,10.47,36.433,2765.8,0.008335,0,0,0,10.85,0,0,0,0,0,2.9142,0,0,0,0,0
73,272,10.47,36.433,2765.8,0,0,0,0,0,0,0,0,0,0.65812,1.0663,0,0,0,0,0
73,272,10.47,36.433,2765.8,6.6077,0,0,0,0,0,0,0,0,0,1.1196,0,0,0,0,0
73,272,10.47,36.433,2765.8,0,0,0,0.001669,0,0,0,0,0,0,28.754,0,0,0,0,0
73,272,10.47,36.433,2765.8,0.000716,0,0,0,0,0,0,0,0,0,0.072463,0,0,0,0,0
73,272,10.47,36.433,2765.8,20.062,0,0,0,0,0.0097,0,0,0,0,0.072463,0,0,0,0,0
73,272,10.47,36.433,2765.8,7.1348,0,0,0,0,0,0,0,0,0,0.48881,0,0,0,0,0
73,272,10.47,36.433,2765.8,0,0,0,0,0,0.000133,0,0,0,0,0.32655,0,0,0,0,0
73,272,10.47,36.433,2765.8,2.597,0,0,0,0,0,0,0,0,0,0.072463,0,0,0,0,0
73,272,10.47,36.433,2765.8,0.008335,0,0,0,0,0.79321,0,0,0,0,2.4191,0,0,0,0,0
73,272,10.47,36.433,2765.8,0.089863,0,0,0.00524,0,0,0,0,0,0,0.072463,0,0,0,0,0
73,272,10.47,36.433,2765.8,0.003468,0,0,0,0,0,0,0,0,0,0.5196,0,0,0,0,0
73,272,10.47,36.433,2765.8,0.008333,0,0,0,0,0,0,0,0,0,5.0665,0,0,0,0,0
73,272,10.47,36.433,2765.8,5.2625,0,0,0,0,0,0,0,0,0,0.94482,0,0,0,0,0
73,272,10.47,36.433,2765.8,0.07654,0,0,0,0,0,0,0,0,0,4.8911,0,0,0,0,0
73,272,10.47,36.433,2765.8,0,0,0,0,0,0,0.13028,0,0,0,1.5078,0,0,0,0,0
73,272,10.47,36.433,2765.8,0.015093,0,0,0.55882,0,0,0,0,0,0,20.534,0,0,0,0,0
73,272,10.47,36.433,2765.8,0,0,0,0,0.001434,0,23.847,0,0,0,0.072463,0,0,0,0,0
73,272,10.47,36.433,2765.8,0.008333,0,0,0.008333,0,0,0,0,0,0,0.072463,0,0,0,0,0
73,272,10.47,36.433,2765.8,0.0034765,0,0,0,0,0,1.7382,0,0,0,1.7269,0,0,0,0,0
73,272,10.47,36.433,2765.8,0.00021,0,0,0,0,0,0,0,0,0,0.086791,0,0,0,0,0
73,272,10.47,36.433,2765.8,1.0465,0,0,0,0,0.17283,15.25,0,0,0,0.072463,0,0,0,0,0
73,272,10.47,36.433,2765.8,0.008333,0,0,0,0,0,0,9.7819,0,1.164,0.072463,0,0,0,0,0
73,272,10.47,36.433,2765.8,0,0,0,0,3.1286,8.5672,0.13028,0,0,0,6.0336,0,0,0,0,0
73,272,10.47,36.433,2765.8,0.23042,0,0,16.103,0,0,0,0,0,0,0.13353,0,0,0,0,0
73,272,10.47,36.433,2765.8,0.021906,0,0,0,0,0,0,0,0,0,1.0181,0,0,0,0,0
73,272,10.47,36.433,2765.8,11.942,0,0,0,0,0,0.13028,0,0,0,12.052,0,0,0,0,0
73,272,10.47,36.433,2765.8,0,0,0,0,0,0,0,0,0,0,0.072463,0,0,0,0,0.5465
73,272,10.47,36.433,2765.8,0.008333,0,0,8.925,3.1286,0.79321,0,0,0,0,0.072463,0,0,0,0,0
73,272,10.47,36.433,2765.8,0.00524,0,0,0,0,0.003539,0,0,0,0,4.8911,0,0,0,0,0
73,272,10.47,36.433,2765.8,0.008333,0,0,0,0,0.002031,14.995,0,0,0,0.072463,0,0,0,0,0
73,272,10.47,36.433,2765.8,0.059062,0,0,0,0,0,0,0,0,0,14.511,0,0,0,0,0
73,272,10.47,36.433,2765.8,0.022631,0,0,0,0,0,0,0,0,0,0.52131,0,0,0,0,0
73,272,10.47,36.433,2765.8,0,0,0,0,0,0.000887,0,0,0,0,0.072463,0,0,0,0,0
73,272,10.47,36.433,2765.8,0.12441,0,0,0.055891,0,0,0,0,0,0,0.37335,0,0,0,0,0
73,272,10.47,36.433,2765.8,2.5374,0,0,0,0,0,0,0,0,0,29.357,0,0,0,0,0
73,272,10.47,36.433,2765.8,5.4745,0,0,0.00043,0,0,18.746,0,0,0,0.072463,0,0,0,0,0
73,272,10.47,36.433,2765.8,11.841,0,0,0,0,0,0.59876,0,0,0,2.9171,0,0,0,0,0
73,272,10.47,36.433,2765.8,0.23779,0,0,0,0,0,0,0,0,0,0.11545,0,0,0,0,1.2752
73,272,10.47,36.433,2765.8,0.63264,0,0,4.7118,0,0,0,0,0,0,1.1196,0,0,0,0,0
73,272,10.47,36.433,2765.8,0.010235,0,0,0,0,0,0,0,0,0,4.729,0,0,0,0,0
73,272,10.47,36.433,2765.8,0,0,0,0,0,0.85659,0,0,0,0,1.1039,0,0,0,0,0
73,272,10.47,36.433,2765.8,0.01272,0,0,0,0,0,0,0,0,0,0.37729,0,0,0,0,0
73,272,10.47,36.433,2765.8,0,0,0,0,0,0,0,0,0,0,0.15843,0,0,0,0,0
73,272,10.47,36.433,2765.8,0,0,0,0,0,0,0,0,0,0,12.122,0,0,0,0,0
73,272,10.47,36.433,2765.8,0.15897,0,0,0,0,0,0.67053,0,0,0,2.6841,0,0,0,0,0
73,272,10.47,36.433,2765.8,0.79972,0,0,0,0,0,0,0,0,0,0.15843,0,0,0,0,0
73,272,10.47,36.433,2765.8,0.0083355,0,0,0,1.3066,0,0.002308,0,0,0,0.62815,0,0,0,0,0
73,272,10.47,36.433,2765.8,0,0,0,0.00036,0,0.001326,0.093171,0,0,0,4.8911,0,0,0,0,0
73,272,10.47,36.433,2765.8,0.16674,0,0,0.000376,0,0,0,0,0,0,7.6519,0,0,0,0,0
73,272,10.47,36.433,2765.8,4.1132,0,0,0,0,0,0,0,0,0,9.002,0,0,0,0,0
73,272,10.47,36.433,2765.8,0.017176,0,0,0,0,0,0,0,0,10.481,0.91404,0,0,0,0,0
73,272,10.47,36.433,2765.8,0.42108,0,0,0,0,0,0,0,0,0,1.2679,0,0,0,0,0
73,272,10.47,36.433,2765.8,1.3009,0,0,0,0.80611,0,0.059897,0,0,0,0.14852,0,0,0,0,0
73,272,10.47,36.433,2765.8,0.060034,0,0,0,0,0,0,0,0,0,35.005,0,0,0,0,0
73,272,10.47,36.433,2765.8,0,0,0,0,0,0,0,0,0,0,0.88605,0,0,0,0,0
73,272,10.47,36.433,2765.8,0.035175,0,0,0,0,0,0,0,0,0,0.8268,0,0,0,0,0
73,272,10.47,36.433,2765.8,0,0,0,0,0,0.81858,0,0,0,0,0.98417,0,0,0,0,0
73,272,10.47,36.433,2765.8,0.028489,0,0,0,0,0,0,0,0,0,17.924,0,0,0,0,0
73,272,10.47,36.433,2765.8,0.031326,0,0,0.37344,0,0,0,0,0,0,0.64921,0,0,0,0,0
73,272,10.47,36.433,2765.8,0,0,0,0,0,0,0,0,0,0,0.47694,0,0,0,0,0
73,272,10.47,36.433,2765.8,0,0,0,0,0,0,0,0.0068531,0,0,0.51741,0,0,0,0,0
73,272,10.47,36.433,2765.8,0.008335,0,0,13.274,0,0,0,0,0,0,0.072463,0,0,0,0,0
73,272,10.47,36.433,2765.8,0.019543,0,0,0,0,0,18.465,0,0,0,4.3915,0,0,0,0,0
73,272,10.47,36.433,2765.8,0.000234,0,0,0,0,0,0,0,0,0,5.2662,0,0,0,0,0
73,272,10.47,36.433,2765.8,0.073418,0,0,0,0,0,0,0,0,8.5959,4.6719,0,0,0,0,0
73,272,10.47,36.433,2765.8,0.10024,0,0,0.005928,0,0,0,0,0,0,0.33767,0,0,0,0,0
73,272,10.47,36.433,2765.8,0.008333,0,0,0.020539,0,0,0,0,0,0,1.0569,0,0,0,0,0
73,272,10.47,36.433,2765.8,11.942,0,0,0.0082868,0,0,0,0,0,0,0.3625,0,0,0,0,0
73,272,10.47,36.433,2765.8,3.5888,0,0,0,0,0,0.13028,0,0,0,0.072463,0,0,0,0,0
73,272,10.47,36.433,2765.8,0.017176,0,0,0.008333,0,0,0,0,0,0,3.7404,0,0,0,0,0
73,272,10.47,36.433,2765.8,0,0,0,0,0,0,0,0,0,0,0.072463,0,0,0,0,0
73,272,10.47,36.433,2765.8,0.002068,0,0,0.00524,0,0,0,0,0,0,0.072463,0,0,0,0,0
73,272,10.47,36.433,2765.8,0,0,0,0,0,0,0,0,0,0,0.94482,0,0,0,0,0
73,272,10.47,36.433,2765.8,1.8473,0,0,0,0,0,0,0,0,0,7.1646,0,0,0,0,0
73,272,10.47,36.433,2765.8,0.59833,0,0,8.925,0,0,0,0,0,0,0.072463,0,0,0,0,0
73,272,10.47,36.433,2765.8,0.008333,0,0,0,0.006701,0,0,0,0,1.0834,0.37335,0,0,0,0,0
73,272,10.47,36.433,2765.8,0,0,0,0,0,0,0,0,0,0,0.072463,0,0,0,0,0
73,272,10.47,36.433,2765.8,0.010002,0,0,0,0,0.86102,0,0,0,0,0.072463,0,0,0,0,0
73,272,10.47,36.433,2765.8,0.04343,0,1.5673,1.7917,0,0,0,0,0,0,2.1063,0,0,0,0,0
73,272,10.47,36.433,2765.8,0,0,0,0.14006,0,0,0,0,0,0,0.072463,0,0,0,0,0
73,272,10.47,36.433,2765.8,0.008333,0,0,0,0.007148,0,0,0,0,0,5.5428,0,0,0,0,0
73,272,10.47,36.433,2765.8,0.80755,0,0,0,0,0,0,0,0,0,15.494,0,0,0,0,0
73,272,10.47,36.433,2765.8,27.039,0,0,2.4916,0,0,0,0,0,0,0.072463,0,0,0,0,0
73,272,10.47,36.433,2765.8,3.0601,0,0.007416,0,0,0,0,0,0,0,0.072463,0,0,0,0,0
73,272,10.47,36.433,2765.8,0,0,0,0,0,0,0,0,0,0.68445,0.072463,0,0,0,0,0
73,272,10.47,36.433,2765.8,0.003118,0,0,0,0.15581,0.034569,0,0,0,0,0.072463,0,0,0,0,0
73,272,10.47,36.433,2765.8,0.51874,0,0,0,0,0.9447,0,0,0,0,0.072463,0,0,0,0,0
73,272,10.47,36.433,2765.8,5.6517,0,0,0,0,0,0.10863,0,0,0,0.17276,0,0,0,0,0
73,272,10.47,36.433,2765.8,0,0,0,0,0,0,0,0,0,0,2.1563,0,0,0,0,0
73,272,10.47,36.433,2765.8,3.9401,0,0,0,0,0.83487,0,0,0,0,0.072463,0,0,0,0,0
73,272,10.47,36.433,2765.8,0.13948,0,0,0,0,0.003468,0,0,0,0,0.072463,0,0,0,0,0
73,272,10.47,36.433,2765.8,0.013285,0,0,0,0,0,0,0,0,0,0.086791,0,0,0,0,0
73,272,10.47,36.433,2765.8,0,0,0,0,0,0,0,0,0,0,31.829,0,0,0,0,0
73,272,10.47,36.433,2765.8,0.030564,0,0,0,0,0,0,0,0,0,8.2077,0,0,0,0,0
73,272,10.47,36.433,2765.8,0.61605,0,1.4684,0,0,0,0,0,0,0,7.8571,0,0,0,0,0
73,272,10.47,36.433,2765.8,0.006644,0,0.38651,0,0,0,28.892,0,0,0,1.7395,0,0,0,0,0
73,272,10.47,36.433,2765.8,0.035595,0,0,0,0,0,0,0,0,0,16.831,0,0,0,0,0
73,272,10.47,36.433,2765.8,0.012093,0,0,0,0,0,0.42744,0,0,0.72035,3.1948,0,0,0,0,0
73,272,10.47,36.433,2765.8,0.046654,0,0,0,0,0,0,0,0,0,0.072463,0,0,0,0,0
73,272,10.47,36.433,2765.8,0,0,0,2.8544,0,0,12.672,0,0,0,0.072463,0,0,0,0,0
73,272,10.47,36.433,2765.8,0.2861,0,0.041982,0,0,0,0,0,0,0,0.072463,0,0,0,0,0
73,272,10.47,36.433,2765.8,0,0,0,0,0,0,0.59876,0,0,0,1.2482,0,0,0,0,0
73,272,10.47,36.433,2765.8,3.3257,0,1.7219,0,0,0,0,0,0,0,4.0845,0,0,0,0,0
73,272,10.47,36.433,2765.8,14.236,0,0,1.0289,0,3.1882,0,0,0,0.76342,0.072463,0,0,0,0,0
73,272,10.47,36.433,2765.8,0,0,0,0,0.024956,0,0,0,0,1.2479,0.086791,0,0,0,0,0
73,272,10.47,36.433,2765.8,0.004345,0,0,0,0,0,0,0,0,0,1.2836,0,0,0,0,0
73,272,10.47,36.433,2765.8,0.008333,0,0,10.49,0,0,0,0,0,0,4.8911,0,0,0,0,0
73,272,10.47,36.433,2765.8,0.71409,0,0.04664,0,0,0,0,0,0,0,7.7869,0,0,0,0,0
73,272,10.47,36.433,2765.8,0.0072505,0,0,0,0,0,0,0,0,0,0.21574,0,0,0,0,0
73,272,10.47,36.433,2765.8,3.1501,0,0,0,0,0,0,0,0,0,0.13302,0,0,0,0,0
73,272,10.47,36.433,2765.8,5.6977,0,0,0,0,0,0.002308,0,0,0,0.072463,0,0,0,0,0
73,272,10.47,36.433,2765.8,0.10024,0,0,0,0,0,0,0,0,5.7109,2.6063,0,0,0,0,0
73,272,10.47,36.433,2765.8,0.098373,0,0,0,0,0,0,0,0,0,0.13054,0,0,0,0,0
73,272,10.47,36.433,2765.8,0.008335,0,0,0,0,0,0,0,0,0,4.2102,0,0,0,0,0
73,272,10.47,36.433,2765.8,0.00021,0,0,0,0,0,28.484,0,0,0,0.12949,0,0,0,0,0
73,272,10.47,36.433,2765.8,0,0,0,0.14006,0,0,0,0,0,0,1.1327,0,0,0,0,0
73,272,10.47,36.433,2765.8,0,0,0,0.33591,0,0.79591,0,0,0,0,6.1183,0,0,0,0,0
73,272,10.47,36.433,2765.8,0,0,0,0,0,0,0.10863,0,0,0,0.17677,0,0,0,0,0
73,272,10.47,36.433,2765.8,0.055763,0,0,0.003821,0,0,0.60778,0,0,0,3.4535,0,0,0,0,0
73,272,10.47,36.433,2765.8,0.00387,0,0,0,0,0,0,0,0,0,4.6719,0,0,0,0,0
73,272,10.47,36.433,2765.8,0.02418,0,0,0,0,0.79321,0.13028,0,0,0,2.1206,0,0,0,0,0
73,272,10.47,36.433,2765.8,0.003346,0,0,0,0,0.0062361,0,0,0,0,0.072463,0,0,0,0,0
73,272,10.47,36.433,2765.8,0.02418,0,0,0.81275,0,0,0,0,0,0,0.77377,0,0,0,0,0
73,272,10.47,36.433,2765.8,0.0021738,0,0,0,0,0,0,0,0,0,6.1183,0,0,0,0,0
73,272,10.47,36.433,2765.8,0.001669,0,0,0,0,0,0,0,0,0,0.12977,0,0,0,0,0
73,272,10.47,36.433,2765.8,2.1129,0,0,0.12491,0,0,0,0,0,0,0.072463,0,0,0,0,0
73,272,10.47,36.433,2765.8,0,0,0,0,0,0,0,0,0,0,0.072463,0,0,0,0,0
73,272,10.47,36.433,2765.8,0.018052,0,0,0,0,0,0,0,0,0.8932,0.072463,0,0,0,0,0.091083
73,272,10.47,36.433,2765.8,0.095794,0,0,0,0,0,0,0,0,0,0.072463,0,0,0,0,0
73,272,10.47,36.433,2765.8,0,0,0,0,0,0,0,0,0,0,0.072463,0,0,0,0,0
73,272,10.47,36.433,2765.8,0,0,0,0,0,0,0,0,0,0,5.0665,0,0,0,0,0
73,272,10.47,36.433,2765.8,0.00524,0,0,0,0,0,0,0,0,0,5.2094,0,0,0,0,0
73,272,10.47,36.433,2765.8,0.002344,0,0,0.58005,0,0,0,0,0,2.6253,0.072463,0,0,0,0,0
73,272,10.47,36.433,2765.8,1.4983,0,0,0,0,0,0,0,0,0,8.8741,0,0,0,0,0
73,272,10.47,36.433,2765.8,0.014773,0,0,0.013887,0,0,0,0,0,0,0.61033,0,0,0,0,0
73,272,10.47,36.433,2765.8,0,0,0,0,0,0,0,0,0,0,3.4936,0,0,0,0,0
73,272,10.47,36.433,2765.8,0.016666,0,0,0,0.014412,0,19.421,0,0,0,0.072463,0,0,0,0,0
73,272,10.47,36.433,2765.8,0,0,0,0,0,0,0,0,0,5.7231,0.58253,0,0,0,0,0
73,272,10.47,36.433,2765.8,0.001205,0,0,0,0,0,0,0,0,0,2.6841,0,0,0,0,0
73,272,10.47,36.433,2765.8,0,0,0,0,0,0,0,0,0,0,0.13394,0,0,0,0,0
73,272,10.47,36.433,2765.8,0,0,0,0,0,0,0.13028,0,0,0.056957,6.7175,0,0,0,0,0
73,272,10.47,36.433,2765.8,0,0,0,4.7118,0,0,0,0,0,0,0.072463,0,0,0,0,0
73,272,10.47,36.433,2765.8,0.014338,0.22051,0,0.00524,0,0.85659,0,0,0,0.39237,0.20142,0,0,0,0,0
73,272,10.47,36.433,2765.8,0.07364,0,0,0.002139,0,0,0,0,0,0,0.072463,0,0,0,0,0
73,272,10.47,36.433,2765.8,0.075794,0,0,2.9553,2.7358,0,0,0,0,0,9.9728,0,0,0,0,0
73,272,10.47,36.433,2765.8,0.0034765,0,0,0,0,0,0,0,0,0,0.64921,0,0,0,0,0
73,272,10.47,36.433,2765.8,0.035175,0,0,0,0,0,0,0,0,0,0.072463,0,0,0,0,0
73,272,10.47,36.433,2765.8,0.027974,0,0,0.015553,0,0,0.008333,0,0,0,0.072463,0,0,0,0,0
73,272,10.47,36.433,2765.8,0.00387,0,0,0.020539,1.6183,0,0,0,0,0,32.545,0,0,0,0,0
73,272,10.47,36.433,2765.8,0.14365,0,0.2013,25.52,0,0,0,0,0,0,0.35902,0,0,0,0,0
73,272,10.47,36.433,2765.8,0.014045,0,0,0.24489,0,0,0,0,0,0,0.072463,0,0,0,0,0
73,272,10.47,36.433,2765.8,14.236,0,0,0.0087665,0,0,0,0,0,0,0.13056,0,0,0,0,0
73,272,10.47,36.433,2765.8,0.73042,0,0,0.008333,0,0,0,0,0,0,0.072463,0,0,0,0,0
73,272,10.47,36.433,2765.8,0,0,0,0,0,0,0.59876,0,0,0,1.7329,0,0,0,0,0
73,272,10.47,36.433,2765.8,0,0,0,0,0,0,0,0,0,0,0.072463,0,0,0,0,0.91083
73,272,10.47,36.433,2765.8,0.011819,0,0,0,0,0,0,0,0,8.5959,0.10112,0,0,0,0,0
73,272,10.47,36.433,2765.8,0.003734,0,0,0,0,0,0,0,0,0,0.072463,0,0,0,0,0
73,272,10.47,36.433,2765.8,0,0,0.000507,0,0,0,0,0,0,0,0.072463,0,0,0,0,0
73,272,10.47,36.433,2765.8,0.085073,0,0,0,0,0,0,0,0,0,0.072463,0,0,0,0,0
73,272,10.47,36.433,2765.8,0.003485,0,0,0.086736,0,0,0,0,0,0,0.072463,0,0,0,0,0
73,272,10.47,36.433,2765.8,0,0,0,1.0674,0,0,0,0,0,0.55196,0.072463,0,0,0,0,0
73,272,10.47,36.433,2765.8,27.951,0,0,0.47502,0.019793,0,0,0,0,0,1.1244,0,0,0,0,0
73,272,10.47,36.433,2765.8,0.010107,0,0,0,0.001493,0,0,0,0,1.057,28.754,0,0,0,0,0
73,272,10.47,36.433,2765.8,0.1851,0,0,0,0,0,0,0,0,9.1202,12.052,0,0,0,0,0
73,272,10.47,36.433,2765.8,0.008333,0,0,0,0,0,5.6045,0,0,0,0.67805,0,0,0,0,0
73,272,10.47,36.433,2765.8,0.008333,0,0,0,0,0,0,0,0,0,0.67805,0,0,0,0,0
73,272,10.47,36.433,2765.8,0.096515,0,0,0,0,0,0.13028,0,0,0,0.072463,0,0,0,0,0
73,272,10.47,36.433,2765.8,0.16206,0,0,0,0,0,0,0,0,0,0.13302,0,0,0,0,0
73,272,10.47,36.433,2765.8,0.001669,0,0,0,0.20313,0.0066788,0,0,0,0,5.5792,0,0,0,0,0
73,272,10.47,36.433,2765.8,0.008333,0,0,0.00014,0,0,0,0,0,2.6253,0.072463,0,0,0,0,0
73,272,10.47,36.433,2765.8,0.13651,0,0,0.008333,0,0.00524,30.099,0,0,0,0.072463,0,0,0,0,0
73,272,10.47,36.433,2765.8,0.037248,0,0,0,0,0,0,0,0,0,9.38,0,0,0,0,0
73,272,10.47,36.433,2765.8,0,0,0,0,0,0,0.42744,0,0,0,0.072463,0,0,0,0,0
73,272,10.47,36.433,2765.8,0.011526,0,0,0,0,0,27.391,0,0,0,0.072463,0,0,0,0,0
73,272,10.47,36.433,2765.8,0.085073,0,0,0,0,0,6.9489,0,0,10.481,0.072463,0,0,0,0,0
73,272,10.47,36.433,2765.8,0,0,0,0,0,0,0,0,0,0,1.7269,0,0,0,0,0
73,272,10.47,36.433,2765.8,33.192,0,0,0,0,0,0.13028,0,0,0,0.072463,0,0,0,0,0
73,272,10.47,36.433,2765.8,0.14797,0,0,0,0,0,24.831,0,0,0,6.7175,0,0,0,0,0
73,272,10.47,36.433,2765.8,0.02311,0,0,0,0,0,0,0,0,0,0.072463,0,0,0,0,0
73,272,10.47,36.433,2765.8,0,0,0,0,0.87327,0,0,0,0,0,0.70288,0,0,0,0,0
73,272,10.47,36.433,2765.8,0.008333,0,0,0.00524,0,0,0,0,0,0,0.072463,0,0,0,0,0
73,272,10.47,36.433,2765.8,0.71409,0,0,0.2645,0,0,0.13028,0,0,0.44682,0.072463,0,0,0,0,0
73,272,10.47,36.433,2765.8,0.008333,0.034866,0,0,0,0.003173,0,0,0,0,27.869,0,0,0,0,0
73,272,10.47,36.433,2765.8,0.2089,0,0.18214,0.45592,0,0,0.40452,0,0,0,0.072463,0,0,0,0,0
73,272,10.47,36.433,2765.8,0.98059,0,0,0,0,0.79817,0,0,0,3.8737,0.13198,0,0,0,0,0
73,272,10.47,36.433,2765.8,0,0,0,0,0,0,0,0,0,0,0.13394,0,0,0,0,0
73,272,10.47,36.433,2765.8,0,0,0,0,0,0,0,0,0,0,0.072463,0,0,0,0,0
73,272,10.47,36.433,2765.8,0.59833,0,0,0.00524,0,0,0,0,0,0,0.072463,0,0,0,0,0
73,272,10.47,36.433,2765.8,0.019391,0,0,0,0,0,0,0,0,0,5.1015,0,0,0,0,0
73,272,10.47,36.433,2765.8,0,0,0,0,0,0,0,0,0,0,1.0611,0,0,0,0,0
73,272,10.47,36.433,2765.8,0.0067817,0,0,0.024832,0,0,0,0,0,0,7.8571,0,0,0,0,0
73,272,10.47,36.433,2765.8,0,0,0,0,0,0,18.387,0,0,0,3.9998,0,0,0,0,0
73,272,10.47,36.433,2765.8,0.013575,0,0,0,0,0.00524,0,0,0,1.0834,0.072463,0,0,0,0,0
73,272,10.47,36.433,2765.8,0,0.008333,0,0,0,0,0,0,0,0,18.07,0,0,0,0,0
73,272,10.47,36.433,2765.8,8.818,0,0,0,0,0.21503,0,0,0,0,9.2109,0,0,0,0,0
73,272,10.47,36.433,2765.8,0,0,0,0,0,0,0,0,0,0,0.072463,0,0,0,0,0
73,272,10.47,36.433,2765.8,0,0,0,0,0,0,0,0,0,0,0.072463,0,0,0,0,0
73,272,10.47,36.433,2765.8,0.003538,0,0,0,0.38599,0.79321,0,0,0,1.057,0.56339,0,0,0,0,0
73,272,10.47,36.433,2765.8,0.00524,0,0,0,0,0,0,0,0,0,0.072463,0,0,0,0,0
73,272,10.47,36.433,2765.8,0,0,0,0,0,0.10028,0,0,0,0,2.2216,0,0,0,0,0
73,272,10.47,36.433,2765.8,1.0337,0,0,0.007697,0,0,0,0,0,0,29.357,0,0,0,0,0
73,272,10.47,36.433,2765.8,0.0059258,0,0,0.008333,0.00524,0.047757,0,0,0,0,4.9522,0,0,0,0,0
73,272,10.47,36.433,2765.8,0,0,0,0.21793,0,0,0.59876,0,0,2.6253,0.072463,0,0,0,0,0
73,272,10.47,36.433,2765.8,0.00524,0,0,0,0,0,0,0,0,0,2.7374,0,0,0,0,0
73,272,10.47,36.433,2765.8,0.79972,0,0,0.00524,0,0,0.13028,0,0,0,6.7491,0,0,0,0,0
73,272,10.47,36.433,2765.8,0,0,0,0,0,0,0,0,0,0,0.58253,0,0,0,0,0
73,272,10.47,36.433,2765.8,17.857,0,0,0.0083405,0,0.86102,0,0,0,0,0.072463,0,0,0,0,0
73,272,10.47,36.433,2765.8,0.047741,0,0,0,0,0,0,0,0,0,9.3601,0,0,0,0,0
73,272,10.47,36.433,2765.8,0,0,0,0.058428,0,0,0,0,0,0,0.58253,0,0,0,0,0
73,272,10.47,36.433,2765.8,5.4745,0,0,0.00043,0,0,0,0,0,0,0.13302,0,0,0,0,0
73,272,10.47,36.433,2765.8,0,0,0,0.00644,0.00524,0,0,0,0,0,5.955,0,0,0,0,0
73,272,10.47,36.433,2765.8,0.21492,0,0,0,0.65312,0,29.213,0,0,0,1.1451,0,0,0,0,1.2752
73,272,10.47,36.433,2765.8,0.000234,0,0,8.1748,0,0,0,0,0,1.2479,0.24115,0,0,0,0,0
73,272,10.47,36.433,2765.8,0.013573,0,0,0,0,0,14.058,0,0,0,0.37335,0,0,0,0,0
73,272,10.47,36.433,2765.8,0.099157,0,0,0,0,2.1018,0,0,0,0,0.072463,0,0,0,0,0
73,272,10.47,36.433,2765.8,0.014229,0,0,0,0,0,0,0,0,0,7.9797,0,0,0,0,0
73,272,10.47,36.433,2765.8,0,0,0,0,0,0,0,0,0,0,0.072463,0,0,0,0,0
73,272,10.47,36.433,2765.8,0,0,0,0,0,0,0,0,0,0,0.41633,0,0,0,0,0
73,272,10.47,36.433,2765.8,0.12939,0,0,0,0,0,0,0,0,0,0.11545,0,0,0,0,0
73,272,10.47,36.433,2765.8,1.022,0,0,0,0,0,0,0,0,0,0.12949,0,0,0,0,0
73,272,10.47,36.433,2765.8,0.015186,0,0,0,0,0,10.054,0,0,0,0.94645,0,0,0,0,0
73,272,10.47,36.433,2765.8,2.6264,0,0,0.0087665,0.002011,0,2.4695,0,0,0,0.78303,0,0,0,0,0
73,272,10.47,36.433,2765.8,0.00829,0,0,0,0,0,0.13028,0,0,0,0.072463,0,0,0,0,0
73,272,10.47,36.433,2765.8,11.129,0,0,0,0,0,0,0,0,0,0.072463,0,0,0,0,0
73,272,10.47,36.433,2765.8,0.003485,0,0,0,0,4.5986,0,0,0,0,5.0082,0,0,0,0,0
73,272,10.47,36.433,2765.8,0.073391,0,0,0,0,0,0.60778,0,0,0,0.11545,0,0,0,0,0
73,272,10.47,36.433,2765.8,0.19741,0,0,0.001292,0,0,0,0,0,0,4.9522,0,0,0,0,0
73,272,10.47,36.433,2765.8,0.00062,0,0,0,0,0.003346,0,0,0,0,6.1183,0,0,0,0,0
73,272,10.47,36.433,2765.8,0.001493,0,0,0,0,0,0,0,0,0,0.13854,0,0,0,0,0
73,272,10.47,36.433,2765.8,0.015329,0,0,0,0,0,0,0,0,0,0.072463,0,0,0,0,0
73,272,10.47,36.433,2765.8,0.008333,0,0,1.0674,0,0,0,0,0,1.5851,0.072463,0,0,0,0,0
73,272,10.47,36.433,2765.8,0.008333,0,0,0.008333,0,0,0.13028,0,0,0,0.072463,0,0,0,0,0
73,272,10.47,36.433,2765.8,0.0079813,0,0,0,0.51137,0,0,0,0,0,0.072463,0,0,0,0,0
73,272,10.47,36.433,2765.8,0.010479,0,0,0.68805,0,0,0,0,0,0,0.072463,0,0,0,0,0
73,272,10.47,36.433,2765.8,0,0,0,0,0,0,14.172,0,0,0,0.13302,0,0,0,0,0
73,272,10.47,36.433,2765.8,0.061305,0,0,0,0,0,0,0,0,0,0.37335,0,0,0,0,0
73,272,10.47,36.433,2765.8,0.060034,0,0,0,0,0,0,0,0,0,0.44185,0,0,0,0,0
73,272,10.47,36.433,2765.8,0,0,0,0,0,0,0,0,0,0,0.13615,0,0,0,0,0
73,272,10.47,36.433,2765.8,0.008333,0,0.73745,0,0,0,0.093171,0,0,0,2.1592,0,0,0,0,0
73,272,10.47,36.433,2765.8,0,0,0.3812,0,0,0,0,0,0,0,0.134,0,0,0,0,0
73,272,10.47,36.433,2765.8,0.012198,0,0,0,0.002868,0.047757,0,0,0,0,3.6257,0,0,0,0,0
73,272,10.47,36.433,2765.8,0.03517,0,0,0,0,0,0,0,0,0,0.64921,0,0,0,0,0
73,272,10.47,36.433,2765.8,0.10979,0,0,0,0,0.79591,0.10863,0,0,0,0.13353,0,0,0,0,0
73,272,10.47,36.433,2765.8,0,0,0,0.061064,0.02057,0.8482,0,0,0,0,29.357,0,0,0,0,0
73,272,10.47,36.433,2765.8,0.02311,0,0,0,0,0,18.387,0,0,0,2.5252,0,0,0,0,0
73,272,10.47,36.433,2765.8,0.022631,0,0,0.0057794,0,0.79321,0,0,0,1.5851,0.13054,0,0,0,0,0
73,272,10.47,36.433,2765.8,0.003734,0,0,0,0,0,0,0,0,0,7.3168,0,0,0,0,0
73,272,10.47,36.433,2765.8,0.73042,0,0,0,0,0,0,0,0,0,1.3043,0,0,0,0,0
73,272,10.47,36.433,2765.8,0.23779,0,0,0,0,0,0,0,0,0,0.14852,0,0,0,0,0
73,272,10.47,36.433,2765.8,0.0024845,0,0,0,0,0,0,0,0,0,0.37531,0,0,0,0,0
73,272,10.47,36.433,2765.8,0,0,0,0,0,0,0,0,0,0,0.072463,0,0,0,0,0
73,272,10.47,36.433,2765.8,19.288,0,0,0,0,0,0,0,0,0,0.37335,0,0,0,0,0
73,272,10.47,36.433,2765.8,0.005714,0,0,24.485,0.0041235,0.000887,0,0,0,0,0.072463,0,0,0,0,0
73,272,10.47,36.433,2765.8,0,0,0,0.99138,0.008333,0,0,0,0,0,0.072463,0,0,0,0,0
73,272,10.47,36.433,2765.8,0.20337,0,0,0,4.0882,0,0,0,0,0,5.2094,0,0,0,0,0
73,272,10.47,36.433,2765.8,0.15897,0,0,0,0,0,0.13028,0,0,0.4212,0.14852,0,0,0,0,0
73,272,10.47,36.433,2765.8,0,0,0,0,0,0,25.566,0,0,0,2.3459,0,0,0,0,0
73,272,10.47,36.433,2765.8,0.017561,0,0.003101,0,0,0,0,0,0,0,0.072463,0,0,0,0,0
73,272,10.47,36.433,2765.8,2.1757,0,0,0,0,0,26.613,0,0,0,0.072463,0,0,0,0,0
73,272,10.47,36.433,2765.8,0.008333,0,0,0,0,0,0.10863,0,0,0,4.1702,0,0,0,0,0
73,272,10.47,36.433,2765.8,0.028317,0,0,1.8767,0,0,0.13028,0,0,0,21.049,0,0,0,0,0
73,272,10.47,36.433,2765.8,0.008333,0,0,0,0,0,0,0,0,0,3.1177,0,0,0,0,0
73,272,10.47,36.433,2765.8,0.01175,0,0,0,0,0,0,0,0,0,4.2991,0,0,0,0,0
73,272,10.47,36.433,2765.8,0.0009755,0,0,0.24489,0,0,0,0,0,0,11.921,0,0,0,0,0
73,272,10.47,36.433,2765.8,0.0058918,0,0,0,0,0,10.227,0,0,0,0.94042,0,0,0,0,0
73,272,10.47,36.433,2765.8,2.2391,0,0,0,0,0.00036,0.002308,0,0,0,31.829,0,0,0,0,0
73,272,10.47,36.433,2765.8,0.0024845,0,0,13.869,0,0,0,0,0,0,0.072463,0,0,0,0,0
73,272,10.47,36.433,2765.8,0.008333,0,0,0,0,0,0.13028,0,0,1.1822,17.634,0,0,0,0,0
73,272,10.47,36.433,2765.8,2.9202,0,0,0.45356,0,0,0,0,0,0,0.072463,0,0,0,0,0
73,272,10.47,36.433,2765.8,0,0,0,0,0.0060235,0,0,0,0,5.7109,1.0543,0,0,0,0,0
73,272,10.47,36.433,2765.8,0.008333,0,0,0.0082868,0,0,4.1134,0,0,0,0.76276,0,0,0,0,0
73,272,10.47,36.433,2765.8,0.014948,0,0,0,0,0,0,0,0,0,0.072463,0,0,0,0,0
73,272,10.47,36.433,2765.8,0.012953,0,0,0,0,0,0,0,0,0,7.9623,0,0,0,0,0
73,272,10.47,36.433,2765.8,1.7297,0,0,6.2288,0.0097104,0,0,0,0,0,0.15504,0,0,0,0,0
73,272,10.47,36.433,2765.8,0.013573,0,0,0,0,0,0,0,0,0,0.9086,0,0,0,0,0
73,272,10.47,36.433,2765.8,0.0087785,0,6.0139,1.2368,0,0,0,0,0,0,0.072463,0,0,0,0,0
73,272,10.47,36.433,2765.8,0,0,0,0,0,0,0,0,0,0,0.072463,0,0,0,0,0
73,272,10.47,36.433,2765.8,0.008333,0,0,0,0,0,0,0,0,0,0.072463,0,0,0,0,0
73,272,10.47,36.433,2765.8,0.0024845,0,0,0,2.3599,0,0,0,0,0,8.8741,0,0,0,0,0
73,272,10.47,36.433,2765.8,0.015988,0,0,0,0,0,0.002308,0,0,0,0.072463,0,0,0,0,0
73,272,10.47,36.433,2765.8,0.078597,0,0,0,0,0,0,0,0,0,0.072463,0,0,0,0,0
73,272,10.47,36.433,2765.8,0.001434,0,0,0,0,0.0069482,0,0.34326,0,0,0.072463,0,0,0,0,0
73,272,10.47,36.433,2765.8,0.26453,0,0,0,0,0,0,0,0,0,1.3227,0,0,0,0,0
73,272,10.47,36.433,2765.8,0.0062716,0,0,0,0,0,0,0,0,0,0.072463,0,0,0,0,0
73,272,10.47,36.433,2765.8,0,0,0,0,0,0,0,0,0,0,0.072463,0,0,0,0,0
73,272,10.47,36.433,2765.8,0,0,0,0,0,0,0,0,0,0,3.1286,0,0,0,0,0
73,272,10.47,36.433,2765.8,0,0,0,0,0,0,0,0,0,0,4.8317,0,0,0,0,0
73,272,10.47,36.433,2765.8,0,0,0,0,0,0,0.13028,0,0,0,0.072463,0,0,0,0,0
73,272,10.47,36.433,2765.8,0.49976,0,0,0,0,0,1.7382,0,0,0,1.5411,0,0,0,0,0
73,272,10.47,36.433,2765.8,0.21064,0,0,0,0,0.10416,0,0,0,0.76342,0.072463,0,0,0,0,0
73,272,10.47,36.433,2765.8,0,0,0,0.008333,0,0,0,0,0,0,0.072463,0,0,0,0,0
73,272,10.47,36.433,2765.8,5.0722,0,0,0,0,0,0,0,0,0,4.8911,0,0,0,0,0
73,272,10.47,36.433,2765.8,8.8035,0,0,0,0.000251,0,0,0,0,0,2.9171,0,0,0,0,0
73,272,10.47,36.433,2765.8,19,0,0,0,0,0,0.13028,0,0,0,0.086791,0,0,0,0,0
73,272,10.47,36.433,2765.8,3.4321,0,0,0,0,0,0,0,0,0,0.67805,0,0,0,0,0
73,272,10.47,36.433,2765.8,1.5082,0,0,0,0,0,0,0,0,0,0.77377,0,0,0,0,0
73,272,10.47,36.433,2765.8,0.012093,0,0,0,0,0,0.13028,0,0,0.73557,0.072463,0,0,0,0,0
73,272,10.47,36.433,2765.8,0,0,0,0,3.2843,7.7207,0,0,0,0,0.14008,0,0,0,0,0
73,272,10.47,36.433,2765.8,0.016724,0,0,0,0,0,0,0,0,0,0.072463,0,0,0,0,0
73,272,10.47,36.433,2765.8,0,0,0,0,0,0,0,0,0,0,5.2088,0,0,0,0,0
73,272,10.47,36.433,2765.8,0.008333,0,0,0.60253,0,0,0.021726,0,0,10.481,2.3013,0,0,0,0,0
73,272,10.47,36.433,2765.8,0.008333,0,0,24.485,0,0,0.13028,0,0,0,0.14411,0,0,0,0,0
73,272,10.47,36.433,2765.8,0.29308,0,0,0.024832,0,0,0.13028,0,0,0,0.37531,0,0,0,0,0
73,272,10.47,36.433,2765.8,0.003118,0,0,0,0,0,0.67053,0,0,1.5851,0.24539,0,0,0,0,0
73,272,10.47,36.433,2765.8,0.016666,0,0,0,0,0,0,0,0,0,0.072463,0,0,0,0,0
73,272,10.47,36.433,2765.8,0.0083792,0,0,0,0,0.80471,0,0,0,0,0.12949,0,0,0,0,0
73,272,10.47,36.433,2765.8,0.027296,0,0,0,0,0,6.0541,0,0,0,1.8818,0,0,0,0,0
73,272,10.47,36.433,2765.8,0,0,0,0,0,0,0,0,0,0,1.8818,0,0,0,0,0
73,272,10.47,36.433,2765.8,4.741,0,0,0,0,0,0,0,0,0,0.21272,0,0,0,0,0
73,272,10.47,36.433,2765.8,0,0,0,0,0,0.00524,0,0,0,0,0.14411,0,0,0,0,0
73,272,10.47,36.433,2765.8,0.052552,0,0,0,0,0.79321,0,0,0,0,5.955,0,0,0,0,0
73,272,10.47,36.433,2765.8,0,0,0,0.09603,0,0,0,0,0,0,7.5422,0,0,0,0,0
73,272,10.47,36.433,2765.8,0,0,0,0,0,5.9727,0,0,0,0,3.9028,0,0,0,0,0
73,272,10.47,36.433,2765.8,0.011015,0,0,0,0,0,0,0,0,0,0.072463,0,0,0,0,0
73,272,10.47,36.433,2765.8,0.008333,0,0,0,0,0,0,0,0,0,0.12844,0,0,0,0,0
73,272,10.47,36.433,2765.8,0,0,0,0,0,0,0.10863,0,0,0,1.0181,0,0,0,0,0
73,272,10.47,36.433,2765.8,0,0,0,0.29514,0,0,0,0,0,0,0.072463,0,0,0,0,0
73,272,10.47,36.433,2765.8,0.0067312,0,0,0,0,0,17.095,0,0,0,0.64921,0,0,0,0,0
74,273,1.07,413.61,31399,0.24153,0,0,0,4.7954,0,0,0,0,5.7231,0.072463,0,0,0,0,0
74,273,1.07,413.61,31399,0.07157,0,0,0,0.00524,0,0,0,0,1.7864,1.6272,0,0,0,0,0
74,273,1.07,413.61,31399,0.00315,0,0,0.14726,1.082,0.003346,0,0,0,0,0.072463,0,0,0,0,0
74,273,1.07,413.61,31399,0,0,0,0.18911,0,0,0,0,0,0,0.072463,0,0,0,0,0
74,273,1.07,413.61,31399,7.1486,0,0,0,0,0,0,0,0,0,1.3227,0,0,0,0,0
74,273,1.07,413.61,31399,0.73042,0,0,0,0,0.17283,27.37,0,0,0,5.7349,0,0,0,0,0
74,273,1.07,413.61,31399,0,0,0,0,0,0,0,0,0,0,7.9974,0,0,0,0,0
74,273,1.07,413.61,31399,0,0,3.4825,0.008333,0,0,18.746,0,0,0,25.046,0,0,0,0,0
74,273,1.07,413.61,31399,5.3289,0,0,1.6745,1.3677,0.00524,0,0,0,0,3.4032,0,0,0,0,0
74,273,1.07,413.61,31399,0.01698,0,0,0,0,12.374,0,0,0,1.0834,0.072463,0,0,0,0,0
74,273,1.07,413.61,31399,0,0,0,0,0,0,0,0,0,0,0.072463,0,0,0,0,0
74,273,1.07,413.61,31399,0.25711,0,0,0,0,0,0,0,0,0,0.82163,0,0,0,0,0
74,273,1.07,413.61,31399,0.057399,0,0,0,0,0,0,0,0,0,14.185,0,0,0,0,14.476
74,273,1.07,413.61,31399,34.541,0,0.44492,0.00524,0,0,3.0021,0,0,0,0.072463,0,0,0,0,0
74,273,1.07,413.61,31399,0.27667,0,0,0,0,0,0,0,0,0,0.072463,0,0,0,0,0
74,273,1.07,413.61,31399,0,0,0,0,0,0,0.008333,0,0,0,0.072463,0,0,0,0,0
74,273,1.07,413.61,31399,46.374,0,0,0,0,0,0,0,0,0,0.072463,0,0,0,0,0
74,273,1.07,413.61,31399,0.087612,0,0,0.82696,0,0,0.13028,0,0,0,9.38,0,0,0,0,0
74,273,1.07,413.61,31399,27.497,0,0,0,0,138.38,0,0,0,21.917,3.5283,0,0,0,0,0
74,273,1.07,413.61,31399,0.06877,0,0,0.63056,0,0,0,0,0,0,0.086791,0,0,0,0,0
74,273,1.07,413.61,31399,0.001669,0,0,0,0,0,0,0,0,0,0.072463,0,0,0,0,0
74,273,1.07,413.61,31399,0,0,0,0,0.021632,0,0,0,0,0,5.101,0,0,0,66.935,0
74,273,1.07,413.61,31399,0.0034765,0,0,0,0,0,0,0,0,0,0.072463,0,0,0,0,0
74,273,1.07,413.61,31399,3.3257,0,0,1.0054,0,0,0,0,0,0,0.072463,0,0,0,0,0
74,273,1.07,413.61,31399,0,0,0,0,0,0,0,0,0,0,1.0543,0,0,0,0,0
74,273,1.07,413.61,31399,0.019543,0,0,0,0.002031,0,0,0.004134,0,1.1822,0.50053,0,0,0,0,0
74,273,1.07,413.61,31399,0.011131,0,0,0,0,0,0,0,0,0,5.7025,0,0,0,0,0
74,273,1.07,413.61,31399,3.0601,0,0,0,0,0,0,0,0,0,0.072463,0,0,0,0,0
74,273,1.07,413.61,31399,3.4838,0,0,0,0,0.0065605,150.43,0,0,0,58.962,0,0,0,0,0
74,273,1.07,413.61,31399,0.047045,0,0,0,0,0,0,0,0,5.7109,1.2954,0,0,0,0,0
74,273,1.07,413.61,31399,0.11315,0,0,0.00833,0,0,0,0,0,0,0.13302,0,0,0,0,0
74,273,1.07,413.61,31399,0.91028,0,0,0.0083675,0,0,0,0,0,0,0.072463,0,0,0,0,0
74,273,1.07,413.61,31399,0.012524,0,0,0,0,0,0,0,0,0,5.8934,0,0,0,0,0
74,273,1.07,413.61,31399,0,0,0,0,0,0,0,0,0,0,0.88276,0,0,0,0,0
74,273,1.07,413.61,31399,0.075794,0,0,0.033062,0,0,0.13028,0,0,0,7.6519,0,0,0,0,0
74,273,1.07,413.61,31399,0.073418,0,0,0,0,0,0.13028,0,0,0,0.15843,0,0,0,0,0
74,273,1.07,413.61,31399,0.00247,0,0,0,0,0,0.13028,0,0,0,5.2552,0,0,0,0,14.476
74,273,1.07,413.61,31399,0.12623,0,0,0,0,0,52.042,0,0,0,0.072463,0,0,0,0,0
74,273,1.07,413.61,31399,338.53,0,0,0,0.00014,0,0,0,0,0.44682,0.072463,0,0,0,0,0
74,273,1.07,413.61,31399,0.007697,0,0,0,0,0,0,0,0,0,0.072463,0,0,0,0,0
74,273,1.07,413.61,31399,0,0,0,2.8133,0,3.4113,0,0,0,1.9819,0.072463,0,0,0,0,0
74,273,1.07,413.61,31399,0.94326,0,2.1707,0,0.088175,0.80058,1.4676,0,0,0,7.5569,0,0,0,0,0
74,273,1.07,413.61,31399,0.002195,0,0,0,0,0,111.37,0,0,0,8.2778,0,0,0,0,0
74,273,1.07,413.61,31399,0,0,0,0,0,0,14.172,0,0,0,1.3043,0,0,0,0,0
74,273,1.07,413.61,31399,1.8842,0,0,0,0,0,31.923,0,0,0,0.072463,0,0,0,0,0
74,273,1.07,413.61,31399,0.34502,0,0,12.163,0,0,5.8482,0,0,0,0.072463,0,0,0,1.8831,0
74,273,1.07,413.61,31399,0.59281,0,0,0,0,3.1882,0,0,0,0,0.072463,0,0,0,0,0
74,273,1.07,413.61,31399,7.327,0,0,0,0,0,0,0,0,0,0.072463,0,0,0,0,0
74,273,1.07,413.61,31399,5.2625,0,0,0,0,0,0,0,0,0,1.2954,0,0,0,0,0
74,273,1.07,413.61,31399,0.3004,0,0,0,0.007697,0,12.951,0,0,0,1.2954,0,0,0,0,0
74,273,1.07,413.61,31399,0,0,0,0.000307,0,0,0,0,0,0,0.072463,0,0,0,0,0
74,273,1.07,413.61,31399,0.25711,0,0,0,0.008333,0,0,0,0,0,0.072463,0,0,0,0,0
74,273,1.07,413.61,31399,0,0,0,0,0,0,0,0,0,0,0.17677,0,0,0,0,0
74,273,1.07,413.61,31399,0.013573,0,0,0,0,0.21503,0,0,0,0,0.134,0,0,0,0,0
74,273,1.07,413.61,31399,0,0,0,0,0,0,0,0,0,0,83.699,0,0,0,0,0
74,273,1.07,413.61,31399,0.00524,0,2.9673,0,1.1431,0,0,0,0,0,0.072463,0,0,0,0,0
74,273,1.07,413.61,31399,0.023656,0,0,0,0,0,0,0,0,1.5079,0.67931,0,0,0,0,0
74,273,1.07,413.61,31399,0.00524,0,0.02042,0,0,0,0.008333,0,0,0,1.9852,0,0,0,0,0
74,273,1.07,413.61,31399,0.43118,0,0,0,0,0,0,0,0,0,0.13234,0,0,0,0,0
74,273,1.07,413.61,31399,0.0083792,0,0,0,0,0,0.10863,0,0,0,6.4921,0,0,0,0,0
74,273,1.07,413.61,31399,0.034307,0,0,0,0,0,0,0,0,1.1034,0.13649,0,0,0,36.257,0
74,273,1.07,413.61,31399,0.43118,0,0,0.008333,0,0,0,0,0,0,5.7025,0,0,0,0,0
74,273,1.07,413.61,31399,0,0,0,0,0,0,0,0,0,0,20.948,0,0,0,0,0
74,273,1.07,413.61,31399,0.008333,0,0,0.19458,0,0,0,0,0,0,0.072463,0,0,0,0,0
74,273,1.07,413.61,31399,0.010998,0,0,0.008333,0,0,0,0,0,0,0.072463,0,0,0,0,0
74,273,1.07,413.61,31399,0,0,0,0,0,0,6.7664,0,0,0,0.072463,0,0,0,0,0
74,273,1.07,413.61,31399,0.022379,0,0.024781,0,0,0,0.008333,0,0,1.164,0.64921,0,0,0,0,0
74,273,1.07,413.61,31399,17.857,0,0,0.24056,0.002868,0,0,0,0,0,0.072463,0,0,0,0,0
74,273,1.07,413.61,31399,0.10024,0,0,0,0,0.00524,5.7629,0,0,9.1202,0.12913,0,0,0,0,0
74,273,1.07,413.61,31399,0.1169,0,0,0.000376,3.6718,0,0.13028,0,0,0,3.4466,0,0,0,0,0
74,273,1.07,413.61,31399,0,0,0.096469,0,0,0,0,0,0,0,18.672,0,0,0,40.468,0
74,273,1.07,413.61,31399,0.004588,0,0,0,0,0.34012,0,0,0,0,0.14026,0,0,0,0,0
74,273,1.07,413.61,31399,0.027974,0,0,0.008333,0,0,0,0,0,0.91947,0.072463,0,0,0,0,0
74,273,1.07,413.61,31399,3.4838,0,0,0,0,0.001434,0,0,0,0,0.072463,0,0,0,0,0
74,273,1.07,413.61,31399,0.17985,0,0,0.6763,15.118,0,207.8,0.00524,0,0,3.2531,0,0,0,0,0
74,273,1.07,413.61,31399,0.013573,0,0,0,0,0,28.135,0,0,0,0.13226,0,0,0,0,0
74,273,1.07,413.61,31399,0,0,0,0,0,0.067966,0,0,0,0,6.0336,0,0,0,0,10.34
74,273,1.07,413.61,31399,6.9953,0,0,0,0,0,0,0,0,0,2.6944,0,0,0,0,0
74,273,1.07,413.61,31399,0.15897,0,0,0.080149,9.9303,0,0,0,0,0,18.07,0,0,0,0,0
74,273,1.07,413.61,31399,0,0,0,0,0,0,5.3525,0,0,0,0.072463,0,0,0,0,0
74,273,1.07,413.61,31399,11.129,0,0,0,0,0,0,0,0,0,0.11545,0,0,0,0,0
74,273,1.07,413.61,31399,0.23779,0,0,0,0,0.79453,0,0,0,0,0.13782,0,0,0,0,0
74,273,1.07,413.61,31399,0.001493,0,0,0,0,0,0,0,0,0,7.6006,0,0,0,91.615,0
74,273,1.07,413.61,31399,0.21064,0,0,0.008333,0,0,0,0,0,0,0.13711,0,0,0,0,0
74,273,1.07,413.61,31399,0,0,3.1989,0.005239,0,0,0,0,0,0,8.9759,0,0,0,0,0
74,273,1.07,413.61,31399,2.4706,0,0,0,0,0,0,0,0,0,3.6687,0,0,0,0,0
74,273,1.07,413.61,31399,0,0,0,2.2224,0,0,0,0,0,0,25.046,0,0,0,0,0
74,273,1.07,413.61,31399,0,0,0,4.7118,0,0,0,0,0,0,0.13302,0,0,0,0,0
74,273,1.07,413.61,31399,0,0,0,0.01366,0,0,0,0,0,0,9.0272,0,0,0,0,0
74,273,1.07,413.61,31399,0,0,0,0.00043,0,0,0,0.8818,0,0,0.086791,0,0,0,0,0
74,273,1.07,413.61,31399,0,0,0,12.163,0,0,0,0,0,0,12.205,0,0,0,0,0
74,273,1.07,413.61,31399,0.25711,0,0,14.111,0,40.3,0.13028,0,0,0,0.072463,0,0,0,0,0
74,273,1.07,413.61,31399,0.61115,0,0,0,0,0,25.566,0,0,0,0.1331,0,0,0,0,0
74,273,1.07,413.61,31399,0.008333,0,0,0,0,0,5.5119,0,0,0,0.072463,0,0,0,0,0
74,273,1.07,413.61,31399,0.067604,0,0,0,0,0,0,0,0,0,5.5313,0,0,0,0,0
74,273,1.07,413.61,31399,0.01814,0,0,0,0,0,0,0,0,1.9819,4.8317,0,0,0,0,0
74,273,1.07,413.61,31399,4.5806,0,0,0.0209,0,0,0,0,0,0,14.703,0,0,0,0,0
74,273,1.07,413.61,31399,0.23779,0,0,0,0,0,0,0.0099389,0,0,0.072463,0,0,0,0,0
74,273,1.07,413.61,31399,0.026894,0,0,2.2024,0,0,0,0,0,0,4.0083,0,0,0,0,14.476
74,273,1.07,413.61,31399,0.46683,0,0,0,0,0,0,0,0,0,0.072463,0,0,0,0,0
74,273,1.07,413.61,31399,0.000254,0,0,0.14006,0,0,0,0,0,1.808,1.3814,0,0,0,0,0
74,273,1.07,413.61,31399,0.003468,0,0,0,0,0,0,0,0,0,0.21574,0,0,0,0,0
74,273,1.07,413.61,31399,0,0,0,0,0,0,0,0,0,0,0.12913,0,0,0,0,0
74,273,1.07,413.61,31399,40.962,0,0,0,0.001669,0,11.006,0,0,0,0.75032,0,0,0,0,0
74,273,1.07,413.61,31399,0.67789,0,0.98474,0,0.27551,0.55962,0,0,0,0,31.837,0,0,0,0,0
74,273,1.07,413.61,31399,0.031139,0,0,0,0.011948,0,44.732,0,0,0,0.072463,0,0,0,0,0
74,273,1.07,413.61,31399,3.3912,0,0,0.00043,0,0.075086,0.059897,0,0,0,0.37335,0,0,0,0,0
74,273,1.07,413.61,31399,0.00524,0,0.19501,0,0,0,0,0,0,0,1.1327,0,0,0,0,0
74,273,1.07,413.61,31399,0,0,0,0,0,0,0,0,0,0,0.56339,0,0,0,0,0
74,273,1.07,413.61,31399,0,0,0,0,0,0,11.876,0,0,0,21.937,0,0,0,0,0
74,273,1.07,413.61,31399,0.21492,0,0,6.6114,0,0,0,0,0,0,2.3236,0,0,0,0,0
74,273,1.07,413.61,31399,0.24935,0,0,7.2019,0,0,6.7706,0,0,9.1202,0.12913,0,0,0,0,0
74,273,1.07,413.61,31399,1.1717,0,3.7397,0.0056,0.036678,0.79321,0,0,0,0,0.072463,0,0,0,0,0
74,273,1.07,413.61,31399,0.89283,0,0,2.6237,0.009052,0.86216,0,0,0,0,0.072463,0,0,0,0,0
74,273,1.07,413.61,31399,14.691,0,0,0,0,0.83988,0,0,0,3.8254,1.2482,0,0,0,0,0
74,273,1.07,413.61,31399,37.764,0,0,0,0,0,0,0,0,5.7109,27.424,0,0,0,10.959,0
74,273,1.07,413.61,31399,3.7661,0,0,0,0,0,0.13028,0,0,0,0.1375,0,0,0,0,0
74,273,1.07,413.61,31399,0.008333,0,0,6.3498,0,0,0,0,0,0,22.138,0,0,0,0,10.34
74,273,1.07,413.61,31399,172.6,0,0,69.476,0,0,0,0,0,0,0.072463,0,0,0,0,0
74,273,1.07,413.61,31399,0.008587,0,0,0,0,0.79766,0,0,0,0,0.072463,0,0,0,0,0
74,273,1.07,413.61,31399,0.14015,0,0,0,0,0.82893,0.13028,0,0,0,0.072463,0,0,0,0,0
74,273,1.07,413.61,31399,0,0,0,0,0,0,0,0,0,0,0.072463,0,0,0,0,0
74,273,1.07,413.61,31399,0.008333,0,0,0,22.003,0,0,0,0,0,0.67805,0,0,0,0,0
74,273,1.07,413.61,31399,0.033746,0,0,0,0,0,0.13028,0,0,0,1.2458,0,0,0,0,0
74,273,1.07,413.61,31399,0,0,0,0,0,0,0,0,0,0,0.13302,0,0,0,0,18.613
74,273,1.07,413.61,31399,2.8971,0,0,0,0,0,0,0,0,0,0.072463,0,0,0,0,0
74,273,1.07,413.61,31399,0.015329,0,0,0.008332,0.0068531,2.9006,0,0.23397,0,0,3.7338,0,0,0,0,0
74,273,1.07,413.61,31399,0.026861,0,0,0,0,0,11.637,0,0,0,7.6506,0,0,0,0,0
74,273,1.07,413.61,31399,5.4745,0,0,0,0,0,35.101,0,0,0,0.78303,0,0,0,0,0
74,273,1.07,413.61,31399,3.1501,0,0,0,0.37727,0,0.021726,0,0,1.1034,4.5096,0,0,0,0,0
74,273,1.07,413.61,31399,0.001436,0,0,0,0,0,0,0,0,0,5.7025,0,0,0,0,0
74,273,1.07,413.61,31399,0.00524,0,0,0,0,0,0.10863,0,0,0,7.1639,0,0,0,0,0
74,273,1.07,413.61,31399,0,0,0,0,0,0,0,0,0,0,0.072463,0,0,0,0,0
74,273,1.07,413.61,31399,0.0068538,0,0,0,0,0,168.81,0,0,0,0.072463,0,0,0,0,0
74,273,1.07,413.61,31399,3.6309,0,0,0.0082868,0,0,0.13028,0,0,0,46.791,0,0,0,0,0
74,273,1.07,413.61,31399,0.15427,0,0,0,0,0,0.13028,0,0,0,0.13354,0,0,0,0,0
74,273,1.07,413.61,31399,4.4488,0,0,0,0.00524,0,0,0,0,0,30.131,0,0,0,0,14.476
74,273,1.07,413.61,31399,3.7356,0,0,0,0,0,0,0,0,0,0.77377,0,0,0,0,0
74,273,1.07,413.61,31399,0.19741,9.6461,0,0,0,0,0,0,0,0,2.2216,0,0,0,0,0
74,273,1.07,413.61,31399,0,0,3.4825,0,8.1e-05,0,0.13028,0,0,0.14685,4.729,0,0,0,0,0
74,273,1.07,413.61,31399,0.10392,0,0,0.01366,0,0,0,0,0,0,0.56339,0,0,0,0,0
74,273,1.07,413.61,31399,0,0,0.34935,0,0,0,29.376,0,0,0,0.13302,0,0,0,130.46,0
74,273,1.07,413.61,31399,0.0072505,0,0,0.6763,0.12176,0,0,0,0,0,0.134,0,0,0,0,0
74,273,1.07,413.61,31399,0.00524,0,0,0,0,0.013573,0,0,0,0,4.9652,0,0,0,0,0
74,273,1.07,413.61,31399,10.716,0,0,0.00833,0,0,0.67053,0,0,0,17.634,0,0,0,0,0
74,273,1.07,413.61,31399,0,0,0,0,0,0,0,0,0,0,0.13039,0,0,0,0,0
74,273,1.07,413.61,31399,5.3289,0,0,0,0,0,6.9489,0,0,0,2.6063,0,0,0,0,0
74,273,1.07,413.61,31399,0.00387,0,0,0,0.008335,0,12.271,0,0,0,59.217,0,0,0,0,0
74,273,1.07,413.61,31399,0.075794,0,0,0,0,0,0,0,0,0,0.072463,0,0,0,0,0
74,273,1.07,413.61,31399,0.042315,0,0,0.008335,0,0.81358,0,0,0,0,0.072463,0,0,0,0,0
74,273,1.07,413.61,31399,0.027296,0,0,0,0,0,35.101,0,0,0.21027,2.6155,0,0,0,0,0
74,273,1.07,413.61,31399,5.3485,0,0,220.87,0,0.00524,0,0,0,0,0.1331,0,0,0,0,0
74,273,1.07,413.61,31399,0.1702,0,0.008505,1.2253,0,0,0,0,0,0,0.072463,0,0,0,0,0
74,273,1.07,413.61,31399,0,0,0,0,0,0.83988,0,0,0,0,0.072463,0,0,0,0,39.293
74,273,1.07,413.61,31399,0.10141,0,0,0,0.00036,0,0,0,0,0,0.072463,0,0,0,0,0
74,273,1.07,413.61,31399,0,0,0,0.007148,0,0,0,0,0,0,3.9028,0,0,0,0,0
74,273,1.07,413.61,31399,0,0,0,0,0,0,0,0,0,0,0.072463,0,0,0,0,0
74,273,1.07,413.61,31399,2.827,0,0,0,0,0,0,0,0,0,0.13039,0,0,0,0,0
74,273,1.07,413.61,31399,0.028378,0,0,0.000251,0,0,0,0,0,0,0.072463,0,0,0,0,0
74,273,1.07,413.61,31399,0.003416,0,0,0.71703,0,0,0,0,0,0,2.3219,0,0,0,0,0
74,273,1.07,413.61,31399,0.18277,0,0.21765,0,0,0.81858,0.13028,0,0,0,1.9852,0,0,0,0,0
74,273,1.07,413.61,31399,0.63264,0,0,0,0.6862,0,0,0,0,0,14.75,0,0,0,0,0
74,273,1.07,413.61,31399,0.39276,0,0,0,0,0,0,0,0,0,0.48889,0,0,0,0,0
74,273,1.07,413.61,31399,0,0,0,0,0,0,0,0,0,1.261,0.134,0,0,0,83.052,0
74,273,1.07,413.61,31399,4.4488,0,0,0,0,0,0.13028,0,0,0,41.799,0,0,0,0,0
74,273,1.07,413.61,31399,0.10141,0,0,0,0,20.354,0,0,0,0,2.453,0,0,0,0,0
74,273,1.07,413.61,31399,5.6977,0,0,0,0,0,0,0,0,0,1.2644,0,0,0,0,0
74,273,1.07,413.61,31399,13.076,0,0,0,0,0,0.021726,0,0,0,0.072463,0,0,0,0,0
74,273,1.07,413.61,31399,0.012198,0,3.401,0.00524,7.1867,0,0,0,0,0,1.0543,0,0,0,0,0
74,273,1.07,413.61,31399,4.4488,0,0.51783,0,0,0.82178,0,0,0,0,0.086791,0,0,0,0,0
74,273,1.07,413.61,31399,0,0,0,0,0,0,0,0,0,0,1.2647,0,0,0,0,0
74,273,1.07,413.61,31399,0.008333,0,0,0,0,0.83487,0,0,0,0,7.0787,0,0,0,6.6664,0
74,273,1.07,413.61,31399,0.007987,0,21.781,0,0,0,0.13028,0,0,0,0.072463,0,0,0,0,0
74,273,1.07,413.61,31399,0.039088,0,0,0,0,0,0,0,0,0,20.948,0,0,0,0,0
74,273,1.07,413.61,31399,0.078318,0,0,0,0,0,0,0,0,0,0.75174,0,0,0,0,0
74,273,1.07,413.61,31399,0,0,0.35007,0.007148,0,0,0,0,0,0,3.4221,0,0,0,0,0
74,273,1.07,413.61,31399,0.015186,0,0,0,0.012221,0,0,0,0,0,13.16,0,0,0,0,392.93
74,273,1.07,413.61,31399,0.10979,0,0,0,0,0,0,0,0,0,0.072463,0,0,0,0,0
74,273,1.07,413.61,31399,0.024709,0,0,0,0,0,0,0,0,0,3.5283,0,0,0,0,0
74,273,1.07,413.61,31399,32.217,0,0,0,0,0.13029,28.088,0,0,0,0.072463,0,0,0,0,0
74,273,1.07,413.61,31399,0.060034,0,0,0.15268,0,0,0,0,0,0,0.072463,0,0,0,0,0
74,273,1.07,413.61,31399,1.5338,0,0,0,0,0,0,0,0,0,10.89,0,0,0,0,0
74,273,1.07,413.61,31399,0,0,0,0,0,0,0,0,0,0,0.072463,0,0,0,0,0
74,273,1.07,413.61,31399,0,0,0,0.000376,0,0,0,0,0,0,0.072463,0,0,0,0,0
74,273,1.07,413.61,31399,0.008587,0,0,0,0,0,0.13028,0,0,1.0834,0.17023,0,0,0,0,0
74,273,1.07,413.61,31399,0,0,0.025634,0,0,0,47.463,0,0,0,5.2552,0,0,0,0,0
74,273,1.07,413.61,31399,1.3301,0,0,0,0,0,0,0,0,0,4.3915,0,0,0,0,0
74,273,1.07,413.61,31399,0,0,0,0,0,0,4.8659,0,0,0,26.705,0,0,0,0,0
74,273,1.07,413.61,31399,0,0,0,0,0,0.00524,0,0.045261,0,0,0.072463,0,0,0,0,0
74,273,1.07,413.61,31399,0,0,0,0,0,0,0,0,0,0,4.9522,0,0,0,0,0
74,273,1.07,413.61,31399,0.58388,0,0,0,0,0,0,0,0,0,3.0356,0,0,0,0,0
74,273,1.07,413.61,31399,0.016724,0,0,0,0,0,0,0,0,0,0.072463,0,0,0,0,0
74,273,1.07,413.61,31399,0,0,0,0,0,0,0,0,0,0,0.38768,0,0,0,0,0
74,273,1.07,413.61,31399,1.6324,0,0,0.47075,0.78729,3.4113,76.292,0,0,0,0.072463,0,0,0,0,0
74,273,1.07,413.61,31399,0.49976,0,0,0,10.561,0,7.556,0,0,0,0.072463,0,0,0,0,0
74,273,1.07,413.61,31399,0,0,0,0,0,0,0,0,0,0,0.072463,0,0,0,0,0
74,273,1.07,413.61,31399,0.0092508,0,0,0,0,0,27.37,0,0,0,0.13505,0,0,0,0,0
74,273,1.07,413.61,31399,0.031198,0,0,22.988,0,0,0,0,0,1.0076,0.072463,0,0,0,0,0
74,273,1.07,413.61,31399,0,0,0,0,0,0.0071261,0,0,0,0,15.494,0,0,0,0,0
74,273,1.07,413.61,31399,0.010107,0,0,0.003582,0,0,0.059897,0,0,0,0.072463,0,0,0,0,0
74,273,1.07,413.61,31399,0.78022,0,0,0.24489,0,0.00524,0,0,0,0,20.948,0,0,0,0,0
74,273,1.07,413.61,31399,0.036732,0,0,0,0,0,0,0,0,0,0.072463,0,0,0,0,10.34
74,273,1.07,413.61,31399,0.070183,0,0,0,0,0,0,0,0,0,30.131,0,0,0,0,0
74,273,1.07,413.61,31399,0.46683,0,0.008584,0,0,8.1338,0,0,0,0,7.6506,0,0,0,0,0
74,273,1.07,413.61,31399,0.0088426,0,0,0,0,0,0,0,0,0,0.13056,0,0,0,0,0
74,273,1.07,413.61,31399,2.726,0,0,0.044825,0,0,0,0,0,0,30.131,0,0,0,0,0
74,273,1.07,413.61,31399,0.023656,0,0,0,0,0.007826,0,0,0,0,0.072463,0,0,0,0,0
74,273,1.07,413.61,31399,0.008333,0,0,0,0,0,0,0,0,0,0.072463,0,0,0,0,0
74,273,1.07,413.61,31399,0.0087785,0,0,0,3.5516,0,0,0,0,0,0.072463,0,0,0,0,0
74,273,1.07,413.61,31399,0.004588,0,0,0.84654,0,0,0.13028,0,0,0,4.9522,0,0,0,0,0
74,273,1.07,413.61,31399,4.4705,0,0,0.14398,0,0,0,0,0,0,38.156,0,0,0,0,0
74,273,1.07,413.61,31399,14.131,0,0,0,0,0,0.13028,0,0,0,0.072463,0,0,0,0,0
74,273,1.07,413.61,31399,0.21064,0,0,0,0,0,0.059897,0,0,0,3.4466,0,0,0,0,0
74,273,1.07,413.61,31399,0.003468,0,0,0,16.562,0,0,0,0,0,0.086791,0,0,0,0,0
74,273,1.07,413.61,31399,1.3009,0,0,0,0,0,0,0,0,0,0.072463,0,0,0,0,0
74,273,1.07,413.61,31399,0.0083792,0,0,0,0,0.016668,0,0,0,0,0.33767,0,0,0,0,0
74,273,1.07,413.61,31399,0.00714,0,0,9.7744,0,0,0,0,0,0,0.072463,0,0,0,0,0
74,273,1.07,413.61,31399,0.006456,0,0,0,0,0,31.923,0,0,2.6253,6.4637,0,0,0,0,0
74,273,1.07,413.61,31399,0,0,0,0,0,0,0,0,0,0,0.072463,0,0,0,0,0
74,273,1.07,413.61,31399,0,0,0,1.0289,0,0,0,0,0,0,8.9877,0,0,0,0,0
74,273,1.07,413.61,31399,0,0,2.0312,0,0,0,111.37,0,0,0,0.44185,0,0,0,0,0
74,273,1.07,413.61,31399,0,0,0,0.001669,0,0,0,0,0,0,9.9728,0,0,0,0,0
74,273,1.07,413.61,31399,19.288,0,0,0,0,0,0,0,0,0,0.072463,0,0,0,0,0
74,273,1.07,413.61,31399,0.000688,0,0,0,0,0,0,0,0,0,0.072463,0,0,0,0,0
74,273,1.07,413.61,31399,0.013253,0,0.071972,0,0,0,0,0,0,0,11.706,0,0,0,0,0
74,273,1.07,413.61,31399,0,0,0,0,0,0,0,0,0,0,3.4221,0,0,0,0,0
74,273,1.07,413.61,31399,0,0,0,0,0,0,30.454,0,0,0,0.25106,0,0,0,0,0
74,273,1.07,413.61,31399,1.0971,0,0,0,0,5.2472,0,0,0,0,0.072463,0,0,0,0,0
74,273,1.07,413.61,31399,0,0,0,0.002031,0,0,0.13028,0,0,0,1.5788,0,0,0,0,0
74,273,1.07,413.61,31399,0.022995,0,0,0.53146,0,0,3.929,0,0,0,6.0336,0,0,0,0,0
74,273,1.07,413.61,31399,0.010558,0,0,0,0,0.81745,22.816,0,0,0,1.5788,0,0,0,0,0
74,273,1.07,413.61,31399,0,0,0,0,0,0,0,0,0,0,41.799,0,0,0,0,0
74,273,1.07,413.61,31399,0,0,1.2e-05,0.085993,0,0,0.13028,0,0,0,6.6447,0,0,0,0,10.34
74,273,1.07,413.61,31399,0.16674,0,0,0,0,0,0,0,0,0,2.0425,0,0,0,0,0
74,273,1.07,413.61,31399,0.008333,0,0,3.4064,0,0,0,0,0,0,10.847,0,0,0,0,0
74,273,1.07,413.61,31399,0.1285,0,0,0.65091,0,0,0,0,0,0,2.286,0,0,0,0,0
74,273,1.07,413.61,31399,0.0088426,0,0,0,0,0.012958,5.6045,0,0,0,2.1541,0,0,0,0,0
74,273,1.07,413.61,31399,0,0,0,0,0,0,0,0,0,0,0.072463,0,0,0,0,0
74,273,1.07,413.61,31399,26.694,0,0,0,0,0,0.80873,0,0,0,27.869,0,0,0,0,0
74,273,1.07,413.61,31399,0.82427,0,0,0,0,1.1051,0.80873,0,0,0,2.4569,0,0,0,0,0
74,273,1.07,413.61,31399,0.22056,0,0,0.008333,0,0,0.059897,0,0,0,0.072463,0,0,0,0,0
74,273,1.07,413.61,31399,0.14797,0,4.3973,1.3036,0,0,12.547,0,0,0,0.45229,0,0,0,0,0
74,273,1.07,413.61,31399,0.000473,0,0,10.309,0,0,0,0,0,0,6.3875,0,0,0,0,0
74,273,1.07,413.61,31399,0,0,0,0,0,0,0,0,0,55.455,0.35299,0,0,0,0,0
74,273,1.07,413.61,31399,3.2644,0,0,0,0,0,0,0,0,36.785,5.7131,0,0,0,0,0
74,273,1.07,413.61,31399,0.008335,0,0,1.4834,0,0,0,0,0,0,4.2102,0,0,0,0,0
74,273,1.07,413.61,31399,0.84484,0,0,0,0,0,0,0,0,1.1822,25.166,0,0,0,0,0
74,273,1.07,413.61,31399,48.434,0,0,0,0,0,52.068,0,0,0,18.07,0,0,0,0,0
74,273,1.07,413.61,31399,0.13651,0,0,0.008321,0,0.17283,0,0,0,0,2.6337,0,0,0,0,0
74,273,1.07,413.61,31399,3.0601,0,0.03878,0,0,8.5672,0,0,0,0,14.75,0,0,0,0,10.34
74,273,1.07,413.61,31399,0,0,0,0,0,0,0.40452,0,0,0,45.506,0,0,0,0,0
74,273,1.07,413.61,31399,0,0,0,0,0,0.13029,369.08,0,0,0,2.4569,0,0,0,0,1.034
74,273,1.07,413.61,31399,54.094,0,0,0,0.27312,0,0,0,0,0,0.3717,0,0,0,0,0
74,273,1.07,413.61,31399,0.87441,0,0,0.031413,0,0,0.13028,0,0,0,0.48889,0,0,0,0,22.749
74,273,1.07,413.61,31399,0,0,0,0,0,3.1882,0,0,0,19.403,0.072463,0,0,0,0,0
74,273,1.07,413.61,31399,0.03186,0,0,0,0,0,0.008333,0,0,0,4.5116,0,0,0,0,0
74,273,1.07,413.61,31399,4.1132,0,0,6.038,0.65312,0,0,0,0,0,25.046,0,0,0,0,0
74,273,1.07,413.61,31399,14.131,0,0,0,0,2.0764,0,0.00524,0,0,1.0897,0,0,0,0,0
74,273,1.07,413.61,31399,0.0067312,0,0,0.0087665,0,0,0,0,0,0,0.072463,0,0,0,0,10.34
74,273,1.07,413.61,31399,0.006644,0,0.065254,0,0,0,0,0,0,0,0.13581,0,0,0,0,0
74,273,1.07,413.61,31399,37.764,0,0.42921,0,0,0,0,0,0,0,1.7395,0,0,0,0,0
74,273,1.07,413.61,31399,0.003295,0,0,23.861,0,2.7295,0,0,0,0,0.072463,0,0,0,0,0
74,273,1.07,413.61,31399,0.011819,0,0,0,0,0,0,0,0,0,0.072463,0,0,0,0,0
74,273,1.07,413.61,31399,0.048132,0,0,0,0,0,4.1134,0,0,0,0.13873,0,0,0,0,0
74,273,1.07,413.61,31399,0,0,0,1.837,0,0,0,0,0,0,0.072463,0,0,0,0,0
74,273,1.07,413.61,31399,0.003416,0,0,0,0.008333,0.067966,83.098,0,0,0,0.072463,0,0,0,0,0
74,273,1.07,413.61,31399,5.8407,0,0,0,0,0,0,0,0,0,0.20357,0,0,0,0,0
74,273,1.07,413.61,31399,0.74846,0,0,0,0,0,0,0,0,0,5.0665,0,0,0,0,0
74,273,1.07,413.61,31399,0.53125,0,0,0,0,0,0,0,0,0,0.17276,0,0,0,0,0
74,273,1.07,413.61,31399,0.001326,0,0,0,6.2388,0,0.13028,0,0,0,0.35902,0,0,0,0,0
74,273,1.07,413.61,31399,2.2391,0,0,50.586,0,0,0,0,0,0,11.921,0,0,0,0,0
74,273,1.07,413.61,31399,0.98059,0,0,14.493,0,0,0,0,0,0,5.7131,0,0,0,0,0
74,273,1.07,413.61,31399,4.5806,0,0,0,0,0.9447,0,0,0,0,0.072463,0,0,0,0,0
74,273,1.07,413.61,31399,1.2683,0,0,0.001669,0,0,0,0,0,0,0.072463,0,0,0,0,0
74,273,1.07,413.61,31399,0,0,0,0,0,0,0.13028,0,0,0,0.072463,0,0,0,0,0
74,273,1.07,413.61,31399,3.4321,0,0,0,0,0,0,0,0,0,0.072463,0,0,0,0,0
74,273,1.07,413.61,31399,0.0053435,0,0,1.9759,0,0,4.9077,0,0,0,0.072463,0,0,0,0,0
74,273,1.07,413.61,31399,0,0,0,0,0,0,0,0,0,0,7.1646,0,0,0,0,0
74,273,1.07,413.61,31399,0.011369,0,0,0,0.15324,0,0.13028,0,0,0,0.75174,0,0,0,0,0
74,273,1.07,413.61,31399,0.089227,0,0,0,0,0,0,0,0,0,0.13056,0,0,0,0,1.034
74,273,1.07,413.61,31399,0,0,0,0,0,0,0,0,0,0,8.9877,0,0,0,0,0
74,273,1.07,413.61,31399,5.2625,0,0,0,0,0.43969,0,0,0,0,1.2644,0,0,0,0,6.2042
74,273,1.07,413.61,31399,0,0,0,0.002011,0.011948,0.00524,0,0,0,0,59.217,0,0,0,0,0
74,273,1.07,413.61,31399,0.0067502,0,0,0.30419,0,0,0,0,0,1.164,0.072463,0,0,0,0,22.749
74,273,1.07,413.61,31399,1.3271,0,0,0,0,0,0,0.008567,0,0.73557,3.041,0,0,0,0,0
74,273,1.07,413.61,31399,0.21392,0,0,0,0.057708,0,27.146,0,0,0,4.0083,0,0,0,0,0
74,273,1.07,413.61,31399,0.011223,0,0,0,0,0,0,0,0,0,8.9877,0,0,0,0,0
74,273,1.07,413.61,31399,0,0,0,6.6114,0,0,0,0,0,0,8.6612,0,0,0,0,0
74,273,1.07,413.61,31399,1.0733,0,0,0,0,0,51.065,0,0,0,5.3297,0,0,0,0,0
74,273,1.07,413.61,31399,0.047045,0,0,0,0,0,0,0,0,0,0.82163,0,0,0,0,0
74,273,1.07,413.61,31399,0.15581,0,0,0,0,0,0,0,0,36.785,5.5428,0,0,0,0,0
74,273,1.07,413.61,31399,0.02912,0,0,0,0,0,0,0,0,0,9.9728,0,0,0,0,0
74,273,1.07,413.61,31399,0.083807,0,0,0,0,0.85136,28.088,0,0,0,0.072463,0,0,0,0,0
74,273,1.07,413.61,31399,0.84484,0,0,0.004876,0,0,0,0,0,0,0.76276,0,0,0,13.746,0
74,273,1.07,413.61,31399,2.7519,0,0,0.010527,10.331,0,0,0,0,0,0.072463,0,0,0,0,0
74,273,1.07,413.61,31399,0.016438,0,0,0,0,0,0,0,0,0,5.7131,0,0,0,0,0
74,273,1.07,413.61,31399,0.0076281,0,0,0,0.00524,0.00036,0,0,0,0,14.75,0,0,0,0,392.93
74,273,1.07,413.61,31399,0,0,0,0,0,0,0,0,0,0,14.187,0,0,0,0,0
74,273,1.07,413.61,31399,0.13495,0,0,0.0056,0,0.79321,0,0,0,0,16.683,0,0,0,0,0
74,273,1.07,413.61,31399,0.001292,0,0,0,0.005239,0,16.236,0,0,0,0.31337,0,0,0,0,0
74,273,1.07,413.61,31399,0,0,0,0,1.0773,0,0,0,0,0,6.0336,0,0,0,0,0
74,273,1.07,413.61,31399,0.10392,0,0,0.31618,0,0,0,0,0,0,1.1524,0,0,0,0,0
74,273,1.07,413.61,31399,0.048965,0,0,0,0,0,0,0,0,0,0.072463,0,0,0,0,0
74,273,1.07,413.61,31399,0.010507,0,0,0,0,0,0,0,0,0,0.072463,0,0,0,0,0
74,273,1.07,413.61,31399,0,0,0,0,0,0,0,0,0,0,1.0181,0,0,0,0,0
74,273,1.07,413.61,31399,0.008335,0,0,0,0,0,0,0,0,0,0.58253,0,0,0,0,0
74,273,1.07,413.61,31399,0.008534,0,0,0.023664,0,0,0,0,0,0,0.072463,0,0,0,0,0
74,273,1.07,413.61,31399,0,0,0,0,0,0,0,0,0,0,5.7025,0,0,0,11.804,0
74,273,1.07,413.61,31399,0,0,0,0,0,0,0.13028,0,0,0,0.072463,0,0,0,0,0
74,273,1.07,413.61,31399,0.076734,0,0,0,0.33364,0,0,0,0,0,0.37335,0,0,0,0,0
74,273,1.07,413.61,31399,0.031726,0,0,0.033062,0,0,0,0,0,0,0.13226,0,0,0,0,1.034
74,273,1.07,413.61,31399,4.5068,0,0,220.87,0,0,0,0,0,0,83.699,0,0,0,0,0
74,273,1.07,413.61,31399,0,0,0,0,0,0,0,0,0,0,0.072463,0,0,0,133.01,0
74,273,1.07,413.61,31399,0.000126,0,0,0,0,0,0,0,0,0,0.11545,0,0,0,0,0
74,273,1.07,413.61,31399,0.008335,0,0,0.055891,0,0,0,0,0,0,15.494,0,0,0,0,0
74,273,1.07,413.61,31399,0.15897,0,0,0,0,0.61804,0,0,0,0,0.49027,0,0,0,0,0
74,273,1.07,413.61,31399,2.8971,0,0,0,0,0,0,0,0,0,0.072463,0,0,0,0,0
74,273,1.07,413.61,31399,0.019253,0,0,0,0,0,0,0,0,1.5079,4.6719,0,0,0,0,0
74,273,1.07,413.61,31399,0.037792,0,0,0,0,0,0,0,0,0,0.072463,0,0,0,0,0
74,273,1.07,413.61,31399,27.951,0,0,1.1407,0,0,0,0,0,0,0.3625,0,0,0,0,0
74,273,1.07,413.61,31399,0.03517,0,0,0.17701,0,0,0,0,0,0,83.699,0,0,0,0,0
74,273,1.07,413.61,31399,0.008333,0,0,0,0,0,0,0,0,0,0.072463,0,0,0,0,0
74,273,1.07,413.61,31399,1.5338,0,0,0,0,0,0,0,0,0,0.072463,0,0,0,0,0
74,273,1.07,413.61,31399,0.10314,0,0,4.7118,0,0,14.058,0,0,0,0.072463,0,0,0,0,0
74,273,1.07,413.61,31399,12.21,0,1.5121,0,0,0.80058,0,0,0,0,0.072463,0,0,0,0,0
74,273,1.07,413.61,31399,0.18706,0,0,0,0,0,0,0,0,0,33.184,0,0,0,0,0
74,273,1.07,413.61,31399,0.02418,0,0,0,0,0.001326,0.80878,0,0,0,0.072463,0,0,0,0,0
74,273,1.07,413.61,31399,1.0526,0,0,0.001493,0,0,0,0,0,0,2.6944,0,0,0,0,0
74,273,1.07,413.61,31399,0,0,0,0,0,0,0,0,0,0,1.1244,0,0,0,0,0
74,273,1.07,413.61,31399,0,0,0,0,0,0,0,0,0,0,0.17677,0,0,0,0,0
74,273,1.07,413.61,31399,0,0,0,0,5.704,0,0,0,0,0,0.072463,0,0,0,0,0
74,273,1.07,413.61,31399,0.15085,0,0,0.58005,0,0,0,0.10962,0,1.261,0.58253,0,0,0,0,0
74,273,1.07,413.61,31399,0,0,0,0.0057794,0,0,0,0,0,0,1.4169,0,0,0,0,0
74,273,1.07,413.61,31399,0,0,0,0,0,0.013684,0,0,0,0,0.072463,0,0,0,89.899,10.34
74,273,1.07,413.61,31399,0.014773,0,0,0,0,0.52156,0,0,0,0.76342,0.072463,0,0,0,0,0
74,273,1.07,413.61,31399,0.00524,0,0,0.63056,0,0,0,0,0,0,12.205,0,0,0,0,0
74,273,1.07,413.61,31399,0.019253,0,0,0,0,0,0,0,0,0,0.072463,0,0,0,0,0
74,273,1.07,413.61,31399,38.726,0,0.19501,0,0,0,0,0,0,0,16.683,0,0,0,0,0
74,273,1.07,413.61,31399,0.008334,0,0,1.0474,0,206.36,0,0,0,0,0.072463,0,0,0,0,0
74,273,1.07,413.61,31399,0,0,0,0,0,0,0,0,0,0,2.9953,0,0,0,0,0
74,273,1.07,413.61,31399,0.00387,0,0,0,0,0.8482,0,0,0,0,9.4141,0,0,0,0,0
74,273,1.07,413.61,31399,0,0,0,0,0,0,0.59876,0,0,0,0.072463,0,0,0,0,0
74,273,1.07,413.61,31399,0,0,0,0,0,0,0,0,0,0,1.7329,0,0,0,0,0
74,273,1.07,413.61,31399,0.031726,0,0,0,0,0,0,0,0,0,0.072463,0,0,0,0,0
74,273,1.07,413.61,31399,0,0,0,0.0055079,0,0,0,0,0,1.057,8.2077,0,0,0,0,0
74,273,1.07,413.61,31399,0.003465,0,0,0,0,0,0,0,0,0,19.904,0,0,0,0,0
74,273,1.07,413.61,31399,0.008333,0,0,0.003346,0.20313,0,0.80878,0,0,0,0.20142,0,0,0,0,0
74,273,1.07,413.61,31399,0.014662,0,0,0.64732,0,0,0.13028,0,0,0,1.1286,0,0,0,0,51.701
74,273,1.07,413.61,31399,0.0262,0,8.5634,0.17278,0,4.6911,0,0,0,5.7109,0.072463,0,0,0,0,1.034
74,273,1.07,413.61,31399,5.3485,0,0,0,0,0,0.13028,0,0,0,2.3398,0,0,0,0,0
74,273,1.07,413.61,31399,0.005411,0,0.10163,0,0,0,0,0,0,0,0.072463,0,0,0,0,0
74,273,1.07,413.61,31399,0.03016,0,0,0,0,0,0,0,0,0,2.5252,0,0,0,0,0
74,273,1.07,413.61,31399,1.0526,0,0,0,0,0,0,0,0,0,19.904,0,0,0,0,0
74,273,1.07,413.61,31399,3.9744,0,0,0,0,0,0.10863,0,0,0,0.072463,0,0,0,0,0
74,273,1.07,413.61,31399,0,0,0,188.02,0,0,0,0,0,0,12.415,0,0,0,0,0
74,273,1.07,413.61,31399,0.010558,0,0,13.595,0,0,0,0,0,1.0139,0.13146,0,0,0,0,0
74,273,1.07,413.61,31399,0,0,0,0,0,0,28.233,0,0,0,6.4921,0,0,0,0,0
74,273,1.07,413.61,31399,0,0,0,0,0,0,0,0,0,0,0.072463,0,0,0,0,0
74,273,1.07,413.61,31399,0.01121,0,0,0.020539,0.001493,0,8.8946,0,0,0,10.89,0,0,0,0,0
74,273,1.07,413.61,31399,0.18277,0,0,0.010061,0,0,0,0,0,0,3.7404,0,0,0,0,0
74,273,1.07,413.61,31399,13.836,0,0,0,0,0,0.021726,0,0,0.63421,0.13922,0,0,0,0,0
74,273,1.07,413.61,31399,0.11315,0,0,0,0,0,0.13028,0,0,0,0.072463,0,0,0,0,0
74,273,1.07,413.61,31399,0,0,0,0,0,0,0,0,0,0,0.13353,0,0,0,0,0
74,273,1.07,413.61,31399,0.018344,0,0,0,0,2.0764,0,0,0,0,0.072463,0,0,0,0,0
74,273,1.07,413.61,31399,0,0,0,0,0,0,0,0,0,0,2.5252,0,0,0,0,14.476
74,273,1.07,413.61,31399,0,0,0,0.008333,0.48282,0,0,0,0,0,10.802,0,0,0,0,0
74,273,1.07,413.61,31399,0.43482,0,0,0,0,0,0,0,0,0,0.072463,0,0,0,0,0
74,273,1.07,413.61,31399,27.497,0,0,0,0,0,0,0,0,0,0.20357,0,0,0,0,0
74,273,1.07,413.61,31399,0,0,0,0.003821,0,0,21.105,0,0,0,0.072463,0,0,0,0,0
74,273,1.07,413.61,31399,0.10686,0,0,0,0,0,19.66,0,0,0,1.7269,0,0,0,0,0
74,273,1.07,413.61,31399,0.026637,0,0,0,0,0,0,0,0,0,37.282,0,0,0,0,0
74,273,1.07,413.61,31399,0.00524,0,0,0,0,0,0,0,0,0,14.185,0,0,0,0,0
74,273,1.07,413.61,31399,0,0,0,0,0,0,0,0,0,0,0.072463,0,0,0,0,0
74,273,1.07,413.61,31399,0,0,0,0,0,0,0,0,0,0,0.41236,0,0,0,0,0
74,273,1.07,413.61,31399,0,0,0,0.00014,0,0,0,0,0,0,6.2907,0,0,0,41.895,0
74,273,1.07,413.61,31399,0.34502,0,0,0,0,0,0,0,0,0,0.67805,0,0,0,0,0
74,273,1.07,413.61,31399,0,0,0,0.47502,0,0,0,0,0,0,3.5581,0,0,0,0,0
74,273,1.07,413.61,31399,0,0,0,0,0,0,0,0,0,0,0.072463,0,0,0,0,0
74,273,1.07,413.61,31399,107.33,0,0,0,0,0,0,0,0,0,0.072463,0,0,0,0,0
74,273,1.07,413.61,31399,0.19823,0,0,0,0,0,0,0,0,0,0.072463,0,0,0,0,0
74,273,1.07,413.61,31399,0.24153,0,0,0,0,1.198,0,0,0,0,0.072463,0,0,0,0,0
74,273,1.07,413.61,31399,0.13495,0,0,0,1.5594,0,0,0,0,0,1.86,0,0,0,0,0
74,273,1.07,413.61,31399,0,0,0,0,0,0,0,0.96769,0,0,0.5196,0,0,0,0,0
74,273,1.07,413.61,31399,0.015186,0,0,0,0,0,0,0,0,0,0.78303,0,0,0,0,0
74,273,1.07,413.61,31399,0,0,0,0,0,0,0,0,0,0,0.58253,0,0,0,0,392.93
74,273,1.07,413.61,31399,0.090543,0,0,1.6948,0,0,0,0,0,0,0.072463,0,0,0,0,0
74,273,1.07,413.61,31399,0.005714,0,0,0,0,0,0,0,0,0,7.9623,0,0,0,0,0
74,273,1.07,413.61,31399,0,0,0,0,0,0,0,0,0,19.403,0.072463,0,0,0,0,0
74,273,1.07,413.61,31399,0.00387,0,0,0,0,0.86102,0,0,0,0,0.072463,0,0,0,0,1.034
74,273,1.07,413.61,31399,0.008333,0,0,0,0,0,0,0,0,0,0.072463,0,0,0,0,0
74,273,1.07,413.61,31399,0.17142,0,0,0,0.00524,0,215.49,0,0,0,0.78678,0,0,0,0,0
74,273,1.07,413.61,31399,0.03186,0,0,0,0.0055384,0,20.424,0,0,0,0.91404,0,0,0,0,0
74,273,1.07,413.61,31399,0.085655,0,0,0,0,0,0,0,0,0,3.5283,0,0,0,0,0
74,273,1.07,413.61,31399,0.00545,0,0,0,0,0,0,0,0,0,0.37335,0,0,0,0,0
74,273,1.07,413.61,31399,0,0,0,0.001434,0,0,0,0,0,0,2.4222,0,0,0,0,0
74,273,1.07,413.61,31399,0.011223,0,0,0,0,0,0,0,0,0,1.1389,0,0,0,0,0
74,273,1.07,413.61,31399,0.029669,0,0,1.0054,0,0,0.13028,0,0,0,8.9418,0,0,0,0,0
74,273,1.07,413.61,31399,0.005239,0,0,0,0,0,0.13028,0,0,0,0.75066,0,0,0,0,0
74,273,1.07,413.61,31399,0.011941,0,0,21.922,0,0,0.13028,0,0,0,0.072463,0,0,0,0,0
74,273,1.07,413.61,31399,0,0,0,2.2024,0,0,0.13028,0,0,0,0.094364,0,0,0,0,0
74,273,1.07,413.61,31399,0.008333,0,0,0,0,0.79321,0,0,0,0,0.21574,0,0,0,0,10.34
74,273,1.07,413.61,31399,0,0,0,40.485,0,0,0.13028,0,0,0,0.25106,0,0,0,0,0
74,273,1.07,413.61,31399,0.058471,0,0,0,0.008321,0.85659,0.67053,0,0,0,0.89874,0,0,0,0,0
74,273,1.07,413.61,31399,0.0058918,0,0,0.00524,0,0,0,0,0,0,2.457,0,0,0,0,0
74,273,1.07,413.61,31399,0.050303,0,0,14.493,0,0,0,0,0,0,10.847,0,0,0,0,0
74,273,1.07,413.61,31399,0,0,0,0,0,0,0,0,0,0,0.75066,0,0,0,0,0
74,273,1.07,413.61,31399,172.6,0,0,0.000688,0.0097104,0,21.762,0,0,0,2.7374,0,0,0,0,18.613
74,273,1.07,413.61,31399,0.016724,0,0,0,0,0,0,0,0,0.44682,1.5788,0,0,0,0,0
74,273,1.07,413.61,31399,4.5806,0,0,0,0,0,24.831,0,0,0,1.7457,0,0,0,0,0
74,273,1.07,413.61,31399,2.827,0,0,0,0,0.00052,0,0,0,0,0.072463,0,0,0,0,0
74,273,1.07,413.61,31399,3.5888,0,0,0,0,0.01421,0,0,0,0,22.138,0,0,0,0,0
74,273,1.07,413.61,31399,0.009021,0,0.00833,0,72.3,0,0.60778,0,0,1.1822,0.21574,0,0,0,0,0
74,273,1.07,413.61,31399,0.074682,0,0,0,0,0,0,0,0,8.0476,29.357,0,0,0,0,0
74,273,1.07,413.61,31399,0.010107,0,0,0.022416,0,0,0,0,0,0,3.5283,0,0,0,0,0
74,273,1.07,413.61,31399,1.4738,0,0,0.106,0,0.0060315,0,0,0,0,0.33767,0,0,0,0,0
74,273,1.07,413.61,31399,0.044491,0,0,0,0,0,0,0,0,0,0.072463,0,0,0,0,14.476
74,273,1.07,413.61,31399,0,0,0,0,0,0,0,0,0,0,2.6155,0,0,0,0,0
74,273,1.07,413.61,31399,0.0021738,0,0,0,0.0087695,0,11.006,0,0,0,0.072463,0,0,0,0,0
74,273,1.07,413.61,31399,0.00062,0,0,0,0,0,0,0,0,0,0.072463,0,0,0,0,0
74,273,1.07,413.61,31399,0.008333,0,0,0,0,0,0,0,0,0,0.18601,0,0,0,0,0
74,273,1.07,413.61,31399,10.716,0,0,0,0,0,0.13028,0,0,0,5.5926,0,0,0,0,0
74,273,1.07,413.61,31399,0.031198,0,0,0,0,0,0,0,0,0,0.072463,0,0,0,11.877,0
74,273,1.07,413.61,31399,0.02311,0,0,0,0,0,36.028,0,0,19.403,0.13039,0,0,0,0,0
74,273,1.07,413.61,31399,0.0094073,0,0,0,0,0,0,0,0,0,0.072463,0,0,0,0,0
74,273,1.07,413.61,31399,2.4706,0,0,2.6638,0,0,0,0,0,0,0.29757,0,0,0,0,0
74,273,1.07,413.61,31399,27.039,0,0,0,3.7516,0,0,0,0,0,0.13581,0,0,0,0,0
74,273,1.07,413.61,31399,0.008333,0,0.085501,0,0.19197,0,0.13028,0,0,0,0.44185,0,0,0,0,0
74,273,1.07,413.61,31399,0.018811,0,0,0,0,0,0.13028,0,0,0,7.1646,0,0,0,0,0
74,273,1.07,413.61,31399,0,0,0,0,0,0.003127,0,0,0,0,0.56922,0,0,0,0,0
74,273,1.07,413.61,31399,7.0498,0,0,0.0083405,0,0,0.13028,0,0,0,0.072463,0,0,0,0,0
74,273,1.07,413.61,31399,0.00524,0,0,0.080149,0,0,0.13028,0,0,0,1.86,0,0,0,0,0
74,273,1.07,413.61,31399,0,0,0,0,0,0,0,0,0,0,0.072463,0,0,0,0,0
74,273,1.07,413.61,31399,0,0,0,0,0,0,0.059897,0,0,0,6.9105,0,0,0,0,0
74,273,1.07,413.61,31399,0,0,0,0,0,0,0.008333,0,0,0,0.072463,0,0,0,0,0
74,273,1.07,413.61,31399,33.192,0,0,0,0,0,0,0,0,0,0.15015,0,0,0,0,0
74,273,1.07,413.61,31399,0,0,0,0,0,0,0,0,0,0,0.35902,0,0,0,0,0
74,273,1.07,413.61,31399,0.013573,0,0,0,0,0,74.991,0,0,4.212,0.18601,0,0,0,0,0
74,273,1.07,413.61,31399,0.45089,0,0,0,0,0,0.13028,0,0,0,31.829,0,0,0,0,0
74,273,1.07,413.61,31399,0.008332,0,10.046,0,0,0,0.13028,0,0,0,0.072463,0,0,0,0,0
74,273,1.07,413.61,31399,12.21,0,0,0,0,0.001463,0,0,0,0,0.072463,0,0,0,0,1.034
74,273,1.07,413.61,31399,0.002011,0,0,3.7881,0,0,0,0,0,0,0.072463,0,0,0,0,0
74,273,1.07,413.61,31399,0.34658,0,0,0,0,0.81358,0,0,0,9.1202,5.7504,0,0,0,41.524,0
74,273,1.07,413.61,31399,0.027507,0,0,0,0,0,0,0,0,0,94.85,0,0,0,0,0
74,273,1.07,413.61,31399,0.008333,0,0,0,0,0,9.3278,0,0,0,10.052,0,0,0,0,0
74,273,1.07,413.61,31399,0.011426,0,0,0.049009,0,0,0,0,0,0,0.13146,0,0,0,0,0
74,273,1.07,413.61,31399,0.037248,0,0,0,0,0,0,0,0,0,1.8634,0,0,0,0,0
74,273,1.07,413.61,31399,0.00829,0,0,0,0,0,0,0,0,0,0.072463,0,0,0,0,0
74,273,1.07,413.61,31399,0,0,0,309.71,0,0,0,0,0,3.8737,5.5428,0,0,0,0,0
74,273,1.07,413.61,31399,0,0,0,0,0,0,0,0,0,0,26.705,0,0,0,0,0
74,273,1.07,413.61,31399,0.10141,0,0,0,0,0,0,0,0,0,0.072463,0,0,0,0,0
74,273,1.07,413.61,31399,0.008333,0,0,0,0,0.81835,0,0,0,0,2.0031,0,0,0,0,0
74,273,1.07,413.61,31399,0.031726,0,0,20.937,0,2.839,0,0,0,0,0.072463,0,0,0,0,0
74,273,1.07,413.61,31399,0.041493,0,0,0,0,0,0.13028,0,0,0,1.0897,0,0,0,0,0
74,273,1.07,413.61,31399,0,0,0,0,0,0,285.2,0,0,1.1822,2.3252,0,0,0,0,0
74,273,1.07,413.61,31399,0,0,0,0,0,0,0,0,0,0,2.4569,0,0,0,0,0
74,273,1.07,413.61,31399,0,0,0,1.6745,0,0.80274,0,0,0,0,0.13394,0,0,0,0,0
74,273,1.07,413.61,31399,0.49233,0,0,0,0,0.79817,0,0,0,0,13.2,0,0,0,0,0
74,273,1.07,413.61,31399,0,0,0,0.45356,0,0,0,0,0,0,14.386,0,0,0,0,1.034
74,273,1.07,413.61,31399,0.09235,0,0,0.085993,0,0,0.59876,0,0,0,0.072463,0,0,0,0,6.2042
74,273,1.07,413.61,31399,0,0,0,0,0,0.005202,0,0,0,0,0.072463,0,0,0,0,0
74,273,1.07,413.61,31399,0.014773,0,0,0.008333,0,0,168.06,0,0,0,0.072463,0,0,0,0,0
74,273,1.07,413.61,31399,0.003416,0,0,3.6299,0,0,0,0,0,0,83.699,0,0,0,0,0
74,273,1.07,413.61,31399,0,0,0,0.021586,0,0,0,0,0,0,1.2458,0,0,0,0,0
74,273,1.07,413.61,31399,172.6,0,0,0,0,0,0,0,0,0,1.5788,0,0,0,0,0
74,273,1.07,413.61,31399,0.65712,0,0,0,0,1.198,0.059897,0,0,0,0.12844,0,0,0,0,0
74,273,1.07,413.61,31399,0,0,0,0,0,0,0,0,0,0,0.25106,0,0,0,0,0
74,273,1.07,413.61,31399,0,0,0,0,0,0,0,0,0,0,9.6608,0,0,0,0,0
74,273,1.07,413.61,31399,0.005714,0,0,0,0,0,0,0,0,0,1.7395,0,0,0,0,0
74,273,1.07,413.61,31399,0.15085,0,0,0,0,0,0,0,0,0,0.072463,0,0,0,0,0
74,273,1.07,413.61,31399,0.093737,0,0,4.2962,50.083,0,0,0,0,0.44682,1.1456,0,0,0,0,0
74,273,1.07,413.61,31399,0,0,0,62.737,0,0.82893,0,0,0,0,0.35902,0,0,0,0,0
74,273,1.07,413.61,31399,1.2683,0,0,0,0,0,6.0541,0,0,0,0.12893,0,0,0,0,0
74,273,1.07,413.61,31399,0,0,0,0,0,0.8482,0,0,0,0,0.17677,0,0,0,0,0
74,273,1.07,413.61,31399,0.008333,0,0,0,0,0,0,0,0,127.87,0.072463,0,0,0,0,0
74,273,1.07,413.61,31399,0,0,0,0,0.00524,0,0.059897,0,0,0,4.2991,0,0,0,0,0
74,273,1.07,413.61,31399,0.003538,0,0,0,0,0,0,0,0,0,0.64921,0,0,0,8.9916,0
74,273,1.07,413.61,31399,0.003416,45.183,0.26298,0,0.0306,0.85659,0,0,0,0,0.12844,0,0,0,0,0
74,273,1.07,413.61,31399,0,0,0,0,0,0,0,0,0,1.057,25.166,0,0,0,0,0
74,273,1.07,413.61,31399,0,0,0,0,0,0,0,0,0,0,0.23007,0,0,0,0,0
74,273,1.07,413.61,31399,0.010507,0,0,0,0,0.79502,0,0,0,0,0.70288,0,0,0,0,0
74,273,1.07,413.61,31399,0,0,0,0,0.008333,0,0,0,0,0,0.072463,0,0,0,0,0
74,273,1.07,413.61,31399,0.005239,0,0,0,0,0,0,0,0,0,0.94482,0,0,0,0,0
74,273,1.07,413.61,31399,0.79972,0,0,0.68805,72.3,0,44.732,0,0,0,0.072463,0,0,0,0,0
74,273,1.07,413.61,31399,0.013285,0,0,14.814,0,0.005239,0,0,0,0,4.3915,0,0,0,0,0
74,273,1.07,413.61,31399,0.000251,0,0,1.4834,0,0,0,0,0,0,0.072463,0,0,0,0,0
74,273,1.07,413.61,31399,0.0068538,0,0,0,0,0,0,0,0,0,0.072463,0,0,0,0,0
74,273,1.07,413.61,31399,0.011015,0,0,0,0,0,0,0,0,0.18355,7.9623,0,0,0,0,0
74,273,1.07,413.61,31399,0.016666,0,0.137,3.3159,0,0,0,0,0,0,0.072463,0,0,0,0,0
74,273,1.07,413.61,31399,0.008333,0,0,0,0.56594,0,53.389,0,0,0,0.072463,0,0,0,0,0
74,273,1.07,413.61,31399,0.031326,0,0,0,0,0,0,0,0,0,1.6706,0,0,0,0,0
74,273,1.07,413.61,31399,54.094,0,0,0,0.0098693,0.80471,0.13028,0,0,0,1.7395,0,0,0,0,0
74,273,1.07,413.61,31399,0.008333,0,0,0.07605,0,0.003538,1.7382,0,0,0,0.072463,0,0,0,0,0
74,273,1.07,413.61,31399,2.9202,0,0,309.71,0,0,0.13028,0.000688,0,0,0.072463,0,0,0,0,0
74,273,1.07,413.61,31399,3.3257,0,0,0.055891,0,0,9.0842,0,0,0,55.647,0,0,0,0,0
74,273,1.07,413.61,31399,0.008333,0,0,0,0,0,0.13028,0,0,0,0.072463,0,0,0,0,0
74,273,1.07,413.61,31399,1.0337,0,0,0.0060235,0,0,0,0,0,5.7109,31.416,0,0,0,0,0
74,273,1.07,413.61,31399,0,0,0,0,0,0,0,0,0,0,0.086791,0,0,0,0,0
74,273,1.07,413.61,31399,0.011131,0,0,0,0.0060235,0,285.2,0,0,0,2.9989,0,0,0,0,0
74,273,1.07,413.61,31399,95.909,0,0,0,0,0,6.7706,0,0,0,0.35299,0,0,0,0,0
74,273,1.07,413.61,31399,0.11856,0,0,0.007148,0,0.040979,6.9489,0,0,0,1.0663,0,0,0,0,0
